0.52 -0.4989776 
0.95999999 -0.4989776 
0.99999999 -0.4989776 
1.23999999 -0.4989776 
1.27999999 -0.4989776 
1.43999999 -0.941496 
1.47999999 -2.267525 
1.51999999 -0.941496 
1.71999999 -0.941496 
1.75999999 -0.941496 
1.79999999 -0.4989776 
2.07999999 -0.4989776 
2.11999999 -0.941496 
2.15999999 -0.4989776 
2.19999999 -0.4989776 
2.47999998 -0.4989776 
2.51999998 -0.4989776 
2.95999998 -0.4989776 
3.63999998 -0.941496 
3.67999998 -0.4989776 
5.35999997 -3.593554 
5.39999997 -1.825007 
6.11999996 -5.803094 
6.15999996 -3.593554 
6.47999996 -0.4989776 
6.51999996 -0.4989776 
6.59999996 -0.4989776 
6.87999996 -0.4989776 
6.91999996 -0.941496 
6.95999996 -0.941496 
6.99999996 -0.4989776 
7.15999996 -0.4989776 
7.19999996 -0.4989776 
7.31999996 -0.4989776 
7.35999996 -0.941496 
7.39999996 -0.941496 
7.43999995 -0.4989776 
7.63999995 -0.4989776 
7.67999995 -0.4989776 
7.71999995 -0.4989776 
7.75999995 -0.941496 
7.79999995 -1.382488 
7.83999995 -0.941496 
7.87999995 -0.4989776 
8.07999995 -0.4989776 
8.11999995 -0.941496 
8.15999995 -0.4989776 
8.23999995 -0.4989776 
8.27999995 -0.941496 
8.31999995 -0.4989776 
8.51999995 -0.4989776 
8.55999995 -0.941496 
8.59999995 -0.4989776 
8.95999995 -0.4989776 
8.99999995 -0.941496 
9.03999995 -0.941496 
9.27999994 -0.4989776 
9.31999994 -0.4989776 
11.43999993 -0.4989776 
11.63999993 -0.941496 
11.67999993 -0.4989776 
11.91999993 -0.4989776 
12.63999992 -0.4989776 
12.67999992 -0.4989776 
12.87999992 -0.4989776 
14.27999991 -0.4989776 
17.2399999 -1.825007 
17.27999989 -2.267525 
17.31999989 -0.4989776 
17.47999989 -0.4989776 
17.51999989 -0.941496 
17.83999989 -0.4989776 
17.87999989 -0.4989776 
18.27999989 -0.4989776 
18.31999989 -0.941496 
18.35999989 -0.4989776 
18.63999989 -0.941496 
18.67999989 -0.4989776 
18.71999989 -0.4989776 
18.75999989 -4.477065 
18.79999989 -2.267525 
18.87999989 -1.825007 
19.03999988 -0.941496 
19.07999988 -0.941496 
19.15999988 -0.4989776 
19.31999988 -0.4989776 
19.35999988 -0.4989776 
19.39999988 -0.4989776 
19.43999988 -0.4989776 
19.47999988 -0.4989776 
19.51999988 -0.941496 
19.55999988 -0.941496 
19.59999988 -0.4989776 
19.63999988 -0.941496 
19.67999988 -0.941496 
19.83999988 -0.4989776 
19.87999988 -0.4989776 
19.91999988 -0.941496 
19.95999988 -0.941496 
19.99999988 -0.4989776 
20.19999988 -0.4989776 
20.27999988 -0.4989776 
20.31999988 -0.941496 
20.35999988 -0.4989776 
20.59999987 -0.4989776 
20.63999987 -0.4989776 
20.67999987 -0.4989776 
20.71999987 -0.4989776 
20.91999987 -0.4989776 
21.11999987 -0.4989776 
21.15999987 -0.4989776 
21.19999987 -0.4989776 
21.47999987 -0.941496 
21.51999987 -1.825007 
21.55999987 -0.941496 
21.59999987 -3.593554 
21.63999987 -5.360576 
21.87999987 -0.941496 
22.03999987 -0.941496 
22.07999987 -3.593554 
22.11999987 -3.151036 
22.35999986 -2.708518 
22.39999986 -0.4989776 
22.51999986 -1.825007 
22.63999986 -0.4989776 
22.67999986 -1.825007 
22.71999986 -0.941496 
22.75999986 -0.4989776 
22.83999986 -0.4989776 
22.99999986 -0.941496 
23.03999986 -0.941496 
23.15999986 -1.825007 
23.19999986 -0.941496 
23.23999986 -0.4989776 
23.47999986 -0.941496 
23.51999986 -0.941496 
23.55999986 -0.4989776 
23.59999986 -0.4989776 
23.63999986 -0.941496 
23.67999986 -0.941496 
23.79999986 -0.4989776 
23.83999986 -1.382488 
23.87999985 -1.825007 
23.91999985 -0.941496 
24.03999985 -0.4989776 
24.07999985 -0.4989776 
24.11999985 -0.4989776 
24.27999985 -0.941496 
24.31999985 -0.941496 
24.35999985 -0.941496 
24.39999985 -0.941496 
24.75999985 -0.4989776 
24.79999985 -0.4989776 
24.83999985 -0.4989776 
24.87999985 -0.4989776 
25.63999984 -0.4989776 
28.03999983 -0.4989776 
28.35999983 -0.4989776 
28.39999983 -0.4989776 
28.43999983 -0.4989776 
28.71999983 -0.4989776 
28.75999983 -0.4989776 
28.79999982 -0.4989776 
28.83999982 -0.4989776 
28.87999982 -0.4989776 
29.11999982 -0.4989776 
29.15999982 -0.941496 
29.19999982 -0.4989776 
29.27999982 -0.4989776 
29.31999982 -0.4989776 
29.35999982 -0.4989776 
29.39999982 -0.4989776 
29.43999982 -0.4989776 
29.55999982 -0.4989776 
29.59999982 -0.4989776 
29.63999982 -0.4989776 
29.67999982 -0.4989776 
29.87999982 -0.4989776 
30.03999982 -0.941496 
30.07999982 -0.941496 
30.11999982 -0.4989776 
30.39999982 -0.4989776 
30.43999982 -0.941496 
30.47999981 -0.941496 
30.51999981 -0.941496 
30.75999981 -0.4989776 
30.79999981 -0.941496 
30.83999981 -0.4989776 
30.95999981 -0.4989776 
31.15999981 -0.4989776 
31.19999981 -0.941496 
31.23999981 -0.4989776 
31.27999981 -0.4989776 
31.63999981 -2.267525 
31.67999981 -4.477065 
31.71999981 -0.4989776 
31.83999981 -0.941496 
31.87999981 -0.941496 
32.1599998 -0.4989776 
32.2799998 -2.267525 
32.3199998 -1.825007 
32.3599998 -0.4989776 
32.3999998 -0.941496 
32.4399998 -0.4989776 
32.8399998 -0.4989776 
33.1999998 -0.4989776 
33.2399998 -1.825007 
33.2799998 -1.382488 
33.5599998 -0.4989776 
33.5999998 -0.4989776 
33.6799998 -0.4989776 
33.7199998 -0.4989776 
33.75999979 -0.4989776 
33.79999979 -0.4989776 
33.99999979 -0.4989776 
34.03999979 -0.941496 
34.07999979 -0.941496 
34.11999979 -0.4989776 
34.15999979 -0.4989776 
34.39999979 -0.4989776 
34.43999979 -0.941496 
34.47999979 -0.4989776 
34.55999979 -0.4989776 
34.59999979 -0.941496 
34.63999979 -0.941496 
34.67999979 -0.4989776 
34.75999979 -0.4989776 
34.79999979 -0.4989776 
34.83999979 -0.941496 
34.87999979 -1.825007 
34.91999979 -1.382488 
34.95999979 -0.941496 
34.99999979 -0.4989776 
35.07999979 -0.4989776 
35.11999979 -0.4989776 
35.15999979 -0.4989776 
35.19999979 -0.941496 
35.23999979 -1.825007 
35.27999979 -1.382488 
35.31999979 -0.941496 
35.35999979 -0.941496 
35.39999978 -0.4989776 
35.47999978 -0.4989776 
35.51999978 -0.941496 
35.55999978 -0.941496 
35.59999978 -0.4989776 
35.63999978 -0.941496 
35.67999978 -0.941496 
35.71999978 -0.941496 
35.75999978 -0.941496 
35.79999978 -0.941496 
35.83999978 -0.4989776 
35.87999978 -0.4989776 
36.03999978 -0.941496 
36.07999978 -1.825007 
36.11999978 -1.825007 
36.15999978 -0.941496 
36.27999978 -0.4989776 
36.31999978 -0.4989776 
36.43999978 -0.4989776 
36.47999978 -0.4989776 
36.51999978 -0.4989776 
40.95999975 -0.941496 
40.99999975 -5.360576 
41.03999975 -0.941496 
41.27999975 -0.941496 
41.95999974 -0.4989776 
41.99999974 -0.941496 
42.03999974 -0.4989776 
44.91999973 -0.4989776 
45.03999973 -4.477065 
45.07999973 -7.129124 
45.35999972 -5.803094 
45.59999972 -0.4989776 
45.63999972 -0.941496 
45.83999972 -4.477065 
45.87999972 -2.267525 
45.99999972 -3.593554 
46.11999972 -3.151036 
46.15999972 -1.825007 
46.27999972 -3.151036 
46.31999972 -1.382488 
46.47999972 -0.4989776 
46.51999972 -0.941496 
46.59999972 -0.941496 
46.63999972 -0.941496 
46.79999972 -1.382488 
46.83999972 -0.941496 
46.99999971 -0.4989776 
47.07999971 -0.941496 
47.11999971 -0.4989776 
47.39999971 -0.4989776 
47.43999971 -0.941496 
47.47999971 -0.4989776 
47.71999971 -0.4989776 
47.75999971 -0.4989776 
47.87999971 -0.4989776 
47.91999971 -0.4989776 
48.23999971 -0.4989776 
48.27999971 -0.4989776 
51.03999969 -0.4989776 
51.39999969 -0.4989776 
51.47999969 -0.4989776 
52.27999968 -0.4989776 
54.39999967 -0.4989776 
54.67999967 -0.4989776 
54.71999967 -0.941496 
54.95999967 -0.941496 
54.99999967 -0.4989776 
55.47999966 -0.4989776 
55.51999966 -0.4989776 
55.95999966 -0.4989776 
56.19999966 -0.4989776 
56.23999966 -1.825007 
56.27999966 -2.267525 
56.31999966 -0.941496 
56.55999966 -0.4989776 
56.67999966 -0.4989776 
56.71999966 -0.941496 
56.75999966 -0.4989776 
56.79999965 -0.4989776 
56.83999965 -0.4989776 
56.87999965 -0.4989776 
56.95999965 -0.4989776 
56.99999965 -0.4989776 
57.03999965 -0.4989776 
57.07999965 -0.941496 
57.11999965 -1.382488 
57.15999965 -0.941496 
57.19999965 -0.4989776 
57.23999965 -0.4989776 
57.31999965 -0.4989776 
57.43999965 -0.4989776 
57.47999965 -0.941496 
57.51999965 -0.4989776 
57.55999965 -0.4989776 
57.59999965 -0.941496 
57.63999965 -0.4989776 
57.79999965 -0.4989776 
57.83999965 -0.4989776 
57.87999965 -0.4989776 
57.91999965 -1.825007 
57.95999965 -4.034547 
57.99999965 -0.4989776 
58.23999965 -0.941496 
58.27999965 -3.151036 
58.31999965 -4.477065 
58.59999964 -0.4989776 
58.71999964 -0.4989776 
58.79999964 -0.4989776 
59.11999964 -0.4989776 
59.15999964 -0.4989776 
59.19999964 -0.4989776 
60.31999963 -0.4989776 
60.35999963 -0.941496 
60.39999963 -0.4989776 
60.75999963 -0.4989776 
60.79999963 -0.4989776 
61.07999963 -0.4989776 
61.27999963 -0.4989776 
61.55999963 -0.4989776 
61.99999962 -0.4989776 
62.19999962 -0.941496 
62.23999962 -0.941496 
68.95999958 -4.034547 
69.07999958 -4.919584 
69.15999958 -3.151036 
69.19999958 -1.825007 
69.23999958 -2.708518 
69.35999958 -0.941496 
69.39999958 -0.4989776 
69.43999958 -4.034547 
69.47999958 -1.382488 
69.59999958 -3.151036 
69.71999958 -3.151036 
69.75999958 -0.941496 
69.87999958 -1.825007 
69.91999958 -0.4989776 
70.03999957 -0.941496 
70.07999957 -0.941496 
70.11999957 -0.4989776 
70.23999957 -0.941496 
70.43999957 -0.4989776 
70.47999957 -0.941496 
70.51999957 -0.941496 
70.55999957 -0.4989776 
70.71999957 -0.941496 
70.75999957 -0.4989776 
70.79999957 -0.4989776 
70.83999957 -0.4989776 
70.87999957 -0.4989776 
71.03999957 -0.941496 
71.07999957 -1.825007 
71.31999957 -0.941496 
71.35999957 -1.825007 
71.51999957 -0.941496 
71.55999957 -0.4989776 
71.59999956 -0.4989776 
71.63999956 -1.382488 
71.67999956 -0.941496 
72.03999956 -0.4989776 
72.07999956 -0.4989776 
72.15999956 -0.4989776 
72.31999956 -0.4989776 
72.35999956 -1.825007 
72.39999956 -0.941496 
72.67999956 -0.4989776 
72.87999956 -0.4989776 
72.91999956 -0.4989776 
72.95999956 -0.941496 
72.99999956 -0.4989776 
73.15999956 -0.4989776 
73.23999955 -0.4989776 
73.27999955 -0.941496 
73.31999955 -0.4989776 
73.43999955 -0.4989776 
73.71999955 -0.941496 
74.15999955 -0.4989776 
74.19999955 -0.4989776 
74.51999955 -0.4989776 
75.71999954 -0.4989776 
76.51999953 -0.4989776 
76.55999953 -0.4989776 
77.35999953 -0.4989776 
77.39999953 -0.4989776 
77.83999953 -0.4989776 
78.03999953 -0.4989776 
78.11999953 -0.4989776 
78.15999952 -0.4989776 
78.47999952 -0.4989776 
78.51999952 -0.4989776 
78.55999952 -0.941496 
78.59999952 -0.941496 
78.95999952 -0.941496 
79.47999952 -0.4989776 
80.15999951 -0.4989776 
80.55999951 -0.4989776 
80.59999951 -0.4989776 
80.95999951 -0.4989776 
80.99999951 -0.4989776 
81.03999951 -0.4989776 
81.7199995 -0.4989776 
81.7599995 -0.4989776 
81.7999995 -0.4989776 
82.1999995 -0.4989776 
82.2399995 -1.382488 
82.2799995 -0.941496 
82.4399995 -0.4989776 
82.4799995 -0.4989776 
82.5199995 -0.4989776 
82.5599995 -0.4989776 
82.5999995 -0.941496 
82.6399995 -0.4989776 
82.6799995 -0.4989776 
82.7199995 -0.4989776 
82.8799995 -0.4989776 
82.9199995 -0.4989776 
82.9599995 -0.941496 
82.9999995 -0.941496 
83.0399995 -0.941496 
83.0799995 -0.941496 
83.11999949 -0.941496 
83.15999949 -0.4989776 
83.31999949 -0.4989776 
83.35999949 -0.941496 
83.39999949 -0.941496 
83.43999949 -0.941496 
83.47999949 -0.941496 
83.51999949 -0.4989776 
83.59999949 -0.4989776 
83.63999949 -0.941496 
83.67999949 -0.4989776 
83.75999949 -0.941496 
83.79999949 -1.382488 
83.83999949 -0.941496 
83.87999949 -0.941496 
83.91999949 -0.4989776 
83.95999949 -0.4989776 
83.99999949 -0.4989776 
84.03999949 -0.941496 
84.07999949 -0.4989776 
84.15999949 -0.941496 
84.19999949 -0.941496 
84.23999949 -2.267525 
84.27999949 -1.825007 
84.43999949 -0.941496 
84.47999949 -4.919584 
84.51999949 -4.034547 
84.55999949 -1.825007 
84.59999949 -0.4989776 
84.71999949 -0.941496 
84.75999948 -0.941496 
84.79999948 -0.4989776 
84.95999948 -0.4989776 
84.99999948 -0.941496 
85.03999948 -0.941496 
85.15999948 -0.4989776 
85.39999948 -0.4989776 
85.43999948 -0.941496 
85.47999948 -0.4989776 
85.83999948 -0.941496 
85.87999948 -0.4989776 
87.79999947 -0.941496 
87.83999947 -0.4989776 
88.19999946 -1.825007 
88.23999946 -1.825007 
88.27999946 -0.4989776 
89.07999946 -0.941496 
89.11999946 -0.4989776 
89.83999945 -0.4989776 
89.87999945 -0.4989776 
92.51999944 -1.825007 
92.55999944 -2.708518 
92.59999944 -0.941496 
92.63999944 -5.360576 
92.67999944 -3.151036 
93.03999943 -0.4989776 
93.07999943 -1.825007 
93.11999943 -0.941496 
93.15999943 -0.941496 
93.19999943 -1.382488 
93.35999943 -1.825007 
93.47999943 -0.941496 
93.51999943 -1.825007 
93.67999943 -0.4989776 
93.83999943 -0.941496 
93.87999943 -0.941496 
94.15999943 -0.941496 
94.31999943 -0.4989776 
94.35999943 -0.941496 
94.39999943 -0.4989776 
94.51999943 -0.4989776 
94.55999943 -0.941496 
94.59999943 -0.4989776 
94.75999942 -0.941496 
94.79999942 -0.941496 
94.83999942 -0.4989776 
95.03999942 -0.4989776 
95.07999942 -0.941496 
95.11999942 -0.4989776 
95.15999942 -0.4989776 
95.19999942 -0.4989776 
95.23999942 -0.941496 
95.27999942 -0.4989776 
95.47999942 -0.4989776 
95.51999942 -0.941496 
95.55999942 -0.4989776 
95.95999942 -0.4989776 
95.99999942 -0.4989776 
96.39999941 -0.4989776 
97.19999941 -2.267525 
97.23999941 -4.034547 
97.27999941 -0.4989776 
97.51999941 -0.941496 
97.79999941 -3.151036 
97.83999941 -1.825007 
101.31999938 -0.4989776 
101.35999938 -0.4989776 
101.63999938 -0.4989776 
102.67999938 -0.4989776 
105.23999936 -0.4989776 
105.27999936 -0.4989776 
105.35999936 -0.4989776 
105.55999936 -0.4989776 
105.59999936 -0.941496 
105.63999936 -0.4989776 
105.67999936 -0.4989776 
105.71999936 -0.4989776 
105.75999936 -0.4989776 
105.79999936 -0.4989776 
105.83999936 -0.4989776 
105.87999936 -0.4989776 
105.99999936 -0.941496 
106.03999936 -1.382488 
106.07999936 -0.941496 
106.11999936 -0.4989776 
106.15999935 -0.4989776 
106.23999935 -0.4989776 
106.27999935 -0.941496 
106.31999935 -0.941496 
106.35999935 -0.4989776 
106.43999935 -0.4989776 
106.47999935 -0.941496 
106.51999935 -1.382488 
106.55999935 -0.941496 
106.71999935 -0.4989776 
106.75999935 -0.941496 
106.79999935 -0.941496 
106.83999935 -0.4989776 
106.87999935 -0.941496 
106.91999935 -0.941496 
106.95999935 -0.941496 
106.99999935 -0.4989776 
107.19999935 -0.4989776 
107.23999935 -0.941496 
107.27999935 -0.4989776 
107.31999935 -0.4989776 
107.39999935 -0.4989776 
107.59999935 -0.4989776 
107.63999935 -0.4989776 
107.67999935 -0.4989776 
107.71999935 -0.4989776 
108.03999934 -0.941496 
108.07999934 -2.267525 
108.11999934 -2.267525 
108.15999934 -0.941496 
108.39999934 -0.4989776 
109.23999934 -0.4989776 
109.27999934 -0.4989776 
109.67999933 -0.4989776 
109.71999933 -0.4989776 
110.03999933 -0.4989776 
110.07999933 -0.4989776 
110.11999933 -0.4989776 
110.15999933 -0.941496 
110.19999933 -0.941496 
110.43999933 -0.4989776 
110.47999933 -1.825007 
110.51999933 -2.267525 
110.75999933 -0.4989776 
110.79999933 -0.941496 
110.83999933 -0.941496 
110.95999933 -0.4989776 
110.99999933 -0.4989776 
111.03999933 -0.4989776 
111.27999932 -0.4989776 
111.31999932 -0.941496 
111.35999932 -0.941496 
111.63999932 -0.941496 
111.79999932 -1.825007 
111.83999932 -0.941496 
112.07999932 -0.4989776 
112.11999932 -0.4989776 
112.47999932 -0.4989776 
113.35999931 -0.4989776 
116.11999929 -4.477065 
116.27999929 -6.686605 
116.31999929 -1.382488 
116.35999929 -0.941496 
116.39999929 -2.708518 
116.55999929 -0.941496 
116.59999929 -5.360576 
116.63999929 -3.593554 
116.75999929 -0.4989776 
116.87999929 -3.151036 
116.91999929 -0.4989776 
117.03999929 -2.708518 
117.07999929 -0.941496 
117.35999929 -0.941496 
117.39999929 -0.941496 
117.51999929 -0.4989776 
117.55999929 -0.4989776 
117.67999928 -0.4989776 
117.71999928 -0.941496 
117.75999928 -0.4989776 
117.87999928 -0.4989776 
118.03999928 -0.4989776 
118.15999928 -0.941496 
118.19999928 -1.382488 
118.23999928 -0.941496 
118.39999928 -0.4989776 
118.99999928 -0.4989776 
119.07999928 -0.4989776 
119.11999928 -0.4989776 
119.31999927 -0.4989776 
119.35999927 -0.4989776 
119.39999927 -0.4989776 
120.23999927 -0.4989776 
120.27999927 -0.941496 
120.31999927 -0.941496 
121.11999926 -0.4989776 
121.67999926 -0.4989776 
122.23999926 -0.4989776 
122.27999926 -0.941496 
122.31999926 -0.4989776 
122.55999926 -0.4989776 
122.59999925 -0.941496 
122.63999925 -0.4989776 
122.87999925 -0.4989776 
122.91999925 -1.825007 
122.95999925 -1.382488 
123.19999925 -0.4989776 
123.23999925 -0.4989776 
123.39999925 -1.825007 
123.43999925 -1.382488 
123.47999925 -0.941496 
123.51999925 -0.941496 
124.07999925 -3.593554 
124.11999925 -3.151036 
127.87999922 -0.4989776 
127.95999922 -0.4989776 
128.23999922 -0.4989776 
128.27999922 -1.825007 
128.31999922 -1.825007 
129.15999922 -0.4989776 
129.59999921 -0.4989776 
130.03999921 -0.4989776 
130.07999921 -0.4989776 
130.27999921 -0.4989776 
130.31999921 -0.941496 
130.35999921 -0.4989776 
130.51999921 -0.4989776 
130.75999921 -0.941496 
130.79999921 -0.4989776 
131.0399992 -0.4989776 
131.1599992 -0.4989776 
131.5599992 -0.4989776 
131.5999992 -0.941496 
131.6399992 -0.4989776 
131.7199992 -0.4989776 
131.7599992 -0.4989776 
131.8799992 -0.4989776 
131.9199992 -0.941496 
132.0399992 -0.4989776 
132.0799992 -0.941496 
132.1199992 -0.4989776 
132.1599992 -0.4989776 
132.1999992 -0.4989776 
132.3199992 -0.4989776 
132.3599992 -0.941496 
132.3999992 -0.941496 
132.4399992 -0.941496 
132.47999919 -0.4989776 
132.59999919 -0.4989776 
132.63999919 -0.4989776 
132.67999919 -0.4989776 
132.71999919 -0.4989776 
132.75999919 -0.941496 
132.79999919 -1.382488 
132.83999919 -0.941496 
132.87999919 -0.4989776 
132.99999919 -0.941496 
133.03999919 -2.267525 
133.07999919 -3.151036 
133.11999919 -1.825007 
133.27999919 -0.941496 
133.31999919 -1.382488 
133.35999919 -0.941496 
133.39999919 -0.4989776 
133.43999919 -0.4989776 
133.47999919 -0.4989776 
133.51999919 -0.941496 
133.55999919 -1.382488 
133.59999919 -1.382488 
133.63999919 -0.4989776 
133.67999919 -0.4989776 
133.71999919 -0.941496 
133.75999919 -0.941496 
133.79999919 -0.4989776 
133.83999919 -0.4989776 
133.87999919 -0.4989776 
133.91999919 -0.4989776 
133.95999919 -1.382488 
133.99999919 -1.825007 
134.03999919 -0.941496 
134.07999919 -0.941496 
134.11999918 -0.4989776 
134.15999918 -0.4989776 
134.19999918 -0.941496 
134.23999918 -0.4989776 
134.27999918 -0.4989776 
134.31999918 -0.941496 
134.35999918 -0.941496 
134.39999918 -0.941496 
134.43999918 -0.941496 
134.47999918 -0.941496 
134.51999918 -0.4989776 
134.63999918 -0.941496 
134.67999918 -0.941496 
134.71999918 -0.941496 
134.75999918 -0.941496 
134.79999918 -0.941496 
134.83999918 -0.941496 
134.87999918 -0.941496 
134.91999918 -0.4989776 
135.15999918 -2.708518 
135.19999918 -3.593554 
135.23999918 -1.825007 
135.27999918 -0.941496 
135.43999918 -0.941496 
135.47999918 -0.4989776 
135.55999918 -0.4989776 
136.63999917 -3.151036 
136.67999917 -0.941496 
136.95999917 -0.4989776 
136.99999917 -0.941496 
137.99999916 -0.4989776 
138.03999916 -0.941496 
138.43999916 -0.4989776 
138.47999916 -0.4989776 
138.75999916 -0.4989776 
138.79999916 -0.4989776 
139.19999915 -0.941496 
139.23999915 -0.941496 
139.27999915 -0.4989776 
139.47999915 -0.941496 
139.51999915 -0.4989776 
139.59999915 -4.477065 
139.75999915 -1.825007 
139.87999915 -1.382488 
140.03999915 -1.382488 
140.07999915 -5.360576 
140.11999915 -4.034547 
140.35999915 -2.708518 
140.39999915 -0.4989776 
140.51999915 -2.267525 
140.83999914 -0.4989776 
140.87999914 -0.4989776 
142.87999913 -0.4989776 
142.91999913 -0.4989776 
143.27999913 -0.941496 
143.31999913 -0.4989776 
143.59999913 -0.4989776 
143.63999913 -0.941496 
143.67999913 -0.941496 
143.71999913 -0.4989776 
143.75999913 -0.4989776 
143.79999913 -0.4989776 
143.83999913 -0.4989776 
143.91999913 -0.4989776 
143.95999913 -0.4989776 
144.03999912 -0.4989776 
144.07999912 -0.941496 
144.11999912 -0.941496 
144.15999912 -0.941496 
144.19999912 -0.4989776 
144.23999912 -0.941496 
144.27999912 -0.941496 
144.31999912 -0.941496 
144.35999912 -0.4989776 
144.39999912 -0.4989776 
144.43999912 -0.4989776 
144.47999912 -0.4989776 
144.51999912 -1.825007 
144.55999912 -1.382488 
144.59999912 -0.4989776 
144.67999912 -0.4989776 
144.79999912 -0.941496 
144.83999912 -0.941496 
144.87999912 -0.941496 
144.91999912 -0.941496 
144.95999912 -0.941496 
144.99999912 -0.941496 
145.03999912 -0.4989776 
145.11999912 -0.4989776 
145.15999912 -0.941496 
145.19999912 -0.4989776 
145.23999912 -0.941496 
145.27999912 -0.4989776 
145.31999912 -0.4989776 
145.35999912 -0.4989776 
145.39999912 -0.941496 
145.43999912 -0.4989776 
145.59999912 -0.4989776 
145.63999911 -0.4989776 
145.67999911 -0.4989776 
145.71999911 -0.941496 
145.75999911 -0.4989776 
146.07999911 -0.4989776 
146.11999911 -0.4989776 
146.51999911 -0.4989776 
147.03999911 -0.4989776 
147.2799991 -0.4989776 
149.35999909 -0.4989776 
149.39999909 -3.593554 
149.43999909 -0.4989776 
150.35999909 -0.4989776 
150.39999909 -1.382488 
150.63999908 -0.4989776 
150.67999908 -0.4989776 
150.95999908 -0.4989776 
153.27999907 -0.4989776 
154.95999906 -0.4989776 
154.99999906 -0.941496 
155.03999906 -0.941496 
155.07999906 -0.4989776 
155.19999906 -0.4989776 
155.35999906 -0.941496 
155.39999906 -0.4989776 
155.43999906 -0.4989776 
155.47999906 -0.941496 
155.51999905 -0.4989776 
155.79999905 -0.941496 
155.83999905 -0.4989776 
155.87999905 -0.4989776 
155.91999905 -0.4989776 
156.11999905 -0.4989776 
156.15999905 -0.941496 
156.19999905 -0.941496 
156.23999905 -0.941496 
156.27999905 -0.941496 
156.55999905 -0.4989776 
156.59999905 -0.941496 
156.63999905 -0.941496 
156.67999905 -0.4989776 
156.71999905 -0.4989776 
156.87999905 -0.4989776 
157.03999905 -0.941496 
157.07999905 -0.941496 
157.35999904 -0.4989776 
157.43999904 -0.4989776 
157.47999904 -0.4989776 
157.51999904 -0.4989776 
157.75999904 -0.4989776 
157.79999904 -0.4989776 
158.27999904 -0.4989776 
158.43999904 -0.941496 
158.47999904 -1.825007 
158.51999904 -0.941496 
158.55999904 -0.4989776 
158.71999904 -0.4989776 
159.83999903 -0.941496 
159.87999903 -0.941496 
160.27999903 -0.4989776 
160.31999903 -0.4989776 
160.67999902 -0.941496 
160.71999902 -1.825007 
160.75999902 -1.382488 
160.79999902 -0.4989776 
160.99999902 -0.4989776 
161.03999902 -0.4989776 
162.59999901 -0.941496 
162.79999901 -0.941496 
162.91999901 -3.593554 
163.07999901 -5.360576 
163.11999901 -1.825007 
163.15999901 -0.4989776 
163.19999901 -2.267525 
163.39999901 -5.360576 
163.43999901 -4.477065 
163.67999901 -2.708518 
163.719999 -0.941496 
163.839999 -1.382488 
163.999999 -0.4989776 
164.199999 -0.4989776 
165.99999899 -0.4989776 
166.27999899 -0.4989776 
166.67999899 -0.4989776 
166.71999899 -0.941496 
166.75999899 -0.941496 
166.91999899 -0.941496 
167.11999898 -0.4989776 
167.15999898 -0.941496 
167.19999898 -0.941496 
167.23999898 -0.4989776 
167.35999898 -0.4989776 
167.39999898 -0.941496 
167.43999898 -0.4989776 
167.47999898 -0.4989776 
167.51999898 -0.941496 
167.55999898 -0.941496 
167.59999898 -0.941496 
167.63999898 -0.941496 
167.67999898 -0.4989776 
167.79999898 -0.4989776 
167.83999898 -0.941496 
167.87999898 -0.941496 
167.91999898 -0.941496 
167.95999898 -0.4989776 
167.99999898 -0.941496 
168.03999898 -0.941496 
168.07999898 -0.941496 
168.11999898 -0.4989776 
168.27999898 -0.941496 
168.31999898 -1.382488 
168.35999898 -0.941496 
168.39999898 -0.941496 
168.43999898 -0.941496 
168.55999898 -0.4989776 
168.59999898 -0.4989776 
168.63999898 -0.4989776 
168.67999897 -0.4989776 
168.71999897 -0.941496 
168.75999897 -0.941496 
168.79999897 -0.941496 
168.83999897 -0.941496 
168.87999897 -0.4989776 
168.91999897 -0.941496 
168.99999897 -0.4989776 
169.03999897 -0.4989776 
169.07999897 -0.4989776 
169.11999897 -0.4989776 
169.15999897 -0.941496 
169.19999897 -0.941496 
169.23999897 -0.941496 
169.35999897 -0.941496 
169.39999897 -0.941496 
169.47999897 -0.4989776 
169.51999897 -0.4989776 
169.55999897 -0.4989776 
169.63999897 -0.4989776 
169.67999897 -0.4989776 
169.71999897 -0.4989776 
169.91999897 -0.4989776 
169.95999897 -0.941496 
169.99999897 -0.4989776 
170.35999896 -0.941496 
170.39999896 -1.382488 
170.43999896 -0.941496 
170.79999896 -0.4989776 
170.83999896 -0.4989776 
170.87999896 -0.4989776 
171.15999896 -0.4989776 
171.19999896 -0.4989776 
171.23999896 -0.941496 
171.27999896 -0.941496 
171.31999896 -0.4989776 
171.51999896 -0.4989776 
171.55999896 -0.4989776 
171.59999896 -0.941496 
171.95999895 -0.941496 
171.99999895 -1.382488 
172.03999895 -0.4989776 
172.23999895 -0.941496 
172.27999895 -0.4989776 
172.43999895 -0.941496 
172.47999895 -0.4989776 
172.79999895 -0.4989776 
172.83999895 -0.4989776 
172.87999895 -0.4989776 
175.59999893 -1.382488 
175.63999893 -0.4989776 
176.83999893 -1.825007 
176.87999893 -0.4989776 
176.95999892 -0.4989776 
177.27999892 -0.4989776 
177.99999892 -0.4989776 
180.03999891 -0.4989776 
180.4799989 -0.941496 
180.5199989 -0.4989776 
180.9199989 -0.4989776 
181.2399989 -0.4989776 
181.2799989 -0.4989776 
181.3599989 -0.4989776 
181.6399989 -0.4989776 
181.7999989 -0.4989776 
181.83999889 -1.382488 
181.87999889 -0.941496 
182.03999889 -0.4989776 
182.07999889 -0.4989776 
182.11999889 -0.941496 
182.15999889 -0.941496 
182.47999889 -0.4989776 
182.51999889 -0.4989776 
182.75999889 -0.4989776 
182.91999889 -0.941496 
182.95999889 -0.941496 
183.23999889 -0.4989776 
183.27999889 -0.4989776 
183.31999889 -0.4989776 
183.59999888 -0.941496 
183.63999888 -2.267525 
183.67999888 -1.825007 
183.87999888 -0.4989776 
183.91999888 -0.4989776 
183.95999888 -0.4989776 
184.07999888 -0.4989776 
184.11999888 -0.4989776 
184.15999888 -0.4989776 
184.43999888 -0.4989776 
184.55999888 -0.4989776 
184.59999888 -0.941496 
184.63999888 -0.4989776 
184.87999888 -0.4989776 
186.11999887 -0.941496 
186.15999887 -0.941496 
186.19999887 -0.941496 
186.23999887 -2.267525 
186.27999887 -5.803094 
186.67999887 -0.4989776 
186.71999887 -1.825007 
186.75999886 -0.941496 
186.83999886 -0.4989776 
186.95999886 -0.4989776 
186.99999886 -2.267525 
187.15999886 -0.4989776 
187.31999886 -1.382488 
187.35999886 -0.4989776 
187.47999886 -0.4989776 
187.63999886 -0.941496 
187.79999886 -0.941496 
187.83999886 -0.4989776 
188.19999886 -0.4989776 
188.23999886 -0.941496 
188.27999886 -0.4989776 
188.55999885 -0.4989776 
188.59999885 -0.4989776 
188.83999885 -3.593554 
188.87999885 -2.708518 
188.99999885 -0.4989776 
189.43999885 -0.941496 
189.47999885 -0.941496 
189.71999885 -0.4989776 
189.87999885 -0.4989776 
190.63999884 -0.4989776 
191.43999884 -0.4989776 
191.47999884 -0.4989776 
191.71999883 -0.4989776 
191.75999883 -0.941496 
191.79999883 -0.4989776 
191.87999883 -0.4989776 
191.99999883 -0.4989776 
192.15999883 -0.4989776 
192.19999883 -0.4989776 
192.23999883 -0.4989776 
192.27999883 -0.941496 
192.31999883 -1.382488 
192.35999883 -0.941496 
192.51999883 -0.4989776 
192.55999883 -0.941496 
192.59999883 -1.382488 
192.63999883 -0.941496 
192.67999883 -0.941496 
192.71999883 -0.4989776 
192.75999883 -0.4989776 
192.79999883 -0.4989776 
192.83999883 -0.4989776 
192.87999883 -0.4989776 
192.91999883 -0.4989776 
192.95999883 -0.941496 
192.99999883 -0.4989776 
193.03999883 -0.4989776 
193.07999883 -0.941496 
193.11999883 -0.941496 
193.15999883 -0.4989776 
193.19999883 -0.4989776 
193.23999883 -0.941496 
193.27999883 -0.941496 
193.31999883 -0.941496 
193.35999882 -0.941496 
193.39999882 -0.941496 
193.43999882 -1.382488 
193.47999882 -1.825007 
193.51999882 -1.825007 
193.55999882 -0.4989776 
193.71999882 -1.382488 
193.75999882 -3.593554 
193.79999882 -2.708518 
193.83999882 -1.825007 
193.99999882 -0.4989776 
194.03999882 -0.941496 
194.07999882 -0.4989776 
194.15999882 -0.941496 
194.19999882 -0.941496 
194.23999882 -0.941496 
194.27999882 -0.941496 
194.31999882 -0.4989776 
194.43999882 -0.4989776 
194.47999882 -0.4989776 
194.59999882 -0.4989776 
194.63999882 -0.941496 
194.67999882 -0.4989776 
194.71999882 -0.4989776 
194.95999882 -0.4989776 
194.99999881 -0.4989776 
195.03999881 -0.4989776 
195.07999881 -0.4989776 
198.75999879 -0.4989776 
0 0 
