0.0 -8.533586 
0.04 -8.533586 
0.08 -8.533586 
0.12 -8.533586 
0.16 -8.533586 
0.2 -8.533586 
0.24 -8.533586 
0.28 -8.533586 
0.32 -8.533586 
0.36 -8.533586 
0.4 -8.533586 
0.44 -8.533586 
0.48 -8.533586 
0.52 -8.533586 
0.56 -8.533586 
0.6 -8.533586 
0.64 -8.533586 
0.68 -8.533586 
0.72 -8.533586 
0.76 -8.707541 
0.8 -8.533586 
0.83999999 -8.533586 
0.87999999 -8.533586 
0.91999999 -8.533586 
0.95999999 -8.533586 
0.99999999 -8.707541 
1.03999999 -8.533586 
1.07999999 -8.533586 
1.11999999 -8.533586 
1.15999999 -8.533586 
1.19999999 -8.533586 
1.23999999 -8.707541 
1.27999999 -8.533586 
1.31999999 -8.533586 
1.35999999 -8.533586 
1.39999999 -8.533586 
1.43999999 -8.533586 
1.47999999 -8.533586 
1.51999999 -8.533586 
1.55999999 -8.533586 
1.59999999 -8.533586 
1.63999999 -8.533586 
1.67999999 -8.707541 
1.71999999 -8.707541 
1.75999999 -8.533586 
1.79999999 -8.533586 
1.83999999 -8.533586 
1.87999999 -8.533586 
1.91999999 -8.533586 
1.95999999 -8.707541 
1.99999999 -8.707541 
2.03999999 -8.533586 
2.07999999 -8.533586 
2.11999999 -8.707541 
2.15999999 -8.707541 
2.19999999 -8.707541 
2.23999999 -8.533586 
2.27999999 -8.533586 
2.31999999 -8.707541 
2.35999999 -8.707541 
2.39999999 -8.533586 
2.43999999 -8.533586 
2.47999998 -8.533586 
2.51999998 -8.707541 
2.55999998 -8.707541 
2.59999998 -8.533586 
2.63999998 -8.707541 
2.67999998 -8.707541 
2.71999998 -8.707541 
2.75999998 -8.707541 
2.79999998 -8.707541 
2.83999998 -8.707541 
2.87999998 -8.707541 
2.91999998 -8.707541 
2.95999998 -8.533586 
2.99999998 -8.707541 
3.03999998 -8.707541 
3.07999998 -8.707541 
3.11999998 -8.707541 
3.15999998 -8.707541 
3.19999998 -8.707541 
3.23999998 -8.533586 
3.27999998 -8.533586 
3.31999998 -8.707541 
3.35999998 -8.707541 
3.39999998 -8.533586 
3.43999998 -8.707541 
3.47999998 -8.707541 
3.51999998 -8.707541 
3.55999998 -8.707541 
3.59999998 -8.707541 
3.63999998 -8.707541 
3.67999998 -8.707541 
3.71999998 -8.533586 
3.75999998 -8.707541 
3.79999998 -8.533586 
3.83999998 -8.533586 
3.87999998 -8.707541 
3.91999998 -8.707541 
3.95999998 -8.707541 
3.99999998 -8.707541 
4.03999998 -8.707541 
4.07999998 -8.707541 
4.11999997 -8.707541 
4.15999997 -8.707541 
4.19999997 -8.707541 
4.23999997 -8.707541 
4.27999997 -8.707541 
4.31999997 -8.707541 
4.35999997 -8.707541 
4.39999997 -8.707541 
4.43999997 -8.533586 
4.47999997 -8.707541 
4.51999997 -8.707541 
4.55999997 -8.707541 
4.59999997 -8.707541 
4.63999997 -8.707541 
4.67999997 -8.707541 
4.71999997 -8.533586 
4.75999997 -8.707541 
4.79999997 -8.707541 
4.83999997 -8.707541 
4.87999997 -8.707541 
4.91999997 -8.707541 
4.95999997 -8.707541 
4.99999997 -8.707541 
5.03999997 -8.707541 
5.07999997 -8.707541 
5.11999997 -8.707541 
5.15999997 -8.707541 
5.19999997 -8.707541 
5.23999997 -8.707541 
5.27999997 -8.707541 
5.31999997 -8.707541 
5.35999997 -8.707541 
5.39999997 -8.707541 
5.43999997 -8.707541 
5.47999997 -8.707541 
5.51999997 -8.707541 
5.55999997 -8.707541 
5.59999997 -8.707541 
5.63999997 -8.707541 
5.67999997 -8.707541 
5.71999997 -8.707541 
5.75999996 -8.707541 
5.79999996 -8.707541 
5.83999996 -8.707541 
5.87999996 -8.707541 
5.91999996 -8.707541 
5.95999996 -8.707541 
5.99999996 -8.707541 
6.03999996 -8.707541 
6.07999996 -8.707541 
6.11999996 -8.707541 
6.15999996 -8.707541 
6.19999996 -8.707541 
6.23999996 -8.707541 
6.27999996 -8.707541 
6.31999996 -8.707541 
6.35999996 -8.707541 
6.39999996 -8.707541 
6.43999996 -8.707541 
6.47999996 -8.707541 
6.51999996 -8.707541 
6.55999996 -8.707541 
6.59999996 -8.707541 
6.63999996 -8.707541 
6.67999996 -8.707541 
6.71999996 -8.707541 
6.75999996 -8.707541 
6.79999996 -8.707541 
6.83999996 -8.707541 
6.87999996 -8.707541 
6.91999996 -8.707541 
6.95999996 -8.707541 
6.99999996 -8.707541 
7.03999996 -8.707541 
7.07999996 -8.707541 
7.11999996 -8.707541 
7.15999996 -8.707541 
7.19999996 -8.707541 
7.23999996 -8.707541 
7.27999996 -8.707541 
7.31999996 -8.707541 
7.35999996 -8.707541 
7.39999996 -8.707541 
7.43999995 -8.707541 
7.47999995 -8.707541 
7.51999995 -8.707541 
7.55999995 -8.707541 
7.59999995 -8.707541 
7.63999995 -8.707541 
7.67999995 -8.707541 
7.71999995 -8.707541 
7.75999995 -8.707541 
7.79999995 -8.707541 
7.83999995 -8.707541 
7.87999995 -8.707541 
7.91999995 -8.707541 
7.95999995 -8.707541 
7.99999995 -8.707541 
8.03999995 -8.707541 
8.07999995 -8.707541 
8.11999995 -8.707541 
8.15999995 -8.707541 
8.19999995 -8.707541 
8.23999995 -8.707541 
8.27999995 -8.707541 
8.31999995 -8.707541 
8.35999995 -8.707541 
8.39999995 -8.707541 
8.43999995 -8.707541 
8.47999995 -8.707541 
8.51999995 -8.707541 
8.55999995 -8.707541 
8.59999995 -8.707541 
8.63999995 -8.707541 
8.67999995 -8.707541 
8.71999995 -8.707541 
8.75999995 -8.707541 
8.79999995 -8.707541 
8.83999995 -8.707541 
8.87999995 -8.707541 
8.91999995 -8.707541 
8.95999995 -8.707541 
8.99999995 -8.707541 
9.03999995 -8.707541 
9.07999994 -8.707541 
9.11999994 -8.707541 
9.15999994 -8.707541 
9.19999994 -8.707541 
9.23999994 -8.707541 
9.27999994 -8.707541 
9.31999994 -8.707541 
9.35999994 -8.707541 
9.39999994 -8.707541 
9.43999994 -8.707541 
9.47999994 -8.707541 
9.51999994 -8.707541 
9.55999994 -8.707541 
9.59999994 -8.707541 
9.63999994 -8.707541 
9.67999994 -8.707541 
9.71999994 -8.707541 
9.75999994 -8.707541 
9.79999994 -8.707541 
9.83999994 -8.707541 
9.87999994 -8.707541 
9.91999994 -8.707541 
9.95999994 -8.707541 
9.99999994 -8.707541 
10.03999994 -8.707541 
10.07999994 -8.707541 
10.11999994 -8.707541 
10.15999994 -8.707541 
10.19999994 -8.707541 
10.23999994 -8.707541 
10.27999994 -8.707541 
10.31999994 -8.707541 
10.35999994 -8.707541 
10.39999994 -8.707541 
10.43999994 -8.707541 
10.47999994 -8.707541 
10.51999994 -8.707541 
10.55999994 -8.707541 
10.59999994 -8.707541 
10.63999994 -8.707541 
10.67999994 -8.707541 
10.71999993 -8.707541 
10.75999993 -8.707541 
10.79999993 -8.707541 
10.83999993 -8.707541 
10.87999993 -8.707541 
10.91999993 -8.707541 
10.95999993 -8.707541 
10.99999993 -8.707541 
11.03999993 -8.707541 
11.07999993 -8.707541 
11.11999993 -8.707541 
11.15999993 -8.707541 
11.19999993 -8.707541 
11.23999993 -8.707541 
11.27999993 -8.707541 
11.31999993 -8.707541 
11.35999993 -8.707541 
11.39999993 -8.707541 
11.43999993 -8.707541 
11.47999993 -8.707541 
11.51999993 -8.707541 
11.55999993 -8.707541 
11.59999993 -8.707541 
11.63999993 -8.707541 
11.67999993 -8.707541 
11.71999993 -8.707541 
11.75999993 -8.707541 
11.79999993 -8.707541 
11.83999993 -8.707541 
11.87999993 -8.707541 
11.91999993 -8.707541 
11.95999993 -8.881496 
11.99999993 -8.707541 
12.03999993 -8.707541 
12.07999993 -8.707541 
12.11999993 -8.707541 
12.15999993 -8.707541 
12.19999993 -8.707541 
12.23999993 -8.707541 
12.27999993 -8.707541 
12.31999993 -8.707541 
12.35999992 -8.707541 
12.39999992 -8.707541 
12.43999992 -8.707541 
12.47999992 -8.707541 
12.51999992 -8.707541 
12.55999992 -8.707541 
12.59999992 -8.707541 
12.63999992 -8.881496 
12.67999992 -8.707541 
12.71999992 -8.707541 
12.75999992 -8.707541 
12.79999992 -8.707541 
12.83999992 -8.707541 
12.87999992 -8.707541 
12.91999992 -8.707541 
12.95999992 -8.707541 
12.99999992 -8.707541 
13.03999992 -8.707541 
13.07999992 -8.707541 
13.11999992 -8.707541 
13.15999992 -8.707541 
13.19999992 -8.707541 
13.23999992 -8.707541 
13.27999992 -8.707541 
13.31999992 -8.707541 
13.35999992 -8.707541 
13.39999992 -8.707541 
13.43999992 -8.707541 
13.47999992 -8.707541 
13.51999992 -8.707541 
13.55999992 -8.707541 
13.59999992 -8.707541 
13.63999992 -8.707541 
13.67999992 -8.707541 
13.71999992 -8.707541 
13.75999992 -8.881496 
13.79999992 -8.707541 
13.83999992 -8.707541 
13.87999992 -8.707541 
13.91999992 -8.707541 
13.95999992 -8.707541 
13.99999991 -8.707541 
14.03999991 -8.707541 
14.07999991 -8.707541 
14.11999991 -8.707541 
14.15999991 -8.707541 
14.19999991 -8.707541 
14.23999991 -8.707541 
14.27999991 -8.881496 
14.31999991 -8.707541 
14.35999991 -8.707541 
14.39999991 -8.707541 
14.43999991 -8.707541 
14.47999991 -8.707541 
14.51999991 -8.707541 
14.55999991 -8.707541 
14.59999991 -8.707541 
14.63999991 -8.881496 
14.67999991 -8.881496 
14.71999991 -8.707541 
14.75999991 -8.881496 
14.79999991 -8.881496 
14.83999991 -8.707541 
14.87999991 -8.707541 
14.91999991 -8.707541 
14.95999991 -8.881496 
14.99999991 -8.707541 
15.03999991 -8.707541 
15.07999991 -8.881496 
15.11999991 -8.881496 
15.15999991 -8.881496 
15.19999991 -8.707541 
15.23999991 -8.881496 
15.27999991 -8.881496 
15.31999991 -8.881496 
15.35999991 -8.881496 
15.39999991 -8.881496 
15.43999991 -8.881496 
15.47999991 -8.881496 
15.51999991 -8.881496 
15.55999991 -8.707541 
15.59999991 -8.881496 
15.6399999 -8.707541 
15.6799999 -8.881496 
15.7199999 -8.881496 
15.7599999 -8.707541 
15.7999999 -8.881496 
15.8399999 -8.881496 
15.8799999 -8.881496 
15.9199999 -8.707541 
15.9599999 -8.881496 
15.9999999 -8.881496 
16.0399999 -8.881496 
16.0799999 -8.707541 
16.1199999 -8.881496 
16.1599999 -8.707541 
16.1999999 -8.881496 
16.2399999 -8.707541 
16.2799999 -8.881496 
16.3199999 -8.881496 
16.3599999 -8.707541 
16.3999999 -8.707541 
16.4399999 -8.707541 
16.4799999 -8.881496 
16.5199999 -8.707541 
16.5599999 -8.707541 
16.5999999 -8.881496 
16.6399999 -8.707541 
16.6799999 -8.881496 
16.7199999 -8.881496 
16.7599999 -8.881496 
16.7999999 -8.881496 
16.8399999 -8.881496 
16.8799999 -8.881496 
16.9199999 -8.881496 
16.9599999 -8.881496 
16.9999999 -8.707541 
17.0399999 -8.881496 
17.0799999 -8.881496 
17.1199999 -8.881496 
17.1599999 -8.881496 
17.1999999 -8.881496 
17.2399999 -8.707541 
17.27999989 -8.881496 
17.31999989 -8.881496 
17.35999989 -8.881496 
17.39999989 -8.881496 
17.43999989 -8.881496 
17.47999989 -8.707541 
17.51999989 -8.881496 
17.55999989 -8.881496 
17.59999989 -8.707541 
17.63999989 -8.881496 
17.67999989 -8.707541 
17.71999989 -8.881496 
17.75999989 -8.881496 
17.79999989 -8.881496 
17.83999989 -8.881496 
17.87999989 -8.881496 
17.95999989 -8.881496 
17.99999989 -8.881496 
18.03999989 -8.881496 
18.07999989 -8.881496 
18.11999989 -8.881496 
18.15999989 -8.881496 
18.19999989 -8.881496 
18.23999989 -8.881496 
18.27999989 -8.881496 
18.31999989 -8.881496 
18.35999989 -8.881496 
18.39999989 -8.881496 
18.47999989 -8.881496 
18.51999989 -8.881496 
18.55999989 -8.881496 
18.59999989 -8.707541 
18.63999989 -8.881496 
18.67999989 -8.881496 
18.71999989 -8.881496 
18.75999989 -8.881496 
18.79999989 -8.881496 
18.83999989 -8.881496 
18.87999989 -8.881496 
18.91999989 -8.707541 
18.99999988 -8.881496 
19.03999988 -8.881496 
19.07999988 -8.881496 
19.11999988 -8.881496 
19.15999988 -8.881496 
19.19999988 -8.881496 
19.23999988 -8.881496 
19.27999988 -8.881496 
19.31999988 -8.881496 
19.35999988 -8.881496 
19.59999988 -8.881496 
19.79999988 -8.881496 
19.83999988 -8.881496 
19.91999988 -8.881496 
19.95999988 -8.881496 
19.99999988 -8.881496 
20.03999988 -8.881496 
20.07999988 -8.881496 
20.11999988 -8.881496 
20.15999988 -8.881496 
20.19999988 -8.881496 
20.23999988 -8.881496 
20.39999988 -8.881496 
20.51999988 -8.881496 
20.55999988 -8.881496 
20.59999987 -8.881496 
20.63999987 -8.881496 
20.67999987 -8.881496 
20.83999987 -8.881496 
20.95999987 -8.881496 
20.99999987 -8.881496 
21.03999987 -8.881496 
21.27999987 -8.881496 
21.55999987 -8.881496 
21.59999987 -8.881496 
21.63999987 -8.881496 
21.67999987 -8.881496 
21.87999987 -8.881496 
21.91999987 -8.881496 
22.07999987 -8.881496 
22.11999987 -8.881496 
22.15999987 -8.881496 
22.19999987 -8.881496 
22.27999986 -8.881496 
22.31999986 -8.881496 
22.39999986 -8.881496 
22.55999986 -8.881496 
22.71999986 -8.881496 
22.91999986 -8.881496 
22.95999986 -8.881496 
23.15999986 -8.881496 
24.31999985 -8.881496 
24.35999985 -8.881496 
25.19999985 -8.881496 
25.23999985 -8.881496 
25.27999985 -8.881496 
0 0 
