55.91999966 -8.881496 
55.99999966 -8.881496 
56.07999966 -8.881496 
56.11999966 -8.881496 
56.15999966 -8.881496 
56.23999966 -8.881496 
56.27999966 -8.881496 
56.31999966 -8.881496 
56.35999966 -8.881496 
56.39999966 -8.881496 
56.43999966 -8.881496 
56.47999966 -8.881496 
56.51999966 -8.707541 
56.55999966 -8.707541 
56.59999966 -8.707541 
56.63999966 -8.707541 
56.67999966 -8.881496 
56.71999966 -8.707541 
56.75999966 -8.707541 
56.79999965 -8.707541 
56.83999965 -8.881496 
56.87999965 -8.881496 
56.91999965 -8.707541 
56.95999965 -8.707541 
56.99999965 -8.707541 
57.03999965 -8.707541 
57.07999965 -8.707541 
57.11999965 -8.707541 
57.15999965 -8.707541 
57.19999965 -8.707541 
57.23999965 -8.707541 
57.27999965 -8.707541 
57.31999965 -8.707541 
57.35999965 -8.707541 
57.39999965 -8.707541 
57.43999965 -8.707541 
57.47999965 -8.707541 
57.51999965 -8.707541 
57.55999965 -8.707541 
57.59999965 -8.707541 
57.63999965 -8.707541 
57.67999965 -8.707541 
57.71999965 -8.707541 
57.75999965 -8.707541 
57.79999965 -8.707541 
57.83999965 -8.707541 
57.87999965 -8.707541 
57.91999965 -8.707541 
57.95999965 -8.707541 
57.99999965 -8.707541 
58.03999965 -8.707541 
58.07999965 -8.533586 
58.11999965 -8.707541 
58.15999965 -8.707541 
58.19999965 -8.707541 
58.23999965 -8.707541 
58.27999965 -8.707541 
58.31999965 -8.533586 
58.35999965 -8.707541 
58.39999965 -8.707541 
58.43999964 -8.707541 
58.47999964 -8.533586 
58.51999964 -8.707541 
58.55999964 -8.533586 
58.59999964 -8.707541 
58.63999964 -8.533586 
58.67999964 -8.533586 
58.71999964 -8.707541 
58.75999964 -8.707541 
58.79999964 -8.533586 
58.83999964 -8.533586 
58.87999964 -8.533586 
58.91999964 -8.533586 
58.95999964 -8.533586 
58.99999964 -8.533586 
59.03999964 -8.533586 
59.07999964 -8.533586 
59.11999964 -8.533586 
59.15999964 -8.533586 
59.19999964 -8.533586 
59.23999964 -8.533586 
59.27999964 -8.533586 
59.31999964 -8.533586 
59.35999964 -8.533586 
59.39999964 -8.533586 
59.43999964 -8.533586 
59.47999964 -8.533586 
59.51999964 -8.533586 
59.55999964 -8.533586 
59.59999964 -8.533586 
59.63999964 -8.533586 
59.67999964 -8.359631 
59.71999964 -8.533586 
59.75999964 -8.533586 
59.79999964 -8.533586 
59.83999964 -8.533586 
59.87999964 -8.533586 
59.91999964 -8.359631 
59.95999964 -8.533586 
59.99999964 -8.359631 
60.03999964 -8.533586 
60.07999963 -8.359631 
60.11999963 -8.359631 
60.15999963 -8.359631 
60.19999963 -8.359631 
60.23999963 -8.359631 
60.27999963 -8.359631 
60.31999963 -8.359631 
60.35999963 -8.359631 
60.39999963 -8.359631 
60.43999963 -8.359631 
60.47999963 -8.359631 
60.51999963 -8.359631 
60.55999963 -8.359631 
60.59999963 -8.359631 
60.63999963 -8.359631 
60.67999963 -8.359631 
60.71999963 -8.359631 
60.75999963 -8.359631 
60.79999963 -8.359631 
60.83999963 -8.359631 
60.87999963 -8.359631 
60.91999963 -8.359631 
60.95999963 -8.359631 
60.99999963 -8.359631 
61.03999963 -8.359631 
61.07999963 -8.359631 
61.11999963 -8.359631 
61.15999963 -8.185064 
61.19999963 -8.359631 
61.23999963 -8.359631 
61.27999963 -8.185064 
61.31999963 -8.185064 
61.35999963 -8.359631 
61.39999963 -8.359631 
61.43999963 -8.359631 
61.47999963 -8.185064 
61.51999963 -8.359631 
61.55999963 -8.185064 
61.59999963 -8.185064 
61.63999963 -8.359631 
61.67999963 -8.185064 
61.71999962 -8.185064 
61.75999962 -8.185064 
61.79999962 -8.185064 
61.83999962 -8.185064 
61.87999962 -8.185064 
61.91999962 -8.185064 
61.95999962 -8.011108 
61.99999962 -8.185064 
62.03999962 -8.185064 
62.07999962 -8.185064 
62.11999962 -8.185064 
62.15999962 -8.185064 
62.19999962 -8.185064 
62.23999962 -8.011108 
62.27999962 -8.185064 
62.31999962 -8.185064 
62.35999962 -8.185064 
62.39999962 -8.185064 
62.43999962 -8.185064 
62.47999962 -8.185064 
62.51999962 -8.185064 
62.55999962 -8.185064 
62.59999962 -8.185064 
62.63999962 -8.185064 
62.67999962 -8.185064 
62.71999962 -8.185064 
62.75999962 -8.185064 
62.79999962 -8.185064 
62.83999962 -8.185064 
62.87999962 -8.185064 
62.91999962 -8.011108 
62.95999962 -8.185064 
62.99999962 -8.185064 
63.03999962 -8.011108 
63.07999962 -8.185064 
63.11999962 -8.011108 
63.15999962 -8.011108 
63.19999962 -8.011108 
63.23999962 -8.011108 
63.27999962 -8.011108 
63.31999962 -8.011108 
63.35999961 -8.011108 
63.39999961 -8.011108 
63.43999961 -8.011108 
63.47999961 -8.011108 
63.51999961 -8.011108 
63.55999961 -8.011108 
63.59999961 -8.011108 
63.63999961 -7.837153 
63.67999961 -8.011108 
63.71999961 -8.011108 
63.75999961 -8.011108 
63.79999961 -8.011108 
63.83999961 -8.011108 
63.87999961 -7.837153 
63.91999961 -7.837153 
63.95999961 -8.011108 
63.99999961 -8.011108 
64.03999961 -8.011108 
64.07999961 -8.011108 
64.11999961 -7.837153 
64.15999961 -7.837153 
64.19999961 -7.837153 
64.23999961 -7.837153 
64.27999961 -8.011108 
64.31999961 -8.011108 
64.35999961 -7.837153 
64.39999961 -7.837153 
64.43999961 -7.837153 
64.47999961 -7.837153 
64.51999961 -7.837153 
64.55999961 -7.837153 
64.59999961 -8.011108 
64.63999961 -7.837153 
64.67999961 -7.837153 
64.71999961 -7.837153 
64.75999961 -7.837153 
64.79999961 -7.837153 
64.83999961 -7.837153 
64.87999961 -7.837153 
64.91999961 -7.837153 
64.95999961 -7.837153 
64.9999996 -7.837153 
65.0399996 -7.837153 
65.0799996 -7.837153 
65.1199996 -7.837153 
65.1599996 -7.837153 
65.1999996 -7.837153 
65.2399996 -7.837153 
65.2799996 -7.837153 
65.3199996 -7.837153 
65.3599996 -7.837153 
65.3999996 -7.837153 
65.4399996 -7.837153 
65.4799996 -7.837153 
65.5199996 -7.837153 
65.5599996 -7.837153 
65.5999996 -7.837153 
65.6399996 -7.837153 
65.6799996 -7.837153 
65.7199996 -7.837153 
65.7599996 -7.837153 
65.7999996 -7.837153 
65.8399996 -7.837153 
65.8799996 -7.837153 
65.9199996 -7.837153 
65.9599996 -7.837153 
65.9999996 -7.837153 
66.0399996 -7.837153 
66.0799996 -7.837153 
66.1199996 -7.837153 
66.1599996 -7.837153 
66.1999996 -7.837153 
66.2399996 -7.663198 
66.2799996 -7.837153 
66.3199996 -7.837153 
66.3599996 -7.837153 
66.3999996 -7.837153 
66.4399996 -7.837153 
66.4799996 -7.837153 
66.5199996 -7.837153 
66.5599996 -7.663198 
66.5999996 -7.663198 
66.63999959 -7.837153 
66.67999959 -7.663198 
66.71999959 -7.663198 
66.75999959 -7.837153 
66.79999959 -7.663198 
66.83999959 -7.837153 
66.87999959 -7.837153 
66.91999959 -7.663198 
66.95999959 -7.663198 
66.99999959 -7.663198 
67.03999959 -7.663198 
67.07999959 -7.663198 
67.11999959 -7.663198 
67.15999959 -7.663198 
67.19999959 -7.663198 
67.23999959 -7.663198 
67.27999959 -7.663198 
67.31999959 -7.663198 
67.35999959 -7.663198 
67.39999959 -7.663198 
67.43999959 -7.663198 
67.47999959 -7.663198 
67.51999959 -7.663198 
67.55999959 -7.663198 
67.59999959 -7.663198 
67.63999959 -7.663198 
67.67999959 -7.663198 
67.71999959 -7.663198 
67.75999959 -7.663198 
67.79999959 -7.663198 
67.83999959 -7.663198 
67.87999959 -7.663198 
67.91999959 -7.663198 
67.95999959 -7.663198 
67.99999959 -7.663198 
68.03999959 -7.663198 
68.07999959 -7.663198 
68.11999959 -7.663198 
68.15999959 -7.663198 
68.19999959 -7.663198 
68.23999959 -7.663198 
68.27999959 -7.663198 
68.31999958 -7.663198 
68.35999958 -7.663198 
68.39999958 -7.663198 
68.43999958 -7.663198 
68.47999958 -7.663198 
68.51999958 -7.663198 
68.55999958 -7.663198 
68.59999958 -7.663198 
68.63999958 -7.663198 
68.67999958 -7.488632 
68.71999958 -7.663198 
68.75999958 -7.663198 
68.79999958 -7.663198 
68.83999958 -7.663198 
68.87999958 -7.488632 
68.91999958 -7.663198 
68.95999958 -7.663198 
68.99999958 -7.488632 
69.03999958 -7.488632 
69.07999958 -7.488632 
69.11999958 -7.663198 
69.15999958 -7.663198 
69.19999958 -7.488632 
69.23999958 -7.488632 
69.27999958 -7.488632 
69.31999958 -7.663198 
69.35999958 -7.488632 
69.39999958 -7.488632 
69.43999958 -7.488632 
69.47999958 -7.488632 
69.51999958 -7.488632 
69.55999958 -7.488632 
69.59999958 -7.488632 
69.63999958 -7.488632 
69.67999958 -7.488632 
69.71999958 -7.314676 
69.75999958 -7.488632 
69.79999958 -7.488632 
69.83999958 -7.314676 
69.87999958 -7.488632 
69.91999958 -7.488632 
69.95999957 -7.314676 
69.99999957 -7.488632 
70.03999957 -7.314676 
70.07999957 -7.488632 
70.11999957 -7.314676 
70.15999957 -7.314676 
70.19999957 -7.314676 
70.23999957 -7.314676 
70.27999957 -7.314676 
70.31999957 -7.314676 
70.35999957 -7.488632 
70.39999957 -7.314676 
70.43999957 -7.314676 
70.47999957 -7.314676 
70.51999957 -7.314676 
70.55999957 -7.314676 
70.59999957 -7.314676 
70.63999957 -7.314676 
70.67999957 -7.314676 
70.71999957 -7.314676 
70.75999957 -7.314676 
70.79999957 -7.314676 
70.83999957 -7.314676 
70.87999957 -7.314676 
70.91999957 -7.314676 
70.95999957 -7.314676 
70.99999957 -7.314676 
71.03999957 -7.488632 
71.07999957 -7.314676 
71.11999957 -7.314676 
71.15999957 -7.314676 
71.19999957 -7.314676 
71.23999957 -7.314676 
71.27999957 -7.314676 
71.31999957 -7.314676 
71.35999957 -7.314676 
71.39999957 -7.314676 
71.43999957 -7.314676 
71.47999957 -7.314676 
71.51999957 -7.314676 
71.55999957 -7.314676 
71.59999956 -7.314676 
71.63999956 -7.314676 
71.67999956 -7.314676 
71.71999956 -7.314676 
71.75999956 -7.314676 
71.79999956 -7.314676 
71.83999956 -7.314676 
71.87999956 -7.314676 
71.91999956 -7.314676 
71.95999956 -7.140721 
71.99999956 -7.314676 
72.03999956 -7.314676 
72.07999956 -7.314676 
72.11999956 -7.140721 
72.15999956 -7.140721 
72.19999956 -7.314676 
72.23999956 -7.314676 
72.27999956 -7.314676 
72.31999956 -7.314676 
72.35999956 -7.314676 
72.39999956 -7.314676 
72.43999956 -7.140721 
72.47999956 -7.314676 
72.51999956 -7.140721 
72.55999956 -7.140721 
72.59999956 -7.140721 
72.63999956 -7.140721 
72.67999956 -7.140721 
72.71999956 -7.314676 
72.75999956 -7.140721 
72.79999956 -7.140721 
72.83999956 -7.140721 
72.87999956 -7.140721 
72.91999956 -7.140721 
72.95999956 -7.140721 
72.99999956 -7.140721 
73.03999956 -7.140721 
73.07999956 -7.140721 
73.11999956 -7.140721 
73.15999956 -7.140721 
73.19999956 -7.140721 
73.23999955 -7.140721 
73.27999955 -7.140721 
73.31999955 -7.140721 
73.35999955 -7.140721 
73.39999955 -7.140721 
73.43999955 -7.140721 
73.47999955 -7.140721 
73.51999955 -7.140721 
73.55999955 -7.140721 
73.59999955 -7.140721 
73.63999955 -7.140721 
73.67999955 -7.140721 
73.71999955 -7.140721 
73.75999955 -6.966765 
73.79999955 -7.140721 
73.83999955 -7.140721 
73.87999955 -7.140721 
73.91999955 -7.140721 
73.95999955 -7.140721 
73.99999955 -7.140721 
74.03999955 -7.140721 
74.07999955 -6.966765 
74.11999955 -7.140721 
74.15999955 -6.966765 
74.19999955 -7.140721 
74.23999955 -7.140721 
74.27999955 -7.140721 
74.31999955 -6.966765 
74.35999955 -7.140721 
74.39999955 -6.966765 
74.43999955 -6.966765 
74.47999955 -6.966765 
74.51999955 -6.966765 
74.55999955 -6.966765 
74.59999955 -6.966765 
74.63999955 -6.966765 
74.67999955 -6.966765 
74.71999955 -6.966765 
74.75999955 -6.966765 
74.79999955 -6.966765 
74.83999955 -6.966765 
74.87999954 -6.966765 
74.91999954 -6.966765 
74.95999954 -6.966765 
74.99999954 -6.966765 
75.03999954 -6.966765 
75.07999954 -6.966765 
75.11999954 -6.966765 
75.15999954 -6.966765 
75.19999954 -6.966765 
75.23999954 -6.7922 
75.27999954 -6.966765 
75.31999954 -6.966765 
75.35999954 -6.966765 
75.39999954 -6.966765 
75.43999954 -6.966765 
75.47999954 -6.966765 
75.51999954 -6.7922 
75.55999954 -6.966765 
75.59999954 -6.966765 
75.63999954 -6.966765 
75.67999954 -6.966765 
75.71999954 -6.7922 
75.75999954 -6.966765 
75.79999954 -6.966765 
75.83999954 -6.7922 
75.87999954 -6.966765 
75.91999954 -6.966765 
75.95999954 -6.7922 
75.99999954 -6.966765 
76.03999954 -6.7922 
76.07999954 -6.966765 
76.11999954 -6.7922 
76.15999954 -6.966765 
76.19999954 -6.7922 
76.23999954 -6.7922 
76.27999954 -6.7922 
76.31999954 -6.7922 
76.35999954 -6.7922 
76.39999954 -6.7922 
76.43999954 -6.966765 
76.47999954 -6.7922 
76.51999953 -6.7922 
76.55999953 -6.7922 
76.59999953 -6.7922 
76.63999953 -6.7922 
76.67999953 -6.7922 
76.71999953 -6.7922 
76.75999953 -6.7922 
76.79999953 -6.7922 
76.83999953 -6.7922 
76.87999953 -6.7922 
76.91999953 -6.7922 
76.95999953 -6.7922 
76.99999953 -6.618244 
77.03999953 -6.7922 
77.07999953 -6.7922 
77.11999953 -6.618244 
77.15999953 -6.618244 
77.19999953 -6.618244 
77.23999953 -6.618244 
77.27999953 -6.7922 
77.31999953 -6.7922 
77.35999953 -6.618244 
77.39999953 -6.618244 
77.43999953 -6.618244 
77.47999953 -6.618244 
77.51999953 -6.618244 
77.55999953 -6.618244 
77.59999953 -6.618244 
77.63999953 -6.618244 
77.67999953 -6.618244 
77.71999953 -6.618244 
77.75999953 -6.618244 
77.79999953 -6.618244 
77.83999953 -6.618244 
77.87999953 -6.618244 
77.91999953 -6.618244 
77.95999953 -6.618244 
77.99999953 -6.618244 
78.03999953 -6.618244 
78.07999953 -6.618244 
78.11999953 -6.618244 
78.15999952 -6.618244 
78.19999952 -6.444288 
78.23999952 -6.444288 
78.27999952 -6.444288 
78.31999952 -6.444288 
78.35999952 -6.618244 
78.39999952 -6.444288 
78.43999952 -6.444288 
78.47999952 -6.444288 
78.51999952 -6.618244 
78.55999952 -6.444288 
78.59999952 -6.444288 
78.63999952 -6.444288 
78.67999952 -6.444288 
78.71999952 -6.444288 
78.75999952 -6.444288 
78.79999952 -6.444288 
78.83999952 -6.444288 
78.87999952 -6.444288 
78.91999952 -6.444288 
78.95999952 -6.444288 
78.99999952 -6.444288 
79.03999952 -6.444288 
79.07999952 -6.444288 
79.11999952 -6.444288 
79.15999952 -6.444288 
79.19999952 -6.444288 
79.23999952 -6.444288 
79.27999952 -6.444288 
79.31999952 -6.444288 
79.35999952 -6.444288 
79.39999952 -6.444288 
79.43999952 -6.270333 
79.47999952 -6.444288 
79.51999952 -6.270333 
79.55999952 -6.444288 
79.59999952 -6.444288 
79.63999952 -6.270333 
79.67999952 -6.444288 
79.71999952 -6.270333 
79.75999952 -6.444288 
79.79999952 -6.270333 
79.83999951 -6.444288 
79.87999951 -6.444288 
79.91999951 -6.270333 
79.95999951 -6.270333 
79.99999951 -6.270333 
80.03999951 -6.270333 
80.07999951 -6.270333 
80.11999951 -6.270333 
80.15999951 -6.270333 
80.19999951 -6.270333 
80.23999951 -6.270333 
80.27999951 -6.270333 
80.31999951 -6.270333 
80.35999951 -6.270333 
80.39999951 -6.270333 
80.43999951 -6.270333 
80.47999951 -6.270333 
80.51999951 -6.270333 
80.55999951 -6.270333 
80.59999951 -6.270333 
80.63999951 -6.270333 
80.67999951 -6.270333 
80.71999951 -6.270333 
80.75999951 -6.270333 
80.79999951 -6.270333 
80.83999951 -6.270333 
80.87999951 -6.270333 
80.91999951 -6.270333 
80.95999951 -6.270333 
80.99999951 -6.270333 
81.03999951 -6.095767 
81.07999951 -6.270333 
81.11999951 -6.270333 
81.15999951 -6.095767 
81.19999951 -6.270333 
81.23999951 -6.095767 
81.27999951 -6.095767 
81.31999951 -6.095767 
81.35999951 -6.095767 
81.39999951 -6.095767 
81.43999951 -6.095767 
81.4799995 -6.270333 
81.5199995 -6.095767 
81.5599995 -6.095767 
81.5999995 -6.095767 
81.6399995 -5.921812 
81.6799995 -6.095767 
81.7199995 -5.921812 
81.7599995 -5.921812 
81.7999995 -5.921812 
81.8399995 -5.921812 
81.8799995 -5.921812 
81.9199995 -5.921812 
81.9599995 -5.921812 
81.9999995 -5.921812 
82.0399995 -5.921812 
82.0799995 -5.921812 
82.1199995 -5.921812 
82.1599995 -5.921812 
82.1999995 -5.921812 
82.2399995 -5.921812 
82.2799995 -5.921812 
82.3199995 -5.921812 
82.3599995 -5.921812 
82.3999995 -5.921812 
82.4399995 -5.921812 
82.4799995 -5.921812 
82.5199995 -5.921812 
82.5599995 -5.921812 
82.5999995 -5.921812 
82.6399995 -5.921812 
82.6799995 -5.921812 
82.7199995 -5.921812 
82.7599995 -5.921812 
82.7999995 -5.921812 
82.8399995 -5.921812 
82.8799995 -5.921812 
82.9199995 -5.921812 
82.9599995 -5.921812 
82.9999995 -5.921812 
83.0399995 -5.921812 
83.0799995 -5.921812 
83.11999949 -5.921812 
83.15999949 -5.921812 
83.19999949 -5.921812 
83.23999949 -5.747856 
83.27999949 -5.747856 
83.31999949 -5.921812 
83.35999949 -5.921812 
83.39999949 -5.921812 
83.43999949 -5.747856 
83.47999949 -5.747856 
83.51999949 -5.921812 
83.55999949 -5.747856 
83.59999949 -5.747856 
83.63999949 -5.747856 
83.67999949 -5.747856 
83.71999949 -5.747856 
83.75999949 -5.747856 
83.79999949 -5.747856 
83.83999949 -5.747856 
83.87999949 -5.747856 
83.91999949 -5.747856 
83.95999949 -5.747856 
83.99999949 -5.747856 
84.03999949 -5.747856 
84.07999949 -5.747856 
84.11999949 -5.747856 
84.15999949 -5.747856 
84.19999949 -5.747856 
84.23999949 -5.747856 
84.27999949 -5.747856 
84.31999949 -5.573901 
84.35999949 -5.573901 
84.39999949 -5.747856 
84.43999949 -5.747856 
84.47999949 -5.573901 
84.51999949 -5.573901 
84.55999949 -5.747856 
84.59999949 -5.573901 
84.63999949 -5.747856 
84.67999949 -5.573901 
84.71999949 -5.573901 
84.75999948 -5.573901 
84.79999948 -5.573901 
84.83999948 -5.573901 
84.87999948 -5.573901 
84.91999948 -5.573901 
84.95999948 -5.573901 
84.99999948 -5.573901 
85.03999948 -5.573901 
85.07999948 -5.573901 
85.11999948 -5.573901 
85.15999948 -5.573901 
85.19999948 -5.573901 
85.23999948 -5.573901 
85.27999948 -5.573901 
85.31999948 -5.573901 
85.35999948 -5.573901 
85.39999948 -5.573901 
85.43999948 -5.573901 
85.47999948 -5.573901 
85.51999948 -5.573901 
85.55999948 -5.573901 
85.59999948 -5.573901 
85.63999948 -5.399335 
85.67999948 -5.573901 
85.71999948 -5.573901 
85.75999948 -5.399335 
85.79999948 -5.573901 
85.83999948 -5.573901 
85.87999948 -5.399335 
85.91999948 -5.573901 
85.95999948 -5.399335 
85.99999948 -5.399335 
86.03999948 -5.573901 
86.07999948 -5.399335 
86.11999948 -5.399335 
86.15999948 -5.399335 
86.19999948 -5.225379 
86.23999948 -5.399335 
86.27999948 -5.399335 
86.31999948 -5.399335 
86.35999948 -5.399335 
86.39999947 -5.399335 
86.43999947 -5.399335 
86.47999947 -5.399335 
86.51999947 -5.399335 
86.55999947 -5.399335 
86.59999947 -5.399335 
86.63999947 -5.225379 
86.67999947 -5.399335 
86.71999947 -5.399335 
86.75999947 -5.399335 
86.79999947 -5.399335 
86.83999947 -5.399335 
86.87999947 -5.399335 
86.91999947 -5.225379 
86.95999947 -5.399335 
86.99999947 -5.399335 
87.03999947 -5.225379 
87.07999947 -5.225379 
87.11999947 -5.225379 
87.15999947 -5.225379 
87.19999947 -5.225379 
87.23999947 -5.225379 
87.27999947 -5.225379 
87.31999947 -5.225379 
87.35999947 -5.225379 
87.39999947 -5.225379 
87.43999947 -5.051424 
87.47999947 -5.225379 
87.51999947 -5.051424 
87.55999947 -5.051424 
87.59999947 -5.225379 
87.63999947 -5.051424 
87.67999947 -5.051424 
87.71999947 -5.051424 
87.75999947 -5.051424 
87.79999947 -5.051424 
87.83999947 -5.051424 
87.87999947 -5.051424 
87.91999947 -5.051424 
87.95999947 -5.051424 
87.99999947 -5.051424 
88.03999946 -5.051424 
88.07999946 -5.051424 
88.11999946 -5.051424 
88.15999946 -5.051424 
88.19999946 -5.051424 
88.23999946 -5.051424 
88.27999946 -5.051424 
88.31999946 -5.051424 
88.35999946 -5.051424 
88.39999946 -5.051424 
88.43999946 -5.051424 
88.47999946 -5.051424 
88.51999946 -5.051424 
88.55999946 -5.051424 
88.59999946 -5.051424 
88.63999946 -4.877468 
88.67999946 -5.051424 
88.71999946 -5.051424 
88.75999946 -4.877468 
88.79999946 -4.877468 
88.83999946 -4.877468 
88.87999946 -4.877468 
88.91999946 -4.877468 
88.95999946 -4.877468 
88.99999946 -4.877468 
89.03999946 -4.877468 
89.07999946 -4.877468 
89.11999946 -4.877468 
89.15999946 -4.877468 
89.19999946 -4.877468 
89.23999946 -4.877468 
89.27999946 -4.877468 
89.31999946 -4.877468 
89.35999946 -4.877468 
89.39999946 -4.877468 
89.43999946 -4.877468 
89.47999946 -4.877468 
89.51999946 -4.877468 
89.55999946 -4.877468 
89.59999946 -4.877468 
89.63999946 -4.702902 
89.67999945 -4.877468 
89.71999945 -4.877468 
89.75999945 -4.877468 
89.79999945 -4.877468 
89.83999945 -4.877468 
89.87999945 -4.877468 
89.91999945 -4.702902 
89.95999945 -4.877468 
89.99999945 -4.877468 
90.03999945 -4.877468 
90.07999945 -4.702902 
90.11999945 -4.702902 
90.15999945 -4.702902 
90.19999945 -4.702902 
90.23999945 -4.877468 
90.27999945 -4.702902 
90.31999945 -4.702902 
90.35999945 -4.702902 
90.39999945 -4.702902 
90.43999945 -4.702902 
90.47999945 -4.702902 
90.51999945 -4.877468 
90.55999945 -4.702902 
90.59999945 -4.702902 
90.63999945 -4.528947 
90.67999945 -4.528947 
90.71999945 -4.528947 
90.75999945 -4.528947 
90.79999945 -4.528947 
90.83999945 -4.528947 
90.87999945 -4.528947 
90.91999945 -4.528947 
90.95999945 -4.528947 
90.99999945 -4.528947 
91.03999945 -4.528947 
91.07999945 -4.528947 
91.11999945 -4.528947 
91.15999945 -4.528947 
91.19999945 -4.528947 
91.23999945 -4.528947 
91.27999945 -4.528947 
91.31999945 -4.528947 
91.35999944 -4.528947 
91.39999944 -4.528947 
91.43999944 -4.528947 
91.47999944 -4.528947 
91.51999944 -4.528947 
91.55999944 -4.528947 
91.59999944 -4.354991 
91.63999944 -4.528947 
91.67999944 -4.528947 
91.71999944 -4.528947 
91.75999944 -4.354991 
91.79999944 -4.528947 
91.83999944 -4.354991 
91.87999944 -4.528947 
91.91999944 -4.354991 
91.95999944 -4.354991 
91.99999944 -4.354991 
92.03999944 -4.354991 
92.07999944 -4.354991 
92.11999944 -4.528947 
92.15999944 -4.354991 
92.19999944 -4.354991 
92.23999944 -4.354991 
92.27999944 -4.354991 
92.31999944 -4.354991 
92.35999944 -4.354991 
92.39999944 -4.354991 
92.43999944 -4.354991 
92.47999944 -4.354991 
92.51999944 -4.354991 
92.55999944 -4.354991 
92.59999944 -4.354991 
92.63999944 -4.354991 
92.67999944 -4.354991 
92.71999944 -4.354991 
92.75999944 -4.354991 
92.79999944 -4.181036 
92.83999944 -4.181036 
92.87999944 -4.354991 
92.91999944 -4.354991 
92.95999944 -4.181036 
92.99999943 -4.181036 
93.03999943 -4.181036 
93.07999943 -4.181036 
93.11999943 -4.181036 
93.15999943 -4.354991 
93.19999943 -4.181036 
93.23999943 -4.181036 
93.27999943 -4.181036 
93.31999943 -4.181036 
93.35999943 -4.181036 
93.39999943 -4.181036 
93.43999943 -4.181036 
93.47999943 -4.181036 
93.51999943 -4.181036 
93.55999943 -4.181036 
93.59999943 -4.181036 
93.63999943 -4.181036 
93.67999943 -4.181036 
93.71999943 -4.181036 
93.75999943 -4.181036 
93.79999943 -4.181036 
93.83999943 -4.181036 
93.87999943 -4.181036 
93.91999943 -4.181036 
93.95999943 -4.00647 
93.99999943 -4.181036 
94.03999943 -4.00647 
94.07999943 -4.181036 
94.11999943 -4.00647 
94.15999943 -4.00647 
94.19999943 -4.00647 
94.23999943 -4.00647 
94.27999943 -4.00647 
94.31999943 -4.00647 
94.35999943 -4.181036 
94.39999943 -4.00647 
94.43999943 -4.00647 
94.47999943 -4.00647 
94.51999943 -4.00647 
94.55999943 -4.00647 
94.59999943 -4.00647 
94.63999942 -4.00647 
94.67999942 -3.832515 
94.71999942 -3.832515 
94.75999942 -4.00647 
94.79999942 -4.00647 
94.83999942 -4.00647 
94.87999942 -4.00647 
94.91999942 -3.832515 
94.95999942 -3.832515 
94.99999942 -4.00647 
95.03999942 -4.00647 
95.07999942 -4.00647 
95.11999942 -4.00647 
95.15999942 -3.832515 
95.19999942 -4.00647 
95.23999942 -3.832515 
95.27999942 -3.832515 
95.31999942 -3.832515 
95.35999942 -3.832515 
95.39999942 -3.832515 
95.43999942 -3.832515 
95.47999942 -3.832515 
95.51999942 -3.832515 
95.55999942 -3.832515 
95.59999942 -3.832515 
95.63999942 -3.832515 
95.67999942 -3.832515 
95.71999942 -3.832515 
95.75999942 -3.832515 
95.79999942 -3.832515 
95.83999942 -3.658559 
95.87999942 -3.658559 
95.91999942 -3.832515 
95.95999942 -3.658559 
95.99999942 -3.658559 
96.03999942 -3.658559 
96.07999942 -3.658559 
96.11999942 -3.658559 
96.15999942 -3.658559 
96.19999942 -3.658559 
96.23999942 -3.658559 
96.27999941 -3.658559 
96.31999941 -3.658559 
96.35999941 -3.658559 
96.39999941 -3.658559 
96.43999941 -3.658559 
96.47999941 -3.658559 
96.51999941 -3.658559 
96.55999941 -3.658559 
96.59999941 -3.658559 
96.63999941 -3.658559 
96.67999941 -3.658559 
96.71999941 -3.658559 
96.75999941 -3.658559 
96.79999941 -3.658559 
96.83999941 -3.658559 
96.87999941 -3.658559 
96.91999941 -3.658559 
96.95999941 -3.484603 
96.99999941 -3.658559 
97.03999941 -3.484603 
97.07999941 -3.658559 
97.11999941 -3.484603 
97.15999941 -3.484603 
97.19999941 -3.484603 
97.23999941 -3.484603 
97.27999941 -3.658559 
97.31999941 -3.658559 
97.35999941 -3.484603 
97.39999941 -3.484603 
97.43999941 -3.484603 
97.47999941 -3.484603 
97.51999941 -3.484603 
97.55999941 -3.484603 
97.59999941 -3.484603 
97.63999941 -3.484603 
97.67999941 -3.484603 
97.71999941 -3.484603 
97.75999941 -3.484603 
97.79999941 -3.484603 
97.83999941 -3.484603 
97.87999941 -3.484603 
97.9199994 -3.484603 
97.9599994 -3.310038 
97.9999994 -3.484603 
98.0399994 -3.484603 
98.0799994 -3.484603 
98.1199994 -3.484603 
98.1599994 -3.484603 
98.1999994 -3.484603 
98.2399994 -3.310038 
98.2799994 -3.310038 
98.3199994 -3.484603 
98.3599994 -3.310038 
98.3999994 -3.310038 
98.4399994 -3.310038 
98.4799994 -3.310038 
98.5199994 -3.136082 
98.5599994 -3.136082 
98.5999994 -3.136082 
98.6399994 -3.310038 
98.6799994 -3.136082 
98.7199994 -3.310038 
98.7599994 -3.136082 
98.7999994 -3.136082 
98.8399994 -3.136082 
98.8799994 -3.310038 
98.9199994 -3.136082 
98.9599994 -3.136082 
98.9999994 -3.136082 
99.0399994 -3.136082 
99.0799994 -3.136082 
99.1199994 -3.136082 
99.1599994 -3.136082 
99.1999994 -3.136082 
99.2399994 -3.136082 
99.2799994 -3.136082 
99.3199994 -3.136082 
99.3599994 -3.136082 
99.3999994 -3.136082 
99.4399994 -3.136082 
99.4799994 -3.136082 
99.5199994 -3.136082 
99.55999939 -3.136082 
99.59999939 -3.136082 
99.63999939 -3.136082 
99.67999939 -3.136082 
99.71999939 -3.136082 
99.75999939 -2.962126 
99.79999939 -2.962126 
99.83999939 -3.136082 
99.87999939 -2.962126 
99.91999939 -2.962126 
99.95999939 -2.962126 
99.99999939 -3.136082 
100.03999939 -2.962126 
100.07999939 -2.962126 
100.11999939 -2.962126 
100.15999939 -2.962126 
100.19999939 -2.962126 
100.23999939 -2.962126 
100.27999939 -2.962126 
100.31999939 -2.962126 
100.35999939 -2.962126 
100.39999939 -2.962126 
100.43999939 -2.962126 
100.47999939 -2.962126 
100.51999939 -2.962126 
100.55999939 -2.962126 
100.59999939 -2.962126 
100.63999939 -2.962126 
100.67999939 -2.962126 
100.71999939 -2.962126 
100.75999939 -2.788171 
100.79999939 -2.788171 
100.83999939 -2.788171 
100.87999939 -2.788171 
100.91999939 -2.788171 
100.95999939 -2.788171 
100.99999939 -2.788171 
101.03999939 -2.788171 
101.07999939 -2.788171 
101.11999939 -2.788171 
101.15999939 -2.788171 
101.19999938 -2.788171 
101.23999938 -2.788171 
101.27999938 -2.788171 
101.31999938 -2.788171 
101.35999938 -2.788171 
101.39999938 -2.788171 
101.43999938 -2.788171 
101.47999938 -2.788171 
101.51999938 -2.788171 
101.55999938 -2.788171 
101.59999938 -2.788171 
101.63999938 -2.788171 
101.67999938 -2.788171 
101.71999938 -2.788171 
101.75999938 -2.788171 
101.79999938 -2.788171 
101.83999938 -2.613605 
101.87999938 -2.788171 
101.91999938 -2.788171 
101.95999938 -2.788171 
101.99999938 -2.613605 
102.03999938 -2.788171 
102.07999938 -2.788171 
102.11999938 -2.613605 
102.15999938 -2.788171 
102.19999938 -2.788171 
102.23999938 -2.613605 
102.27999938 -2.613605 
102.31999938 -2.613605 
102.35999938 -2.613605 
102.39999938 -2.43965 
102.43999938 -2.43965 
102.47999938 -2.43965 
102.51999938 -2.43965 
102.55999938 -2.613605 
102.59999938 -2.613605 
102.63999938 -2.613605 
102.67999938 -2.613605 
102.71999938 -2.613605 
102.75999938 -2.613605 
102.79999938 -2.43965 
102.83999937 -2.613605 
102.87999937 -2.43965 
102.91999937 -2.613605 
102.95999937 -2.613605 
102.99999937 -2.43965 
103.03999937 -2.613605 
103.07999937 -2.613605 
103.11999937 -2.43965 
103.15999937 -2.43965 
103.19999937 -2.43965 
103.23999937 -2.43965 
103.27999937 -2.43965 
103.31999937 -2.43965 
103.35999937 -2.43965 
103.39999937 -2.265694 
103.43999937 -2.43965 
103.47999937 -2.43965 
103.51999937 -2.43965 
103.55999937 -2.43965 
103.59999937 -2.265694 
103.63999937 -2.43965 
103.67999937 -2.265694 
103.71999937 -2.265694 
103.75999937 -2.265694 
103.79999937 -2.265694 
103.83999937 -2.265694 
103.87999937 -2.43965 
103.91999937 -2.265694 
103.95999937 -2.265694 
103.99999937 -2.265694 
104.03999937 -2.265694 
104.07999937 -2.265694 
104.11999937 -2.265694 
104.15999937 -2.265694 
104.19999937 -2.265694 
104.23999937 -2.265694 
104.27999937 -2.265694 
104.31999937 -2.265694 
104.35999937 -2.265694 
104.39999937 -2.265694 
104.43999937 -2.265694 
104.47999937 -2.265694 
104.51999936 -2.265694 
104.55999936 -2.265694 
104.59999936 -2.091739 
104.63999936 -2.265694 
104.67999936 -2.091739 
104.71999936 -2.091739 
104.75999936 -2.091739 
104.79999936 -2.265694 
104.83999936 -2.091739 
104.87999936 -2.091739 
104.91999936 -2.265694 
104.95999936 -2.091739 
104.99999936 -2.091739 
105.03999936 -2.091739 
105.07999936 -2.091739 
105.11999936 -2.091739 
105.15999936 -2.091739 
105.19999936 -2.091739 
105.23999936 -2.091739 
105.27999936 -2.091739 
105.31999936 -2.091739 
105.35999936 -2.091739 
105.39999936 -2.091739 
105.43999936 -2.091739 
105.47999936 -2.091739 
105.51999936 -2.091739 
105.55999936 -2.091739 
105.59999936 -2.091739 
105.63999936 -2.091739 
105.67999936 -2.091739 
105.71999936 -2.091739 
105.75999936 -2.091739 
105.79999936 -2.091739 
105.83999936 -1.917173 
105.87999936 -2.091739 
105.91999936 -1.917173 
105.95999936 -1.917173 
105.99999936 -1.917173 
106.03999936 -1.917173 
106.07999936 -1.917173 
106.11999936 -1.917173 
106.15999935 -1.917173 
106.19999935 -1.917173 
106.23999935 -1.743217 
106.27999935 -1.743217 
106.31999935 -1.743217 
106.35999935 -1.743217 
106.39999935 -1.743217 
106.43999935 -1.743217 
106.47999935 -1.743217 
106.51999935 -1.743217 
106.55999935 -1.743217 
106.59999935 -1.743217 
106.63999935 -1.743217 
106.67999935 -1.743217 
106.71999935 -1.743217 
106.75999935 -1.743217 
106.79999935 -1.743217 
106.83999935 -1.743217 
106.87999935 -1.743217 
106.91999935 -1.743217 
106.95999935 -1.743217 
106.99999935 -1.743217 
107.03999935 -1.743217 
107.07999935 -1.743217 
107.11999935 -1.743217 
107.15999935 -1.743217 
107.19999935 -1.743217 
107.23999935 -1.743217 
107.27999935 -1.743217 
107.31999935 -1.743217 
107.35999935 -1.743217 
107.39999935 -1.743217 
107.43999935 -1.743217 
107.47999935 -1.743217 
107.51999935 -1.569262 
107.55999935 -1.569262 
107.59999935 -1.569262 
107.63999935 -1.743217 
107.67999935 -1.569262 
107.71999935 -1.569262 
107.75999935 -1.569262 
107.79999934 -1.569262 
107.83999934 -1.569262 
107.87999934 -1.569262 
107.91999934 -1.569262 
107.95999934 -1.569262 
107.99999934 -1.569262 
108.03999934 -1.569262 
108.07999934 -1.569262 
108.11999934 -1.569262 
108.15999934 -1.569262 
108.19999934 -1.569262 
108.23999934 -1.569262 
108.27999934 -1.569262 
108.31999934 -1.569262 
108.35999934 -1.569262 
108.39999934 -1.569262 
108.43999934 -1.569262 
108.47999934 -1.569262 
108.51999934 -1.395306 
108.55999934 -1.395306 
108.59999934 -1.569262 
108.63999934 -1.395306 
108.67999934 -1.569262 
108.71999934 -1.395306 
108.75999934 -1.395306 
108.79999934 -1.395306 
108.83999934 -1.569262 
108.87999934 -1.395306 
108.91999934 -1.395306 
108.95999934 -1.395306 
108.99999934 -1.395306 
109.03999934 -1.395306 
109.07999934 -1.395306 
109.11999934 -1.395306 
109.15999934 -1.395306 
109.19999934 -1.395306 
109.23999934 -1.395306 
109.27999934 -1.395306 
109.31999934 -1.395306 
109.35999934 -1.395306 
109.39999934 -1.395306 
109.43999933 -1.395306 
109.47999933 -1.395306 
109.51999933 -1.395306 
109.55999933 -1.22074 
109.59999933 -1.395306 
109.63999933 -1.395306 
109.67999933 -1.395306 
109.71999933 -1.395306 
109.75999933 -1.22074 
109.79999933 -1.395306 
109.83999933 -1.22074 
109.87999933 -1.22074 
109.91999933 -1.395306 
109.95999933 -1.22074 
109.99999933 -1.22074 
110.03999933 -1.046785 
110.07999933 -1.22074 
110.11999933 -1.22074 
110.15999933 -1.22074 
110.19999933 -1.046785 
110.23999933 -1.22074 
110.27999933 -1.22074 
110.31999933 -1.046785 
110.35999933 -1.046785 
110.39999933 -1.22074 
110.43999933 -1.22074 
110.47999933 -1.22074 
110.51999933 -1.22074 
110.55999933 -1.22074 
110.59999933 -1.22074 
110.63999933 -1.046785 
110.67999933 -1.046785 
110.71999933 -1.046785 
110.75999933 -1.046785 
110.79999933 -1.046785 
110.83999933 -1.046785 
110.87999933 -1.046785 
110.91999933 -1.046785 
110.95999933 -1.046785 
110.99999933 -1.046785 
111.03999933 -1.046785 
111.07999932 -1.046785 
111.11999932 -1.046785 
111.15999932 -1.046785 
111.19999932 -1.046785 
111.23999932 -1.046785 
111.27999932 -1.046785 
111.31999932 -1.046785 
111.35999932 -1.046785 
111.39999932 -0.8728294 
111.43999932 -1.046785 
111.47999932 -1.046785 
111.51999932 -0.8728294 
111.55999932 -0.8728294 
111.59999932 -0.8728294 
111.63999932 -1.046785 
111.67999932 -0.8728294 
111.71999932 -0.8728294 
111.75999932 -0.8728294 
111.79999932 -1.046785 
111.83999932 -0.8728294 
111.87999932 -0.8728294 
111.91999932 -0.8728294 
111.95999932 -0.8728294 
111.99999932 -0.8728294 
112.03999932 -0.8728294 
112.07999932 -0.8728294 
112.11999932 -0.8728294 
112.15999932 -0.8728294 
112.19999932 -0.8728294 
112.23999932 -0.8728294 
112.27999932 -0.8728294 
112.31999932 -0.8728294 
112.35999932 -0.8728294 
112.39999932 -0.8728294 
112.43999932 -0.8728294 
112.47999932 -0.8728294 
112.51999932 -0.8728294 
112.55999932 -0.8728294 
112.59999932 -0.8728294 
112.63999932 -0.8728294 
112.67999932 -0.8728294 
112.71999931 -0.8728294 
112.75999931 -0.8728294 
112.79999931 -0.8728294 
112.83999931 -0.8728294 
112.87999931 -0.8728294 
112.91999931 -0.8728294 
112.95999931 -0.8728294 
112.99999931 -0.8728294 
113.03999931 -0.8728294 
113.07999931 -0.8728294 
113.11999931 -0.8728294 
113.15999931 -0.8728294 
113.19999931 -0.8728294 
113.23999931 -0.8728294 
113.27999931 -0.8728294 
113.31999931 -0.8728294 
113.35999931 -0.8728294 
113.39999931 -0.8728294 
113.43999931 -0.8728294 
113.47999931 -0.8728294 
113.51999931 -0.8728294 
113.55999931 -0.8728294 
113.59999931 -0.8728294 
113.63999931 -0.8728294 
113.67999931 -0.8728294 
113.71999931 -0.8728294 
113.75999931 -0.8728294 
113.79999931 -0.8728294 
113.83999931 -0.8728294 
113.87999931 -0.8728294 
113.91999931 -0.8728294 
113.95999931 -0.8728294 
113.99999931 -0.6988739 
114.03999931 -0.8728294 
114.07999931 -0.6988739 
114.11999931 -0.8728294 
114.15999931 -0.8728294 
114.19999931 -0.8728294 
114.23999931 -0.8728294 
114.27999931 -0.8728294 
114.31999931 -0.6988739 
114.3599993 -0.6988739 
114.3999993 -0.6988739 
114.4399993 -0.8728294 
114.4799993 -0.6988739 
114.5199993 -0.6988739 
114.5599993 -0.6988739 
114.5999993 -0.6988739 
114.6399993 -0.6988739 
114.6799993 -0.6988739 
114.7199993 -0.6988739 
114.7599993 -0.6988739 
114.7999993 -0.6988739 
114.8399993 -0.6988739 
114.8799993 -0.6988739 
114.9199993 -0.6988739 
114.9599993 -0.6988739 
114.9999993 -0.6988739 
115.0399993 -0.6988739 
115.0799993 -0.6988739 
115.1199993 -0.6988739 
115.1599993 -0.6988739 
115.1999993 -0.6988739 
115.2399993 -0.6988739 
115.2799993 -0.6988739 
115.3199993 -0.6988739 
115.3599993 -0.6988739 
115.3999993 -0.6988739 
115.4399993 -0.6988739 
115.4799993 -0.6988739 
115.5199993 -0.6988739 
115.5599993 -0.6988739 
115.5999993 -0.6988739 
115.6399993 -0.6988739 
115.6799993 -0.6988739 
115.7199993 -0.6988739 
115.7599993 -0.6988739 
115.7999993 -0.6988739 
115.8399993 -0.6988739 
115.8799993 -0.6988739 
115.9199993 -0.6988739 
115.9599993 -0.6988739 
115.9999993 -0.6988739 
116.03999929 -0.6988739 
116.07999929 -0.6988739 
116.11999929 -0.6988739 
116.15999929 -0.6988739 
116.19999929 -0.6988739 
116.23999929 -0.6988739 
116.27999929 -0.6988739 
116.31999929 -0.6988739 
116.35999929 -0.6988739 
116.39999929 -0.6988739 
116.43999929 -0.6988739 
116.47999929 -0.6988739 
116.51999929 -0.6988739 
116.55999929 -0.6988739 
116.59999929 -0.6988739 
116.63999929 -0.6988739 
116.67999929 -0.6988739 
116.71999929 -0.6988739 
116.75999929 -0.6988739 
116.79999929 -0.6988739 
116.83999929 -0.6988739 
116.87999929 -0.6988739 
116.91999929 -0.6988739 
116.95999929 -0.6988739 
116.99999929 -0.6988739 
117.03999929 -0.6988739 
117.07999929 -0.6988739 
117.11999929 -0.6988739 
117.15999929 -0.6988739 
117.19999929 -0.6988739 
117.23999929 -0.6988739 
117.27999929 -0.6988739 
117.31999929 -0.6988739 
117.35999929 -0.6988739 
117.39999929 -0.6988739 
117.43999929 -0.6988739 
117.47999929 -0.6988739 
117.51999929 -0.6988739 
117.55999929 -0.6988739 
117.59999929 -0.6988739 
117.63999929 -0.6988739 
117.67999928 -0.6988739 
117.71999928 -0.6988739 
117.75999928 -0.524308 
117.79999928 -0.6988739 
117.83999928 -0.6988739 
117.87999928 -0.6988739 
117.91999928 -0.6988739 
117.95999928 -0.524308 
117.99999928 -0.524308 
118.03999928 -0.524308 
118.07999928 -0.524308 
118.11999928 -0.524308 
118.15999928 -0.6988739 
118.19999928 -0.6988739 
118.23999928 -0.524308 
118.27999928 -0.6988739 
118.31999928 -0.524308 
118.35999928 -0.6988739 
118.39999928 -0.6988739 
118.43999928 -0.524308 
118.47999928 -0.524308 
118.51999928 -0.6988739 
118.55999928 -0.6988739 
118.59999928 -0.524308 
118.63999928 -0.524308 
118.67999928 -0.524308 
118.71999928 -0.6988739 
118.75999928 -0.524308 
118.79999928 -0.524308 
118.83999928 -0.524308 
118.87999928 -0.524308 
118.91999928 -0.524308 
118.95999928 -0.524308 
118.99999928 -0.3503525 
119.03999928 -0.524308 
119.07999928 -0.524308 
119.11999928 -0.3503525 
119.15999928 -0.3503525 
119.19999928 -0.524308 
119.23999928 -0.3503525 
119.27999928 -0.3503525 
119.31999927 -0.3503525 
119.35999927 -0.3503525 
119.39999927 -0.524308 
119.43999927 -0.3503525 
119.47999927 -0.3503525 
119.51999927 -0.524308 
119.55999927 -0.3503525 
119.59999927 -0.3503525 
119.63999927 -0.3503525 
119.67999927 -0.3503525 
119.71999927 -0.3503525 
119.75999927 -0.3503525 
119.79999927 -0.3503525 
119.83999927 -0.3503525 
119.87999927 -0.3503525 
119.91999927 -0.3503525 
119.95999927 -0.3503525 
119.99999927 -0.3503525 
120.03999927 -0.3503525 
120.07999927 -0.3503525 
120.11999927 -0.3503525 
120.15999927 -0.3503525 
120.19999927 -0.3503525 
120.23999927 -0.3503525 
120.27999927 -0.3503525 
120.31999927 -0.3503525 
120.35999927 -0.3503525 
120.39999927 -0.3503525 
120.43999927 -0.3503525 
120.47999927 -0.3503525 
120.51999927 -0.3503525 
120.55999927 -0.3503525 
120.59999927 -0.3503525 
120.63999927 -0.3503525 
120.67999927 -0.3503525 
120.71999927 -0.3503525 
120.75999927 -0.3503525 
120.79999927 -0.3503525 
120.83999927 -0.3503525 
120.87999927 -0.3503525 
120.91999927 -0.3503525 
120.95999926 -0.3503525 
120.99999926 -0.3503525 
121.03999926 -0.3503525 
121.07999926 -0.3503525 
121.11999926 -0.3503525 
121.15999926 -0.3503525 
121.19999926 -0.3503525 
121.23999926 -0.3503525 
121.27999926 -0.3503525 
121.31999926 -0.3503525 
121.35999926 -0.3503525 
121.39999926 -0.3503525 
121.43999926 -0.3503525 
121.47999926 -0.3503525 
121.51999926 -0.3503525 
121.55999926 -0.3503525 
121.59999926 -0.3503525 
121.63999926 -0.3503525 
121.67999926 -0.3503525 
121.71999926 -0.3503525 
121.75999926 -0.3503525 
121.79999926 -0.3503525 
121.83999926 -0.3503525 
121.87999926 -0.3503525 
121.91999926 -0.3503525 
121.95999926 -0.3503525 
121.99999926 -0.3503525 
122.03999926 -0.3503525 
122.07999926 -0.3503525 
122.11999926 -0.3503525 
122.15999926 -0.3503525 
122.19999926 -0.3503525 
122.23999926 -0.3503525 
122.27999926 -0.3503525 
122.31999926 -0.3503525 
122.35999926 -0.3503525 
122.39999926 -0.3503525 
122.43999926 -0.3503525 
122.47999926 -0.3503525 
122.51999926 -0.3503525 
122.55999926 -0.3503525 
122.59999925 -0.3503525 
122.63999925 -0.3503525 
122.67999925 -0.3503525 
122.71999925 -0.3503525 
122.75999925 -0.3503525 
122.79999925 -0.3503525 
122.83999925 -0.3503525 
122.87999925 -0.3503525 
122.91999925 -0.3503525 
122.95999925 -0.3503525 
122.99999925 -0.3503525 
123.03999925 -0.3503525 
123.07999925 -0.3503525 
123.11999925 -0.3503525 
123.15999925 -0.3503525 
123.19999925 -0.3503525 
123.23999925 -0.3503525 
123.27999925 -0.3503525 
123.31999925 -0.3503525 
123.35999925 -0.3503525 
123.39999925 -0.3503525 
123.43999925 -0.3503525 
123.47999925 -0.3503525 
123.51999925 -0.3503525 
123.55999925 -0.3503525 
123.59999925 -0.3503525 
123.63999925 -0.3503525 
123.67999925 -0.3503525 
123.71999925 -0.3503525 
123.75999925 -0.3503525 
123.79999925 -0.3503525 
123.83999925 -0.3503525 
123.87999925 -0.3503525 
123.91999925 -0.3503525 
123.95999925 -0.3503525 
123.99999925 -0.3503525 
124.03999925 -0.3503525 
124.07999925 -0.3503525 
124.11999925 -0.3503525 
124.15999925 -0.3503525 
124.19999925 -0.3503525 
124.23999924 -0.3503525 
124.27999924 -0.3503525 
124.31999924 -0.3503525 
124.35999924 -0.3503525 
124.39999924 -0.3503525 
124.43999924 -0.3503525 
124.47999924 -0.3503525 
124.51999924 -0.3503525 
124.59999924 -0.3503525 
124.63999924 -0.3503525 
124.67999924 -0.3503525 
124.71999924 -0.3503525 
124.79999924 -0.3503525 
124.83999924 -0.3503525 
124.87999924 -0.3503525 
124.91999924 -0.3503525 
124.95999924 -0.3503525 
124.99999924 -0.3503525 
125.03999924 -0.3503525 
125.07999924 -0.3503525 
125.11999924 -0.3503525 
125.15999924 -0.3503525 
125.19999924 -0.3503525 
125.27999924 -0.3503525 
125.35999924 -0.3503525 
125.39999924 -0.3503525 
125.43999924 -0.3503525 
125.47999924 -0.3503525 
125.51999924 -0.3503525 
125.59999924 -0.3503525 
125.63999924 -0.3503525 
125.67999924 -0.3503525 
125.71999924 -0.3503525 
125.75999924 -0.3503525 
125.83999924 -0.3503525 
125.91999923 -0.3503525 
126.11999923 -0.3503525 
126.23999923 -0.3503525 
126.31999923 -0.3503525 
126.43999923 -0.3503525 
126.99999923 -0.3503525 
127.15999923 -0.3503525 
127.47999923 -0.3503525 
0 0 
