1.47999999 -0.4989776 
1.51999999 -0.4989776 
1.55999999 -0.4989776 
1.59999999 -0.4989776 
1.63999999 -0.941496 
1.67999999 -0.941496 
1.71999999 -0.941496 
1.75999999 -0.941496 
1.79999999 -0.941496 
1.83999999 -1.382488 
1.87999999 -1.382488 
1.91999999 -1.825007 
1.95999999 -1.825007 
1.99999999 -1.825007 
2.03999999 -1.825007 
2.07999999 -1.825007 
2.11999999 -1.825007 
2.15999999 -2.267525 
2.19999999 -2.267525 
2.23999999 -2.267525 
2.27999999 -2.267525 
2.31999999 -2.708518 
2.35999999 -2.708518 
2.39999999 -2.708518 
2.43999999 -2.708518 
2.47999998 -3.151036 
2.51999998 -3.151036 
2.55999998 -2.708518 
2.59999998 -3.151036 
2.63999998 -3.151036 
2.67999998 -3.151036 
2.71999998 -3.151036 
2.75999998 -3.151036 
2.79999998 -2.708518 
2.83999998 -3.151036 
2.87999998 -3.593554 
2.91999998 -3.593554 
2.95999998 -3.593554 
2.99999998 -3.593554 
3.03999998 -3.593554 
3.07999998 -3.593554 
3.11999998 -3.593554 
3.15999998 -3.593554 
3.19999998 -3.593554 
3.23999998 -3.593554 
3.27999998 -3.593554 
3.31999998 -3.593554 
3.35999998 -3.593554 
3.39999998 -3.593554 
3.43999998 -4.034547 
3.47999998 -3.593554 
3.51999998 -3.593554 
3.55999998 -3.593554 
3.59999998 -3.593554 
3.63999998 -3.593554 
3.67999998 -3.593554 
3.71999998 -3.593554 
3.75999998 -3.593554 
3.79999998 -3.151036 
3.83999998 -3.593554 
3.87999998 -3.151036 
3.91999998 -3.593554 
3.95999998 -2.708518 
3.99999998 -3.151036 
4.03999998 -3.151036 
4.07999998 -3.151036 
4.11999997 -3.593554 
4.15999997 -3.151036 
4.19999997 -2.708518 
4.23999997 -2.708518 
4.27999997 -2.708518 
4.31999997 -2.267525 
4.35999997 -2.267525 
4.39999997 -2.708518 
4.43999997 -2.267525 
4.47999997 -2.267525 
4.51999997 -2.267525 
4.55999997 -1.825007 
4.59999997 -1.825007 
4.63999997 -1.825007 
4.67999997 -1.825007 
4.71999997 -1.825007 
4.75999997 -1.825007 
4.79999997 -1.825007 
4.83999997 -1.825007 
4.87999997 -1.825007 
4.91999997 -0.941496 
4.95999997 -0.941496 
4.99999997 -0.941496 
5.03999997 -0.941496 
5.07999997 -0.941496 
5.11999997 -0.941496 
5.15999997 -0.941496 
5.19999997 -0.4989776 
5.23999997 -0.941496 
5.27999997 -0.4989776 
5.31999997 -0.941496 
5.35999997 -0.941496 
5.39999997 -0.4989776 
5.43999997 -0.4989776 
5.47999997 -0.4989776 
5.51999997 -0.4989776 
5.55999997 -0.941496 
5.59999997 -0.4989776 
5.63999997 -0.4989776 
7.15999996 -0.941496 
7.19999996 -0.4989776 
7.23999996 -0.4989776 
7.27999996 -0.4989776 
7.39999996 -0.4989776 
7.43999995 -0.4989776 
7.47999995 -0.4989776 
7.59999995 -0.4989776 
7.63999995 -0.4989776 
7.67999995 -0.4989776 
7.71999995 -0.4989776 
7.75999995 -0.4989776 
7.79999995 -0.4989776 
7.83999995 -0.4989776 
7.87999995 -0.4989776 
7.91999995 -0.941496 
7.95999995 -0.4989776 
7.99999995 -0.4989776 
8.03999995 -0.4989776 
8.07999995 -0.4989776 
8.11999995 -0.941496 
8.15999995 -0.941496 
8.19999995 -0.4989776 
8.23999995 -0.4989776 
8.27999995 -0.941496 
8.31999995 -0.4989776 
8.35999995 -0.941496 
8.39999995 -0.4989776 
8.43999995 -0.4989776 
8.47999995 -0.941496 
8.51999995 -0.941496 
8.55999995 -0.941496 
8.59999995 -0.941496 
8.63999995 -0.941496 
8.67999995 -0.941496 
8.71999995 -0.4989776 
8.75999995 -0.4989776 
8.79999995 -0.941496 
8.83999995 -0.4989776 
8.87999995 -0.941496 
8.91999995 -0.4989776 
8.95999995 -0.4989776 
8.99999995 -0.4989776 
9.03999995 -0.941496 
9.07999994 -0.4989776 
9.11999994 -0.941496 
9.15999994 -0.941496 
9.19999994 -0.4989776 
9.23999994 -0.4989776 
9.27999994 -0.4989776 
9.31999994 -0.4989776 
9.35999994 -0.4989776 
9.39999994 -0.4989776 
9.43999994 -0.4989776 
9.47999994 -0.4989776 
9.51999994 -0.4989776 
9.55999994 -0.4989776 
9.59999994 -0.4989776 
9.63999994 -0.4989776 
9.67999994 -0.4989776 
13.31999992 -0.4989776 
13.35999992 -0.4989776 
13.39999992 -0.4989776 
13.43999992 -0.4989776 
13.47999992 -0.941496 
13.51999992 -0.941496 
13.55999992 -0.941496 
13.59999992 -0.941496 
13.63999992 -0.941496 
13.67999992 -0.941496 
13.71999992 -1.382488 
13.75999992 -1.382488 
13.79999992 -1.825007 
13.83999992 -1.382488 
13.87999992 -1.825007 
13.91999992 -1.825007 
13.95999992 -1.825007 
13.99999991 -1.825007 
14.03999991 -1.825007 
14.07999991 -1.825007 
14.11999991 -1.825007 
14.15999991 -1.825007 
14.19999991 -2.267525 
14.23999991 -2.267525 
14.27999991 -2.267525 
14.31999991 -2.267525 
14.35999991 -2.267525 
14.39999991 -2.267525 
14.43999991 -2.267525 
14.47999991 -2.708518 
14.51999991 -2.708518 
14.55999991 -2.267525 
14.59999991 -2.267525 
14.63999991 -2.267525 
14.67999991 -2.267525 
14.71999991 -2.267525 
14.75999991 -2.267525 
14.79999991 -2.267525 
14.83999991 -2.267525 
14.87999991 -2.267525 
14.91999991 -2.267525 
14.95999991 -2.267525 
14.99999991 -2.267525 
15.03999991 -2.267525 
15.07999991 -2.267525 
15.11999991 -2.267525 
15.15999991 -2.267525 
15.19999991 -1.825007 
15.23999991 -1.825007 
15.27999991 -1.825007 
15.31999991 -1.825007 
15.35999991 -1.825007 
15.39999991 -1.825007 
15.43999991 -1.382488 
15.47999991 -0.941496 
15.51999991 -1.382488 
15.55999991 -0.941496 
15.59999991 -0.941496 
15.6399999 -0.941496 
15.6799999 -0.941496 
15.7199999 -0.941496 
15.7599999 -0.4989776 
15.7999999 -0.4989776 
15.8399999 -0.4989776 
15.8799999 -0.4989776 
15.9599999 -0.4989776 
24.71999985 -0.4989776 
24.75999985 -0.4989776 
24.83999985 -0.4989776 
24.87999985 -0.4989776 
24.91999985 -0.941496 
24.95999985 -0.941496 
24.99999985 -0.941496 
25.03999985 -0.4989776 
25.07999985 -0.941496 
25.11999985 -0.941496 
25.15999985 -0.941496 
25.19999985 -0.941496 
25.23999985 -1.825007 
25.27999985 -0.941496 
25.31999985 -0.941496 
25.35999985 -1.382488 
25.39999985 -1.825007 
25.43999985 -0.941496 
25.47999985 -1.382488 
25.51999984 -1.382488 
25.55999984 -1.825007 
25.59999984 -1.825007 
25.63999984 -1.825007 
25.67999984 -1.825007 
25.71999984 -1.825007 
25.75999984 -1.825007 
25.79999984 -1.825007 
25.83999984 -1.825007 
25.87999984 -1.825007 
25.91999984 -1.825007 
25.95999984 -1.825007 
25.99999984 -1.825007 
26.03999984 -1.825007 
26.07999984 -1.825007 
26.11999984 -1.825007 
26.15999984 -1.825007 
26.19999984 -1.825007 
26.23999984 -2.267525 
26.27999984 -1.825007 
26.31999984 -1.825007 
26.35999984 -1.825007 
26.39999984 -1.825007 
26.43999984 -1.825007 
26.47999984 -1.825007 
26.51999984 -1.825007 
26.55999984 -1.825007 
26.59999984 -1.825007 
26.63999984 -1.825007 
26.67999984 -1.825007 
26.71999984 -1.825007 
26.75999984 -1.825007 
26.79999984 -1.825007 
26.83999984 -1.825007 
26.87999984 -1.825007 
26.91999984 -1.382488 
26.95999984 -1.825007 
26.99999984 -1.825007 
27.03999984 -0.941496 
27.07999984 -0.941496 
27.11999984 -0.941496 
27.15999983 -1.382488 
27.19999983 -1.382488 
27.23999983 -0.941496 
27.27999983 -0.941496 
27.31999983 -0.941496 
27.35999983 -0.941496 
27.39999983 -0.941496 
27.43999983 -0.941496 
27.47999983 -0.941496 
27.51999983 -0.941496 
27.55999983 -0.941496 
27.59999983 -0.941496 
27.63999983 -0.4989776 
27.67999983 -0.941496 
27.71999983 -0.4989776 
27.75999983 -0.4989776 
27.79999983 -0.4989776 
27.87999983 -0.4989776 
27.95999983 -0.4989776 
28.03999983 -0.4989776 
28.95999982 -0.4989776 
29.07999982 -0.4989776 
29.11999982 -0.4989776 
29.23999982 -0.4989776 
29.27999982 -0.4989776 
29.31999982 -0.4989776 
29.35999982 -0.4989776 
29.43999982 -0.4989776 
29.47999982 -0.941496 
29.51999982 -1.382488 
29.55999982 -0.4989776 
29.59999982 -0.4989776 
29.63999982 -0.941496 
29.67999982 -0.941496 
29.71999982 -0.4989776 
29.75999982 -0.941496 
29.79999982 -1.825007 
29.83999982 -0.941496 
29.87999982 -0.941496 
29.91999982 -1.382488 
29.95999982 -1.825007 
29.99999982 -1.382488 
30.03999982 -1.382488 
30.07999982 -1.825007 
30.11999982 -1.825007 
30.15999982 -1.825007 
30.19999982 -1.825007 
30.23999982 -1.825007 
30.27999982 -1.825007 
30.31999982 -2.267525 
30.35999982 -1.825007 
30.39999982 -1.825007 
30.43999982 -2.267525 
30.47999981 -2.267525 
30.51999981 -2.267525 
30.55999981 -2.267525 
30.59999981 -2.267525 
30.63999981 -2.267525 
30.67999981 -2.267525 
30.71999981 -2.267525 
30.75999981 -2.267525 
30.79999981 -2.267525 
30.83999981 -2.708518 
30.87999981 -2.267525 
30.91999981 -2.708518 
30.95999981 -2.267525 
30.99999981 -2.267525 
31.03999981 -2.267525 
31.07999981 -2.267525 
31.11999981 -2.267525 
31.15999981 -2.708518 
31.19999981 -2.708518 
31.23999981 -2.267525 
31.27999981 -2.267525 
31.31999981 -2.708518 
31.35999981 -2.267525 
31.39999981 -2.267525 
31.43999981 -2.267525 
31.47999981 -2.267525 
31.51999981 -2.267525 
31.55999981 -2.267525 
31.59999981 -2.267525 
31.63999981 -2.267525 
31.67999981 -1.825007 
31.71999981 -1.825007 
31.75999981 -1.825007 
31.79999981 -1.825007 
31.83999981 -1.825007 
31.87999981 -1.825007 
31.91999981 -1.825007 
31.95999981 -1.382488 
31.99999981 -1.382488 
32.03999981 -1.382488 
32.07999981 -0.941496 
32.1199998 -0.941496 
32.1599998 -0.941496 
32.1999998 -0.941496 
32.2399998 -0.941496 
32.2799998 -0.941496 
32.3199998 -0.4989776 
32.3599998 -0.941496 
32.3999998 -0.4989776 
32.4399998 -0.4989776 
32.4799998 -0.4989776 
32.5199998 -0.4989776 
32.5599998 -0.4989776 
35.51999978 -0.4989776 
35.55999978 -0.4989776 
35.59999978 -0.4989776 
35.63999978 -0.4989776 
35.67999978 -0.4989776 
35.71999978 -0.4989776 
35.75999978 -0.4989776 
35.79999978 -0.941496 
35.83999978 -0.941496 
35.87999978 -0.4989776 
35.91999978 -0.941496 
35.95999978 -0.941496 
35.99999978 -0.941496 
36.03999978 -0.941496 
36.07999978 -0.941496 
36.11999978 -0.941496 
36.15999978 -0.941496 
36.19999978 -0.941496 
36.23999978 -0.941496 
36.27999978 -0.941496 
36.31999978 -0.941496 
36.35999978 -0.941496 
36.39999978 -0.941496 
36.43999978 -0.941496 
36.47999978 -0.941496 
36.51999978 -0.941496 
36.55999978 -0.941496 
36.59999978 -0.941496 
36.63999978 -0.941496 
36.67999978 -0.941496 
36.71999978 -0.941496 
36.75999978 -0.941496 
36.79999978 -1.382488 
36.83999978 -0.941496 
36.87999978 -0.941496 
36.91999978 -0.941496 
36.95999978 -0.941496 
36.99999978 -0.941496 
37.03999977 -0.941496 
37.07999977 -0.941496 
37.11999977 -1.382488 
37.15999977 -0.941496 
37.19999977 -0.941496 
37.23999977 -0.941496 
37.27999977 -0.941496 
37.31999977 -0.941496 
37.35999977 -0.941496 
37.39999977 -0.941496 
37.43999977 -0.941496 
37.47999977 -0.4989776 
37.51999977 -0.941496 
37.55999977 -0.4989776 
37.59999977 -0.941496 
37.63999977 -0.941496 
37.67999977 -0.941496 
37.71999977 -0.4989776 
37.75999977 -0.941496 
37.79999977 -0.4989776 
37.83999977 -0.941496 
38.07999977 -0.4989776 
38.15999977 -0.4989776 
38.19999977 -0.4989776 
38.39999977 -0.4989776 
39.87999976 -0.4989776 
39.91999976 -0.4989776 
39.99999976 -0.4989776 
40.07999976 -0.4989776 
40.11999976 -0.4989776 
40.15999976 -0.4989776 
40.19999976 -0.4989776 
40.23999976 -0.4989776 
40.27999976 -0.4989776 
40.31999975 -0.4989776 
40.35999975 -0.4989776 
40.39999975 -0.4989776 
40.43999975 -0.4989776 
40.47999975 -0.941496 
40.51999975 -0.941496 
40.55999975 -0.941496 
40.59999975 -0.941496 
40.63999975 -0.941496 
40.67999975 -0.941496 
40.71999975 -0.4989776 
40.75999975 -0.941496 
40.79999975 -0.941496 
40.83999975 -0.941496 
40.87999975 -0.941496 
40.91999975 -0.941496 
40.95999975 -0.941496 
40.99999975 -0.941496 
41.03999975 -0.941496 
41.07999975 -0.941496 
41.11999975 -0.941496 
41.15999975 -0.941496 
41.19999975 -0.941496 
41.23999975 -0.941496 
41.27999975 -0.941496 
41.31999975 -0.941496 
41.35999975 -1.825007 
41.39999975 -1.382488 
41.43999975 -1.382488 
41.47999975 -1.382488 
41.51999975 -1.382488 
41.55999975 -1.382488 
41.59999975 -0.941496 
41.63999975 -1.825007 
41.67999975 -0.941496 
41.71999975 -1.382488 
41.75999975 -0.941496 
41.79999975 -1.382488 
41.83999975 -1.825007 
41.87999975 -1.825007 
41.91999975 -1.382488 
41.95999974 -0.941496 
41.99999974 -1.825007 
42.03999974 -1.825007 
42.07999974 -0.941496 
42.11999974 -1.382488 
42.15999974 -1.382488 
42.19999974 -1.382488 
42.23999974 -0.941496 
42.27999974 -1.382488 
42.31999974 -0.941496 
42.35999974 -0.941496 
42.39999974 -0.941496 
42.43999974 -0.941496 
42.47999974 -0.941496 
42.51999974 -0.941496 
42.55999974 -0.941496 
42.59999974 -0.941496 
42.63999974 -0.941496 
42.67999974 -0.941496 
42.71999974 -0.4989776 
42.75999974 -0.4989776 
42.79999974 -0.4989776 
42.83999974 -0.4989776 
42.87999974 -0.4989776 
42.91999974 -0.4989776 
42.95999974 -0.4989776 
51.43999969 -0.4989776 
51.47999969 -0.4989776 
51.51999969 -0.4989776 
51.55999969 -0.941496 
51.59999969 -0.4989776 
51.63999969 -0.4989776 
51.67999969 -0.941496 
51.71999969 -0.941496 
51.75999969 -0.941496 
51.79999969 -0.941496 
51.83999968 -0.941496 
51.87999968 -0.941496 
51.91999968 -0.941496 
51.95999968 -1.825007 
51.99999968 -0.941496 
52.03999968 -1.382488 
52.07999968 -1.382488 
52.11999968 -1.382488 
52.15999968 -1.825007 
52.19999968 -1.825007 
52.23999968 -1.825007 
52.27999968 -1.825007 
52.31999968 -1.825007 
52.35999968 -1.825007 
52.39999968 -1.825007 
52.43999968 -1.825007 
52.47999968 -1.825007 
52.51999968 -2.267525 
52.55999968 -2.267525 
52.59999968 -1.825007 
52.63999968 -2.267525 
52.67999968 -2.267525 
52.71999968 -2.267525 
52.75999968 -2.267525 
52.79999968 -1.825007 
52.83999968 -1.825007 
52.87999968 -2.267525 
52.91999968 -2.267525 
52.95999968 -2.267525 
52.99999968 -1.825007 
53.03999968 -1.825007 
53.07999968 -1.825007 
53.11999968 -2.267525 
53.15999968 -1.825007 
53.19999968 -2.267525 
53.23999968 -1.825007 
53.27999968 -1.825007 
53.31999968 -1.825007 
53.35999968 -1.825007 
53.39999968 -2.267525 
53.43999968 -1.825007 
53.47999967 -1.825007 
53.51999967 -1.825007 
53.55999967 -1.825007 
53.59999967 -1.825007 
53.63999967 -1.825007 
53.67999967 -1.825007 
53.71999967 -1.825007 
53.75999967 -1.825007 
53.79999967 -1.382488 
53.83999967 -1.825007 
53.87999967 -1.825007 
53.91999967 -1.825007 
53.95999967 -0.941496 
53.99999967 -0.941496 
54.03999967 -0.941496 
54.07999967 -0.941496 
54.11999967 -0.941496 
54.15999967 -0.941496 
54.19999967 -0.941496 
54.23999967 -0.941496 
54.27999967 -0.941496 
54.31999967 -0.941496 
54.35999967 -0.941496 
54.39999967 -0.4989776 
54.43999967 -0.4989776 
54.47999967 -0.4989776 
54.51999967 -0.4989776 
54.55999967 -0.4989776 
54.59999967 -0.4989776 
54.63999967 -0.4989776 
54.67999967 -0.4989776 
54.71999967 -0.4989776 
54.75999967 -0.4989776 
57.51999965 -0.4989776 
57.55999965 -0.4989776 
57.59999965 -0.4989776 
57.63999965 -0.4989776 
57.67999965 -0.4989776 
57.71999965 -0.941496 
57.75999965 -0.4989776 
57.79999965 -0.4989776 
57.83999965 -0.4989776 
57.87999965 -0.4989776 
57.91999965 -0.4989776 
57.95999965 -0.941496 
57.99999965 -0.941496 
58.03999965 -0.941496 
58.07999965 -0.941496 
58.11999965 -0.941496 
58.15999965 -0.941496 
58.19999965 -0.941496 
58.23999965 -0.941496 
58.27999965 -0.941496 
58.31999965 -0.941496 
58.35999965 -0.941496 
58.39999965 -0.941496 
58.43999964 -0.941496 
58.47999964 -0.941496 
58.51999964 -1.382488 
58.55999964 -0.941496 
58.59999964 -0.941496 
58.63999964 -0.941496 
58.67999964 -0.941496 
58.71999964 -0.941496 
58.75999964 -0.941496 
58.79999964 -0.941496 
58.83999964 -0.941496 
58.87999964 -0.941496 
58.91999964 -0.941496 
58.95999964 -0.941496 
58.99999964 -1.382488 
59.03999964 -0.941496 
59.07999964 -0.941496 
59.11999964 -0.941496 
59.15999964 -0.941496 
59.19999964 -0.941496 
59.23999964 -0.941496 
59.27999964 -0.941496 
59.31999964 -0.4989776 
59.35999964 -0.941496 
59.43999964 -0.941496 
59.47999964 -0.4989776 
59.51999964 -0.4989776 
59.55999964 -0.4989776 
59.59999964 -0.941496 
59.63999964 -0.941496 
59.75999964 -0.4989776 
59.79999964 -0.941496 
59.83999964 -0.4989776 
60.15999963 -0.4989776 
60.19999963 -0.4989776 
62.27999962 -0.4989776 
62.35999962 -0.4989776 
62.39999962 -0.4989776 
62.43999962 -0.4989776 
62.47999962 -0.941496 
62.51999962 -0.4989776 
62.55999962 -0.941496 
62.59999962 -0.941496 
62.63999962 -0.941496 
62.67999962 -0.941496 
62.71999962 -0.941496 
62.75999962 -0.941496 
62.79999962 -1.382488 
62.83999962 -1.382488 
62.87999962 -1.825007 
62.91999962 -1.382488 
62.95999962 -1.825007 
62.99999962 -1.825007 
63.03999962 -1.825007 
63.07999962 -2.267525 
63.11999962 -2.267525 
63.15999962 -2.267525 
63.19999962 -2.267525 
63.23999962 -2.267525 
63.27999962 -2.267525 
63.31999962 -2.267525 
63.35999961 -2.708518 
63.39999961 -2.708518 
63.43999961 -3.593554 
63.47999961 -2.708518 
63.51999961 -2.708518 
63.55999961 -2.708518 
63.59999961 -2.708518 
63.63999961 -3.151036 
63.67999961 -3.151036 
63.71999961 -3.593554 
63.75999961 -3.151036 
63.79999961 -3.151036 
63.83999961 -3.151036 
63.87999961 -3.593554 
63.91999961 -3.151036 
63.95999961 -3.151036 
63.99999961 -3.593554 
64.03999961 -3.593554 
64.07999961 -3.593554 
64.11999961 -3.593554 
64.15999961 -3.593554 
64.19999961 -3.593554 
64.23999961 -3.593554 
64.27999961 -3.151036 
64.31999961 -3.593554 
64.35999961 -3.593554 
64.39999961 -3.151036 
64.43999961 -3.593554 
64.47999961 -3.593554 
64.51999961 -3.151036 
64.55999961 -3.593554 
64.59999961 -3.151036 
64.63999961 -3.151036 
64.67999961 -3.151036 
64.71999961 -3.151036 
64.75999961 -2.708518 
64.79999961 -2.708518 
64.83999961 -2.708518 
64.87999961 -2.708518 
64.91999961 -2.708518 
64.95999961 -2.708518 
64.9999996 -2.708518 
65.0399996 -2.267525 
65.0799996 -2.267525 
65.1199996 -2.267525 
65.1599996 -2.267525 
65.1999996 -1.825007 
65.2399996 -1.825007 
65.2799996 -1.825007 
65.3199996 -1.825007 
65.3599996 -1.825007 
65.3999996 -1.382488 
65.4399996 -1.825007 
65.4799996 -1.382488 
65.5199996 -0.941496 
65.5599996 -0.941496 
65.5999996 -0.941496 
65.6399996 -0.941496 
65.6799996 -0.941496 
65.7199996 -0.4989776 
65.7599996 -0.941496 
65.7999996 -0.4989776 
65.8399996 -0.4989776 
65.8799996 -0.4989776 
65.9199996 -0.4989776 
74.59999955 -0.4989776 
74.71999955 -0.4989776 
74.75999955 -0.4989776 
74.79999955 -0.4989776 
74.87999954 -0.4989776 
74.91999954 -0.4989776 
74.95999954 -0.4989776 
74.99999954 -0.941496 
75.03999954 -0.941496 
75.07999954 -0.4989776 
75.11999954 -0.4989776 
75.15999954 -0.941496 
75.19999954 -0.941496 
75.23999954 -0.4989776 
75.27999954 -0.4989776 
75.31999954 -0.941496 
75.35999954 -0.941496 
75.39999954 -0.941496 
75.43999954 -0.941496 
75.47999954 -0.941496 
75.51999954 -0.941496 
75.55999954 -0.4989776 
75.59999954 -0.941496 
75.63999954 -0.941496 
75.67999954 -0.941496 
75.71999954 -0.4989776 
75.75999954 -0.941496 
75.79999954 -0.4989776 
75.83999954 -0.941496 
75.87999954 -0.4989776 
75.91999954 -0.941496 
75.95999954 -0.941496 
75.99999954 -0.4989776 
76.03999954 -0.4989776 
76.07999954 -0.4989776 
76.11999954 -0.941496 
76.15999954 -0.941496 
76.19999954 -0.4989776 
76.23999954 -0.4989776 
76.27999954 -0.4989776 
76.31999954 -0.941496 
76.35999954 -0.4989776 
76.63999953 -0.4989776 
79.27999952 -0.4989776 
79.31999952 -0.4989776 
79.35999952 -0.4989776 
79.39999952 -0.4989776 
79.43999952 -0.941496 
79.47999952 -0.941496 
79.51999952 -0.941496 
79.55999952 -0.941496 
79.59999952 -0.941496 
79.63999952 -0.941496 
79.67999952 -0.941496 
79.71999952 -0.941496 
79.75999952 -0.941496 
79.79999952 -0.941496 
79.83999951 -0.941496 
79.87999951 -0.941496 
79.91999951 -1.382488 
79.95999951 -1.382488 
79.99999951 -1.382488 
80.03999951 -1.382488 
80.07999951 -1.382488 
80.11999951 -1.825007 
80.15999951 -1.825007 
80.19999951 -1.825007 
80.23999951 -1.825007 
80.27999951 -1.825007 
80.31999951 -1.825007 
80.35999951 -1.825007 
80.39999951 -1.825007 
80.43999951 -1.825007 
80.47999951 -1.825007 
80.51999951 -1.382488 
80.55999951 -1.825007 
80.59999951 -1.825007 
80.63999951 -1.825007 
80.67999951 -1.382488 
80.71999951 -1.825007 
80.75999951 -1.382488 
80.79999951 -1.382488 
80.83999951 -1.382488 
80.87999951 -1.382488 
80.91999951 -0.941496 
80.95999951 -1.382488 
80.99999951 -1.382488 
81.03999951 -0.941496 
81.07999951 -0.941496 
81.11999951 -0.941496 
81.15999951 -0.941496 
81.19999951 -0.941496 
81.23999951 -0.941496 
81.27999951 -0.4989776 
81.31999951 -0.4989776 
81.35999951 -0.4989776 
81.39999951 -0.4989776 
81.5199995 -0.4989776 
85.03999948 -0.4989776 
85.07999948 -0.4989776 
85.11999948 -0.4989776 
85.15999948 -0.4989776 
85.19999948 -0.941496 
85.23999948 -0.941496 
85.27999948 -0.4989776 
85.31999948 -0.941496 
85.35999948 -0.941496 
85.39999948 -0.941496 
85.43999948 -0.941496 
85.47999948 -1.825007 
85.51999948 -1.825007 
85.55999948 -0.941496 
85.59999948 -1.382488 
85.63999948 -1.825007 
85.67999948 -1.382488 
85.71999948 -1.382488 
85.75999948 -1.825007 
85.79999948 -1.825007 
85.83999948 -1.825007 
85.87999948 -0.941496 
85.91999948 -1.825007 
85.95999948 -1.825007 
85.99999948 -1.825007 
86.03999948 -1.825007 
86.07999948 -2.267525 
86.11999948 -1.825007 
86.15999948 -1.825007 
86.19999948 -1.825007 
86.23999948 -1.825007 
86.27999948 -1.825007 
86.31999948 -1.825007 
86.35999948 -1.825007 
86.39999947 -1.825007 
86.43999947 -1.825007 
86.47999947 -1.825007 
86.51999947 -1.825007 
86.55999947 -1.825007 
86.59999947 -2.267525 
86.63999947 -1.825007 
86.67999947 -1.825007 
86.71999947 -1.825007 
86.75999947 -1.825007 
86.79999947 -1.825007 
86.83999947 -1.825007 
86.87999947 -1.825007 
86.91999947 -1.825007 
86.95999947 -1.825007 
86.99999947 -1.825007 
87.03999947 -1.825007 
87.07999947 -1.825007 
87.11999947 -1.825007 
87.15999947 -1.825007 
87.19999947 -1.825007 
87.23999947 -1.825007 
87.27999947 -1.825007 
87.31999947 -1.825007 
87.35999947 -1.825007 
87.39999947 -1.825007 
87.43999947 -1.825007 
87.47999947 -1.382488 
87.51999947 -1.825007 
87.55999947 -1.382488 
87.59999947 -0.941496 
87.63999947 -1.382488 
87.67999947 -1.382488 
87.71999947 -0.941496 
87.75999947 -1.382488 
87.79999947 -0.941496 
87.83999947 -0.941496 
87.87999947 -1.382488 
87.91999947 -0.941496 
87.95999947 -1.382488 
87.99999947 -0.941496 
88.03999946 -0.941496 
88.07999946 -0.941496 
88.11999946 -0.941496 
88.15999946 -0.941496 
88.19999946 -0.941496 
88.23999946 -0.941496 
88.27999946 -0.941496 
88.31999946 -0.941496 
88.35999946 -0.941496 
88.39999946 -0.941496 
88.43999946 -0.941496 
88.47999946 -0.941496 
88.51999946 -0.941496 
88.55999946 -0.941496 
88.59999946 -0.941496 
88.63999946 -0.941496 
88.67999946 -0.941496 
88.71999946 -0.941496 
88.75999946 -0.941496 
88.79999946 -0.941496 
88.83999946 -0.941496 
88.87999946 -0.941496 
88.91999946 -0.941496 
88.95999946 -0.941496 
88.99999946 -0.941496 
89.03999946 -0.941496 
89.07999946 -0.941496 
89.11999946 -0.941496 
89.15999946 -0.941496 
89.19999946 -0.941496 
89.23999946 -0.941496 
89.27999946 -0.941496 
89.31999946 -0.941496 
89.35999946 -0.941496 
89.39999946 -0.941496 
89.43999946 -0.941496 
89.47999946 -0.941496 
89.51999946 -0.941496 
89.55999946 -0.941496 
89.59999946 -0.941496 
89.63999946 -1.382488 
89.67999945 -0.941496 
89.71999945 -1.382488 
89.75999945 -1.825007 
89.79999945 -0.4989776 
89.83999945 -1.382488 
89.87999945 -0.941496 
89.91999945 -1.382488 
89.95999945 -0.941496 
89.99999945 -1.382488 
90.03999945 -2.267525 
90.07999945 -1.825007 
90.11999945 -1.382488 
90.15999945 -1.825007 
90.19999945 -2.267525 
90.23999945 -1.825007 
90.27999945 -1.825007 
90.31999945 -2.267525 
90.35999945 -1.825007 
90.39999945 -1.825007 
90.43999945 -1.382488 
90.47999945 -0.941496 
90.51999945 -1.825007 
90.55999945 -2.267525 
90.59999945 -1.825007 
90.63999945 -0.941496 
90.67999945 -1.825007 
90.71999945 -2.267525 
90.75999945 -1.382488 
90.79999945 -1.825007 
90.83999945 -1.825007 
90.87999945 -1.825007 
90.91999945 -1.825007 
90.95999945 -1.825007 
90.99999945 -2.267525 
91.03999945 -2.267525 
91.07999945 -1.825007 
91.11999945 -1.825007 
91.15999945 -1.825007 
91.19999945 -1.825007 
91.23999945 -1.825007 
91.27999945 -1.382488 
91.31999945 -1.825007 
91.35999944 -1.825007 
91.39999944 -2.267525 
91.43999944 -1.825007 
91.47999944 -1.825007 
91.51999944 -1.825007 
91.55999944 -1.825007 
91.59999944 -1.825007 
91.63999944 -1.825007 
91.67999944 -1.825007 
91.71999944 -1.825007 
91.75999944 -1.825007 
91.79999944 -1.825007 
91.83999944 -1.825007 
91.87999944 -1.825007 
91.91999944 -1.825007 
91.95999944 -1.825007 
91.99999944 -1.825007 
92.03999944 -1.825007 
92.07999944 -1.382488 
92.11999944 -1.382488 
92.15999944 -1.382488 
92.19999944 -1.382488 
92.23999944 -1.382488 
92.27999944 -0.941496 
92.31999944 -0.941496 
92.35999944 -0.941496 
92.39999944 -0.941496 
92.43999944 -0.941496 
92.47999944 -0.941496 
92.51999944 -0.941496 
92.55999944 -0.941496 
92.59999944 -0.941496 
92.63999944 -0.4989776 
92.67999944 -0.4989776 
92.71999944 -0.4989776 
92.75999944 -0.4989776 
92.79999944 -0.4989776 
96.71999941 -0.4989776 
96.75999941 -0.4989776 
96.79999941 -0.4989776 
96.83999941 -0.4989776 
96.91999941 -0.4989776 
96.99999941 -0.4989776 
97.03999941 -0.4989776 
97.07999941 -0.4989776 
97.11999941 -0.4989776 
97.15999941 -0.4989776 
97.19999941 -0.4989776 
97.23999941 -0.4989776 
97.27999941 -0.4989776 
97.31999941 -0.4989776 
97.35999941 -0.4989776 
97.43999941 -0.4989776 
97.47999941 -0.4989776 
97.51999941 -0.4989776 
97.55999941 -0.4989776 
97.59999941 -0.4989776 
97.79999941 -0.4989776 
101.07999939 -0.4989776 
101.19999938 -0.4989776 
101.27999938 -0.4989776 
101.31999938 -0.4989776 
101.35999938 -0.4989776 
101.39999938 -0.941496 
101.43999938 -0.4989776 
101.47999938 -0.4989776 
101.51999938 -0.4989776 
101.55999938 -0.4989776 
101.59999938 -0.4989776 
101.63999938 -0.941496 
101.67999938 -1.382488 
101.71999938 -0.941496 
101.75999938 -0.941496 
101.79999938 -0.941496 
101.83999938 -0.941496 
101.87999938 -0.941496 
101.91999938 -0.941496 
101.95999938 -0.941496 
101.99999938 -1.382488 
102.03999938 -1.382488 
102.07999938 -0.941496 
102.11999938 -1.382488 
102.15999938 -1.382488 
102.19999938 -1.382488 
102.23999938 -1.382488 
102.27999938 -1.382488 
102.31999938 -0.941496 
102.35999938 -1.382488 
102.39999938 -1.382488 
102.43999938 -1.825007 
102.47999938 -1.382488 
102.51999938 -0.941496 
102.55999938 -0.941496 
102.59999938 -0.941496 
102.63999938 -1.825007 
102.67999938 -0.941496 
102.71999938 -0.941496 
102.75999938 -0.941496 
102.79999938 -0.941496 
102.83999937 -0.941496 
102.87999937 -0.941496 
102.91999937 -0.941496 
102.95999937 -0.941496 
102.99999937 -0.941496 
103.03999937 -0.941496 
103.07999937 -0.941496 
103.11999937 -0.941496 
103.15999937 -0.941496 
103.19999937 -0.941496 
103.23999937 -0.941496 
103.27999937 -0.4989776 
103.31999937 -0.4989776 
103.35999937 -0.4989776 
103.39999937 -0.4989776 
103.43999937 -0.4989776 
103.47999937 -0.4989776 
103.51999937 -0.4989776 
111.87999932 -0.4989776 
111.91999932 -0.4989776 
111.95999932 -0.4989776 
111.99999932 -0.4989776 
112.03999932 -0.941496 
112.07999932 -0.941496 
112.11999932 -0.941496 
112.15999932 -0.941496 
112.19999932 -0.941496 
112.23999932 -0.941496 
112.27999932 -0.941496 
112.31999932 -1.382488 
112.35999932 -1.382488 
112.39999932 -1.825007 
112.43999932 -1.382488 
112.47999932 -1.825007 
112.51999932 -1.825007 
112.55999932 -1.825007 
112.59999932 -2.267525 
112.63999932 -2.267525 
112.67999932 -2.267525 
112.71999931 -2.267525 
112.75999931 -2.267525 
112.79999931 -2.267525 
112.83999931 -2.708518 
112.87999931 -2.267525 
112.91999931 -2.267525 
112.95999931 -2.708518 
112.99999931 -2.708518 
113.03999931 -2.708518 
113.07999931 -2.708518 
113.11999931 -2.708518 
113.15999931 -3.151036 
113.19999931 -3.151036 
113.23999931 -3.151036 
113.27999931 -2.708518 
113.31999931 -3.151036 
113.35999931 -3.151036 
113.39999931 -3.151036 
113.43999931 -3.151036 
113.47999931 -3.151036 
113.51999931 -3.151036 
113.55999931 -2.708518 
113.59999931 -3.593554 
113.63999931 -3.151036 
113.67999931 -3.593554 
113.71999931 -3.151036 
113.75999931 -3.151036 
113.79999931 -2.708518 
113.83999931 -3.151036 
113.87999931 -3.593554 
113.91999931 -3.593554 
113.95999931 -3.151036 
113.99999931 -2.708518 
114.03999931 -2.708518 
114.07999931 -3.151036 
114.11999931 -3.151036 
114.15999931 -2.708518 
114.19999931 -2.708518 
114.23999931 -2.708518 
114.27999931 -2.708518 
114.31999931 -2.708518 
114.3599993 -2.708518 
114.3999993 -2.708518 
114.4399993 -2.708518 
114.4799993 -2.267525 
114.5199993 -2.267525 
114.5599993 -2.267525 
114.5999993 -2.267525 
114.6399993 -2.267525 
114.6799993 -2.267525 
114.7199993 -2.267525 
114.7599993 -2.267525 
114.7999993 -2.267525 
114.8399993 -1.825007 
114.8799993 -1.825007 
114.9199993 -1.825007 
114.9599993 -1.825007 
114.9999993 -1.825007 
115.0399993 -1.825007 
115.0799993 -1.825007 
115.1199993 -1.825007 
115.1599993 -1.382488 
115.1999993 -0.941496 
115.2399993 -1.382488 
115.2799993 -1.382488 
115.3199993 -0.941496 
115.3599993 -0.941496 
115.3999993 -0.941496 
115.4399993 -0.941496 
115.4799993 -0.941496 
115.5199993 -0.941496 
115.5599993 -0.941496 
115.5999993 -0.941496 
115.6399993 -0.941496 
115.6799993 -0.941496 
115.7199993 -0.4989776 
115.7599993 -0.4989776 
115.7999993 -0.4989776 
115.8399993 -0.4989776 
115.8799993 -0.4989776 
115.9199993 -0.4989776 
115.9599993 -0.4989776 
115.9999993 -0.4989776 
116.15999929 -0.4989776 
116.19999929 -0.4989776 
116.23999929 -0.941496 
116.51999929 -0.4989776 
116.71999929 -0.4989776 
116.75999929 -0.4989776 
116.83999929 -0.4989776 
116.87999929 -0.4989776 
116.91999929 -0.4989776 
116.95999929 -0.4989776 
117.03999929 -0.4989776 
117.07999929 -0.4989776 
117.11999929 -0.4989776 
117.15999929 -0.4989776 
117.19999929 -0.4989776 
117.23999929 -0.4989776 
117.27999929 -0.941496 
117.31999929 -0.4989776 
117.35999929 -0.941496 
117.39999929 -0.4989776 
117.43999929 -0.941496 
117.47999929 -0.4989776 
117.51999929 -0.941496 
117.55999929 -0.941496 
117.59999929 -0.941496 
117.63999929 -0.4989776 
117.67999928 -0.4989776 
117.71999928 -0.941496 
117.75999928 -0.941496 
117.79999928 -0.4989776 
117.83999928 -0.941496 
117.87999928 -0.941496 
117.91999928 -0.941496 
117.95999928 -0.941496 
117.99999928 -0.941496 
118.03999928 -0.941496 
118.07999928 -0.941496 
118.11999928 -0.941496 
118.15999928 -0.941496 
118.19999928 -0.941496 
118.23999928 -0.941496 
118.27999928 -0.941496 
118.31999928 -0.941496 
118.35999928 -0.941496 
118.39999928 -0.941496 
118.43999928 -1.382488 
118.47999928 -0.941496 
118.51999928 -0.941496 
118.55999928 -0.941496 
118.59999928 -0.941496 
118.63999928 -0.941496 
118.67999928 -1.382488 
118.71999928 -0.941496 
118.75999928 -0.941496 
118.79999928 -0.941496 
118.83999928 -0.941496 
118.87999928 -0.941496 
118.91999928 -0.941496 
118.95999928 -0.941496 
118.99999928 -0.941496 
119.03999928 -0.941496 
119.07999928 -0.941496 
119.11999928 -0.941496 
119.15999928 -0.941496 
119.19999928 -0.941496 
119.23999928 -0.941496 
119.27999928 -0.941496 
119.31999927 -0.941496 
119.35999927 -0.941496 
119.39999927 -0.941496 
119.43999927 -0.941496 
119.47999927 -0.941496 
119.51999927 -0.4989776 
119.55999927 -0.4989776 
119.59999927 -0.4989776 
119.63999927 -0.941496 
119.67999927 -0.4989776 
119.71999927 -0.4989776 
119.75999927 -0.4989776 
123.55999925 -0.4989776 
123.59999925 -0.4989776 
123.63999925 -0.4989776 
123.67999925 -0.4989776 
123.71999925 -0.941496 
123.75999925 -0.941496 
123.79999925 -0.941496 
123.83999925 -0.941496 
123.87999925 -0.941496 
123.91999925 -0.941496 
123.95999925 -0.941496 
123.99999925 -0.941496 
124.03999925 -1.825007 
124.07999925 -1.825007 
124.11999925 -1.825007 
124.15999925 -1.825007 
124.19999925 -1.825007 
124.23999924 -1.825007 
124.27999924 -1.825007 
124.31999924 -1.825007 
124.35999924 -1.825007 
124.39999924 -2.267525 
124.43999924 -2.267525 
124.47999924 -2.267525 
124.51999924 -2.267525 
124.55999924 -2.267525 
124.59999924 -2.267525 
124.63999924 -2.267525 
124.67999924 -2.267525 
124.71999924 -2.708518 
124.75999924 -2.267525 
124.79999924 -2.267525 
124.83999924 -2.267525 
124.87999924 -2.267525 
124.91999924 -2.267525 
124.95999924 -2.267525 
124.99999924 -2.267525 
125.03999924 -2.267525 
125.07999924 -2.267525 
125.11999924 -2.267525 
125.15999924 -2.267525 
125.19999924 -2.267525 
125.23999924 -2.267525 
125.27999924 -2.267525 
125.31999924 -2.267525 
125.35999924 -2.267525 
125.39999924 -1.825007 
125.43999924 -2.267525 
125.47999924 -1.825007 
125.51999924 -1.825007 
125.55999924 -1.825007 
125.59999924 -1.825007 
125.63999924 -1.825007 
125.67999924 -1.825007 
125.71999924 -1.825007 
125.75999924 -1.382488 
125.79999924 -1.382488 
125.83999924 -0.941496 
125.87999923 -0.941496 
125.91999923 -0.941496 
125.95999923 -0.941496 
125.99999923 -0.941496 
126.03999923 -0.941496 
126.07999923 -0.4989776 
126.11999923 -0.4989776 
126.15999923 -0.4989776 
126.19999923 -0.4989776 
126.23999923 -0.4989776 
135.35999918 -0.4989776 
135.39999918 -0.4989776 
135.43999918 -0.4989776 
135.51999918 -0.4989776 
135.55999918 -0.4989776 
135.59999918 -0.4989776 
135.63999918 -0.4989776 
135.67999918 -0.4989776 
135.71999918 -0.941496 
135.75999917 -0.4989776 
135.79999917 -0.4989776 
135.83999917 -0.941496 
135.87999917 -0.941496 
135.91999917 -0.941496 
135.95999917 -0.941496 
135.99999917 -0.941496 
136.03999917 -0.941496 
136.07999917 -0.941496 
136.11999917 -0.941496 
136.15999917 -0.941496 
136.19999917 -0.941496 
136.23999917 -0.941496 
136.27999917 -0.941496 
136.31999917 -0.941496 
136.35999917 -1.382488 
136.39999917 -1.382488 
136.43999917 -1.382488 
136.47999917 -1.382488 
136.51999917 -1.382488 
136.55999917 -1.825007 
136.59999917 -1.382488 
136.63999917 -1.825007 
136.67999917 -1.825007 
136.71999917 -1.382488 
136.75999917 -1.382488 
136.79999917 -1.825007 
136.83999917 -1.825007 
136.87999917 -1.382488 
136.91999917 -1.825007 
136.95999917 -1.825007 
136.99999917 -1.825007 
137.03999917 -1.825007 
137.07999917 -1.825007 
137.11999917 -1.382488 
137.15999917 -1.825007 
137.19999917 -1.825007 
137.23999917 -1.382488 
137.27999917 -1.382488 
137.31999917 -0.941496 
137.35999917 -1.382488 
137.39999916 -0.941496 
137.43999916 -1.382488 
137.47999916 -1.382488 
137.51999916 -1.382488 
137.55999916 -0.941496 
137.59999916 -0.941496 
137.63999916 -0.941496 
137.67999916 -1.825007 
137.71999916 -0.4989776 
137.75999916 -0.941496 
137.79999916 -0.941496 
137.83999916 -0.941496 
137.87999916 -0.941496 
137.91999916 -0.941496 
137.95999916 -0.941496 
137.99999916 -0.941496 
138.03999916 -0.941496 
138.07999916 -0.941496 
138.11999916 -0.4989776 
138.15999916 -0.4989776 
138.19999916 -0.941496 
138.23999916 -0.4989776 
138.27999916 -0.941496 
138.31999916 -0.4989776 
138.35999916 -0.941496 
138.39999916 -0.941496 
138.43999916 -0.941496 
138.47999916 -0.4989776 
138.51999916 -0.4989776 
138.55999916 -0.4989776 
138.59999916 -0.4989776 
138.63999916 -0.4989776 
138.67999916 -0.4989776 
138.71999916 -0.4989776 
138.75999916 -0.4989776 
138.79999916 -0.4989776 
138.83999916 -0.4989776 
138.87999916 -0.4989776 
138.91999916 -0.4989776 
138.95999916 -0.4989776 
138.99999916 -0.4989776 
139.03999915 -0.4989776 
139.07999915 -0.4989776 
139.11999915 -0.4989776 
139.15999915 -0.941496 
139.19999915 -0.4989776 
139.23999915 -0.941496 
139.27999915 -0.941496 
139.31999915 -0.4989776 
139.35999915 -0.941496 
139.39999915 -0.941496 
139.43999915 -0.941496 
139.47999915 -0.941496 
139.51999915 -0.941496 
139.55999915 -0.941496 
139.59999915 -0.941496 
139.63999915 -0.941496 
139.67999915 -0.941496 
139.71999915 -0.941496 
139.75999915 -0.941496 
139.79999915 -0.941496 
139.83999915 -0.941496 
139.87999915 -0.941496 
139.91999915 -1.382488 
139.95999915 -1.382488 
139.99999915 -1.382488 
140.03999915 -1.825007 
140.07999915 -1.382488 
140.11999915 -1.825007 
140.15999915 -1.825007 
140.19999915 -1.825007 
140.23999915 -1.825007 
140.27999915 -1.825007 
140.31999915 -1.825007 
140.35999915 -1.825007 
140.39999915 -1.825007 
140.43999915 -1.825007 
140.47999915 -1.825007 
140.51999915 -1.825007 
140.55999915 -1.825007 
140.59999915 -2.267525 
140.63999915 -2.267525 
140.67999915 -2.267525 
140.71999914 -1.825007 
140.75999914 -2.267525 
140.79999914 -2.267525 
140.83999914 -2.267525 
140.87999914 -2.267525 
140.91999914 -2.267525 
140.95999914 -2.267525 
140.99999914 -2.267525 
141.03999914 -2.267525 
141.07999914 -2.267525 
141.11999914 -2.267525 
141.15999914 -2.267525 
141.19999914 -2.267525 
141.23999914 -2.267525 
141.27999914 -2.708518 
141.31999914 -2.267525 
141.35999914 -2.267525 
141.39999914 -2.267525 
141.43999914 -2.267525 
141.47999914 -2.267525 
141.51999914 -2.267525 
141.55999914 -2.267525 
141.59999914 -2.267525 
141.63999914 -2.267525 
141.67999914 -2.267525 
141.71999914 -2.267525 
141.75999914 -2.267525 
141.79999914 -2.267525 
141.83999914 -1.825007 
141.87999914 -2.267525 
141.91999914 -1.825007 
141.95999914 -2.267525 
141.99999914 -2.267525 
142.03999914 -1.825007 
142.07999914 -1.825007 
142.11999914 -1.825007 
142.15999914 -1.825007 
142.19999914 -1.825007 
142.23999914 -1.825007 
142.27999914 -1.825007 
142.31999914 -1.825007 
142.35999913 -1.382488 
142.39999913 -1.825007 
142.43999913 -1.825007 
142.47999913 -1.825007 
142.51999913 -0.941496 
142.55999913 -1.382488 
142.59999913 -1.382488 
142.63999913 -0.941496 
142.67999913 -0.941496 
142.71999913 -0.941496 
142.75999913 -0.941496 
142.79999913 -0.941496 
142.83999913 -0.941496 
142.87999913 -0.4989776 
142.91999913 -0.941496 
142.95999913 -0.941496 
142.99999913 -0.4989776 
143.03999913 -0.4989776 
143.07999913 -0.4989776 
145.83999911 -0.4989776 
145.87999911 -0.4989776 
145.99999911 -0.4989776 
146.03999911 -0.4989776 
146.07999911 -0.4989776 
146.15999911 -0.941496 
146.19999911 -0.941496 
146.23999911 -0.4989776 
146.27999911 -0.4989776 
146.31999911 -0.4989776 
146.35999911 -0.941496 
146.39999911 -0.4989776 
146.43999911 -0.941496 
146.47999911 -0.941496 
146.51999911 -0.941496 
146.55999911 -0.941496 
146.59999911 -0.941496 
146.63999911 -0.941496 
146.67999911 -0.941496 
146.71999911 -0.941496 
146.75999911 -0.941496 
146.79999911 -0.941496 
146.83999911 -0.941496 
146.87999911 -0.941496 
146.91999911 -0.941496 
146.95999911 -0.941496 
146.99999911 -0.941496 
147.03999911 -0.941496 
147.07999911 -0.4989776 
147.11999911 -0.941496 
147.15999911 -0.941496 
147.19999911 -0.4989776 
147.23999911 -0.941496 
147.2799991 -0.941496 
147.3199991 -0.4989776 
147.3599991 -0.4989776 
147.3999991 -0.4989776 
147.4399991 -0.4989776 
147.4799991 -0.4989776 
147.5199991 -0.4989776 
147.5599991 -0.4989776 
147.6399991 -0.4989776 
150.19999909 -0.4989776 
150.23999909 -0.4989776 
150.27999909 -0.4989776 
150.31999909 -0.941496 
150.35999909 -0.4989776 
150.43999909 -0.941496 
150.47999909 -0.4989776 
150.59999908 -0.4989776 
150.63999908 -0.4989776 
150.71999908 -0.4989776 
150.79999908 -0.941496 
150.83999908 -1.825007 
150.87999908 -0.941496 
150.95999908 -0.4989776 
150.99999908 -0.941496 
151.03999908 -0.4989776 
151.07999908 -0.4989776 
151.11999908 -0.941496 
151.15999908 -0.941496 
151.19999908 -0.4989776 
151.23999908 -0.941496 
151.27999908 -0.941496 
151.31999908 -0.941496 
151.35999908 -0.941496 
151.39999908 -0.941496 
151.43999908 -0.941496 
151.47999908 -0.941496 
151.51999908 -0.941496 
151.55999908 -0.941496 
151.59999908 -0.941496 
151.63999908 -0.941496 
151.67999908 -0.941496 
151.71999908 -0.941496 
151.75999908 -0.941496 
151.79999908 -0.941496 
151.83999908 -0.941496 
151.87999908 -0.941496 
151.91999908 -0.941496 
151.95999908 -0.941496 
151.99999908 -0.941496 
152.03999908 -0.941496 
152.07999908 -0.941496 
152.11999908 -0.941496 
152.15999908 -0.941496 
152.19999908 -0.941496 
152.23999907 -0.941496 
152.27999907 -0.4989776 
152.31999907 -0.941496 
152.35999907 -0.4989776 
152.39999907 -0.4989776 
152.43999907 -0.941496 
152.47999907 -0.4989776 
152.51999907 -0.941496 
152.55999907 -0.4989776 
152.59999907 -0.4989776 
152.63999907 -0.4989776 
152.67999907 -0.4989776 
152.71999907 -0.4989776 
152.75999907 -0.4989776 
161.47999902 -0.4989776 
161.51999902 -0.4989776 
161.59999902 -0.4989776 
161.63999902 -0.4989776 
161.67999902 -0.4989776 
161.71999902 -0.4989776 
161.75999902 -0.941496 
161.79999902 -0.941496 
161.83999902 -0.941496 
161.87999902 -0.941496 
161.91999902 -0.941496 
161.95999902 -1.382488 
161.99999902 -0.941496 
162.03999902 -1.382488 
162.07999901 -1.382488 
162.11999901 -1.825007 
162.15999901 -1.825007 
162.19999901 -1.825007 
162.23999901 -1.825007 
162.27999901 -1.825007 
162.31999901 -1.825007 
162.35999901 -2.267525 
162.39999901 -1.825007 
162.43999901 -2.267525 
162.47999901 -1.825007 
162.51999901 -2.267525 
162.55999901 -2.267525 
162.59999901 -2.267525 
162.63999901 -2.267525 
162.67999901 -2.267525 
162.71999901 -2.267525 
162.75999901 -2.267525 
162.79999901 -2.267525 
162.83999901 -2.708518 
162.87999901 -2.708518 
162.91999901 -2.708518 
162.95999901 -2.708518 
162.99999901 -2.708518 
163.03999901 -3.151036 
163.07999901 -2.267525 
163.11999901 -2.708518 
163.15999901 -2.708518 
163.19999901 -2.708518 
163.23999901 -2.708518 
163.27999901 -2.267525 
163.31999901 -2.267525 
163.35999901 -2.708518 
163.39999901 -2.708518 
163.43999901 -2.708518 
163.47999901 -2.708518 
163.51999901 -2.267525 
163.55999901 -2.708518 
163.59999901 -2.708518 
163.63999901 -2.708518 
163.67999901 -2.708518 
163.719999 -2.267525 
163.759999 -2.267525 
163.799999 -2.708518 
163.839999 -2.267525 
163.879999 -1.825007 
163.919999 -2.267525 
163.959999 -2.267525 
163.999999 -1.825007 
164.039999 -1.825007 
164.079999 -2.267525 
164.119999 -1.825007 
164.159999 -1.825007 
164.199999 -1.825007 
164.239999 -1.825007 
164.279999 -1.825007 
164.319999 -1.825007 
164.359999 -1.825007 
164.399999 -0.941496 
164.439999 -1.382488 
164.479999 -0.941496 
164.519999 -0.941496 
164.559999 -1.382488 
164.599999 -0.941496 
164.639999 -0.941496 
164.679999 -0.941496 
164.719999 -0.941496 
164.759999 -0.941496 
164.799999 -0.941496 
164.839999 -0.4989776 
164.879999 -0.4989776 
164.919999 -0.4989776 
164.959999 -0.4989776 
164.999999 -0.4989776 
165.039999 -0.4989776 
167.55999898 -0.4989776 
167.91999898 -0.4989776 
167.95999898 -0.4989776 
167.99999898 -0.4989776 
168.07999898 -0.4989776 
168.11999898 -0.4989776 
168.15999898 -0.4989776 
168.19999898 -0.4989776 
168.23999898 -0.4989776 
168.27999898 -0.4989776 
168.31999898 -0.4989776 
168.35999898 -0.4989776 
168.39999898 -0.4989776 
168.43999898 -0.4989776 
168.47999898 -0.4989776 
168.51999898 -0.4989776 
168.55999898 -0.941496 
168.59999898 -0.4989776 
168.63999898 -0.4989776 
168.67999897 -0.4989776 
168.71999897 -0.4989776 
168.75999897 -0.941496 
168.79999897 -0.941496 
168.87999897 -0.4989776 
168.91999897 -0.4989776 
168.95999897 -0.4989776 
168.99999897 -0.4989776 
169.03999897 -0.4989776 
169.07999897 -0.4989776 
169.11999897 -0.4989776 
169.15999897 -0.941496 
169.19999897 -0.4989776 
169.23999897 -0.4989776 
169.27999897 -0.4989776 
169.31999897 -0.4989776 
169.35999897 -0.4989776 
169.43999897 -0.4989776 
169.47999897 -0.4989776 
169.51999897 -0.4989776 
169.55999897 -0.4989776 
169.63999897 -0.4989776 
169.67999897 -0.4989776 
169.71999897 -0.4989776 
169.87999897 -0.4989776 
172.75999895 -0.4989776 
172.79999895 -0.4989776 
172.83999895 -0.4989776 
172.87999895 -0.4989776 
172.91999895 -0.4989776 
172.95999895 -0.4989776 
172.99999895 -0.4989776 
173.03999895 -0.4989776 
173.07999895 -0.4989776 
173.11999895 -0.4989776 
173.15999895 -0.941496 
173.19999895 -0.941496 
173.23999895 -0.941496 
173.27999895 -0.941496 
173.31999895 -0.941496 
173.35999895 -0.941496 
173.39999895 -0.941496 
173.43999895 -0.941496 
173.47999895 -1.382488 
173.51999895 -1.825007 
173.55999895 -1.825007 
173.59999894 -1.382488 
173.63999894 -1.825007 
173.67999894 -1.825007 
173.71999894 -1.825007 
173.75999894 -1.825007 
173.79999894 -1.825007 
173.83999894 -1.825007 
173.87999894 -1.825007 
173.91999894 -1.825007 
173.95999894 -1.825007 
173.99999894 -1.825007 
174.03999894 -2.267525 
174.07999894 -1.825007 
174.11999894 -2.267525 
174.15999894 -2.267525 
174.19999894 -2.267525 
174.23999894 -2.267525 
174.27999894 -2.267525 
174.31999894 -1.825007 
174.35999894 -2.267525 
174.39999894 -2.267525 
174.43999894 -2.267525 
174.47999894 -2.267525 
174.51999894 -2.267525 
174.55999894 -2.267525 
174.59999894 -2.267525 
174.63999894 -2.267525 
174.67999894 -2.267525 
174.71999894 -2.267525 
174.75999894 -2.267525 
174.79999894 -2.267525 
174.83999894 -1.825007 
174.87999894 -2.267525 
174.91999894 -2.267525 
174.95999894 -1.825007 
174.99999894 -1.825007 
175.03999894 -1.825007 
175.07999894 -1.825007 
175.11999894 -1.825007 
175.15999894 -1.825007 
175.19999894 -1.825007 
175.23999893 -1.825007 
175.27999893 -2.267525 
175.31999893 -1.825007 
175.35999893 -1.382488 
175.39999893 -1.382488 
175.43999893 -1.825007 
175.47999893 -1.825007 
175.51999893 -0.941496 
175.55999893 -0.941496 
175.59999893 -0.941496 
175.63999893 -0.941496 
175.67999893 -0.941496 
175.71999893 -0.941496 
175.75999893 -1.382488 
175.79999893 -0.941496 
175.83999893 -0.941496 
175.87999893 -0.941496 
175.91999893 -0.941496 
175.95999893 -0.941496 
175.99999893 -0.941496 
176.03999893 -0.4989776 
176.07999893 -0.941496 
176.11999893 -0.4989776 
176.15999893 -0.941496 
176.19999893 -0.941496 
176.23999893 -0.4989776 
176.31999893 -0.4989776 
176.35999893 -0.941496 
176.43999893 -0.4989776 
176.47999893 -0.4989776 
176.55999893 -0.4989776 
176.59999893 -0.4989776 
177.67999892 -0.4989776 
177.87999892 -0.4989776 
177.99999892 -0.4989776 
178.03999892 -0.4989776 
178.07999892 -0.4989776 
178.11999892 -0.4989776 
178.15999892 -0.4989776 
178.19999892 -0.4989776 
178.23999892 -0.4989776 
178.27999892 -0.941496 
178.31999892 -0.941496 
178.35999892 -0.941496 
178.39999892 -0.941496 
178.43999892 -0.941496 
178.47999892 -0.941496 
178.51999892 -0.941496 
178.55999891 -0.941496 
178.59999891 -0.941496 
178.63999891 -0.941496 
178.67999891 -0.941496 
178.71999891 -0.941496 
178.75999891 -0.941496 
178.79999891 -0.941496 
178.83999891 -0.941496 
178.87999891 -1.382488 
178.91999891 -1.382488 
178.95999891 -0.941496 
178.99999891 -0.941496 
179.03999891 -0.941496 
179.07999891 -0.941496 
179.11999891 -0.941496 
179.15999891 -0.941496 
179.19999891 -0.941496 
179.23999891 -0.941496 
179.27999891 -0.941496 
179.31999891 -0.941496 
179.35999891 -0.941496 
179.39999891 -0.941496 
179.43999891 -0.941496 
179.47999891 -0.941496 
179.51999891 -0.941496 
179.55999891 -0.941496 
179.59999891 -0.941496 
179.63999891 -0.941496 
179.67999891 -0.941496 
179.71999891 -0.941496 
179.75999891 -0.941496 
179.79999891 -0.941496 
179.83999891 -0.941496 
179.87999891 -0.4989776 
179.91999891 -0.4989776 
179.95999891 -0.4989776 
179.99999891 -0.941496 
180.07999891 -0.4989776 
180.3199989 -0.4989776 
185.63999887 -0.4989776 
185.83999887 -0.4989776 
189.51999885 -0.4989776 
189.59999885 -0.4989776 
189.63999885 -0.4989776 
189.71999885 -0.4989776 
189.75999885 -0.4989776 
189.79999885 -0.4989776 
189.83999885 -0.4989776 
189.87999885 -0.941496 
189.95999885 -0.4989776 
189.99999885 -0.941496 
190.03999885 -0.4989776 
190.07999884 -0.4989776 
190.11999884 -0.4989776 
190.15999884 -0.941496 
190.19999884 -0.4989776 
190.23999884 -0.4989776 
190.27999884 -0.4989776 
190.31999884 -0.4989776 
190.35999884 -0.4989776 
190.39999884 -0.4989776 
190.43999884 -0.4989776 
190.47999884 -0.941496 
190.51999884 -0.4989776 
190.55999884 -0.4989776 
190.59999884 -0.941496 
190.63999884 -0.941496 
190.67999884 -0.4989776 
190.71999884 -0.4989776 
190.75999884 -0.941496 
190.79999884 -0.4989776 
190.83999884 -0.4989776 
190.87999884 -0.4989776 
190.91999884 -0.4989776 
190.95999884 -0.4989776 
190.99999884 -0.941496 
191.03999884 -0.4989776 
191.07999884 -0.4989776 
191.11999884 -0.4989776 
191.15999884 -0.4989776 
191.19999884 -0.4989776 
191.27999884 -0.4989776 
194.99999881 -0.4989776 
195.03999881 -0.4989776 
195.07999881 -0.941496 
195.15999881 -0.941496 
195.19999881 -0.941496 
195.23999881 -0.4989776 
195.27999881 -0.941496 
195.31999881 -0.941496 
195.35999881 -0.941496 
195.39999881 -0.941496 
195.43999881 -1.382488 
195.47999881 -0.941496 
195.51999881 -0.941496 
195.55999881 -1.382488 
195.59999881 -1.382488 
195.63999881 -1.382488 
195.67999881 -1.825007 
195.71999881 -1.825007 
195.75999881 -1.825007 
195.79999881 -1.382488 
195.83999881 -1.825007 
195.87999881 -1.825007 
195.91999881 -1.825007 
195.95999881 -1.825007 
195.99999881 -1.825007 
196.03999881 -1.825007 
196.07999881 -1.825007 
196.11999881 -1.825007 
196.15999881 -1.825007 
196.19999881 -1.825007 
196.23999881 -1.825007 
196.27999881 -1.825007 
196.31999881 -1.825007 
196.35999881 -1.825007 
196.39999881 -1.825007 
196.43999881 -1.825007 
196.47999881 -1.825007 
196.51999881 -1.825007 
196.55999881 -1.825007 
196.59999881 -1.825007 
196.6399988 -1.825007 
196.6799988 -1.825007 
196.7199988 -1.825007 
196.7599988 -1.825007 
196.7999988 -1.825007 
196.8399988 -1.825007 
196.8799988 -1.382488 
196.9199988 -1.382488 
196.9599988 -1.382488 
196.9999988 -0.941496 
197.0399988 -0.941496 
197.0799988 -0.941496 
197.1199988 -0.941496 
197.1599988 -0.941496 
197.1999988 -0.941496 
197.2399988 -0.941496 
197.2799988 -0.941496 
197.3199988 -0.941496 
197.3599988 -0.941496 
197.3999988 -0.941496 
197.4399988 -0.941496 
197.4799988 -0.941496 
197.5199988 -0.941496 
197.5599988 -0.941496 
197.5999988 -0.941496 
197.6399988 -0.941496 
197.6799988 -0.941496 
197.7199988 -0.941496 
197.7599988 -0.941496 
197.7999988 -0.4989776 
197.8399988 -0.4989776 
197.8799988 -0.941496 
197.9199988 -0.4989776 
197.9599988 -0.4989776 
197.9999988 -0.941496 
198.0399988 -0.941496 
198.0799988 -0.4989776 
198.1199988 -0.941496 
198.1599988 -0.4989776 
198.1999988 -0.941496 
198.2399988 -0.4989776 
198.27999879 -0.4989776 
198.31999879 -0.941496 
198.35999879 -0.941496 
198.39999879 -0.4989776 
198.43999879 -0.4989776 
198.47999879 -0.941496 
198.51999879 -0.941496 
198.55999879 -0.941496 
198.59999879 -0.941496 
198.63999879 -0.941496 
198.67999879 -0.941496 
198.71999879 -0.941496 
198.75999879 -0.941496 
198.79999879 -0.941496 
198.83999879 -0.941496 
198.87999879 -0.941496 
198.91999879 -0.941496 
198.95999879 -0.941496 
198.99999879 -0.941496 
199.03999879 -0.941496 
199.07999879 -0.941496 
199.11999879 -0.941496 
199.15999879 -0.941496 
199.19999879 -0.941496 
199.23999879 -1.382488 
199.27999879 -1.382488 
199.31999879 -1.825007 
199.35999879 -0.941496 
199.39999879 -1.825007 
199.43999879 -1.825007 
199.47999879 -1.825007 
199.51999879 -1.825007 
199.55999879 -1.825007 
199.59999879 -1.382488 
199.63999879 -1.825007 
199.67999879 -1.825007 
199.71999879 -1.825007 
199.75999879 -1.825007 
199.79999879 -1.825007 
199.83999879 -2.267525 
199.87999879 -2.267525 
199.91999878 -2.267525 
199.95999878 -2.267525 
199.99999878 -2.267525 
200.03999878 -2.267525 
200.07999878 -2.267525 
200.11999878 -2.267525 
0 0 
