1.59999999 -0.4989776 
9.19999994 -0.4989776 
9.31999994 -0.4989776 
9.43999994 -0.4989776 
9.55999994 -0.4989776 
9.59999994 -0.4989776 
9.63999994 -0.4989776 
9.71999994 -0.4989776 
9.75999994 -0.4989776 
9.83999994 -0.4989776 
9.87999994 -0.4989776 
9.91999994 -0.4989776 
9.95999994 -0.4989776 
9.99999994 -0.4989776 
10.03999994 -0.4989776 
10.07999994 -0.4989776 
10.11999994 -0.4989776 
10.15999994 -0.4989776 
10.19999994 -0.4989776 
10.23999994 -0.4989776 
10.27999994 -0.4989776 
10.31999994 -0.4989776 
10.35999994 -0.4989776 
10.39999994 -0.4989776 
10.43999994 -0.941496 
10.47999994 -0.4989776 
10.51999994 -0.4989776 
10.55999994 -0.4989776 
10.59999994 -0.941496 
10.63999994 -0.4989776 
10.67999994 -0.941496 
10.71999993 -0.941496 
10.79999993 -0.941496 
10.83999993 -0.4989776 
10.87999993 -0.941496 
10.91999993 -0.941496 
10.95999993 -0.941496 
10.99999993 -0.4989776 
11.03999993 -0.941496 
11.07999993 -0.941496 
11.11999993 -0.941496 
11.15999993 -0.941496 
11.19999993 -0.941496 
11.23999993 -0.941496 
11.27999993 -0.941496 
11.31999993 -0.941496 
11.35999993 -0.941496 
11.39999993 -0.941496 
11.43999993 -0.941496 
11.47999993 -0.941496 
11.51999993 -0.941496 
11.55999993 -0.941496 
11.59999993 -0.941496 
11.63999993 -0.941496 
11.67999993 -0.941496 
11.71999993 -0.941496 
11.75999993 -0.941496 
11.79999993 -1.382488 
11.83999993 -1.382488 
11.87999993 -0.941496 
11.91999993 -0.941496 
11.95999993 -0.941496 
11.99999993 -1.382488 
12.03999993 -1.382488 
12.07999993 -1.382488 
12.11999993 -1.825007 
12.15999993 -1.382488 
12.19999993 -0.941496 
12.23999993 -1.382488 
12.27999993 -1.825007 
12.31999993 -1.382488 
12.35999992 -1.825007 
12.39999992 -1.382488 
12.43999992 -1.825007 
12.47999992 -1.825007 
12.51999992 -1.825007 
12.55999992 -1.382488 
12.59999992 -1.825007 
12.63999992 -1.825007 
12.67999992 -1.825007 
12.71999992 -1.825007 
12.75999992 -1.825007 
12.79999992 -1.825007 
12.83999992 -1.382488 
12.87999992 -0.941496 
12.91999992 -1.825007 
12.95999992 -1.825007 
12.99999992 -1.825007 
13.03999992 -1.825007 
13.07999992 -1.825007 
13.11999992 -1.382488 
13.15999992 -1.825007 
13.19999992 -1.382488 
13.23999992 -1.382488 
13.27999992 -1.382488 
13.31999992 -1.825007 
13.35999992 -0.941496 
13.39999992 -1.382488 
13.43999992 -1.382488 
13.47999992 -1.382488 
13.51999992 -0.941496 
13.55999992 -1.382488 
13.59999992 -0.941496 
13.63999992 -0.941496 
13.67999992 -1.382488 
13.71999992 -0.941496 
13.75999992 -0.941496 
13.79999992 -1.382488 
13.83999992 -0.941496 
13.87999992 -0.941496 
13.91999992 -0.941496 
13.95999992 -0.941496 
13.99999991 -0.941496 
14.03999991 -0.941496 
14.07999991 -0.941496 
14.11999991 -0.941496 
14.15999991 -0.941496 
14.19999991 -1.382488 
14.23999991 -0.941496 
14.27999991 -0.941496 
14.31999991 -0.4989776 
14.35999991 -0.4989776 
14.39999991 -0.4989776 
14.43999991 -0.4989776 
14.47999991 -0.4989776 
14.51999991 -0.4989776 
14.55999991 -0.4989776 
14.59999991 -0.4989776 
14.63999991 -0.4989776 
14.67999991 -0.4989776 
24.11999985 -0.4989776 
24.19999985 -0.4989776 
24.27999985 -0.4989776 
24.31999985 -0.4989776 
24.35999985 -0.4989776 
24.47999985 -0.4989776 
24.51999985 -0.4989776 
24.55999985 -0.4989776 
24.59999985 -0.4989776 
24.67999985 -0.4989776 
24.75999985 -0.4989776 
24.79999985 -0.4989776 
24.87999985 -0.4989776 
25.03999985 -0.4989776 
34.47999979 -0.4989776 
34.51999979 -0.4989776 
34.55999979 -0.4989776 
34.59999979 -0.941496 
34.63999979 -0.941496 
34.67999979 -0.941496 
34.71999979 -0.941496 
34.75999979 -0.941496 
34.79999979 -0.941496 
34.83999979 -1.382488 
34.87999979 -1.382488 
34.91999979 -1.825007 
34.95999979 -1.825007 
34.99999979 -1.825007 
35.03999979 -2.267525 
35.07999979 -1.825007 
35.11999979 -1.825007 
35.15999979 -2.267525 
35.19999979 -2.267525 
35.23999979 -2.267525 
35.27999979 -2.267525 
35.31999979 -2.267525 
35.35999979 -2.708518 
35.39999978 -2.708518 
35.43999978 -2.708518 
35.47999978 -2.708518 
35.51999978 -3.151036 
35.55999978 -3.151036 
35.59999978 -3.151036 
35.63999978 -3.151036 
35.67999978 -3.593554 
35.71999978 -3.151036 
35.75999978 -3.151036 
35.79999978 -3.593554 
35.83999978 -3.593554 
35.87999978 -3.151036 
35.91999978 -3.593554 
35.95999978 -3.593554 
35.99999978 -3.151036 
36.03999978 -3.593554 
36.07999978 -3.151036 
36.11999978 -3.593554 
36.15999978 -3.593554 
36.19999978 -3.151036 
36.23999978 -3.593554 
36.27999978 -3.593554 
36.31999978 -3.151036 
36.35999978 -3.151036 
36.39999978 -3.593554 
36.43999978 -3.593554 
36.47999978 -3.151036 
36.51999978 -3.151036 
36.55999978 -3.151036 
36.59999978 -3.151036 
36.63999978 -3.151036 
36.67999978 -3.151036 
36.71999978 -2.708518 
36.75999978 -2.708518 
36.79999978 -2.708518 
36.83999978 -3.151036 
36.87999978 -1.825007 
36.91999978 -3.151036 
36.95999978 -2.708518 
36.99999978 -2.267525 
37.03999977 -2.267525 
37.07999977 -2.267525 
37.11999977 -2.267525 
37.15999977 -2.267525 
37.19999977 -2.267525 
37.23999977 -1.825007 
37.27999977 -1.825007 
37.31999977 -1.825007 
37.35999977 -1.825007 
37.39999977 -1.825007 
37.43999977 -1.825007 
37.47999977 -1.382488 
37.51999977 -0.941496 
37.55999977 -0.941496 
37.59999977 -0.941496 
37.63999977 -0.941496 
37.67999977 -0.941496 
37.71999977 -0.941496 
37.75999977 -0.941496 
37.79999977 -0.941496 
37.83999977 -0.941496 
37.87999977 -0.941496 
37.91999977 -0.4989776 
37.95999977 -0.4989776 
37.99999977 -0.4989776 
38.03999977 -0.4989776 
38.11999977 -0.4989776 
38.19999977 -0.4989776 
39.23999976 -0.4989776 
39.67999976 -0.941496 
46.71999972 -0.4989776 
46.75999972 -0.4989776 
46.79999972 -0.4989776 
46.83999972 -0.4989776 
46.87999972 -0.4989776 
46.91999971 -0.4989776 
46.95999971 -0.4989776 
46.99999971 -0.4989776 
47.03999971 -0.941496 
47.07999971 -0.941496 
47.11999971 -0.941496 
47.15999971 -0.941496 
47.19999971 -0.941496 
47.23999971 -0.941496 
47.27999971 -0.941496 
47.31999971 -0.941496 
47.35999971 -0.941496 
47.39999971 -0.941496 
47.43999971 -0.941496 
47.47999971 -0.941496 
47.51999971 -0.941496 
47.55999971 -0.941496 
47.59999971 -0.941496 
47.63999971 -0.941496 
47.67999971 -0.941496 
47.71999971 -0.941496 
47.75999971 -0.941496 
47.79999971 -0.4989776 
47.83999971 -0.941496 
47.87999971 -0.4989776 
47.91999971 -0.4989776 
47.95999971 -0.4989776 
47.99999971 -0.4989776 
48.03999971 -0.4989776 
48.07999971 -0.4989776 
58.19999965 -0.4989776 
58.23999965 -0.4989776 
58.27999965 -0.4989776 
58.31999965 -0.4989776 
58.35999965 -1.825007 
58.39999965 -0.941496 
58.47999964 -0.941496 
58.51999964 -0.941496 
58.55999964 -0.4989776 
58.59999964 -0.4989776 
58.63999964 -0.941496 
58.67999964 -0.941496 
58.79999964 -1.825007 
58.83999964 -1.825007 
58.87999964 -0.4989776 
58.95999964 -0.941496 
58.99999964 -0.4989776 
59.03999964 -0.4989776 
59.07999964 -0.941496 
59.11999964 -1.825007 
59.15999964 -0.4989776 
59.19999964 -0.4989776 
59.23999964 -1.825007 
59.27999964 -0.941496 
59.31999964 -0.4989776 
59.35999964 -0.941496 
59.39999964 -0.941496 
59.43999964 -0.941496 
59.47999964 -0.4989776 
59.51999964 -0.4989776 
59.55999964 -0.941496 
59.59999964 -0.941496 
59.63999964 -0.941496 
59.71999964 -0.941496 
59.75999964 -0.941496 
59.79999964 -0.4989776 
59.83999964 -0.4989776 
59.87999964 -0.941496 
59.91999964 -0.941496 
59.95999964 -0.941496 
59.99999964 -0.4989776 
60.03999964 -0.4989776 
60.07999963 -0.941496 
60.11999963 -0.4989776 
60.15999963 -0.4989776 
60.19999963 -0.4989776 
60.23999963 -0.4989776 
60.27999963 -0.4989776 
60.31999963 -0.4989776 
60.35999963 -0.4989776 
60.43999963 -0.4989776 
60.47999963 -0.4989776 
61.83999962 -0.4989776 
61.91999962 -0.4989776 
61.95999962 -0.4989776 
62.03999962 -0.4989776 
62.07999962 -0.4989776 
62.11999962 -0.4989776 
62.15999962 -0.4989776 
62.19999962 -0.4989776 
62.23999962 -0.4989776 
62.27999962 -0.4989776 
62.31999962 -0.4989776 
62.35999962 -0.941496 
62.39999962 -0.941496 
62.43999962 -0.941496 
62.47999962 -0.941496 
62.51999962 -0.941496 
62.55999962 -0.941496 
62.59999962 -0.941496 
62.63999962 -0.941496 
62.67999962 -0.941496 
62.71999962 -0.941496 
62.75999962 -0.941496 
62.79999962 -0.941496 
62.83999962 -0.941496 
62.87999962 -0.941496 
62.91999962 -0.941496 
62.95999962 -0.941496 
62.99999962 -1.382488 
63.03999962 -0.4989776 
63.07999962 -0.941496 
63.11999962 -0.941496 
63.15999962 -0.941496 
63.19999962 -0.941496 
63.23999962 -0.941496 
63.27999962 -0.941496 
63.31999962 -0.941496 
63.35999961 -0.941496 
63.39999961 -0.941496 
63.43999961 -0.941496 
63.47999961 -0.941496 
63.51999961 -0.941496 
63.55999961 -0.941496 
63.59999961 -0.941496 
63.63999961 -0.941496 
63.67999961 -0.941496 
63.71999961 -0.941496 
63.75999961 -0.941496 
63.79999961 -0.941496 
63.83999961 -0.941496 
63.87999961 -0.941496 
63.91999961 -0.941496 
63.95999961 -0.941496 
63.99999961 -0.941496 
64.03999961 -0.941496 
64.07999961 -0.941496 
64.11999961 -0.941496 
64.15999961 -0.941496 
64.19999961 -0.941496 
64.23999961 -0.4989776 
64.27999961 -0.4989776 
64.31999961 -0.4989776 
64.39999961 -0.4989776 
64.43999961 -0.4989776 
68.35999958 -0.4989776 
68.39999958 -0.4989776 
68.55999958 -0.4989776 
68.59999958 -0.4989776 
68.67999958 -0.4989776 
68.71999958 -0.4989776 
68.75999958 -0.4989776 
68.79999958 -0.4989776 
68.83999958 -0.4989776 
68.87999958 -0.4989776 
68.91999958 -0.4989776 
68.95999958 -0.4989776 
68.99999958 -0.4989776 
69.03999958 -0.4989776 
69.07999958 -0.4989776 
69.11999958 -0.4989776 
69.15999958 -0.4989776 
69.19999958 -0.4989776 
69.23999958 -0.4989776 
69.27999958 -0.4989776 
69.31999958 -0.4989776 
69.35999958 -0.4989776 
69.39999958 -0.4989776 
69.43999958 -0.4989776 
69.47999958 -0.4989776 
69.51999958 -0.4989776 
69.55999958 -0.4989776 
69.59999958 -0.4989776 
72.79999956 -0.4989776 
72.95999956 -0.4989776 
73.03999956 -0.4989776 
73.07999956 -0.4989776 
73.11999956 -0.4989776 
73.15999956 -0.4989776 
73.19999956 -0.4989776 
73.23999955 -0.4989776 
73.27999955 -0.941496 
73.31999955 -0.941496 
73.35999955 -0.941496 
73.39999955 -0.941496 
73.43999955 -0.941496 
73.47999955 -0.941496 
73.51999955 -0.941496 
73.55999955 -0.941496 
73.59999955 -0.941496 
73.63999955 -0.941496 
73.67999955 -1.382488 
73.71999955 -1.382488 
73.75999955 -1.382488 
73.79999955 -1.382488 
73.83999955 -1.382488 
73.87999955 -1.382488 
73.91999955 -1.382488 
73.95999955 -1.382488 
73.99999955 -1.825007 
74.03999955 -1.382488 
74.07999955 -1.825007 
74.11999955 -1.382488 
74.15999955 -1.382488 
74.19999955 -1.825007 
74.23999955 -1.382488 
74.27999955 -1.382488 
74.31999955 -1.382488 
74.35999955 -1.825007 
74.39999955 -1.825007 
74.43999955 -1.382488 
74.47999955 -1.382488 
74.51999955 -1.382488 
74.55999955 -1.382488 
74.59999955 -0.941496 
74.63999955 -1.382488 
74.67999955 -1.382488 
74.71999955 -0.941496 
74.75999955 -1.382488 
74.79999955 -0.941496 
74.83999955 -0.941496 
74.87999954 -1.382488 
74.91999954 -0.941496 
74.95999954 -0.941496 
74.99999954 -0.941496 
75.03999954 -0.941496 
75.07999954 -0.941496 
75.11999954 -0.941496 
75.15999954 -0.941496 
75.19999954 -0.4989776 
75.23999954 -0.4989776 
75.27999954 -0.4989776 
75.31999954 -0.4989776 
75.35999954 -0.4989776 
75.39999954 -0.4989776 
75.43999954 -0.4989776 
84.27999949 -0.4989776 
84.39999949 -0.4989776 
84.43999949 -0.4989776 
84.47999949 -0.4989776 
84.51999949 -0.941496 
84.55999949 -0.941496 
84.59999949 -0.941496 
84.63999949 -0.941496 
84.67999949 -0.941496 
84.71999949 -0.941496 
84.75999948 -0.941496 
84.79999948 -0.941496 
84.83999948 -0.941496 
84.87999948 -1.382488 
84.91999948 -1.382488 
84.95999948 -1.825007 
84.99999948 -1.825007 
85.03999948 -1.825007 
85.07999948 -1.825007 
85.11999948 -1.825007 
85.15999948 -1.825007 
85.19999948 -1.825007 
85.23999948 -1.825007 
85.27999948 -1.825007 
85.31999948 -1.825007 
85.35999948 -1.825007 
85.39999948 -1.825007 
85.43999948 -2.267525 
85.47999948 -1.825007 
85.51999948 -1.825007 
85.55999948 -1.825007 
85.59999948 -1.825007 
85.63999948 -2.267525 
85.67999948 -1.825007 
85.71999948 -1.825007 
85.75999948 -1.825007 
85.79999948 -1.825007 
85.83999948 -1.825007 
85.87999948 -1.825007 
85.91999948 -1.825007 
85.95999948 -1.825007 
85.99999948 -1.825007 
86.03999948 -1.825007 
86.07999948 -1.825007 
86.11999948 -1.825007 
86.15999948 -1.825007 
86.19999948 -1.382488 
86.23999948 -1.825007 
86.27999948 -0.941496 
86.31999948 -1.382488 
86.35999948 -1.382488 
86.39999947 -1.382488 
86.43999947 -1.382488 
86.47999947 -0.941496 
86.51999947 -0.941496 
86.55999947 -0.941496 
86.59999947 -0.4989776 
86.63999947 -0.941496 
86.67999947 -0.941496 
86.71999947 -0.941496 
86.75999947 -0.4989776 
86.79999947 -0.4989776 
86.83999947 -0.4989776 
86.87999947 -0.4989776 
86.99999947 -0.4989776 
90.27999945 -0.4989776 
90.39999945 -0.4989776 
90.43999945 -0.4989776 
90.47999945 -0.4989776 
90.51999945 -0.4989776 
90.55999945 -0.4989776 
90.63999945 -0.4989776 
90.67999945 -0.4989776 
90.71999945 -0.4989776 
90.75999945 -0.4989776 
90.79999945 -0.4989776 
90.83999945 -0.4989776 
90.87999945 -0.4989776 
90.91999945 -0.4989776 
90.95999945 -0.4989776 
90.99999945 -0.4989776 
91.03999945 -0.4989776 
91.07999945 -0.4989776 
91.11999945 -0.4989776 
91.15999945 -0.4989776 
91.19999945 -0.4989776 
91.27999945 -0.4989776 
91.35999944 -0.4989776 
91.39999944 -0.4989776 
91.43999944 -0.4989776 
95.59999942 -0.4989776 
95.63999942 -0.4989776 
95.67999942 -0.4989776 
95.71999942 -0.941496 
95.75999942 -0.941496 
95.79999942 -0.941496 
95.83999942 -0.941496 
95.87999942 -0.941496 
95.91999942 -0.941496 
95.95999942 -0.941496 
95.99999942 -0.941496 
96.03999942 -0.941496 
96.07999942 -0.941496 
96.11999942 -0.941496 
96.15999942 -0.941496 
96.19999942 -0.941496 
96.23999942 -1.382488 
96.27999941 -1.825007 
96.31999941 -1.825007 
96.35999941 -1.382488 
96.39999941 -1.825007 
96.43999941 -1.382488 
96.47999941 -1.825007 
96.51999941 -1.825007 
96.55999941 -1.825007 
96.59999941 -1.825007 
96.63999941 -1.825007 
96.67999941 -1.825007 
96.71999941 -1.825007 
96.75999941 -1.825007 
96.79999941 -1.825007 
96.83999941 -2.267525 
96.87999941 -1.825007 
96.91999941 -0.941496 
96.95999941 -1.825007 
96.99999941 -2.267525 
97.03999941 -1.825007 
97.07999941 -1.825007 
97.11999941 -1.825007 
97.15999941 -1.825007 
97.19999941 -0.941496 
97.23999941 -0.941496 
97.27999941 -1.825007 
97.31999941 -2.708518 
97.35999941 -1.825007 
97.39999941 -0.941496 
97.43999941 -0.941496 
97.47999941 -1.825007 
97.51999941 -0.941496 
97.55999941 -1.382488 
97.59999941 -1.825007 
97.63999941 -1.382488 
97.71999941 -0.941496 
97.75999941 -1.825007 
97.79999941 -0.941496 
97.83999941 -0.4989776 
97.87999941 -0.941496 
97.9199994 -0.941496 
97.9599994 -0.941496 
97.9999994 -0.4989776 
98.0399994 -0.4989776 
98.0799994 -0.4989776 
98.1199994 -0.4989776 
98.2799994 -0.4989776 
107.83999934 -0.4989776 
107.95999934 -0.4989776 
107.99999934 -0.4989776 
108.03999934 -0.4989776 
108.07999934 -0.4989776 
108.15999934 -0.4989776 
108.19999934 -0.4989776 
108.23999934 -0.4989776 
108.31999934 -0.4989776 
108.35999934 -0.4989776 
108.39999934 -0.4989776 
108.43999934 -0.4989776 
108.51999934 -0.4989776 
108.55999934 -0.4989776 
108.59999934 -0.4989776 
112.67999932 -0.4989776 
112.71999931 -0.4989776 
112.75999931 -0.4989776 
112.79999931 -0.4989776 
112.83999931 -0.4989776 
112.87999931 -0.4989776 
112.91999931 -0.4989776 
112.95999931 -0.941496 
112.99999931 -0.941496 
113.03999931 -0.941496 
113.07999931 -0.4989776 
113.11999931 -0.941496 
113.15999931 -0.941496 
113.19999931 -0.941496 
113.23999931 -0.941496 
113.27999931 -0.941496 
113.31999931 -0.941496 
113.35999931 -0.941496 
113.39999931 -0.941496 
113.43999931 -0.941496 
113.47999931 -0.941496 
113.51999931 -0.941496 
113.55999931 -0.941496 
113.59999931 -0.941496 
113.63999931 -0.941496 
113.67999931 -0.941496 
113.71999931 -0.941496 
113.75999931 -0.4989776 
113.79999931 -0.4989776 
113.83999931 -0.941496 
113.87999931 -0.4989776 
113.91999931 -0.4989776 
113.95999931 -0.4989776 
113.99999931 -0.4989776 
114.03999931 -0.4989776 
114.07999931 -0.4989776 
114.11999931 -0.4989776 
114.19999931 -0.4989776 
114.23999931 -0.4989776 
118.27999928 -0.4989776 
118.31999928 -0.4989776 
118.35999928 -0.4989776 
118.39999928 -0.4989776 
118.43999928 -0.4989776 
118.47999928 -0.4989776 
118.51999928 -0.4989776 
118.55999928 -0.941496 
118.59999928 -0.941496 
118.63999928 -0.4989776 
118.67999928 -0.4989776 
118.71999928 -0.4989776 
118.75999928 -0.941496 
118.79999928 -0.4989776 
118.83999928 -0.941496 
118.87999928 -0.941496 
118.91999928 -0.941496 
118.95999928 -0.941496 
118.99999928 -0.941496 
119.03999928 -0.941496 
119.07999928 -0.941496 
119.11999928 -0.941496 
119.15999928 -0.941496 
119.19999928 -0.941496 
119.23999928 -0.941496 
119.27999928 -0.941496 
119.31999927 -0.941496 
119.35999927 -0.941496 
119.39999927 -0.941496 
119.43999927 -0.941496 
119.47999927 -0.941496 
119.51999927 -1.382488 
119.55999927 -0.941496 
119.59999927 -0.4989776 
119.63999927 -0.941496 
119.67999927 -0.941496 
119.71999927 -0.941496 
119.75999927 -0.941496 
119.79999927 -0.4989776 
119.83999927 -0.941496 
119.87999927 -0.941496 
119.91999927 -0.941496 
119.95999927 -0.941496 
119.99999927 -0.941496 
120.03999927 -0.941496 
120.07999927 -0.941496 
120.11999927 -0.941496 
120.15999927 -0.941496 
120.19999927 -0.941496 
120.23999927 -0.941496 
120.27999927 -0.941496 
120.31999927 -0.941496 
120.35999927 -0.941496 
120.39999927 -0.941496 
120.43999927 -0.941496 
120.47999927 -0.4989776 
120.51999927 -0.941496 
120.55999927 -0.4989776 
120.59999927 -0.941496 
120.63999927 -0.941496 
120.67999927 -0.941496 
120.71999927 -0.941496 
120.75999927 -0.941496 
120.79999927 -0.941496 
120.83999927 -0.941496 
120.87999927 -0.941496 
120.91999927 -0.941496 
120.95999926 -0.941496 
120.99999926 -0.941496 
121.03999926 -0.941496 
121.07999926 -0.941496 
121.11999926 -0.941496 
121.15999926 -0.4989776 
121.19999926 -0.941496 
121.23999926 -0.4989776 
121.27999926 -0.4989776 
121.31999926 -0.4989776 
121.35999926 -0.941496 
121.39999926 -0.4989776 
121.43999926 -0.941496 
121.47999926 -0.4989776 
121.51999926 -0.941496 
121.55999926 -0.941496 
121.59999926 -0.941496 
121.63999926 -0.4989776 
121.67999926 -0.941496 
121.71999926 -0.941496 
121.75999926 -0.4989776 
121.79999926 -0.4989776 
121.83999926 -0.941496 
121.87999926 -0.941496 
121.91999926 -0.941496 
121.95999926 -0.941496 
121.99999926 -0.941496 
122.03999926 -0.941496 
122.07999926 -0.941496 
122.11999926 -0.941496 
122.15999926 -0.941496 
122.19999926 -0.941496 
122.23999926 -0.941496 
122.27999926 -0.941496 
122.31999926 -0.941496 
122.35999926 -0.941496 
122.39999926 -0.941496 
122.43999926 -0.941496 
122.47999926 -0.941496 
122.51999926 -0.941496 
122.55999926 -0.941496 
122.59999925 -0.941496 
122.63999925 -0.941496 
122.67999925 -0.941496 
122.71999925 -0.941496 
122.75999925 -0.941496 
122.79999925 -0.941496 
122.83999925 -0.941496 
122.87999925 -0.941496 
122.91999925 -0.941496 
122.95999925 -0.941496 
122.99999925 -0.941496 
123.03999925 -0.941496 
123.07999925 -0.941496 
123.11999925 -0.941496 
123.15999925 -0.941496 
123.19999925 -0.941496 
123.23999925 -1.382488 
123.27999925 -0.941496 
123.31999925 -0.941496 
123.35999925 -0.941496 
123.39999925 -0.941496 
123.43999925 -0.941496 
123.47999925 -1.382488 
123.51999925 -1.382488 
123.55999925 -0.941496 
123.59999925 -0.941496 
123.63999925 -0.941496 
123.67999925 -0.941496 
123.71999925 -0.941496 
123.75999925 -1.382488 
123.79999925 -0.941496 
123.83999925 -0.941496 
123.87999925 -0.941496 
123.91999925 -0.941496 
123.95999925 -0.941496 
123.99999925 -0.941496 
124.03999925 -0.941496 
124.07999925 -0.941496 
124.11999925 -1.382488 
124.15999925 -0.941496 
124.19999925 -0.941496 
124.23999924 -0.941496 
124.27999924 -0.941496 
124.31999924 -0.941496 
124.35999924 -0.941496 
124.39999924 -0.941496 
124.43999924 -0.941496 
124.47999924 -0.941496 
124.51999924 -0.941496 
124.55999924 -0.941496 
124.59999924 -0.941496 
124.63999924 -0.941496 
124.67999924 -0.941496 
124.71999924 -0.4989776 
124.75999924 -0.941496 
124.79999924 -0.4989776 
124.83999924 -0.941496 
124.87999924 -0.941496 
124.91999924 -0.4989776 
124.95999924 -0.4989776 
124.99999924 -0.4989776 
125.03999924 -0.4989776 
125.07999924 -0.4989776 
125.11999924 -0.4989776 
125.15999924 -0.4989776 
125.19999924 -0.4989776 
125.27999924 -0.4989776 
136.19999917 -0.4989776 
136.67999917 -0.4989776 
144.59999912 -0.4989776 
144.63999912 -0.4989776 
144.67999912 -0.4989776 
144.71999912 -0.4989776 
144.75999912 -0.941496 
144.79999912 -0.941496 
144.83999912 -0.941496 
144.87999912 -0.941496 
144.91999912 -0.941496 
144.95999912 -1.382488 
144.99999912 -1.382488 
145.03999912 -1.382488 
145.07999912 -1.382488 
145.11999912 -1.825007 
145.15999912 -1.825007 
145.19999912 -1.825007 
145.23999912 -1.825007 
145.27999912 -1.825007 
145.31999912 -2.267525 
145.35999912 -2.267525 
145.39999912 -2.267525 
145.43999912 -2.267525 
145.47999912 -2.267525 
145.51999912 -2.267525 
145.55999912 -2.267525 
145.59999912 -2.708518 
145.63999911 -2.267525 
145.67999911 -2.708518 
145.71999911 -3.151036 
145.75999911 -2.267525 
145.79999911 -2.708518 
145.83999911 -2.708518 
145.87999911 -2.267525 
145.91999911 -2.708518 
145.95999911 -2.708518 
145.99999911 -2.708518 
146.03999911 -3.151036 
146.07999911 -2.708518 
146.11999911 -3.151036 
146.15999911 -3.151036 
146.19999911 -3.151036 
146.23999911 -3.151036 
146.27999911 -3.151036 
146.31999911 -3.151036 
146.35999911 -2.708518 
146.39999911 -3.151036 
146.43999911 -2.708518 
146.47999911 -2.708518 
146.51999911 -2.708518 
146.55999911 -3.151036 
146.59999911 -2.708518 
146.63999911 -2.708518 
146.67999911 -2.708518 
146.71999911 -2.708518 
146.75999911 -2.267525 
146.79999911 -2.267525 
146.83999911 -2.708518 
146.87999911 -2.267525 
146.91999911 -2.267525 
146.95999911 -2.267525 
146.99999911 -2.267525 
147.03999911 -2.267525 
147.07999911 -1.825007 
147.11999911 -2.267525 
147.15999911 -2.267525 
147.19999911 -2.267525 
147.23999911 -1.825007 
147.2799991 -1.825007 
147.3199991 -1.825007 
147.3599991 -1.825007 
147.3999991 -1.825007 
147.4399991 -1.825007 
147.4799991 -1.825007 
147.5199991 -1.825007 
147.5599991 -1.825007 
147.5999991 -1.825007 
147.6399991 -1.825007 
147.6799991 -1.382488 
147.7199991 -0.941496 
147.7599991 -0.941496 
147.7999991 -0.941496 
147.8399991 -0.941496 
147.8799991 -0.941496 
147.9199991 -0.941496 
147.9599991 -0.941496 
147.9999991 -0.941496 
148.0399991 -0.941496 
148.0799991 -0.941496 
148.1199991 -0.941496 
148.1599991 -0.941496 
148.1999991 -0.941496 
148.2399991 -0.4989776 
148.2799991 -0.4989776 
148.3199991 -0.4989776 
148.3599991 -0.4989776 
148.3999991 -0.4989776 
148.4399991 -0.4989776 
148.5999991 -0.4989776 
150.39999909 -0.4989776 
150.51999909 -0.4989776 
150.59999908 -0.4989776 
150.63999908 -0.4989776 
150.67999908 -0.4989776 
150.71999908 -0.4989776 
150.79999908 -0.4989776 
150.87999908 -0.4989776 
150.91999908 -0.4989776 
150.99999908 -0.4989776 
151.03999908 -0.4989776 
151.15999908 -0.4989776 
151.31999908 -0.4989776 
151.35999908 -0.4989776 
157.39999904 -0.4989776 
157.71999904 -0.4989776 
157.75999904 -0.4989776 
157.91999904 -0.4989776 
168.03999898 -0.4989776 
168.07999898 -0.4989776 
168.11999898 -0.4989776 
168.15999898 -0.4989776 
168.27999898 -0.4989776 
168.31999898 -0.4989776 
168.39999898 -0.4989776 
168.43999898 -0.4989776 
168.51999898 -0.4989776 
168.55999898 -0.4989776 
168.59999898 -0.4989776 
168.71999897 -0.4989776 
168.75999897 -0.4989776 
168.79999897 -0.4989776 
168.87999897 -0.4989776 
168.91999897 -0.4989776 
168.95999897 -0.4989776 
168.99999897 -0.4989776 
169.03999897 -0.4989776 
169.07999897 -0.4989776 
169.11999897 -0.4989776 
169.15999897 -0.4989776 
169.19999897 -0.4989776 
169.23999897 -0.4989776 
169.27999897 -0.4989776 
169.31999897 -0.4989776 
169.35999897 -0.4989776 
169.39999897 -0.4989776 
169.43999897 -0.4989776 
169.47999897 -0.4989776 
169.51999897 -0.4989776 
169.63999897 -0.4989776 
169.67999897 -0.4989776 
169.71999897 -0.4989776 
170.19999897 -0.4989776 
170.79999896 -0.4989776 
171.63999896 -0.4989776 
171.67999896 -0.4989776 
171.71999896 -0.4989776 
171.75999896 -0.4989776 
171.79999896 -0.4989776 
171.83999896 -0.4989776 
171.87999896 -0.4989776 
171.91999896 -0.941496 
171.95999895 -0.941496 
171.99999895 -0.941496 
172.03999895 -0.941496 
172.07999895 -0.4989776 
172.11999895 -0.941496 
172.15999895 -0.941496 
172.19999895 -0.4989776 
172.23999895 -0.941496 
172.27999895 -0.941496 
172.31999895 -0.941496 
172.35999895 -0.941496 
172.39999895 -0.941496 
172.43999895 -0.941496 
172.47999895 -1.382488 
172.51999895 -0.941496 
172.55999895 -0.941496 
172.59999895 -1.382488 
172.63999895 -0.941496 
172.67999895 -1.382488 
172.71999895 -0.941496 
172.75999895 -0.941496 
172.79999895 -0.941496 
172.83999895 -1.825007 
172.87999895 -0.941496 
172.91999895 -1.382488 
172.95999895 -1.382488 
172.99999895 -1.382488 
173.03999895 -0.941496 
173.07999895 -1.382488 
173.11999895 -1.825007 
173.15999895 -1.825007 
173.19999895 -1.382488 
173.23999895 -1.382488 
173.27999895 -0.941496 
173.31999895 -1.382488 
173.35999895 -1.382488 
173.39999895 -1.382488 
173.43999895 -1.382488 
173.47999895 -0.941496 
173.51999895 -1.382488 
173.55999895 -1.382488 
173.59999894 -0.941496 
173.63999894 -0.941496 
173.67999894 -0.941496 
173.71999894 -0.941496 
173.75999894 -0.941496 
173.79999894 -0.941496 
173.83999894 -0.941496 
173.87999894 -0.941496 
173.91999894 -0.941496 
173.95999894 -0.941496 
173.99999894 -0.941496 
174.03999894 -0.941496 
174.07999894 -0.941496 
174.11999894 -0.941496 
174.15999894 -0.941496 
174.19999894 -0.941496 
174.23999894 -0.941496 
174.27999894 -0.4989776 
174.31999894 -0.941496 
174.35999894 -0.941496 
174.39999894 -0.941496 
174.43999894 -0.4989776 
174.47999894 -0.4989776 
174.51999894 -0.4989776 
174.55999894 -0.4989776 
174.59999894 -0.4989776 
174.63999894 -0.4989776 
174.67999894 -0.4989776 
174.71999894 -0.4989776 
174.75999894 -0.941496 
174.79999894 -0.4989776 
174.83999894 -0.4989776 
174.87999894 -0.4989776 
174.95999894 -0.4989776 
174.99999894 -0.4989776 
179.35999891 -0.4989776 
179.43999891 -0.4989776 
182.87999889 -0.4989776 
182.91999889 -0.4989776 
182.95999889 -0.4989776 
182.99999889 -0.4989776 
183.03999889 -0.4989776 
183.07999889 -0.4989776 
183.11999889 -0.4989776 
183.15999889 -0.4989776 
183.19999889 -0.4989776 
183.23999889 -0.941496 
183.27999889 -0.4989776 
183.31999889 -0.941496 
183.35999889 -0.941496 
183.39999889 -0.941496 
183.43999889 -0.941496 
183.47999888 -0.941496 
183.51999888 -0.941496 
183.55999888 -0.941496 
183.59999888 -1.382488 
183.63999888 -0.941496 
183.67999888 -0.941496 
183.71999888 -0.941496 
183.75999888 -0.941496 
183.79999888 -1.825007 
183.83999888 -0.941496 
183.87999888 -0.941496 
183.91999888 -0.941496 
183.95999888 -1.825007 
183.99999888 -0.941496 
184.03999888 -1.382488 
184.07999888 -0.941496 
184.11999888 -1.382488 
184.15999888 -1.825007 
184.19999888 -1.825007 
184.23999888 -1.382488 
184.27999888 -1.825007 
184.31999888 -1.825007 
184.35999888 -1.825007 
184.39999888 -1.825007 
184.43999888 -1.825007 
184.47999888 -1.825007 
184.51999888 -1.825007 
184.55999888 -1.825007 
184.59999888 -1.825007 
184.63999888 -1.825007 
184.67999888 -1.825007 
184.71999888 -1.825007 
184.75999888 -1.382488 
184.79999888 -1.825007 
184.83999888 -1.382488 
184.87999888 -0.941496 
184.91999888 -1.382488 
184.95999888 -1.382488 
184.99999888 -0.941496 
185.03999888 -0.941496 
185.07999888 -0.941496 
185.11999887 -0.941496 
185.15999887 -0.941496 
185.19999887 -0.941496 
185.23999887 -0.941496 
185.27999887 -0.941496 
185.31999887 -0.941496 
185.35999887 -0.941496 
185.39999887 -0.941496 
185.43999887 -0.4989776 
185.47999887 -0.4989776 
185.51999887 -0.4989776 
185.55999887 -0.4989776 
185.59999887 -0.4989776 
185.63999887 -0.941496 
185.67999887 -0.4989776 
194.79999882 -0.4989776 
194.83999882 -0.4989776 
194.87999882 -0.4989776 
194.91999882 -0.4989776 
194.95999882 -0.4989776 
194.99999881 -0.941496 
195.03999881 -0.941496 
195.07999881 -0.941496 
195.11999881 -0.941496 
195.15999881 -0.941496 
195.19999881 -0.941496 
195.23999881 -0.941496 
195.27999881 -0.941496 
195.31999881 -0.941496 
195.35999881 -0.941496 
195.39999881 -0.941496 
195.43999881 -0.941496 
195.47999881 -1.382488 
195.51999881 -1.382488 
195.55999881 -1.382488 
195.59999881 -1.382488 
195.63999881 -1.825007 
195.67999881 -1.825007 
195.71999881 -1.382488 
195.75999881 -1.382488 
195.79999881 -0.941496 
195.83999881 -1.382488 
195.87999881 -1.382488 
195.91999881 -1.382488 
195.95999881 -1.825007 
195.99999881 -0.941496 
196.03999881 -1.825007 
196.07999881 -0.941496 
196.11999881 -1.825007 
196.15999881 -0.941496 
196.19999881 -0.941496 
196.23999881 -0.941496 
196.27999881 -0.941496 
196.31999881 -0.941496 
196.35999881 -0.941496 
196.39999881 -0.941496 
196.43999881 -1.382488 
196.47999881 -0.941496 
196.51999881 -0.941496 
196.55999881 -0.941496 
196.59999881 -0.941496 
196.6399988 -1.825007 
196.6799988 -0.941496 
196.7599988 -0.4989776 
196.7999988 -0.941496 
196.8399988 -0.941496 
196.8799988 -0.4989776 
196.9199988 -0.941496 
196.9599988 -0.4989776 
197.1199988 -1.382488 
197.1599988 -0.941496 
197.2799988 -0.4989776 
197.3999988 -0.4989776 
200.11999878 -0.4989776 
0 0 
