0.0 -5.803094 
0.04 -6.244087 
0.08 -5.803094 
0.12 -5.803094 
0.16 -5.803094 
0.2 -5.803094 
0.24 -5.803094 
0.28 -5.803094 
0.32 -5.360576 
0.36 -5.360576 
0.4 -5.360576 
0.44 -5.360576 
0.48 -4.919584 
0.52 -5.360576 
0.56 -5.360576 
0.6 -4.477065 
0.64 -4.477065 
0.68 -4.477065 
0.72 -4.034547 
0.76 -4.034547 
0.8 -3.593554 
0.83999999 -3.593554 
0.87999999 -3.593554 
0.91999999 -3.593554 
0.95999999 -3.593554 
0.99999999 -3.593554 
1.03999999 -3.151036 
1.07999999 -2.708518 
1.11999999 -2.708518 
1.15999999 -3.151036 
1.19999999 -2.708518 
1.23999999 -3.151036 
1.27999999 -2.708518 
1.31999999 -2.267525 
1.35999999 -2.267525 
1.39999999 -2.267525 
1.43999999 -1.825007 
1.47999999 -2.267525 
1.51999999 -2.267525 
1.55999999 -1.825007 
1.59999999 -1.825007 
1.63999999 -1.825007 
1.67999999 -1.825007 
1.71999999 -1.825007 
1.75999999 -1.825007 
1.79999999 -1.825007 
1.83999999 -1.825007 
1.87999999 -1.382488 
1.91999999 -1.382488 
1.95999999 -1.382488 
1.99999999 -0.941496 
2.03999999 -1.382488 
2.07999999 -0.941496 
2.11999999 -0.941496 
2.15999999 -1.382488 
2.19999999 -0.941496 
2.23999999 -0.941496 
2.27999999 -0.941496 
2.31999999 -0.941496 
2.35999999 -0.941496 
2.39999999 -0.941496 
2.43999999 -0.941496 
2.47999998 -0.941496 
2.51999998 -0.941496 
2.55999998 -0.941496 
2.59999998 -0.941496 
2.63999998 -0.941496 
2.67999998 -0.941496 
2.71999998 -0.941496 
2.75999998 -0.941496 
2.79999998 -0.941496 
2.83999998 -0.941496 
2.87999998 -0.941496 
2.91999998 -0.941496 
2.95999998 -0.941496 
2.99999998 -0.941496 
3.03999998 -0.941496 
3.07999998 -0.941496 
3.11999998 -0.941496 
3.15999998 -0.941496 
3.19999998 -0.941496 
3.23999998 -0.941496 
3.27999998 -0.941496 
3.31999998 -0.941496 
3.35999998 -0.941496 
3.39999998 -0.941496 
3.43999998 -0.941496 
3.47999998 -0.941496 
3.51999998 -1.825007 
3.55999998 -0.941496 
3.59999998 -0.941496 
3.63999998 -1.382488 
3.67999998 -0.941496 
3.71999998 -0.941496 
3.75999998 -0.941496 
3.79999998 -0.941496 
3.83999998 -1.382488 
3.87999998 -1.382488 
3.91999998 -0.941496 
3.95999998 -0.941496 
3.99999998 -0.941496 
4.03999998 -0.941496 
4.07999998 -0.941496 
4.11999997 -1.825007 
4.15999997 -0.941496 
4.19999997 -1.825007 
4.23999997 -0.941496 
4.27999997 -1.382488 
4.31999997 -1.382488 
4.35999997 -1.825007 
4.39999997 -1.382488 
4.43999997 -0.941496 
4.47999997 -0.941496 
4.51999997 -0.941496 
4.55999997 -1.382488 
4.59999997 -1.382488 
4.63999997 -0.941496 
4.67999997 -1.382488 
4.71999997 -1.382488 
4.75999997 -1.382488 
4.79999997 -1.825007 
4.83999997 -0.941496 
4.87999997 -1.825007 
4.91999997 -0.941496 
4.95999997 -0.941496 
4.99999997 -0.941496 
5.03999997 -0.941496 
5.07999997 -0.941496 
5.11999997 -0.941496 
5.15999997 -0.941496 
5.19999997 -0.941496 
5.23999997 -0.941496 
5.27999997 -0.941496 
5.31999997 -0.941496 
5.35999997 -0.941496 
5.39999997 -0.941496 
5.43999997 -0.941496 
5.47999997 -0.941496 
5.51999997 -0.941496 
5.55999997 -0.941496 
5.59999997 -0.4989776 
5.63999997 -0.941496 
5.67999997 -0.941496 
5.71999997 -0.941496 
5.75999996 -0.4989776 
5.79999996 -0.4989776 
5.83999996 -0.941496 
5.87999996 -0.941496 
5.91999996 -0.4989776 
5.95999996 -0.4989776 
6.03999996 -0.4989776 
6.07999996 -0.4989776 
6.83999996 -0.4989776 
6.99999996 -0.4989776 
7.03999996 -0.4989776 
7.07999996 -0.4989776 
7.11999996 -0.4989776 
7.15999996 -0.4989776 
7.19999996 -0.4989776 
7.23999996 -0.941496 
7.27999996 -0.941496 
7.31999996 -0.941496 
7.35999996 -0.941496 
7.39999996 -0.941496 
7.43999995 -0.941496 
7.47999995 -0.941496 
7.51999995 -0.941496 
7.55999995 -0.941496 
7.59999995 -1.382488 
7.63999995 -1.382488 
7.67999995 -0.941496 
7.71999995 -1.382488 
7.75999995 -1.825007 
7.79999995 -1.825007 
7.83999995 -1.825007 
7.87999995 -1.825007 
7.91999995 -1.825007 
7.95999995 -2.267525 
7.99999995 -2.267525 
8.03999995 -2.267525 
8.07999995 -2.708518 
8.11999995 -2.267525 
8.15999995 -2.267525 
8.19999995 -2.708518 
8.23999995 -2.708518 
8.27999995 -2.708518 
8.31999995 -3.151036 
8.35999995 -2.708518 
8.39999995 -3.151036 
8.43999995 -3.151036 
8.47999995 -3.593554 
8.51999995 -3.151036 
8.55999995 -3.593554 
8.59999995 -4.034547 
8.63999995 -2.267525 
8.67999995 -3.593554 
8.71999995 -3.593554 
8.75999995 -3.593554 
8.79999995 -3.593554 
8.83999995 -4.034547 
8.87999995 -3.593554 
8.91999995 -3.593554 
8.95999995 -4.034547 
8.99999995 -4.034547 
9.03999995 -4.034547 
9.07999994 -4.477065 
9.11999994 -4.034547 
9.15999994 -4.477065 
9.19999994 -4.034547 
9.23999994 -4.034547 
9.27999994 -4.034547 
9.31999994 -4.477065 
9.35999994 -4.034547 
9.39999994 -4.034547 
9.43999994 -4.477065 
9.47999994 -4.477065 
9.51999994 -4.034547 
9.55999994 -4.034547 
9.59999994 -4.477065 
9.63999994 -4.477065 
9.67999994 -4.034547 
9.71999994 -4.034547 
9.75999994 -4.034547 
9.79999994 -4.034547 
9.83999994 -4.034547 
9.87999994 -4.034547 
9.91999994 -3.593554 
9.95999994 -3.593554 
9.99999994 -3.593554 
10.03999994 -3.593554 
10.07999994 -3.593554 
10.11999994 -3.151036 
10.15999994 -3.151036 
10.19999994 -3.151036 
10.23999994 -3.151036 
10.27999994 -3.151036 
10.31999994 -3.151036 
10.35999994 -2.708518 
10.39999994 -2.267525 
10.43999994 -2.708518 
10.47999994 -2.267525 
10.51999994 -2.267525 
10.55999994 -1.825007 
10.59999994 -1.825007 
10.63999994 -1.825007 
10.67999994 -1.825007 
10.71999993 -1.825007 
10.75999993 -1.382488 
10.79999993 -0.941496 
10.83999993 -0.941496 
10.87999993 -0.941496 
10.91999993 -0.4989776 
10.99999993 -0.4989776 
14.83999991 -0.4989776 
14.87999991 -0.4989776 
14.91999991 -0.4989776 
14.95999991 -0.4989776 
14.99999991 -0.4989776 
15.03999991 -0.4989776 
15.07999991 -0.941496 
15.11999991 -0.941496 
15.15999991 -1.382488 
15.19999991 -0.941496 
15.23999991 -1.382488 
15.27999991 -1.825007 
15.31999991 -1.382488 
15.35999991 -1.825007 
15.39999991 -1.825007 
15.43999991 -1.825007 
15.47999991 -1.825007 
15.51999991 -2.267525 
15.55999991 -2.267525 
15.59999991 -2.267525 
15.6399999 -2.267525 
15.6799999 -2.267525 
15.7199999 -2.267525 
15.7599999 -2.708518 
15.7999999 -2.708518 
15.8399999 -2.267525 
15.8799999 -2.267525 
15.9199999 -2.708518 
15.9599999 -3.593554 
15.9999999 -2.708518 
16.0399999 -2.267525 
16.0799999 -3.151036 
16.1199999 -3.151036 
16.1599999 -2.267525 
16.1999999 -2.708518 
16.2399999 -2.708518 
16.2799999 -2.708518 
16.3199999 -2.708518 
16.3599999 -2.708518 
16.3999999 -2.267525 
16.4399999 -2.267525 
16.4799999 -2.708518 
16.5199999 -2.708518 
16.5599999 -2.267525 
16.5999999 -2.267525 
16.6399999 -2.267525 
16.6799999 -2.267525 
16.7199999 -2.267525 
16.7599999 -2.267525 
16.7999999 -1.825007 
16.8399999 -1.825007 
16.8799999 -1.825007 
16.9199999 -1.825007 
16.9599999 -1.825007 
16.9999999 -1.825007 
17.0399999 -1.382488 
17.0799999 -1.825007 
17.1199999 -1.382488 
17.1599999 -0.941496 
17.1999999 -1.825007 
17.2399999 -0.941496 
17.27999989 -0.941496 
17.31999989 -0.941496 
17.35999989 -0.941496 
17.39999989 -0.941496 
17.43999989 -0.941496 
17.47999989 -0.941496 
17.51999989 -0.4989776 
17.59999989 -0.4989776 
19.23999988 -0.4989776 
19.31999988 -0.4989776 
19.39999988 -0.4989776 
19.43999988 -0.4989776 
19.47999988 -0.4989776 
19.51999988 -0.4989776 
19.55999988 -0.941496 
19.59999988 -0.941496 
19.63999988 -0.941496 
19.67999988 -0.941496 
19.71999988 -1.382488 
19.75999988 -1.382488 
19.79999988 -1.382488 
19.83999988 -1.825007 
19.87999988 -1.825007 
19.91999988 -1.825007 
19.95999988 -1.825007 
19.99999988 -1.825007 
20.03999988 -2.708518 
20.07999988 -1.825007 
20.11999988 -0.941496 
20.15999988 -2.708518 
20.19999988 -3.151036 
20.23999988 -2.267525 
20.27999988 -2.267525 
20.31999988 -2.708518 
20.35999988 -2.708518 
20.39999988 -2.708518 
20.43999988 -2.708518 
20.47999988 -2.267525 
20.51999988 -3.151036 
20.55999988 -4.477065 
20.59999987 -3.593554 
20.63999987 -2.267525 
20.67999987 -3.151036 
20.71999987 -4.034547 
20.75999987 -2.708518 
20.79999987 -3.151036 
20.83999987 -4.477065 
20.87999987 -3.593554 
20.91999987 -3.151036 
20.95999987 -3.593554 
20.99999987 -3.593554 
21.03999987 -4.034547 
21.07999987 -3.593554 
21.11999987 -3.593554 
21.15999987 -3.593554 
21.19999987 -3.593554 
21.23999987 -3.593554 
21.27999987 -4.034547 
21.31999987 -3.593554 
21.35999987 -4.034547 
21.39999987 -3.593554 
21.43999987 -3.593554 
21.47999987 -3.593554 
21.51999987 -2.708518 
21.55999987 -3.593554 
21.59999987 -3.593554 
21.63999987 -3.151036 
21.67999987 -3.593554 
21.71999987 -3.593554 
21.75999987 -3.593554 
21.79999987 -3.151036 
21.83999987 -3.593554 
21.87999987 -3.593554 
21.91999987 -3.151036 
21.95999987 -3.593554 
21.99999987 -3.151036 
22.03999987 -3.593554 
22.07999987 -3.593554 
22.11999987 -3.151036 
22.15999987 -3.151036 
22.19999987 -3.151036 
22.23999986 -2.708518 
22.27999986 -3.151036 
22.31999986 -3.593554 
22.35999986 -3.151036 
22.39999986 -2.708518 
22.43999986 -3.151036 
22.47999986 -3.151036 
22.51999986 -3.151036 
22.55999986 -3.593554 
22.59999986 -3.151036 
22.63999986 -3.151036 
22.67999986 -2.708518 
22.71999986 -2.708518 
22.75999986 -2.708518 
22.79999986 -2.708518 
22.83999986 -2.708518 
22.87999986 -2.708518 
22.91999986 -3.151036 
22.95999986 -1.382488 
22.99999986 -2.708518 
23.03999986 -3.151036 
23.07999986 -2.708518 
23.11999986 -2.267525 
23.15999986 -2.708518 
23.19999986 -2.267525 
23.23999986 -2.267525 
23.27999986 -2.267525 
23.31999986 -2.267525 
23.35999986 -2.267525 
23.39999986 -1.825007 
23.43999986 -1.825007 
23.47999986 -1.825007 
23.51999986 -2.267525 
23.55999986 -1.825007 
23.59999986 -1.825007 
23.63999986 -1.825007 
23.67999986 -1.382488 
23.71999986 -1.382488 
23.75999986 -1.382488 
23.79999986 -1.382488 
23.83999986 -0.941496 
23.87999985 -0.941496 
23.91999985 -1.382488 
23.95999985 -0.941496 
23.99999985 -0.941496 
24.03999985 -0.941496 
24.07999985 -0.941496 
24.11999985 -0.941496 
24.15999985 -0.941496 
24.19999985 -0.941496 
24.23999985 -0.941496 
24.27999985 -0.4989776 
24.31999985 -0.941496 
24.35999985 -0.4989776 
24.39999985 -0.941496 
24.43999985 -0.941496 
24.47999985 -0.4989776 
24.51999985 -0.941496 
24.55999985 -0.941496 
24.59999985 -0.4989776 
24.63999985 -0.941496 
24.67999985 -0.941496 
24.71999985 -0.941496 
24.75999985 -0.4989776 
24.79999985 -0.941496 
24.83999985 -0.941496 
24.87999985 -0.941496 
24.91999985 -0.941496 
24.95999985 -0.941496 
24.99999985 -0.941496 
25.03999985 -0.941496 
25.07999985 -0.941496 
25.11999985 -0.941496 
25.15999985 -0.941496 
25.19999985 -0.941496 
25.23999985 -0.941496 
25.27999985 -0.941496 
25.31999985 -0.941496 
25.35999985 -0.941496 
25.39999985 -0.941496 
25.43999985 -0.941496 
25.47999985 -0.941496 
25.51999984 -1.382488 
25.55999984 -1.382488 
25.59999984 -0.941496 
25.63999984 -1.382488 
25.67999984 -1.382488 
25.71999984 -1.382488 
25.75999984 -1.382488 
25.79999984 -1.825007 
25.83999984 -1.382488 
25.87999984 -1.825007 
25.91999984 -1.825007 
25.95999984 -1.382488 
25.99999984 -1.382488 
26.03999984 -1.825007 
26.07999984 -1.382488 
26.11999984 -1.825007 
26.15999984 -1.825007 
26.19999984 -1.825007 
26.23999984 -1.825007 
26.27999984 -1.825007 
26.31999984 -1.825007 
26.35999984 -1.382488 
26.39999984 -1.825007 
26.43999984 -1.382488 
26.47999984 -1.825007 
26.51999984 -1.382488 
26.55999984 -1.382488 
26.59999984 -1.382488 
26.63999984 -1.825007 
26.67999984 -1.825007 
26.71999984 -1.825007 
26.75999984 -1.825007 
26.79999984 -1.825007 
26.83999984 -1.825007 
26.87999984 -1.825007 
26.91999984 -1.382488 
26.95999984 -1.382488 
26.99999984 -1.825007 
27.03999984 -0.941496 
27.07999984 -0.941496 
27.11999984 -0.941496 
27.15999983 -0.941496 
27.19999983 -0.941496 
27.23999983 -0.941496 
27.27999983 -0.941496 
27.31999983 -0.941496 
27.35999983 -0.941496 
27.39999983 -0.941496 
27.43999983 -0.4989776 
27.47999983 -0.941496 
27.51999983 -0.941496 
27.55999983 -0.941496 
27.59999983 -0.941496 
27.63999983 -0.941496 
27.67999983 -0.941496 
27.71999983 -0.941496 
27.75999983 -0.4989776 
27.79999983 -0.4989776 
27.83999983 -0.4989776 
27.87999983 -0.4989776 
27.91999983 -0.4989776 
27.95999983 -0.4989776 
28.03999983 -0.4989776 
28.11999983 -0.4989776 
30.11999982 -0.4989776 
30.19999982 -0.4989776 
30.23999982 -0.4989776 
30.27999982 -0.4989776 
30.31999982 -0.941496 
30.35999982 -0.941496 
30.39999982 -0.941496 
30.43999982 -0.941496 
30.47999981 -0.941496 
30.51999981 -0.941496 
30.55999981 -0.941496 
30.59999981 -0.941496 
30.63999981 -0.941496 
30.67999981 -0.941496 
30.71999981 -0.941496 
30.75999981 -1.825007 
30.79999981 -1.825007 
30.83999981 -1.825007 
30.87999981 -1.825007 
30.91999981 -1.825007 
30.95999981 -1.825007 
30.99999981 -1.825007 
31.03999981 -1.825007 
31.07999981 -1.825007 
31.11999981 -2.267525 
31.15999981 -2.267525 
31.19999981 -2.267525 
31.23999981 -2.267525 
31.27999981 -2.708518 
31.31999981 -2.708518 
31.35999981 -2.708518 
31.39999981 -2.267525 
31.43999981 -2.708518 
31.47999981 -2.708518 
31.51999981 -3.151036 
31.55999981 -2.708518 
31.59999981 -3.151036 
31.63999981 -2.708518 
31.67999981 -3.151036 
31.71999981 -3.151036 
31.75999981 -3.151036 
31.79999981 -3.593554 
31.83999981 -3.593554 
31.87999981 -3.593554 
31.91999981 -3.593554 
31.95999981 -3.593554 
31.99999981 -3.593554 
32.03999981 -3.593554 
32.07999981 -4.034547 
32.1199998 -4.034547 
32.1599998 -4.034547 
32.1999998 -4.034547 
32.2399998 -4.477065 
32.2799998 -4.034547 
32.3199998 -4.034547 
32.3599998 -4.034547 
32.3999998 -4.034547 
32.4399998 -4.034547 
32.4799998 -4.034547 
32.5199998 -4.034547 
32.5599998 -4.034547 
32.5999998 -4.477065 
32.6399998 -4.034547 
32.6799998 -4.034547 
32.7199998 -4.034547 
32.7599998 -4.034547 
32.7999998 -4.034547 
32.8399998 -4.034547 
32.8799998 -3.593554 
32.9199998 -3.593554 
32.9599998 -4.034547 
32.9999998 -3.593554 
33.0399998 -3.593554 
33.0799998 -3.593554 
33.1199998 -3.593554 
33.1599998 -3.151036 
33.1999998 -3.151036 
33.2399998 -3.151036 
33.2799998 -2.708518 
33.3199998 -3.151036 
33.3599998 -3.151036 
33.3999998 -2.708518 
33.4399998 -2.708518 
33.4799998 -2.708518 
33.5199998 -2.708518 
33.5599998 -2.708518 
33.5999998 -2.267525 
33.6399998 -2.267525 
33.6799998 -2.267525 
33.7199998 -1.825007 
33.75999979 -2.267525 
33.79999979 -1.825007 
33.83999979 -1.382488 
33.87999979 -1.825007 
33.91999979 -1.382488 
33.95999979 -1.825007 
33.99999979 -1.382488 
34.03999979 -0.941496 
34.07999979 -0.941496 
34.11999979 -0.941496 
34.15999979 -0.4989776 
34.19999979 -0.941496 
34.23999979 -0.4989776 
34.27999979 -0.4989776 
34.31999979 -0.4989776 
34.35999979 -0.4989776 
34.39999979 -0.4989776 
36.11999978 -0.4989776 
36.15999978 -0.4989776 
36.19999978 -0.4989776 
36.23999978 -0.941496 
36.27999978 -0.941496 
36.31999978 -0.941496 
36.35999978 -0.941496 
36.39999978 -0.941496 
36.43999978 -1.382488 
36.47999978 -0.941496 
36.51999978 -0.941496 
36.55999978 -1.825007 
36.59999978 -1.825007 
36.63999978 -1.825007 
36.67999978 -1.825007 
36.71999978 -1.825007 
36.75999978 -2.267525 
36.79999978 -2.267525 
36.83999978 -2.267525 
36.87999978 -2.708518 
36.91999978 -2.267525 
36.95999978 -2.708518 
36.99999978 -2.708518 
37.03999977 -2.708518 
37.07999977 -3.151036 
37.11999977 -3.151036 
37.15999977 -3.593554 
37.19999977 -3.151036 
37.23999977 -3.593554 
37.27999977 -3.593554 
37.31999977 -3.593554 
37.35999977 -3.593554 
37.39999977 -3.593554 
37.43999977 -4.034547 
37.47999977 -3.593554 
37.51999977 -4.034547 
37.55999977 -3.593554 
37.59999977 -3.593554 
37.63999977 -4.034547 
37.67999977 -4.034547 
37.71999977 -4.477065 
37.75999977 -4.034547 
37.79999977 -4.477065 
37.83999977 -4.034547 
37.87999977 -4.034547 
37.91999977 -4.034547 
37.95999977 -4.034547 
37.99999977 -4.477065 
38.03999977 -4.477065 
38.07999977 -4.034547 
38.11999977 -4.034547 
38.15999977 -4.034547 
38.19999977 -4.477065 
38.23999977 -4.477065 
38.27999977 -4.034547 
38.31999977 -4.034547 
38.35999977 -4.034547 
38.39999977 -4.034547 
38.43999977 -4.034547 
38.47999977 -3.593554 
38.51999977 -4.034547 
38.55999977 -4.034547 
38.59999977 -3.593554 
38.63999977 -3.593554 
38.67999976 -3.593554 
38.71999976 -3.593554 
38.75999976 -3.151036 
38.79999976 -3.151036 
38.83999976 -3.151036 
38.87999976 -3.151036 
38.91999976 -3.151036 
38.95999976 -2.708518 
38.99999976 -3.151036 
39.03999976 -2.708518 
39.07999976 -3.151036 
39.11999976 -2.708518 
39.15999976 -2.708518 
39.19999976 -2.267525 
39.23999976 -2.267525 
39.27999976 -2.267525 
39.31999976 -2.267525 
39.35999976 -2.267525 
39.39999976 -1.825007 
39.43999976 -1.825007 
39.47999976 -1.825007 
39.51999976 -1.825007 
39.55999976 -1.825007 
39.59999976 -1.382488 
39.63999976 -1.382488 
39.67999976 -0.941496 
39.71999976 -0.941496 
39.75999976 -0.941496 
39.79999976 -0.941496 
39.83999976 -0.941496 
39.87999976 -0.941496 
39.91999976 -0.4989776 
39.95999976 -0.4989776 
39.99999976 -0.4989776 
43.19999974 -0.4989776 
43.23999974 -0.4989776 
43.27999974 -0.4989776 
43.31999974 -0.941496 
43.35999974 -0.941496 
43.39999974 -0.4989776 
43.43999974 -0.4989776 
43.47999974 -0.941496 
43.51999974 -0.941496 
43.55999974 -0.4989776 
43.59999974 -0.941496 
43.63999973 -0.941496 
43.67999973 -0.941496 
43.71999973 -1.382488 
43.75999973 -1.825007 
43.79999973 -0.941496 
43.83999973 -1.382488 
43.87999973 -1.382488 
43.91999973 -1.382488 
43.95999973 -0.941496 
43.99999973 -1.382488 
44.03999973 -1.825007 
44.07999973 -1.382488 
44.11999973 -1.825007 
44.15999973 -1.382488 
44.19999973 -1.825007 
44.23999973 -1.825007 
44.27999973 -1.825007 
44.31999973 -1.825007 
44.35999973 -1.825007 
44.39999973 -1.825007 
44.43999973 -1.825007 
44.47999973 -1.825007 
44.51999973 -1.825007 
44.55999973 -1.825007 
44.59999973 -1.825007 
44.63999973 -1.825007 
44.67999973 -1.825007 
44.71999973 -1.825007 
44.75999973 -1.825007 
44.79999973 -1.825007 
44.83999973 -1.825007 
44.87999973 -1.825007 
44.91999973 -1.825007 
44.95999973 -1.825007 
44.99999973 -2.267525 
45.03999973 -1.825007 
45.07999973 -1.825007 
45.11999973 -1.825007 
45.15999973 -1.825007 
45.19999973 -1.825007 
45.23999973 -1.825007 
45.27999972 -1.825007 
45.31999972 -1.825007 
45.35999972 -1.825007 
45.39999972 -1.825007 
45.43999972 -1.825007 
45.47999972 -1.825007 
45.51999972 -1.825007 
45.55999972 -1.825007 
45.59999972 -1.825007 
45.63999972 -1.825007 
45.67999972 -1.825007 
45.71999972 -1.825007 
45.75999972 -1.825007 
45.79999972 -1.825007 
45.83999972 -1.825007 
45.87999972 -1.825007 
45.91999972 -1.825007 
45.95999972 -1.382488 
45.99999972 -1.382488 
46.03999972 -1.825007 
46.07999972 -1.825007 
46.11999972 -1.825007 
46.15999972 -1.825007 
46.19999972 -1.382488 
46.23999972 -1.825007 
46.27999972 -1.825007 
46.31999972 -1.382488 
46.35999972 -1.382488 
46.39999972 -1.382488 
46.43999972 -0.941496 
46.47999972 -0.941496 
46.51999972 -1.825007 
46.55999972 -1.382488 
46.59999972 -0.941496 
46.63999972 -1.382488 
46.67999972 -1.382488 
46.71999972 -1.382488 
46.75999972 -1.382488 
46.79999972 -1.382488 
46.83999972 -1.825007 
46.87999972 -0.941496 
46.91999971 -0.941496 
46.95999971 -0.941496 
46.99999971 -1.825007 
47.03999971 -1.825007 
47.07999971 -1.825007 
47.11999971 -2.267525 
47.15999971 -1.382488 
47.19999971 -1.825007 
47.23999971 -2.267525 
47.27999971 -1.825007 
47.31999971 -1.825007 
47.35999971 -1.825007 
47.39999971 -1.825007 
47.43999971 -1.825007 
47.47999971 -1.825007 
47.51999971 -1.382488 
47.55999971 -1.382488 
47.59999971 -2.708518 
47.63999971 -3.151036 
47.67999971 -1.382488 
47.71999971 -1.382488 
47.75999971 -2.708518 
47.79999971 -2.267525 
47.83999971 -0.4989776 
47.87999971 -2.267525 
47.91999971 -2.708518 
47.95999971 -1.825007 
47.99999971 -1.382488 
48.03999971 -1.825007 
48.07999971 -2.267525 
48.11999971 -2.267525 
48.15999971 -1.825007 
48.19999971 -1.825007 
48.23999971 -2.267525 
48.27999971 -2.267525 
48.31999971 -1.825007 
48.35999971 -2.267525 
48.39999971 -1.825007 
48.43999971 -2.267525 
48.47999971 -1.825007 
48.51999971 -1.825007 
48.5599997 -1.825007 
48.5999997 -2.267525 
48.6399997 -1.825007 
48.6799997 -1.825007 
48.7199997 -1.825007 
48.7599997 -1.825007 
48.7999997 -1.825007 
48.8399997 -1.825007 
48.8799997 -1.825007 
48.9199997 -1.825007 
48.9599997 -1.825007 
48.9999997 -1.825007 
49.0399997 -2.708518 
49.0799997 -2.267525 
49.1199997 -1.382488 
49.1599997 -1.825007 
49.1999997 -1.825007 
49.2399997 -1.382488 
49.2799997 -1.825007 
49.3199997 -0.941496 
49.3599997 -1.825007 
49.3999997 -1.825007 
49.4399997 -1.382488 
49.4799997 -1.825007 
49.5199997 -1.382488 
49.5599997 -0.941496 
49.5999997 -1.382488 
49.6399997 -0.941496 
49.6799997 -1.382488 
49.7199997 -1.382488 
49.7599997 -0.941496 
49.7999997 -0.941496 
49.8399997 -0.941496 
49.8799997 -0.941496 
49.9199997 -0.941496 
49.9599997 -0.941496 
49.9999997 -0.4989776 
50.0399997 -0.4989776 
50.0799997 -0.4989776 
50.1199997 -0.4989776 
50.1599997 -0.4989776 
50.19999969 -0.4989776 
50.23999969 -0.4989776 
50.27999969 -0.4989776 
50.39999969 -0.4989776 
52.99999968 -0.4989776 
53.03999968 -0.4989776 
53.07999968 -0.941496 
53.11999968 -0.941496 
53.15999968 -0.941496 
53.19999968 -0.941496 
53.23999968 -0.941496 
53.27999968 -0.941496 
53.31999968 -1.382488 
53.35999968 -1.382488 
53.39999968 -1.825007 
53.43999968 -1.825007 
53.47999967 -1.825007 
53.51999967 -1.825007 
53.55999967 -2.267525 
53.59999967 -2.267525 
53.63999967 -2.267525 
53.67999967 -2.267525 
53.71999967 -2.267525 
53.75999967 -2.708518 
53.79999967 -2.708518 
53.83999967 -3.151036 
53.87999967 -3.151036 
53.91999967 -2.708518 
53.95999967 -3.593554 
53.99999967 -3.151036 
54.03999967 -3.151036 
54.07999967 -3.593554 
54.11999967 -3.593554 
54.15999967 -4.034547 
54.19999967 -4.034547 
54.23999967 -4.034547 
54.27999967 -3.593554 
54.31999967 -4.034547 
54.35999967 -4.477065 
54.39999967 -4.477065 
54.43999967 -4.477065 
54.47999967 -4.477065 
54.51999967 -4.477065 
54.55999967 -4.477065 
54.59999967 -4.477065 
54.63999967 -4.919584 
54.67999967 -4.919584 
54.71999967 -5.360576 
54.75999967 -5.360576 
54.79999967 -5.360576 
54.83999967 -5.360576 
54.87999967 -5.360576 
54.91999967 -5.803094 
54.95999967 -5.360576 
54.99999967 -5.360576 
55.03999967 -5.803094 
55.07999967 -5.803094 
55.11999967 -5.803094 
55.15999966 -5.803094 
55.19999966 -5.803094 
55.23999966 -5.803094 
55.27999966 -5.803094 
55.31999966 -5.803094 
55.35999966 -5.803094 
55.39999966 -5.803094 
55.43999966 -5.803094 
55.47999966 -5.803094 
55.51999966 -5.803094 
55.55999966 -5.803094 
55.59999966 -5.803094 
55.63999966 -5.360576 
55.67999966 -5.360576 
55.71999966 -5.360576 
55.75999966 -5.360576 
55.79999966 -5.360576 
55.83999966 -5.360576 
55.87999966 -5.360576 
55.91999966 -5.360576 
55.95999966 -5.360576 
55.99999966 -4.919584 
56.03999966 -4.919584 
56.07999966 -4.919584 
56.11999966 -4.919584 
56.15999966 -4.477065 
56.19999966 -4.477065 
56.23999966 -4.477065 
56.27999966 -4.477065 
56.31999966 -4.477065 
56.35999966 -4.477065 
56.39999966 -4.034547 
56.43999966 -4.034547 
56.47999966 -4.034547 
56.51999966 -4.034547 
56.55999966 -4.034547 
56.59999966 -4.034547 
56.63999966 -4.034547 
56.67999966 -3.593554 
56.71999966 -3.593554 
56.75999966 -3.593554 
56.79999965 -3.151036 
56.83999965 -3.593554 
56.87999965 -2.708518 
56.91999965 -3.151036 
56.95999965 -3.151036 
56.99999965 -2.708518 
57.03999965 -2.708518 
57.07999965 -2.708518 
57.11999965 -2.708518 
57.15999965 -2.267525 
57.19999965 -2.267525 
57.23999965 -2.267525 
57.27999965 -2.267525 
57.31999965 -2.267525 
57.35999965 -1.825007 
57.39999965 -1.825007 
57.43999965 -2.267525 
57.47999965 -1.825007 
57.51999965 -1.825007 
57.55999965 -1.825007 
57.59999965 -1.825007 
57.63999965 -1.825007 
57.67999965 -1.382488 
57.71999965 -1.825007 
57.75999965 -0.941496 
57.79999965 -1.825007 
57.83999965 -1.825007 
57.87999965 -0.941496 
57.91999965 -1.382488 
57.95999965 -0.941496 
57.99999965 -0.941496 
58.03999965 -0.941496 
58.07999965 -0.941496 
58.11999965 -0.941496 
58.15999965 -0.941496 
58.19999965 -0.941496 
58.23999965 -0.4989776 
58.27999965 -0.4989776 
58.31999965 -0.4989776 
58.35999965 -0.941496 
58.39999965 -0.4989776 
58.43999964 -0.4989776 
58.47999964 -0.4989776 
58.51999964 -0.4989776 
58.55999964 -0.941496 
58.59999964 -0.4989776 
58.63999964 -0.4989776 
58.67999964 -0.4989776 
58.71999964 -0.4989776 
58.79999964 -0.4989776 
59.03999964 -0.4989776 
59.15999964 -0.4989776 
59.19999964 -0.4989776 
59.43999964 -0.4989776 
59.51999964 -0.4989776 
59.55999964 -0.4989776 
59.63999964 -0.4989776 
59.67999964 -0.4989776 
59.71999964 -0.4989776 
59.75999964 -0.4989776 
59.79999964 -0.4989776 
59.83999964 -0.4989776 
59.87999964 -0.4989776 
59.91999964 -0.4989776 
59.95999964 -0.4989776 
59.99999964 -0.941496 
60.03999964 -0.4989776 
60.07999963 -0.941496 
60.11999963 -0.941496 
60.15999963 -0.941496 
60.19999963 -0.941496 
60.23999963 -0.941496 
60.27999963 -0.941496 
60.31999963 -0.941496 
60.35999963 -0.941496 
60.39999963 -0.941496 
60.43999963 -0.941496 
60.47999963 -0.941496 
60.51999963 -1.382488 
60.55999963 -1.382488 
60.59999963 -0.941496 
60.63999963 -1.825007 
60.67999963 -1.825007 
60.71999963 -1.382488 
60.75999963 -1.825007 
60.79999963 -1.825007 
60.83999963 -1.825007 
60.87999963 -1.825007 
60.91999963 -1.825007 
60.95999963 -1.825007 
60.99999963 -1.825007 
61.03999963 -2.267525 
61.07999963 -2.267525 
61.11999963 -1.825007 
61.15999963 -1.825007 
61.19999963 -1.825007 
61.23999963 -2.267525 
61.27999963 -2.267525 
61.31999963 -2.267525 
61.35999963 -1.825007 
61.39999963 -2.267525 
61.43999963 -2.267525 
61.47999963 -2.267525 
61.51999963 -2.267525 
61.55999963 -2.267525 
61.59999963 -2.708518 
61.63999963 -2.267525 
61.67999963 -2.708518 
61.71999962 -2.708518 
61.75999962 -2.708518 
61.79999962 -3.593554 
61.83999962 -3.151036 
61.87999962 -2.708518 
61.91999962 -2.708518 
61.95999962 -3.151036 
61.99999962 -2.708518 
62.03999962 -3.151036 
62.07999962 -3.151036 
62.11999962 -2.708518 
62.15999962 -3.151036 
62.19999962 -3.151036 
62.23999962 -3.151036 
62.27999962 -3.151036 
62.31999962 -2.708518 
62.35999962 -2.708518 
62.39999962 -3.151036 
62.43999962 -2.708518 
62.47999962 -2.708518 
62.51999962 -2.708518 
62.55999962 -2.708518 
62.59999962 -2.708518 
62.63999962 -2.708518 
62.67999962 -2.708518 
62.71999962 -2.708518 
62.75999962 -2.267525 
62.79999962 -2.267525 
62.83999962 -2.267525 
62.87999962 -2.267525 
62.91999962 -2.267525 
62.95999962 -2.267525 
62.99999962 -1.825007 
63.03999962 -2.267525 
63.07999962 -2.267525 
63.11999962 -1.825007 
63.15999962 -1.825007 
63.19999962 -1.825007 
63.23999962 -1.382488 
63.27999962 -1.825007 
63.31999962 -1.382488 
63.35999961 -0.941496 
63.39999961 -0.941496 
63.43999961 -0.941496 
63.47999961 -0.941496 
63.51999961 -0.941496 
63.55999961 -0.941496 
63.59999961 -0.4989776 
63.63999961 -0.941496 
63.67999961 -0.4989776 
63.71999961 -0.4989776 
63.75999961 -0.4989776 
68.47999958 -0.4989776 
68.51999958 -0.4989776 
68.55999958 -0.4989776 
68.59999958 -0.4989776 
68.63999958 -0.4989776 
68.67999958 -0.4989776 
68.71999958 -0.941496 
68.75999958 -0.941496 
68.79999958 -0.941496 
68.83999958 -0.941496 
68.87999958 -0.941496 
68.91999958 -0.941496 
68.95999958 -0.941496 
68.99999958 -0.941496 
69.03999958 -0.941496 
69.07999958 -1.825007 
69.11999958 -1.382488 
69.15999958 -0.941496 
69.19999958 -1.825007 
69.23999958 -1.382488 
69.27999958 -1.382488 
69.31999958 -1.825007 
69.35999958 -1.825007 
69.39999958 -1.825007 
69.43999958 -1.825007 
69.47999958 -1.825007 
69.51999958 -1.825007 
69.55999958 -1.825007 
69.59999958 -2.267525 
69.63999958 -1.825007 
69.67999958 -1.825007 
69.71999958 -1.825007 
69.75999958 -2.267525 
69.79999958 -1.825007 
69.83999958 -2.267525 
69.87999958 -1.825007 
69.91999958 -2.267525 
69.95999957 -2.267525 
69.99999957 -1.825007 
70.03999957 -1.825007 
70.07999957 -2.267525 
70.11999957 -2.267525 
70.15999957 -1.825007 
70.19999957 -2.267525 
70.23999957 -2.267525 
70.27999957 -2.267525 
70.31999957 -2.267525 
70.35999957 -2.267525 
70.39999957 -2.267525 
70.43999957 -2.267525 
70.47999957 -2.267525 
70.51999957 -2.267525 
70.55999957 -2.267525 
70.59999957 -2.267525 
70.63999957 -2.267525 
70.67999957 -1.825007 
70.71999957 -1.825007 
70.75999957 -1.825007 
70.79999957 -1.825007 
70.83999957 -1.825007 
70.87999957 -2.267525 
70.91999957 -1.825007 
70.95999957 -2.267525 
70.99999957 -2.267525 
71.03999957 -2.267525 
71.07999957 -2.267525 
71.11999957 -1.825007 
71.15999957 -1.825007 
71.19999957 -1.825007 
71.23999957 -2.267525 
71.27999957 -2.267525 
71.31999957 -1.825007 
71.35999957 -2.267525 
71.39999957 -2.267525 
71.43999957 -1.825007 
71.47999957 -2.267525 
71.51999957 -1.825007 
71.55999957 -1.825007 
71.59999956 -1.825007 
71.63999956 -2.267525 
71.67999956 -2.267525 
71.71999956 -1.825007 
71.75999956 -2.267525 
71.79999956 -1.825007 
71.83999956 -2.267525 
71.87999956 -2.267525 
71.91999956 -2.267525 
71.95999956 -2.267525 
71.99999956 -2.267525 
72.03999956 -2.267525 
72.07999956 -2.267525 
72.11999956 -2.267525 
72.15999956 -2.267525 
72.19999956 -2.267525 
72.23999956 -2.267525 
72.27999956 -2.267525 
72.31999956 -2.267525 
72.35999956 -2.708518 
72.39999956 -2.267525 
72.43999956 -2.267525 
72.47999956 -2.708518 
72.51999956 -2.708518 
72.55999956 -2.708518 
72.59999956 -3.151036 
72.63999956 -2.267525 
72.67999956 -2.708518 
72.71999956 -3.151036 
72.75999956 -2.708518 
72.79999956 -2.267525 
72.83999956 -3.151036 
72.87999956 -3.151036 
72.91999956 -2.708518 
72.95999956 -3.151036 
72.99999956 -3.151036 
73.03999956 -2.708518 
73.07999956 -3.151036 
73.11999956 -3.151036 
73.15999956 -3.151036 
73.19999956 -3.151036 
73.23999955 -3.151036 
73.27999955 -3.151036 
73.31999955 -3.151036 
73.35999955 -3.151036 
73.39999955 -3.151036 
73.43999955 -3.151036 
73.47999955 -3.151036 
73.51999955 -3.151036 
73.55999955 -3.593554 
73.59999955 -3.151036 
73.63999955 -3.151036 
73.67999955 -2.708518 
73.71999955 -3.151036 
73.75999955 -3.151036 
73.79999955 -2.708518 
73.83999955 -2.708518 
73.87999955 -3.593554 
73.91999955 -3.151036 
73.95999955 -3.151036 
73.99999955 -4.034547 
74.03999955 -3.593554 
74.07999955 -2.267525 
74.11999955 -3.593554 
74.15999955 -2.708518 
74.19999955 -2.708518 
74.23999955 -2.708518 
74.27999955 -3.151036 
74.31999955 -2.708518 
74.35999955 -2.708518 
74.39999955 -2.267525 
74.43999955 -2.267525 
74.47999955 -3.593554 
74.51999955 -4.034547 
74.55999955 -2.267525 
74.59999955 -1.825007 
74.63999955 -2.708518 
74.67999955 -2.708518 
74.71999955 -1.825007 
74.75999955 -2.267525 
74.79999955 -3.593554 
74.83999955 -3.151036 
74.87999954 -1.825007 
74.91999954 -2.708518 
74.95999954 -3.151036 
74.99999954 -2.708518 
75.03999954 -2.267525 
75.07999954 -2.267525 
75.11999954 -2.708518 
75.15999954 -0.941496 
75.19999954 -2.708518 
75.23999954 -2.267525 
75.27999954 -1.825007 
75.31999954 -2.267525 
75.35999954 -2.267525 
75.39999954 -1.825007 
75.43999954 -1.825007 
75.47999954 -1.825007 
75.51999954 -1.825007 
75.55999954 -1.825007 
75.59999954 -1.382488 
75.63999954 -1.825007 
75.67999954 -1.825007 
75.71999954 -0.941496 
75.75999954 -0.941496 
75.79999954 -1.825007 
75.83999954 -1.382488 
75.87999954 -0.941496 
75.91999954 -0.941496 
75.95999954 -0.941496 
75.99999954 -0.941496 
76.03999954 -0.941496 
76.07999954 -0.941496 
76.11999954 -0.941496 
76.15999954 -0.941496 
76.19999954 -0.4989776 
76.23999954 -0.4989776 
76.27999954 -0.4989776 
76.31999954 -0.4989776 
76.35999954 -0.4989776 
76.39999954 -0.4989776 
76.43999954 -0.4989776 
76.47999954 -0.4989776 
76.51999953 -0.4989776 
76.55999953 -0.4989776 
78.55999952 -0.4989776 
79.07999952 -0.4989776 
79.19999952 -0.4989776 
79.27999952 -0.4989776 
79.31999952 -0.4989776 
79.35999952 -0.4989776 
79.39999952 -0.4989776 
79.43999952 -0.4989776 
79.47999952 -0.4989776 
79.51999952 -0.4989776 
79.55999952 -0.4989776 
79.59999952 -0.4989776 
79.63999952 -0.4989776 
79.67999952 -0.941496 
79.71999952 -0.4989776 
79.75999952 -0.4989776 
79.79999952 -0.941496 
79.83999951 -0.941496 
79.87999951 -0.941496 
79.91999951 -0.941496 
79.95999951 -0.941496 
79.99999951 -0.941496 
80.03999951 -0.941496 
80.07999951 -0.941496 
80.11999951 -0.941496 
80.15999951 -0.941496 
80.19999951 -1.382488 
80.23999951 -0.941496 
80.27999951 -0.941496 
80.31999951 -0.941496 
80.35999951 -0.941496 
80.39999951 -0.941496 
80.43999951 -0.941496 
80.47999951 -0.941496 
80.51999951 -0.941496 
80.55999951 -0.941496 
80.59999951 -0.941496 
80.63999951 -0.941496 
80.67999951 -0.941496 
80.71999951 -0.941496 
80.75999951 -0.941496 
80.79999951 -0.941496 
80.83999951 -0.941496 
80.87999951 -0.941496 
80.91999951 -0.941496 
80.95999951 -0.941496 
80.99999951 -0.941496 
81.03999951 -0.941496 
81.07999951 -0.941496 
81.11999951 -0.941496 
81.15999951 -0.941496 
81.19999951 -0.941496 
81.23999951 -0.941496 
81.27999951 -0.941496 
81.31999951 -0.941496 
81.35999951 -0.941496 
81.39999951 -0.941496 
81.43999951 -0.941496 
81.4799995 -0.941496 
81.5199995 -0.941496 
81.5599995 -0.941496 
81.5999995 -0.941496 
81.6399995 -0.941496 
81.6799995 -0.941496 
81.7199995 -0.941496 
81.7599995 -0.941496 
81.7999995 -0.941496 
81.8399995 -0.941496 
81.8799995 -0.941496 
81.9199995 -0.941496 
81.9599995 -0.941496 
81.9999995 -0.941496 
82.0399995 -0.941496 
82.0799995 -0.941496 
82.1199995 -0.941496 
82.1599995 -0.941496 
82.1999995 -0.941496 
82.2399995 -1.382488 
82.2799995 -0.941496 
82.3199995 -0.941496 
82.3599995 -1.382488 
82.3999995 -1.382488 
82.4399995 -1.825007 
82.4799995 -1.382488 
82.5199995 -1.825007 
82.5599995 -1.825007 
82.5999995 -1.825007 
82.6399995 -1.825007 
82.6799995 -1.825007 
82.7199995 -1.825007 
82.7599995 -1.825007 
82.7999995 -1.825007 
82.8399995 -1.825007 
82.8799995 -2.267525 
82.9199995 -2.267525 
82.9599995 -2.267525 
82.9999995 -2.267525 
83.0399995 -2.267525 
83.0799995 -2.267525 
83.11999949 -2.267525 
83.15999949 -2.708518 
83.19999949 -2.267525 
83.23999949 -2.267525 
83.27999949 -2.708518 
83.31999949 -2.708518 
83.35999949 -3.151036 
83.39999949 -2.708518 
83.43999949 -3.151036 
83.47999949 -3.151036 
83.51999949 -2.708518 
83.55999949 -2.708518 
83.59999949 -3.151036 
83.63999949 -3.151036 
83.67999949 -3.151036 
83.71999949 -2.708518 
83.75999949 -3.151036 
83.79999949 -3.151036 
83.83999949 -3.151036 
83.87999949 -3.593554 
83.91999949 -3.593554 
83.95999949 -3.151036 
83.99999949 -3.151036 
84.03999949 -3.151036 
84.07999949 -3.593554 
84.11999949 -3.593554 
84.15999949 -3.593554 
84.19999949 -3.593554 
84.23999949 -3.593554 
84.27999949 -3.593554 
84.31999949 -3.593554 
84.35999949 -3.593554 
84.39999949 -3.593554 
84.43999949 -3.593554 
84.47999949 -3.593554 
84.51999949 -3.593554 
84.55999949 -3.593554 
84.59999949 -3.593554 
84.63999949 -3.593554 
84.67999949 -3.593554 
84.71999949 -4.034547 
84.75999948 -3.593554 
84.79999948 -3.593554 
84.83999948 -4.034547 
84.87999948 -3.593554 
84.91999948 -3.593554 
84.95999948 -3.593554 
84.99999948 -4.034547 
85.03999948 -3.593554 
85.07999948 -4.034547 
85.11999948 -4.034547 
85.15999948 -4.034547 
85.19999948 -4.034547 
85.23999948 -4.034547 
85.27999948 -4.034547 
85.31999948 -4.477065 
85.35999948 -4.034547 
85.39999948 -3.593554 
85.43999948 -4.034547 
85.47999948 -4.034547 
85.51999948 -4.034547 
85.55999948 -4.034547 
85.59999948 -4.034547 
85.63999948 -3.593554 
85.67999948 -3.593554 
85.71999948 -4.034547 
85.75999948 -3.593554 
85.79999948 -3.593554 
85.83999948 -3.593554 
85.87999948 -3.151036 
85.91999948 -3.593554 
85.95999948 -3.593554 
85.99999948 -3.593554 
86.03999948 -3.593554 
86.07999948 -3.151036 
86.11999948 -3.151036 
86.15999948 -3.151036 
86.19999948 -3.151036 
86.23999948 -3.151036 
86.27999948 -3.151036 
86.31999948 -3.151036 
86.35999948 -2.708518 
86.39999947 -2.708518 
86.43999947 -2.708518 
86.47999947 -2.267525 
86.51999947 -2.267525 
86.55999947 -2.708518 
86.59999947 -2.267525 
86.63999947 -1.825007 
86.67999947 -1.825007 
86.71999947 -1.825007 
86.75999947 -1.825007 
86.79999947 -1.825007 
86.83999947 -1.382488 
86.87999947 -1.382488 
86.91999947 -1.825007 
86.95999947 -0.941496 
86.99999947 -0.941496 
87.03999947 -0.941496 
87.07999947 -0.941496 
87.11999947 -0.941496 
87.15999947 -0.4989776 
87.19999947 -0.4989776 
87.23999947 -0.4989776 
87.27999947 -0.4989776 
87.31999947 -0.4989776 
87.35999947 -0.4989776 
89.91999945 -0.4989776 
89.95999945 -0.4989776 
89.99999945 -0.4989776 
90.03999945 -0.941496 
90.07999945 -0.941496 
90.11999945 -0.941496 
90.15999945 -1.382488 
90.19999945 -1.382488 
90.23999945 -1.825007 
90.27999945 -1.825007 
90.31999945 -1.825007 
90.35999945 -1.825007 
90.39999945 -2.267525 
90.43999945 -2.267525 
90.47999945 -2.267525 
90.51999945 -2.267525 
90.55999945 -3.151036 
90.59999945 -3.151036 
90.63999945 -3.151036 
90.67999945 -3.151036 
90.71999945 -3.151036 
90.75999945 -3.593554 
90.79999945 -3.593554 
90.83999945 -4.034547 
90.87999945 -3.593554 
90.91999945 -4.034547 
90.95999945 -4.034547 
90.99999945 -4.034547 
91.03999945 -4.477065 
91.07999945 -4.477065 
91.11999945 -4.477065 
91.15999945 -4.477065 
91.19999945 -4.919584 
91.23999945 -4.919584 
91.27999945 -4.919584 
91.31999945 -4.919584 
91.35999944 -4.919584 
91.39999944 -5.360576 
91.43999944 -5.360576 
91.47999944 -5.360576 
91.51999944 -5.360576 
91.55999944 -5.360576 
91.59999944 -5.360576 
91.63999944 -5.803094 
91.67999944 -5.803094 
91.71999944 -5.803094 
91.75999944 -5.803094 
91.79999944 -5.803094 
91.83999944 -5.803094 
91.87999944 -5.803094 
91.91999944 -5.803094 
91.95999944 -5.803094 
91.99999944 -5.803094 
92.03999944 -5.803094 
92.07999944 -5.803094 
92.11999944 -5.803094 
92.15999944 -5.803094 
92.19999944 -5.803094 
92.23999944 -5.803094 
92.27999944 -5.803094 
92.31999944 -5.803094 
92.35999944 -5.360576 
92.39999944 -5.803094 
92.43999944 -5.360576 
92.47999944 -5.360576 
92.51999944 -5.360576 
92.55999944 -5.360576 
92.59999944 -5.360576 
92.63999944 -5.360576 
92.67999944 -4.919584 
92.71999944 -4.477065 
92.75999944 -4.919584 
92.79999944 -4.477065 
92.83999944 -4.477065 
92.87999944 -4.477065 
92.91999944 -4.477065 
92.95999944 -4.034547 
92.99999943 -4.034547 
93.03999943 -3.593554 
93.07999943 -3.593554 
93.11999943 -3.593554 
93.15999943 -3.593554 
93.19999943 -3.593554 
93.23999943 -3.151036 
93.27999943 -3.151036 
93.31999943 -2.708518 
93.35999943 -2.708518 
93.39999943 -2.708518 
93.43999943 -2.267525 
93.47999943 -2.267525 
93.51999943 -2.267525 
93.55999943 -2.267525 
93.59999943 -1.825007 
93.63999943 -1.825007 
93.67999943 -1.382488 
93.71999943 -1.825007 
93.75999943 -0.941496 
93.79999943 -1.382488 
93.83999943 -0.941496 
93.87999943 -0.941496 
93.91999943 -0.941496 
93.95999943 -0.941496 
93.99999943 -0.941496 
94.03999943 -0.941496 
94.07999943 -0.4989776 
94.11999943 -0.4989776 
94.15999943 -0.941496 
94.19999943 -0.4989776 
94.23999943 -0.4989776 
94.27999943 -0.4989776 
96.51999941 -0.4989776 
96.63999941 -0.4989776 
96.75999941 -0.4989776 
96.79999941 -0.4989776 
96.83999941 -0.4989776 
96.87999941 -0.4989776 
96.91999941 -0.4989776 
96.95999941 -0.4989776 
96.99999941 -0.4989776 
97.03999941 -0.4989776 
97.07999941 -0.941496 
97.11999941 -0.941496 
97.15999941 -0.941496 
97.19999941 -0.941496 
97.23999941 -0.941496 
97.27999941 -0.941496 
97.31999941 -0.941496 
97.35999941 -0.941496 
97.39999941 -0.941496 
97.43999941 -0.941496 
97.47999941 -0.941496 
97.51999941 -0.941496 
97.55999941 -0.941496 
97.59999941 -0.941496 
97.63999941 -0.941496 
97.67999941 -0.941496 
97.71999941 -0.941496 
97.75999941 -0.941496 
97.79999941 -0.941496 
97.83999941 -0.941496 
97.87999941 -0.941496 
97.9199994 -0.941496 
97.9599994 -0.941496 
97.9999994 -0.941496 
98.0399994 -0.4989776 
98.0799994 -0.4989776 
98.1199994 -0.4989776 
98.1599994 -0.4989776 
98.1999994 -0.4989776 
98.2399994 -0.4989776 
101.27999938 -0.941496 
101.39999938 -0.941496 
101.43999938 -0.4989776 
101.55999938 -0.941496 
101.59999938 -0.4989776 
101.63999938 -0.4989776 
101.67999938 -0.941496 
101.71999938 -0.941496 
101.75999938 -0.941496 
101.79999938 -0.941496 
101.83999938 -0.4989776 
101.87999938 -0.941496 
101.91999938 -1.382488 
101.95999938 -1.825007 
101.99999938 -1.382488 
102.03999938 -1.825007 
102.07999938 -1.825007 
102.11999938 -1.825007 
102.15999938 -1.825007 
102.19999938 -1.825007 
102.23999938 -2.267525 
102.27999938 -1.825007 
102.31999938 -2.267525 
102.35999938 -2.267525 
102.39999938 -2.267525 
102.43999938 -2.267525 
102.47999938 -2.267525 
102.51999938 -2.267525 
102.55999938 -2.267525 
102.59999938 -2.708518 
102.63999938 -2.708518 
102.67999938 -2.708518 
102.71999938 -2.708518 
102.75999938 -2.708518 
102.79999938 -3.151036 
102.83999937 -2.708518 
102.87999937 -2.708518 
102.91999937 -2.708518 
102.95999937 -2.708518 
102.99999937 -3.151036 
103.03999937 -2.708518 
103.07999937 -3.151036 
103.11999937 -3.151036 
103.15999937 -2.708518 
103.19999937 -3.151036 
103.23999937 -2.708518 
103.27999937 -2.708518 
103.31999937 -3.151036 
103.35999937 -2.708518 
103.39999937 -2.708518 
103.43999937 -2.708518 
103.47999937 -2.708518 
103.51999937 -2.708518 
103.55999937 -2.708518 
103.59999937 -2.708518 
103.63999937 -2.708518 
103.67999937 -2.708518 
103.71999937 -2.267525 
103.75999937 -2.267525 
103.79999937 -2.267525 
103.83999937 -2.267525 
103.87999937 -2.267525 
103.91999937 -2.267525 
103.95999937 -2.267525 
103.99999937 -2.267525 
104.03999937 -2.267525 
104.07999937 -2.267525 
104.11999937 -1.825007 
104.15999937 -1.825007 
104.19999937 -1.825007 
104.23999937 -1.825007 
104.27999937 -1.825007 
104.31999937 -1.825007 
104.35999937 -1.382488 
104.39999937 -0.941496 
104.43999937 -0.941496 
104.47999937 -0.941496 
104.51999936 -0.941496 
104.55999936 -0.4989776 
104.59999936 -0.4989776 
104.63999936 -0.4989776 
104.67999936 -0.4989776 
104.71999936 -0.4989776 
106.95999935 -0.4989776 
106.99999935 -0.941496 
107.03999935 -0.941496 
107.07999935 -1.382488 
107.11999935 -1.825007 
107.15999935 -2.267525 
107.19999935 -1.825007 
107.23999935 -1.825007 
107.27999935 -2.267525 
107.31999935 -2.708518 
107.35999935 -3.151036 
107.39999935 -3.151036 
107.43999935 -3.593554 
107.47999935 -4.034547 
107.51999935 -4.034547 
107.55999935 -4.477065 
107.59999935 -4.477065 
107.63999935 -4.477065 
107.67999935 -4.919584 
107.71999935 -5.360576 
107.75999935 -5.803094 
107.79999934 -5.360576 
107.83999934 -5.803094 
107.87999934 -5.803094 
107.91999934 -6.244087 
107.95999934 -6.244087 
107.99999934 -6.686605 
108.03999934 -6.686605 
108.07999934 -7.129124 
108.11999934 -7.129124 
108.15999934 -7.129124 
108.19999934 -7.570117 
108.23999934 -8.012634 
108.27999934 -8.012634 
108.31999934 -8.012634 
108.35999934 -8.012634 
108.39999934 -8.455153 
108.43999934 -8.896146 
108.47999934 -8.012634 
108.51999934 -8.896146 
108.55999934 -8.896146 
108.59999934 -8.896146 
108.63999934 -8.896146 
109.55999933 -8.896146 
109.63999933 -8.896146 
109.67999933 -8.896146 
109.71999933 -8.896146 
109.75999933 -8.896146 
109.79999933 -8.455153 
109.83999933 -8.896146 
109.87999933 -8.012634 
109.91999933 -8.012634 
109.95999933 -8.012634 
109.99999933 -7.570117 
110.03999933 -7.570117 
110.07999933 -7.570117 
110.11999933 -7.570117 
110.15999933 -7.129124 
110.19999933 -7.129124 
110.23999933 -7.129124 
110.27999933 -6.686605 
110.31999933 -6.244087 
110.35999933 -6.244087 
110.39999933 -5.803094 
110.43999933 -5.803094 
110.47999933 -5.803094 
110.51999933 -5.360576 
110.55999933 -5.360576 
110.59999933 -5.360576 
110.63999933 -4.919584 
110.67999933 -4.477065 
110.71999933 -4.477065 
110.75999933 -4.034547 
110.79999933 -4.034547 
110.83999933 -3.593554 
110.87999933 -3.593554 
110.91999933 -3.151036 
110.95999933 -2.708518 
110.99999933 -2.267525 
111.03999933 -2.267525 
111.07999932 -2.267525 
111.11999932 -1.825007 
111.15999932 -1.825007 
111.19999932 -1.382488 
111.23999932 -0.941496 
111.27999932 -0.941496 
111.31999932 -0.941496 
111.35999932 -0.4989776 
111.39999932 -0.4989776 
113.91999931 -0.4989776 
113.95999931 -0.4989776 
114.03999931 -0.4989776 
114.11999931 -0.4989776 
114.15999931 -0.4989776 
114.19999931 -0.941496 
114.23999931 -0.941496 
114.27999931 -0.941496 
114.31999931 -0.941496 
114.3599993 -0.941496 
114.3999993 -1.382488 
114.4399993 -1.382488 
114.4799993 -1.825007 
114.5199993 -1.825007 
114.5599993 -1.825007 
114.5999993 -2.267525 
114.6399993 -2.267525 
114.6799993 -2.267525 
114.7199993 -2.708518 
114.7599993 -2.708518 
114.7999993 -2.708518 
114.8399993 -2.708518 
114.8799993 -3.151036 
114.9199993 -3.151036 
114.9599993 -3.593554 
114.9999993 -3.151036 
115.0399993 -3.593554 
115.0799993 -3.593554 
115.1199993 -3.593554 
115.1599993 -3.593554 
115.1999993 -3.593554 
115.2399993 -3.593554 
115.2799993 -3.593554 
115.3199993 -4.034547 
115.3599993 -3.593554 
115.3999993 -3.593554 
115.4399993 -3.593554 
115.4799993 -3.593554 
115.5199993 -4.034547 
115.5599993 -4.034547 
115.5999993 -3.593554 
115.6399993 -4.034547 
115.6799993 -3.593554 
115.7199993 -3.593554 
115.7599993 -3.593554 
115.7999993 -3.593554 
115.8399993 -3.593554 
115.8799993 -3.593554 
115.9199993 -3.593554 
115.9599993 -3.593554 
115.9999993 -3.593554 
116.03999929 -3.151036 
116.07999929 -3.593554 
116.11999929 -3.593554 
116.15999929 -3.593554 
116.19999929 -3.151036 
116.23999929 -2.708518 
116.27999929 -3.151036 
116.31999929 -2.708518 
116.35999929 -2.267525 
116.39999929 -2.267525 
116.43999929 -2.267525 
116.47999929 -2.267525 
116.51999929 -2.267525 
116.55999929 -1.825007 
116.59999929 -1.825007 
116.63999929 -1.825007 
116.67999929 -1.825007 
116.71999929 -1.382488 
116.75999929 -1.382488 
116.79999929 -0.941496 
116.83999929 -0.941496 
116.87999929 -0.941496 
116.91999929 -0.941496 
116.95999929 -0.941496 
116.99999929 -0.4989776 
117.03999929 -0.4989776 
117.07999929 -0.4989776 
119.79999927 -0.4989776 
119.87999927 -0.4989776 
119.91999927 -0.4989776 
119.95999927 -0.941496 
119.99999927 -0.941496 
120.03999927 -0.941496 
120.07999927 -0.941496 
120.11999927 -1.382488 
120.15999927 -0.941496 
120.19999927 -1.382488 
120.23999927 -1.825007 
120.27999927 -1.825007 
120.31999927 -1.825007 
120.35999927 -2.267525 
120.39999927 -2.267525 
120.43999927 -2.267525 
120.47999927 -2.267525 
120.51999927 -2.267525 
120.55999927 -2.708518 
120.59999927 -2.267525 
120.63999927 -2.267525 
120.67999927 -2.267525 
120.71999927 -2.708518 
120.75999927 -2.708518 
120.79999927 -2.708518 
120.83999927 -3.151036 
120.87999927 -3.151036 
120.91999927 -2.708518 
120.95999926 -3.151036 
120.99999926 -3.151036 
121.03999926 -2.708518 
121.07999926 -2.708518 
121.11999926 -3.151036 
121.15999926 -3.151036 
121.19999926 -3.151036 
121.23999926 -3.151036 
121.27999926 -3.151036 
121.31999926 -3.151036 
121.35999926 -3.151036 
121.39999926 -2.708518 
121.43999926 -3.151036 
121.47999926 -3.151036 
121.51999926 -3.151036 
121.55999926 -3.151036 
121.59999926 -2.708518 
121.63999926 -3.151036 
121.67999926 -3.151036 
121.71999926 -3.151036 
121.75999926 -3.151036 
121.79999926 -2.708518 
121.83999926 -2.708518 
121.87999926 -2.708518 
121.91999926 -2.708518 
121.95999926 -2.708518 
121.99999926 -2.708518 
122.03999926 -3.151036 
122.07999926 -3.151036 
122.11999926 -2.708518 
122.15999926 -2.708518 
122.19999926 -2.267525 
122.23999926 -2.708518 
122.27999926 -2.708518 
122.31999926 -2.708518 
122.35999926 -2.267525 
122.39999926 -2.267525 
122.43999926 -2.267525 
122.47999926 -2.267525 
122.51999926 -2.708518 
122.55999926 -2.267525 
122.59999925 -2.267525 
122.63999925 -2.267525 
122.67999925 -2.267525 
122.71999925 -2.267525 
122.75999925 -1.825007 
122.79999925 -2.267525 
122.83999925 -2.267525 
122.87999925 -1.825007 
122.91999925 -1.825007 
122.95999925 -2.267525 
122.99999925 -1.825007 
123.03999925 -1.825007 
123.07999925 -2.267525 
123.11999925 -1.825007 
123.15999925 -1.382488 
123.19999925 -1.825007 
123.23999925 -1.825007 
123.27999925 -1.825007 
123.31999925 -1.382488 
123.35999925 -1.825007 
123.39999925 -1.825007 
123.43999925 -0.941496 
123.47999925 -1.382488 
123.51999925 -1.382488 
123.55999925 -0.941496 
123.59999925 -0.941496 
123.63999925 -0.941496 
123.67999925 -0.941496 
123.71999925 -0.941496 
123.75999925 -0.941496 
123.79999925 -0.4989776 
123.83999925 -0.941496 
123.87999925 -0.4989776 
123.91999925 -0.4989776 
123.95999925 -0.4989776 
123.99999925 -0.4989776 
124.03999925 -0.4989776 
124.07999925 -0.4989776 
125.99999923 -0.4989776 
126.03999923 -0.4989776 
126.07999923 -0.4989776 
126.11999923 -0.4989776 
126.15999923 -0.4989776 
126.19999923 -0.941496 
126.23999923 -0.941496 
126.27999923 -0.941496 
126.31999923 -0.941496 
126.35999923 -0.941496 
126.39999923 -0.941496 
126.43999923 -0.941496 
126.47999923 -0.941496 
126.51999923 -1.825007 
126.55999923 -1.825007 
126.59999923 -1.825007 
126.63999923 -1.825007 
126.67999923 -1.825007 
126.71999923 -1.825007 
126.75999923 -1.825007 
126.79999923 -0.941496 
126.83999923 -2.267525 
126.87999923 -1.825007 
126.91999923 -1.825007 
126.95999923 -2.267525 
126.99999923 -2.267525 
127.03999923 -2.267525 
127.07999923 -2.708518 
127.11999923 -2.267525 
127.15999923 -1.825007 
127.19999923 -2.708518 
127.23999923 -3.151036 
127.27999923 -2.267525 
127.31999923 -2.708518 
127.35999923 -0.941496 
127.39999923 -2.267525 
127.43999923 -2.708518 
127.47999923 -1.825007 
127.51999923 -1.825007 
127.55999922 -3.593554 
127.59999922 -3.593554 
127.63999922 -1.825007 
127.67999922 -1.825007 
127.71999922 -2.708518 
127.75999922 -2.708518 
127.79999922 -1.825007 
127.83999922 -2.708518 
127.87999922 -3.593554 
127.91999922 -2.708518 
127.95999922 -2.267525 
127.99999922 -2.708518 
128.03999922 -2.708518 
128.07999922 -2.708518 
128.11999922 -2.708518 
128.15999922 -2.708518 
128.19999922 -2.267525 
128.23999922 -2.267525 
128.27999922 -2.267525 
128.31999922 -2.267525 
128.35999922 -2.267525 
128.39999922 -2.708518 
128.43999922 -2.708518 
128.47999922 -2.267525 
128.51999922 -2.267525 
128.55999922 -2.708518 
128.59999922 -2.708518 
128.63999922 -2.267525 
128.67999922 -2.708518 
128.71999922 -2.708518 
128.75999922 -2.267525 
128.79999922 -2.267525 
128.83999922 -2.267525 
128.87999922 -2.267525 
128.91999922 -2.267525 
128.95999922 -2.267525 
128.99999922 -2.267525 
129.03999922 -2.267525 
129.07999922 -2.267525 
129.11999922 -2.267525 
129.15999922 -2.267525 
129.19999921 -2.267525 
129.23999921 -2.267525 
129.27999921 -2.267525 
129.31999921 -2.267525 
129.35999921 -1.825007 
129.39999921 -2.267525 
129.43999921 -1.825007 
129.47999921 -1.825007 
129.51999921 -1.825007 
129.55999921 -1.825007 
129.59999921 -1.825007 
129.63999921 -1.825007 
129.67999921 -1.825007 
129.71999921 -1.825007 
129.75999921 -1.825007 
129.79999921 -1.825007 
129.83999921 -1.825007 
129.87999921 -1.825007 
129.91999921 -1.825007 
129.95999921 -1.825007 
129.99999921 -1.825007 
130.03999921 -1.382488 
130.07999921 -0.941496 
130.11999921 -0.941496 
130.15999921 -0.941496 
130.19999921 -0.941496 
130.23999921 -0.941496 
130.27999921 -0.941496 
130.31999921 -0.941496 
130.35999921 -0.941496 
130.39999921 -0.941496 
130.43999921 -0.941496 
130.47999921 -0.941496 
130.51999921 -0.941496 
130.55999921 -0.941496 
130.59999921 -0.941496 
130.63999921 -0.941496 
130.67999921 -0.941496 
130.71999921 -0.941496 
130.75999921 -0.941496 
130.79999921 -0.4989776 
130.8399992 -0.4989776 
130.8799992 -0.4989776 
130.9199992 -0.941496 
130.9599992 -0.4989776 
130.9999992 -0.4989776 
131.0399992 -0.4989776 
131.0799992 -0.4989776 
131.1199992 -0.4989776 
131.1599992 -0.941496 
131.1999992 -0.4989776 
131.2399992 -0.941496 
131.2799992 -0.4989776 
131.3199992 -0.941496 
131.3599992 -0.941496 
131.3999992 -0.4989776 
131.4399992 -0.941496 
131.4799992 -0.941496 
131.5199992 -0.941496 
131.5599992 -0.941496 
131.5999992 -0.941496 
131.6399992 -0.941496 
131.6799992 -0.941496 
131.7199992 -0.941496 
131.7599992 -0.941496 
131.7999992 -0.941496 
131.8399992 -0.941496 
131.8799992 -0.941496 
131.9199992 -0.941496 
131.9599992 -0.941496 
131.9999992 -0.941496 
132.0399992 -0.941496 
132.0799992 -1.382488 
132.1199992 -1.382488 
132.1599992 -0.941496 
132.1999992 -1.382488 
132.2399992 -1.825007 
132.2799992 -0.941496 
132.3199992 -1.825007 
132.3599992 -1.825007 
132.3999992 -1.825007 
132.4399992 -1.825007 
132.47999919 -1.825007 
132.51999919 -1.825007 
132.55999919 -1.382488 
132.59999919 -1.825007 
132.63999919 -1.825007 
132.67999919 -1.825007 
132.71999919 -1.825007 
132.75999919 -1.825007 
132.79999919 -1.825007 
132.83999919 -1.825007 
132.87999919 -1.825007 
132.91999919 -1.825007 
132.95999919 -1.825007 
132.99999919 -1.825007 
133.03999919 -1.825007 
133.07999919 -1.825007 
133.11999919 -1.825007 
133.15999919 -1.825007 
133.19999919 -1.825007 
133.23999919 -1.825007 
133.27999919 -1.825007 
133.31999919 -0.941496 
133.35999919 -1.382488 
133.39999919 -1.382488 
133.43999919 -1.382488 
133.47999919 -1.382488 
133.51999919 -0.941496 
133.55999919 -1.382488 
133.59999919 -1.382488 
133.63999919 -0.941496 
133.67999919 -0.941496 
133.71999919 -0.941496 
133.75999919 -0.941496 
133.79999919 -0.941496 
133.83999919 -0.941496 
133.87999919 -0.941496 
133.91999919 -0.941496 
133.95999919 -0.941496 
133.99999919 -0.941496 
134.03999919 -0.941496 
134.07999919 -0.941496 
134.11999918 -0.941496 
134.15999918 -0.941496 
134.19999918 -0.941496 
134.23999918 -0.4989776 
134.27999918 -0.4989776 
134.31999918 -0.4989776 
134.35999918 -0.4989776 
134.39999918 -0.941496 
134.43999918 -0.4989776 
134.47999918 -0.4989776 
134.51999918 -0.4989776 
134.55999918 -0.4989776 
134.59999918 -0.4989776 
134.63999918 -0.4989776 
134.67999918 -0.4989776 
134.71999918 -0.4989776 
134.75999918 -0.4989776 
134.79999918 -0.4989776 
134.87999918 -0.4989776 
134.91999918 -0.4989776 
134.95999918 -0.4989776 
134.99999918 -0.4989776 
135.03999918 -0.4989776 
135.15999918 -0.4989776 
135.27999918 -0.4989776 
135.43999918 -0.4989776 
135.59999918 -0.4989776 
135.79999917 -0.4989776 
135.83999917 -0.4989776 
135.87999917 -0.4989776 
135.91999917 -0.4989776 
135.95999917 -0.4989776 
135.99999917 -0.4989776 
136.03999917 -0.4989776 
136.07999917 -0.4989776 
136.11999917 -0.4989776 
136.15999917 -0.4989776 
136.19999917 -0.4989776 
136.23999917 -0.4989776 
136.27999917 -0.4989776 
136.31999917 -0.4989776 
136.35999917 -0.4989776 
136.39999917 -0.941496 
136.43999917 -0.4989776 
136.47999917 -0.4989776 
136.51999917 -0.4989776 
136.55999917 -0.4989776 
136.59999917 -0.4989776 
136.63999917 -0.4989776 
136.67999917 -0.4989776 
136.71999917 -0.4989776 
136.75999917 -0.4989776 
136.79999917 -0.941496 
136.83999917 -0.4989776 
136.87999917 -0.4989776 
136.91999917 -0.4989776 
136.95999917 -0.4989776 
136.99999917 -0.4989776 
137.03999917 -0.941496 
137.07999917 -0.4989776 
137.11999917 -0.4989776 
137.15999917 -0.4989776 
137.19999917 -0.4989776 
137.23999917 -0.4989776 
137.27999917 -0.4989776 
137.31999917 -0.941496 
137.35999917 -0.4989776 
137.39999916 -0.941496 
137.43999916 -0.941496 
137.47999916 -0.941496 
137.51999916 -0.4989776 
137.55999916 -0.4989776 
137.59999916 -0.4989776 
137.63999916 -0.4989776 
137.67999916 -0.941496 
137.71999916 -0.4989776 
137.75999916 -0.4989776 
137.79999916 -0.941496 
137.83999916 -0.4989776 
137.87999916 -0.941496 
137.91999916 -0.941496 
137.95999916 -0.941496 
137.99999916 -0.941496 
138.03999916 -0.941496 
138.07999916 -0.941496 
138.11999916 -0.941496 
138.15999916 -0.941496 
138.19999916 -0.941496 
138.23999916 -0.941496 
138.27999916 -0.941496 
138.31999916 -0.941496 
138.35999916 -1.382488 
138.39999916 -1.382488 
138.43999916 -0.941496 
138.47999916 -1.382488 
138.51999916 -1.382488 
138.55999916 -1.825007 
138.59999916 -1.825007 
138.63999916 -0.941496 
138.67999916 -1.825007 
138.71999916 -1.825007 
138.75999916 -1.825007 
138.79999916 -1.825007 
138.83999916 -1.825007 
138.87999916 -1.825007 
138.91999916 -1.825007 
138.95999916 -1.825007 
138.99999916 -1.825007 
139.03999915 -2.267525 
139.07999915 -2.267525 
139.11999915 -2.267525 
139.15999915 -2.267525 
139.19999915 -2.267525 
139.23999915 -2.708518 
139.27999915 -2.708518 
139.31999915 -2.267525 
139.35999915 -2.267525 
139.39999915 -2.708518 
139.43999915 -3.151036 
139.47999915 -2.708518 
139.51999915 -2.708518 
139.55999915 -3.151036 
139.59999915 -2.708518 
139.63999915 -2.708518 
139.67999915 -3.593554 
139.71999915 -2.708518 
139.75999915 -3.151036 
139.79999915 -3.151036 
139.83999915 -3.151036 
139.87999915 -3.593554 
139.91999915 -3.593554 
139.95999915 -3.593554 
139.99999915 -3.593554 
140.03999915 -3.593554 
140.07999915 -3.593554 
140.11999915 -2.708518 
140.15999915 -3.593554 
140.19999915 -3.593554 
140.23999915 -4.034547 
140.27999915 -4.034547 
140.31999915 -3.593554 
140.35999915 -3.593554 
140.39999915 -3.593554 
140.43999915 -3.151036 
140.47999915 -3.151036 
140.51999915 -3.593554 
140.55999915 -3.593554 
140.59999915 -3.593554 
140.63999915 -3.593554 
140.67999915 -3.593554 
140.71999914 -3.593554 
140.75999914 -3.593554 
140.79999914 -3.151036 
140.83999914 -3.151036 
140.87999914 -3.151036 
140.91999914 -3.151036 
140.95999914 -3.593554 
140.99999914 -3.151036 
141.03999914 -3.151036 
141.07999914 -2.708518 
141.11999914 -3.151036 
141.15999914 -2.708518 
141.19999914 -2.708518 
141.23999914 -2.708518 
141.27999914 -2.267525 
141.31999914 -2.267525 
141.35999914 -2.267525 
141.39999914 -2.267525 
141.43999914 -1.825007 
141.47999914 -2.267525 
141.51999914 -2.267525 
141.55999914 -1.825007 
141.59999914 -1.825007 
141.63999914 -1.825007 
141.67999914 -2.267525 
141.71999914 -1.825007 
141.75999914 -1.825007 
141.79999914 -1.825007 
141.83999914 -1.825007 
141.87999914 -1.382488 
141.91999914 -0.941496 
141.95999914 -0.941496 
141.99999914 -0.941496 
142.03999914 -0.941496 
142.07999914 -0.941496 
142.11999914 -0.941496 
142.15999914 -0.941496 
142.19999914 -0.941496 
142.23999914 -0.941496 
142.27999914 -0.941496 
142.31999914 -1.382488 
142.35999913 -1.382488 
142.39999913 -1.382488 
142.43999913 -0.941496 
142.47999913 -0.941496 
142.51999913 -0.941496 
142.55999913 -0.941496 
142.59999913 -0.941496 
142.63999913 -1.382488 
142.67999913 -1.382488 
142.71999913 -1.382488 
142.75999913 -1.382488 
142.79999913 -0.941496 
142.83999913 -1.382488 
142.87999913 -1.382488 
142.91999913 -1.825007 
142.95999913 -1.382488 
142.99999913 -1.825007 
143.03999913 -1.825007 
143.07999913 -1.825007 
143.11999913 -1.825007 
143.15999913 -1.825007 
143.19999913 -1.825007 
143.23999913 -1.825007 
143.27999913 -1.825007 
143.31999913 -1.825007 
143.35999913 -2.267525 
143.39999913 -2.267525 
143.43999913 -2.267525 
143.47999913 -2.267525 
143.51999913 -2.267525 
143.55999913 -2.267525 
143.59999913 -2.267525 
143.63999913 -2.267525 
143.67999913 -2.267525 
143.71999913 -2.267525 
143.75999913 -2.267525 
143.79999913 -2.267525 
143.83999913 -2.708518 
143.87999913 -2.708518 
143.91999913 -2.708518 
143.95999913 -2.708518 
143.99999912 -2.708518 
144.03999912 -2.708518 
144.07999912 -3.151036 
144.11999912 -2.708518 
144.15999912 -3.151036 
144.19999912 -2.708518 
144.23999912 -3.151036 
144.27999912 -3.593554 
144.31999912 -3.151036 
144.35999912 -3.593554 
144.39999912 -3.593554 
144.43999912 -3.593554 
144.47999912 -3.593554 
144.51999912 -3.151036 
144.55999912 -3.593554 
144.59999912 -3.593554 
144.63999912 -4.034547 
144.67999912 -3.593554 
144.71999912 -4.034547 
144.75999912 -4.034547 
144.79999912 -4.034547 
144.83999912 -4.034547 
144.87999912 -4.034547 
144.91999912 -4.034547 
144.95999912 -4.477065 
144.99999912 -4.477065 
145.03999912 -4.477065 
145.07999912 -4.477065 
145.11999912 -4.477065 
145.15999912 -4.477065 
145.19999912 -4.477065 
145.23999912 -4.477065 
145.27999912 -4.477065 
145.31999912 -4.919584 
145.35999912 -4.477065 
145.39999912 -4.919584 
145.43999912 -4.919584 
145.47999912 -4.919584 
145.51999912 -4.477065 
145.55999912 -4.919584 
145.59999912 -4.919584 
145.63999911 -5.360576 
145.67999911 -4.919584 
145.71999911 -4.919584 
145.75999911 -4.919584 
145.79999911 -4.919584 
145.83999911 -5.360576 
145.87999911 -5.360576 
145.91999911 -4.919584 
145.95999911 -5.360576 
145.99999911 -4.477065 
146.03999911 -4.477065 
146.07999911 -4.919584 
146.11999911 -4.919584 
146.15999911 -4.919584 
146.19999911 -4.919584 
146.23999911 -4.919584 
146.27999911 -4.477065 
146.31999911 -4.477065 
146.35999911 -4.477065 
146.39999911 -4.477065 
146.43999911 -4.477065 
146.47999911 -4.477065 
146.51999911 -4.034547 
146.55999911 -4.034547 
146.59999911 -4.477065 
146.63999911 -4.477065 
146.67999911 -3.593554 
146.71999911 -4.034547 
146.75999911 -4.034547 
146.79999911 -3.593554 
146.83999911 -4.034547 
146.87999911 -3.593554 
146.91999911 -3.593554 
146.95999911 -3.593554 
146.99999911 -3.593554 
147.03999911 -3.151036 
147.07999911 -3.151036 
147.11999911 -3.151036 
147.15999911 -3.151036 
147.19999911 -3.151036 
147.23999911 -2.708518 
147.2799991 -3.151036 
147.3199991 -2.708518 
147.3599991 -2.708518 
147.3999991 -2.708518 
147.4399991 -2.708518 
147.4799991 -2.267525 
147.5199991 -2.267525 
147.5599991 -2.267525 
147.5999991 -2.267525 
147.6399991 -1.825007 
147.6799991 -2.267525 
147.7199991 -1.825007 
147.7599991 -1.825007 
147.7999991 -1.825007 
147.8399991 -1.825007 
147.8799991 -1.825007 
147.9199991 -1.825007 
147.9599991 -1.825007 
147.9999991 -1.382488 
148.0399991 -1.825007 
148.0799991 -0.941496 
148.1199991 -0.941496 
148.1599991 -0.941496 
148.1999991 -0.941496 
148.2399991 -0.4989776 
148.2799991 -0.941496 
148.3199991 -0.4989776 
148.3599991 -0.4989776 
148.3999991 -0.4989776 
148.4399991 -0.4989776 
153.43999907 -0.4989776 
153.47999907 -0.4989776 
155.35999906 -0.4989776 
155.43999906 -0.4989776 
155.47999906 -0.4989776 
155.51999905 -0.4989776 
155.55999905 -0.4989776 
155.59999905 -0.941496 
155.63999905 -0.941496 
155.67999905 -0.941496 
155.71999905 -0.941496 
155.75999905 -0.941496 
155.79999905 -0.941496 
155.83999905 -1.382488 
155.87999905 -1.825007 
155.91999905 -1.825007 
155.95999905 -1.825007 
155.99999905 -1.825007 
156.03999905 -1.825007 
156.07999905 -1.825007 
156.11999905 -2.267525 
156.15999905 -2.267525 
156.19999905 -2.267525 
156.23999905 -2.267525 
156.27999905 -2.267525 
156.31999905 -2.267525 
156.35999905 -2.708518 
156.39999905 -2.708518 
156.43999905 -2.708518 
156.47999905 -2.708518 
156.51999905 -3.151036 
156.55999905 -2.708518 
156.59999905 -3.151036 
156.63999905 -3.151036 
156.67999905 -3.151036 
156.71999905 -3.151036 
156.75999905 -3.593554 
156.79999905 -3.151036 
156.83999905 -3.151036 
156.87999905 -3.593554 
156.91999905 -4.034547 
156.95999905 -3.593554 
156.99999905 -3.593554 
157.03999905 -3.593554 
157.07999905 -3.593554 
157.11999905 -3.593554 
157.15999904 -4.034547 
157.19999904 -4.034547 
157.23999904 -4.034547 
157.27999904 -4.034547 
157.31999904 -4.034547 
157.35999904 -4.034547 
157.39999904 -4.034547 
157.43999904 -4.034547 
157.47999904 -4.034547 
157.51999904 -4.034547 
157.55999904 -4.034547 
157.59999904 -4.034547 
157.63999904 -4.034547 
157.67999904 -4.034547 
157.71999904 -4.034547 
157.75999904 -4.034547 
157.79999904 -4.034547 
157.83999904 -4.034547 
157.87999904 -3.593554 
157.91999904 -3.593554 
157.95999904 -4.034547 
157.99999904 -4.034547 
158.03999904 -4.034547 
158.07999904 -4.034547 
158.11999904 -3.593554 
158.15999904 -3.593554 
158.19999904 -3.593554 
158.23999904 -3.593554 
158.27999904 -3.593554 
158.31999904 -3.593554 
158.35999904 -3.593554 
158.39999904 -3.593554 
158.43999904 -3.151036 
158.47999904 -3.593554 
158.51999904 -3.151036 
158.55999904 -3.151036 
158.59999904 -2.708518 
158.63999904 -3.151036 
158.67999904 -2.708518 
158.71999904 -2.708518 
158.75999904 -2.708518 
158.79999903 -2.708518 
158.83999903 -2.267525 
158.87999903 -2.267525 
158.91999903 -2.267525 
158.95999903 -2.267525 
158.99999903 -2.267525 
159.03999903 -2.267525 
159.07999903 -2.267525 
159.11999903 -1.825007 
159.15999903 -1.825007 
159.19999903 -0.941496 
159.23999903 -1.382488 
159.27999903 -1.382488 
159.31999903 -0.941496 
159.35999903 -0.941496 
159.39999903 -0.941496 
159.43999903 -0.941496 
159.47999903 -0.941496 
159.51999903 -0.941496 
159.55999903 -0.941496 
159.59999903 -0.4989776 
159.63999903 -0.4989776 
159.67999903 -0.4989776 
159.71999903 -0.4989776 
159.75999903 -0.941496 
159.79999903 -0.941496 
159.83999903 -0.941496 
159.87999903 -0.4989776 
159.91999903 -0.4989776 
159.95999903 -0.4989776 
159.99999903 -0.4989776 
160.03999903 -0.4989776 
160.07999903 -0.4989776 
160.11999903 -0.4989776 
160.15999903 -0.4989776 
160.19999903 -0.941496 
160.23999903 -0.4989776 
160.27999903 -0.4989776 
160.31999903 -0.4989776 
160.35999903 -0.4989776 
160.39999903 -0.941496 
160.43999902 -0.4989776 
160.47999902 -0.4989776 
160.51999902 -0.4989776 
160.55999902 -0.4989776 
160.59999902 -0.4989776 
160.63999902 -0.4989776 
160.67999902 -0.4989776 
160.71999902 -0.4989776 
160.75999902 -0.4989776 
160.79999902 -0.4989776 
160.83999902 -0.941496 
160.87999902 -0.941496 
160.91999902 -0.941496 
160.95999902 -0.941496 
160.99999902 -0.4989776 
161.03999902 -0.4989776 
161.07999902 -0.941496 
161.11999902 -0.941496 
161.15999902 -0.941496 
161.19999902 -0.941496 
161.23999902 -1.382488 
161.27999902 -0.941496 
161.31999902 -1.382488 
161.35999902 -1.825007 
161.39999902 -1.382488 
161.43999902 -1.825007 
161.47999902 -1.825007 
161.51999902 -1.825007 
161.55999902 -1.825007 
161.59999902 -2.267525 
161.63999902 -2.267525 
161.67999902 -2.267525 
161.71999902 -2.267525 
161.75999902 -2.267525 
161.79999902 -2.708518 
161.83999902 -2.708518 
161.87999902 -3.151036 
161.91999902 -2.708518 
161.95999902 -3.593554 
161.99999902 -3.593554 
162.03999902 -3.593554 
162.07999901 -3.593554 
162.11999901 -3.593554 
162.15999901 -4.034547 
162.19999901 -4.034547 
162.23999901 -4.034547 
162.27999901 -4.477065 
162.31999901 -4.477065 
162.35999901 -4.477065 
162.39999901 -4.477065 
162.43999901 -4.919584 
162.47999901 -5.360576 
162.51999901 -5.360576 
162.55999901 -5.360576 
162.59999901 -5.360576 
162.63999901 -5.360576 
162.67999901 -5.360576 
162.71999901 -5.360576 
162.75999901 -5.803094 
162.79999901 -5.803094 
162.83999901 -5.803094 
162.87999901 -5.803094 
162.91999901 -5.803094 
162.95999901 -6.244087 
162.99999901 -6.244087 
163.03999901 -6.244087 
163.07999901 -6.244087 
163.11999901 -6.686605 
163.15999901 -6.686605 
163.19999901 -6.244087 
163.23999901 -6.244087 
163.27999901 -6.244087 
163.31999901 -6.244087 
163.35999901 -6.686605 
163.39999901 -6.244087 
163.43999901 -6.686605 
163.47999901 -6.686605 
163.51999901 -6.244087 
163.55999901 -6.244087 
163.59999901 -6.244087 
163.63999901 -6.244087 
163.67999901 -6.244087 
163.719999 -5.803094 
163.759999 -5.803094 
163.799999 -5.803094 
163.839999 -5.803094 
163.879999 -5.803094 
163.919999 -5.360576 
163.959999 -5.360576 
163.999999 -5.360576 
164.039999 -5.360576 
164.079999 -5.360576 
164.119999 -4.919584 
164.159999 -4.919584 
164.199999 -4.919584 
164.239999 -4.477065 
164.279999 -4.477065 
164.319999 -4.477065 
164.359999 -4.477065 
164.399999 -4.034547 
164.439999 -4.034547 
164.479999 -4.034547 
164.519999 -4.034547 
164.559999 -3.593554 
164.599999 -3.593554 
164.639999 -3.593554 
164.679999 -3.151036 
164.719999 -2.708518 
164.759999 -2.708518 
164.799999 -2.708518 
164.839999 -2.267525 
164.879999 -2.267525 
164.919999 -2.267525 
164.959999 -1.825007 
164.999999 -1.825007 
165.039999 -1.825007 
165.079999 -1.825007 
165.119999 -1.825007 
165.159999 -1.382488 
165.199999 -0.941496 
165.239999 -0.941496 
165.279999 -0.941496 
165.319999 -0.941496 
165.359999 -0.4989776 
165.43999899 -0.4989776 
168.39999898 -0.4989776 
168.43999898 -0.4989776 
168.47999898 -0.941496 
168.51999898 -0.941496 
168.55999898 -0.941496 
168.59999898 -0.941496 
168.63999898 -1.825007 
168.67999897 -1.825007 
168.71999897 -1.825007 
168.75999897 -1.825007 
168.79999897 -2.267525 
168.83999897 -2.267525 
168.87999897 -2.708518 
168.91999897 -2.708518 
168.95999897 -3.151036 
168.99999897 -3.151036 
169.03999897 -3.151036 
169.07999897 -3.593554 
169.11999897 -3.151036 
169.15999897 -3.593554 
169.19999897 -3.593554 
169.23999897 -4.034547 
169.27999897 -3.593554 
169.31999897 -4.034547 
169.35999897 -4.034547 
169.39999897 -4.477065 
169.43999897 -4.477065 
169.47999897 -4.477065 
169.51999897 -4.477065 
169.55999897 -4.477065 
169.59999897 -4.477065 
169.63999897 -4.477065 
169.67999897 -5.360576 
169.71999897 -4.477065 
169.75999897 -4.919584 
169.79999897 -5.360576 
169.83999897 -4.919584 
169.87999897 -5.360576 
169.91999897 -5.360576 
169.95999897 -4.919584 
169.99999897 -5.360576 
170.03999897 -5.360576 
170.07999897 -4.919584 
170.11999897 -4.919584 
170.15999897 -5.360576 
170.19999897 -5.360576 
170.23999897 -5.360576 
170.27999897 -5.360576 
170.31999896 -4.919584 
170.35999896 -5.360576 
170.39999896 -5.360576 
170.43999896 -4.477065 
170.47999896 -4.919584 
170.51999896 -5.360576 
170.55999896 -4.477065 
170.59999896 -4.477065 
170.63999896 -4.477065 
170.67999896 -4.477065 
170.71999896 -4.477065 
170.75999896 -4.477065 
170.79999896 -4.477065 
170.83999896 -4.477065 
170.87999896 -4.034547 
170.91999896 -4.034547 
170.95999896 -4.034547 
170.99999896 -4.034547 
171.03999896 -4.034547 
171.07999896 -3.593554 
171.11999896 -3.593554 
171.15999896 -3.593554 
171.19999896 -3.593554 
171.23999896 -3.151036 
171.27999896 -2.708518 
171.31999896 -2.708518 
171.35999896 -2.708518 
171.39999896 -2.708518 
171.43999896 -2.708518 
171.47999896 -2.267525 
171.51999896 -2.267525 
171.55999896 -2.267525 
171.59999896 -2.267525 
171.63999896 -1.825007 
171.67999896 -1.382488 
171.71999896 -0.941496 
171.75999896 -1.825007 
171.79999896 -1.825007 
171.83999896 -0.941496 
171.87999896 -0.941496 
171.91999896 -0.941496 
171.95999895 -0.941496 
171.99999895 -0.941496 
172.03999895 -0.941496 
172.07999895 -0.941496 
172.11999895 -0.4989776 
172.15999895 -0.4989776 
172.19999895 -0.4989776 
172.23999895 -0.4989776 
176.63999893 -0.4989776 
176.67999893 -0.4989776 
176.71999893 -0.4989776 
176.75999893 -0.4989776 
176.99999892 -0.4989776 
177.07999892 -0.4989776 
177.15999892 -0.4989776 
177.19999892 -0.4989776 
177.23999892 -0.941496 
177.27999892 -0.4989776 
177.31999892 -0.941496 
177.35999892 -0.941496 
177.39999892 -0.4989776 
177.43999892 -0.941496 
177.47999892 -0.4989776 
177.51999892 -0.4989776 
177.55999892 -0.941496 
177.59999892 -0.941496 
177.63999892 -0.941496 
177.67999892 -0.941496 
177.71999892 -1.382488 
177.75999892 -1.382488 
177.79999892 -1.382488 
177.83999892 -1.382488 
177.87999892 -1.825007 
177.91999892 -1.825007 
177.95999892 -1.825007 
177.99999892 -1.825007 
178.03999892 -1.825007 
178.07999892 -1.825007 
178.11999892 -1.825007 
178.15999892 -1.825007 
178.19999892 -1.825007 
178.23999892 -1.825007 
178.27999892 -2.267525 
178.31999892 -2.267525 
178.35999892 -2.267525 
178.39999892 -2.267525 
178.43999892 -2.267525 
178.47999892 -2.708518 
178.51999892 -2.708518 
178.55999891 -2.267525 
178.59999891 -2.708518 
178.63999891 -2.708518 
178.67999891 -3.151036 
178.71999891 -2.708518 
178.75999891 -2.708518 
178.79999891 -2.708518 
178.83999891 -3.151036 
178.87999891 -3.593554 
178.91999891 -3.151036 
178.95999891 -3.593554 
178.99999891 -3.593554 
179.03999891 -3.593554 
179.07999891 -3.593554 
179.11999891 -3.593554 
179.15999891 -3.593554 
179.19999891 -3.593554 
179.23999891 -3.593554 
179.27999891 -3.593554 
179.31999891 -4.034547 
179.35999891 -4.477065 
179.39999891 -4.477065 
179.43999891 -4.477065 
179.47999891 -5.803094 
179.51999891 -4.477065 
179.55999891 -2.267525 
179.59999891 -4.919584 
179.63999891 -5.360576 
179.67999891 -4.034547 
179.71999891 -4.034547 
179.75999891 -5.360576 
179.79999891 -4.477065 
179.83999891 -4.034547 
179.87999891 -4.477065 
179.91999891 -4.034547 
179.95999891 -5.360576 
179.99999891 -5.803094 
180.03999891 -4.477065 
180.07999891 -4.034547 
180.11999891 -4.919584 
180.15999891 -5.360576 
180.1999989 -4.477065 
180.2399989 -4.477065 
180.2799989 -5.803094 
180.3199989 -4.477065 
180.3599989 -4.034547 
180.3999989 -4.477065 
180.4399989 -4.919584 
180.4799989 -4.919584 
180.5199989 -4.477065 
180.5599989 -4.477065 
180.5999989 -4.477065 
180.6399989 -4.477065 
180.6799989 -4.477065 
180.7199989 -4.477065 
180.7599989 -4.034547 
180.7999989 -4.034547 
180.8399989 -4.034547 
180.8799989 -3.593554 
180.9199989 -4.034547 
180.9599989 -4.034547 
180.9999989 -4.034547 
181.0399989 -3.593554 
181.0799989 -3.593554 
181.1199989 -3.593554 
181.1599989 -3.593554 
181.1999989 -2.708518 
181.2399989 -3.151036 
181.2799989 -3.151036 
181.3199989 -2.708518 
181.3599989 -2.708518 
181.3999989 -2.708518 
181.4399989 -2.708518 
181.4799989 -2.267525 
181.5199989 -2.267525 
181.5599989 -1.825007 
181.5999989 -1.825007 
181.6399989 -1.825007 
181.6799989 -1.825007 
181.7199989 -1.825007 
181.7599989 -1.382488 
181.7999989 -1.382488 
181.83999889 -0.941496 
181.87999889 -0.941496 
181.91999889 -0.941496 
181.95999889 -0.941496 
181.99999889 -0.4989776 
182.03999889 -0.4989776 
182.07999889 -0.4989776 
184.31999888 -0.4989776 
184.47999888 -0.4989776 
184.51999888 -0.4989776 
184.55999888 -0.941496 
184.59999888 -0.4989776 
184.63999888 -0.4989776 
184.67999888 -0.941496 
184.71999888 -0.941496 
184.75999888 -0.941496 
184.79999888 -0.941496 
184.83999888 -0.941496 
184.87999888 -0.941496 
184.91999888 -1.382488 
184.95999888 -1.825007 
184.99999888 -1.825007 
185.03999888 -1.825007 
185.07999888 -1.825007 
185.11999887 -2.267525 
185.15999887 -2.267525 
185.19999887 -2.267525 
185.23999887 -2.267525 
185.27999887 -2.267525 
185.31999887 -2.267525 
185.35999887 -2.267525 
185.39999887 -2.708518 
185.43999887 -2.267525 
185.47999887 -2.708518 
185.51999887 -2.267525 
185.55999887 -2.708518 
185.59999887 -2.708518 
185.63999887 -2.708518 
185.67999887 -2.708518 
185.71999887 -2.708518 
185.75999887 -3.151036 
185.79999887 -3.151036 
185.83999887 -3.151036 
185.87999887 -3.151036 
185.91999887 -3.151036 
185.95999887 -3.151036 
185.99999887 -2.708518 
186.03999887 -3.151036 
186.07999887 -3.151036 
186.11999887 -3.151036 
186.15999887 -3.151036 
186.19999887 -3.151036 
186.23999887 -3.151036 
186.27999887 -3.151036 
186.31999887 -2.708518 
186.35999887 -2.708518 
186.39999887 -2.708518 
186.43999887 -2.267525 
186.47999887 -2.708518 
186.51999887 -2.708518 
186.55999887 -2.708518 
186.59999887 -2.708518 
186.63999887 -2.267525 
186.67999887 -2.267525 
186.71999887 -2.267525 
186.75999886 -2.267525 
186.79999886 -2.267525 
186.83999886 -2.267525 
186.87999886 -2.267525 
186.91999886 -1.825007 
186.95999886 -2.267525 
186.99999886 -1.825007 
187.03999886 -1.825007 
187.07999886 -1.382488 
187.11999886 -1.825007 
187.15999886 -1.382488 
187.19999886 -1.382488 
187.23999886 -0.941496 
187.27999886 -0.941496 
187.31999886 -0.941496 
187.35999886 -0.941496 
187.39999886 -0.4989776 
187.43999886 -0.4989776 
187.47999886 -0.4989776 
187.51999886 -0.4989776 
187.55999886 -0.4989776 
190.39999884 -0.4989776 
190.43999884 -0.4989776 
190.47999884 -0.4989776 
190.51999884 -0.4989776 
190.55999884 -0.941496 
190.59999884 -0.941496 
190.63999884 -0.941496 
190.67999884 -0.941496 
190.71999884 -0.941496 
190.75999884 -0.941496 
190.79999884 -0.941496 
190.83999884 -0.941496 
190.87999884 -1.825007 
190.91999884 -1.825007 
190.95999884 -1.825007 
190.99999884 -1.825007 
191.03999884 -1.825007 
191.07999884 -1.825007 
191.11999884 -1.825007 
191.15999884 -2.267525 
191.19999884 -2.267525 
191.23999884 -2.267525 
191.27999884 -2.267525 
191.31999884 -2.267525 
191.35999884 -2.267525 
191.39999884 -2.708518 
191.43999884 -3.151036 
191.47999884 -2.708518 
191.51999884 -2.708518 
191.55999884 -3.151036 
191.59999884 -3.151036 
191.63999884 -2.708518 
191.67999884 -3.593554 
191.71999883 -3.151036 
191.75999883 -3.593554 
191.79999883 -3.593554 
191.83999883 -3.151036 
191.87999883 -3.593554 
191.91999883 -3.593554 
191.95999883 -3.593554 
191.99999883 -3.593554 
192.03999883 -3.593554 
192.07999883 -3.593554 
192.11999883 -4.034547 
192.15999883 -3.593554 
192.19999883 -4.034547 
192.23999883 -3.593554 
192.27999883 -4.034547 
192.31999883 -3.151036 
192.35999883 -3.593554 
192.39999883 -4.034547 
192.43999883 -3.593554 
192.47999883 -3.593554 
192.51999883 -3.593554 
192.55999883 -3.593554 
192.59999883 -4.034547 
192.63999883 -3.593554 
192.67999883 -3.593554 
192.71999883 -4.034547 
192.75999883 -3.593554 
192.79999883 -3.593554 
192.83999883 -3.593554 
192.87999883 -4.477065 
192.91999883 -3.593554 
192.95999883 -3.593554 
192.99999883 -3.593554 
193.03999883 -3.593554 
193.07999883 -3.593554 
193.11999883 -3.593554 
193.15999883 -3.593554 
193.19999883 -3.151036 
193.23999883 -3.593554 
193.27999883 -3.593554 
193.31999883 -3.593554 
193.35999882 -3.593554 
193.39999882 -3.151036 
193.43999882 -3.151036 
193.47999882 -3.151036 
193.51999882 -3.151036 
193.55999882 -3.151036 
193.59999882 -3.151036 
193.63999882 -3.151036 
193.67999882 -3.151036 
193.71999882 -3.151036 
193.75999882 -3.151036 
193.79999882 -3.151036 
193.83999882 -3.151036 
193.87999882 -3.151036 
193.91999882 -2.708518 
193.95999882 -2.708518 
193.99999882 -2.708518 
194.03999882 -2.708518 
194.07999882 -2.708518 
194.11999882 -2.708518 
194.15999882 -2.708518 
194.19999882 -2.708518 
194.23999882 -2.708518 
194.27999882 -2.708518 
194.31999882 -2.708518 
194.35999882 -2.708518 
194.39999882 -2.708518 
194.43999882 -2.708518 
194.47999882 -2.708518 
194.51999882 -3.151036 
194.55999882 -2.267525 
194.59999882 -2.267525 
194.63999882 -2.267525 
194.67999882 -2.267525 
194.71999882 -2.267525 
194.75999882 -2.708518 
194.79999882 -2.267525 
194.83999882 -2.708518 
194.87999882 -2.267525 
194.91999882 -2.708518 
194.95999882 -2.708518 
194.99999881 -3.151036 
195.03999881 -2.708518 
195.07999881 -2.708518 
195.11999881 -2.708518 
195.15999881 -2.708518 
195.19999881 -2.708518 
195.23999881 -2.708518 
195.27999881 -2.708518 
195.31999881 -2.708518 
195.35999881 -3.151036 
195.39999881 -2.708518 
195.43999881 -3.151036 
195.47999881 -3.151036 
195.51999881 -3.151036 
195.55999881 -3.151036 
195.59999881 -3.593554 
195.63999881 -3.151036 
195.67999881 -3.151036 
195.71999881 -3.593554 
195.75999881 -3.593554 
195.79999881 -3.593554 
195.83999881 -3.593554 
195.87999881 -3.593554 
195.91999881 -3.593554 
195.95999881 -3.593554 
195.99999881 -3.593554 
196.03999881 -3.593554 
196.07999881 -3.593554 
196.11999881 -3.593554 
196.15999881 -3.593554 
196.19999881 -3.593554 
196.23999881 -3.593554 
196.27999881 -3.593554 
196.31999881 -4.034547 
196.35999881 -4.034547 
196.39999881 -4.034547 
196.43999881 -4.034547 
196.47999881 -4.034547 
196.51999881 -4.034547 
196.55999881 -4.034547 
196.59999881 -4.477065 
196.6399988 -4.034547 
196.6799988 -4.034547 
196.7199988 -4.034547 
196.7599988 -4.477065 
196.7999988 -4.477065 
196.8399988 -4.477065 
196.8799988 -4.477065 
196.9199988 -4.477065 
196.9599988 -4.477065 
196.9999988 -4.477065 
197.0399988 -4.477065 
197.0799988 -4.477065 
197.1199988 -4.477065 
197.1599988 -4.477065 
197.1999988 -4.477065 
197.2399988 -4.477065 
197.2799988 -4.919584 
197.3199988 -4.919584 
197.3599988 -4.477065 
197.3999988 -4.477065 
197.4399988 -4.477065 
197.4799988 -4.477065 
197.5199988 -4.477065 
197.5599988 -4.477065 
197.5999988 -4.477065 
197.6399988 -4.477065 
197.6799988 -4.477065 
197.7199988 -4.477065 
197.7599988 -4.034547 
197.7999988 -4.034547 
197.8399988 -4.034547 
197.8799988 -4.477065 
197.9199988 -4.034547 
197.9599988 -4.034547 
197.9999988 -3.593554 
198.0399988 -3.593554 
198.0799988 -3.593554 
198.1199988 -3.593554 
198.1599988 -3.593554 
198.1999988 -3.593554 
198.2399988 -3.593554 
198.27999879 -2.708518 
198.31999879 -2.708518 
198.35999879 -3.151036 
198.39999879 -2.708518 
198.43999879 -3.151036 
198.47999879 -2.267525 
198.51999879 -2.708518 
198.55999879 -2.267525 
198.59999879 -2.267525 
198.63999879 -2.267525 
198.67999879 -1.825007 
198.71999879 -1.825007 
198.75999879 -1.825007 
198.79999879 -1.825007 
198.83999879 -1.825007 
198.87999879 -0.941496 
198.91999879 -0.941496 
198.95999879 -0.941496 
198.99999879 -0.941496 
199.03999879 -0.941496 
199.07999879 -0.941496 
199.11999879 -0.941496 
199.15999879 -0.941496 
199.19999879 -0.4989776 
199.23999879 -0.4989776 
199.31999879 -0.4989776 
199.39999879 -0.4989776 
0 0 
