0.24 -0.941496 
0.28 -0.4989776 
0.48 -0.4989776 
0.52 -0.4989776 
0.72 -0.941496 
0.76 -0.941496 
0.91999999 -0.4989776 
0.95999999 -0.941496 
0.99999999 -0.4989776 
1.11999999 -0.4989776 
1.15999999 -0.941496 
1.19999999 -0.4989776 
1.35999999 -0.4989776 
1.39999999 -0.941496 
1.43999999 -0.4989776 
1.59999999 -0.941496 
1.63999999 -0.941496 
1.67999999 -0.941496 
1.71999999 -0.4989776 
1.83999999 -0.4989776 
1.87999999 -0.941496 
1.91999999 -0.4989776 
2.03999999 -0.941496 
2.07999999 -0.941496 
2.11999999 -0.941496 
2.15999999 -0.4989776 
2.23999999 -0.4989776 
2.27999999 -0.941496 
2.31999999 -0.941496 
2.43999999 -0.941496 
2.47999998 -1.825007 
2.51999998 -1.825007 
2.55999998 -0.4989776 
2.67999998 -0.4989776 
2.71999998 -0.941496 
2.75999998 -0.941496 
2.79999998 -0.941496 
2.91999998 -0.4989776 
2.95999998 -0.941496 
2.99999998 -1.382488 
3.03999998 -0.941496 
3.11999998 -0.4989776 
3.15999998 -0.941496 
3.19999998 -1.382488 
3.23999998 -0.941496 
3.27999998 -0.4989776 
3.31999998 -0.4989776 
3.35999998 -0.4989776 
3.43999998 -0.941496 
3.47999998 -0.941496 
3.51999998 -0.941496 
3.55999998 -0.941496 
3.59999998 -0.4989776 
3.63999998 -5.360576 
3.67999998 -3.593554 
3.83999998 -2.267525 
3.87999998 -3.593554 
3.91999998 -4.034547 
3.95999998 -0.941496 
4.07999998 -0.4989776 
4.11999997 -3.151036 
4.15999997 -2.267525 
4.19999997 -0.4989776 
4.31999997 -1.382488 
4.35999997 -1.825007 
4.39999997 -0.941496 
4.51999997 -0.4989776 
4.55999997 -2.267525 
4.59999997 -2.267525 
4.75999997 -1.825007 
4.79999997 -1.825007 
4.83999997 -0.941496 
4.95999997 -0.941496 
4.99999997 -0.941496 
5.03999997 -0.4989776 
5.07999997 -0.4989776 
5.11999997 -0.4989776 
5.15999997 -0.4989776 
5.19999997 -0.4989776 
5.23999997 -0.4989776 
5.27999997 -0.4989776 
5.31999997 -0.941496 
5.35999997 -0.941496 
5.55999997 -1.825007 
5.59999997 -2.267525 
5.75999996 -0.4989776 
5.79999996 -1.825007 
5.83999996 -0.941496 
5.95999996 -0.941496 
5.99999996 -1.825007 
6.15999996 -0.4989776 
6.19999996 -0.4989776 
6.39999996 -2.267525 
6.43999996 -4.034547 
6.75999996 -0.4989776 
6.79999996 -0.4989776 
7.59999995 -0.4989776 
8.23999995 -0.4989776 
8.27999995 -0.941496 
8.55999995 -0.4989776 
8.67999995 -0.941496 
8.71999995 -6.686605 
8.75999995 -0.941496 
8.91999995 -1.382488 
8.95999995 -2.267525 
8.99999995 -0.941496 
9.35999994 -0.941496 
9.39999994 -0.941496 
9.59999994 -0.4989776 
9.63999994 -1.825007 
9.79999994 -0.941496 
9.83999994 -0.941496 
9.87999994 -0.941496 
10.11999994 -0.4989776 
10.15999994 -0.4989776 
10.23999994 -0.4989776 
10.35999994 -0.4989776 
10.39999994 -0.941496 
10.43999994 -0.4989776 
10.59999994 -1.825007 
10.63999994 -3.593554 
10.67999994 -1.825007 
10.87999993 -0.941496 
10.91999993 -0.941496 
11.07999993 -0.4989776 
11.43999993 -1.825007 
11.47999993 -2.267525 
11.71999993 -0.4989776 
12.23999993 -0.941496 
12.27999993 -0.4989776 
12.47999992 -0.941496 
12.67999992 -0.941496 
12.71999992 -4.477065 
12.87999992 -7.129124 
12.99999992 -2.267525 
13.03999992 -1.382488 
13.07999992 -0.4989776 
13.23999992 -4.477065 
13.27999992 -2.267525 
13.39999992 -1.382488 
13.51999992 -2.708518 
13.67999992 -2.267525 
13.71999992 -0.4989776 
13.87999992 -0.4989776 
14.03999991 -1.382488 
14.07999991 -0.4989776 
14.19999991 -0.4989776 
14.23999991 -0.4989776 
14.47999991 -0.4989776 
14.51999991 -0.4989776 
14.79999991 -0.4989776 
14.95999991 -0.941496 
14.99999991 -0.4989776 
15.07999991 -0.4989776 
15.11999991 -0.4989776 
15.15999991 -0.941496 
15.31999991 -0.4989776 
15.35999991 -0.941496 
15.39999991 -0.4989776 
15.43999991 -0.4989776 
15.47999991 -0.4989776 
15.59999991 -0.4989776 
15.6399999 -0.4989776 
15.6799999 -0.4989776 
15.8799999 -0.4989776 
16.0799999 -0.4989776 
17.0399999 -0.941496 
17.0799999 -0.941496 
17.1999999 -2.708518 
17.2399999 -4.477065 
17.27999989 -0.941496 
17.43999989 -1.382488 
17.47999989 -2.708518 
17.51999989 -0.4989776 
17.67999989 -0.4989776 
17.71999989 -0.4989776 
18.83999989 -0.4989776 
18.87999989 -1.825007 
18.91999989 -0.4989776 
19.15999988 -0.941496 
19.19999988 -0.4989776 
19.31999988 -0.4989776 
19.35999988 -0.4989776 
20.03999988 -0.4989776 
20.39999988 -0.4989776 
20.43999988 -0.4989776 
21.55999987 -1.382488 
21.59999987 -1.825007 
21.63999987 -0.4989776 
22.71999986 -0.4989776 
23.83999986 -1.825007 
23.87999985 -1.382488 
24.11999985 -2.708518 
24.15999985 -0.941496 
24.35999985 -0.941496 
24.39999985 -0.4989776 
24.75999985 -0.4989776 
24.95999985 -0.941496 
24.99999985 -0.4989776 
25.07999985 -0.941496 
25.11999985 -0.941496 
25.23999985 -0.4989776 
25.27999985 -0.941496 
25.31999985 -0.4989776 
25.35999985 -0.4989776 
25.43999985 -0.4989776 
25.47999985 -0.941496 
25.51999984 -0.4989776 
25.55999984 -1.825007 
25.59999984 -3.151036 
25.63999984 -0.941496 
25.75999984 -2.708518 
25.79999984 -4.477065 
25.83999984 -1.825007 
25.95999984 -1.382488 
25.99999984 -4.034547 
26.03999984 -2.267525 
26.15999984 -0.4989776 
26.19999984 -2.267525 
26.23999984 -2.267525 
26.27999984 -0.941496 
26.31999984 -0.4989776 
26.35999984 -1.825007 
26.39999984 -1.825007 
26.43999984 -0.4989776 
26.51999984 -0.4989776 
26.55999984 -1.382488 
26.59999984 -1.825007 
26.63999984 -0.941496 
26.79999984 -0.4989776 
26.83999984 -1.382488 
26.87999984 -0.941496 
26.91999984 -1.382488 
26.95999984 -1.825007 
26.99999984 -1.825007 
27.03999984 -0.941496 
27.07999984 -0.4989776 
27.23999983 -0.941496 
27.27999983 -1.382488 
27.31999983 -1.825007 
27.35999983 -0.941496 
27.39999983 -0.941496 
27.43999983 -0.941496 
27.51999983 -0.4989776 
27.55999983 -0.941496 
27.63999983 -0.4989776 
27.67999983 -0.941496 
27.71999983 -1.825007 
27.75999983 -0.941496 
27.79999983 -1.382488 
27.83999983 -0.941496 
27.99999983 -1.382488 
28.03999983 -2.267525 
28.07999983 -1.382488 
28.19999983 -0.941496 
28.23999983 -1.382488 
28.27999983 -0.4989776 
28.39999983 -0.941496 
28.43999983 -0.941496 
28.47999983 -0.941496 
28.67999983 -0.941496 
28.71999983 -0.941496 
28.75999983 -0.4989776 
29.07999982 -0.4989776 
29.11999982 -1.825007 
29.15999982 -1.825007 
29.31999982 -0.4989776 
29.47999982 -0.4989776 
29.51999982 -0.4989776 
29.55999982 -0.941496 
29.75999982 -0.4989776 
29.79999982 -0.4989776 
29.91999982 -0.4989776 
29.95999982 -4.477065 
29.99999982 -0.941496 
30.11999982 -0.4989776 
30.15999982 -0.4989776 
30.23999982 -0.4989776 
30.27999982 -0.941496 
30.31999982 -0.4989776 
30.39999982 -0.941496 
30.43999982 -1.825007 
30.71999981 -0.4989776 
30.75999981 -4.034547 
30.79999981 -4.477065 
30.83999981 -0.941496 
30.99999981 -1.382488 
31.03999981 -2.267525 
31.07999981 -0.941496 
31.19999981 -0.941496 
31.23999981 -0.4989776 
31.39999981 -0.941496 
31.43999981 -0.941496 
31.59999981 -0.4989776 
31.67999981 -0.4989776 
31.83999981 -0.4989776 
32.07999981 -0.4989776 
32.1199998 -0.4989776 
32.3999998 -1.825007 
32.4399998 -8.455153 
32.4799998 -1.382488 
32.5999998 -0.941496 
32.6399998 -0.941496 
33.1599998 -0.4989776 
34.35999979 -0.941496 
34.39999979 -0.4989776 
34.83999979 -0.4989776 
35.07999979 -0.4989776 
35.51999978 -0.941496 
35.55999978 -1.825007 
35.71999978 -0.941496 
35.75999978 -1.825007 
35.79999978 -0.4989776 
35.91999978 -0.4989776 
35.95999978 -1.825007 
35.99999978 -0.4989776 
36.15999978 -0.4989776 
36.31999978 -0.4989776 
36.35999978 -0.941496 
36.59999978 -0.941496 
36.63999978 -0.941496 
36.87999978 -0.4989776 
37.11999977 -0.4989776 
37.15999977 -0.4989776 
37.27999977 -0.4989776 
37.31999977 -0.4989776 
37.43999977 -0.941496 
37.47999977 -0.941496 
37.75999977 -1.382488 
37.79999977 -1.825007 
37.99999977 -0.941496 
38.03999977 -0.941496 
39.15999976 -1.382488 
39.19999976 -2.267525 
39.23999976 -0.941496 
39.39999976 -0.941496 
39.43999976 -2.267525 
39.47999976 -0.4989776 
39.63999976 -1.382488 
39.87999976 -0.4989776 
40.59999975 -0.4989776 
40.63999975 -0.941496 
40.67999975 -1.382488 
40.83999975 -1.825007 
40.87999975 -1.825007 
41.07999975 -0.4989776 
41.11999975 -0.4989776 
41.23999975 -0.4989776 
41.27999975 -0.4989776 
41.31999975 -0.4989776 
41.47999975 -0.4989776 
41.51999975 -2.267525 
41.55999975 -4.034547 
41.63999975 -1.825007 
41.71999975 -3.151036 
41.83999975 -5.803094 
41.87999975 -1.825007 
42.07999974 -6.244087 
42.11999974 -3.151036 
42.23999974 -2.267525 
42.35999974 -2.267525 
42.39999974 -0.941496 
42.51999974 -2.267525 
42.55999974 -0.4989776 
42.67999974 -0.941496 
42.83999974 -0.941496 
42.87999974 -3.151036 
42.91999974 -0.941496 
43.07999974 -0.4989776 
43.11999974 -0.4989776 
43.15999974 -0.4989776 
43.35999974 -1.825007 
43.51999974 -1.825007 
43.55999974 -0.941496 
44.39999973 -0.941496 
44.43999973 -2.267525 
44.47999973 -0.941496 
44.67999973 -0.941496 
44.71999973 -0.4989776 
44.91999973 -0.4989776 
45.19999973 -0.941496 
45.91999972 -0.4989776 
45.95999972 -0.4989776 
46.15999972 -0.941496 
46.19999972 -1.825007 
46.95999971 -0.941496 
46.99999971 -0.941496 
47.31999971 -0.4989776 
47.35999971 -0.4989776 
47.95999971 -0.4989776 
48.15999971 -0.4989776 
48.35999971 -0.4989776 
48.39999971 -0.4989776 
48.7999997 -0.4989776 
48.8399997 -0.4989776 
49.1199997 -0.4989776 
49.1599997 -0.4989776 
49.1999997 -0.4989776 
49.7999997 -0.4989776 
49.8799997 -0.4989776 
50.0399997 -0.4989776 
50.0799997 -0.4989776 
50.27999969 -0.4989776 
50.67999969 -0.941496 
50.71999969 -0.941496 
50.75999969 -0.4989776 
51.11999969 -1.825007 
51.15999969 -4.477065 
51.19999969 -3.593554 
51.35999969 -1.825007 
51.39999969 -4.034547 
51.43999969 -2.708518 
51.59999969 -0.941496 
51.63999969 -0.941496 
51.67999969 -0.4989776 
51.91999968 -2.267525 
51.95999968 -2.708518 
51.99999968 -0.941496 
52.15999968 -0.941496 
52.19999968 -0.941496 
52.23999968 -0.941496 
52.27999968 -0.4989776 
52.31999968 -0.4989776 
52.35999968 -0.4989776 
52.39999968 -0.941496 
52.43999968 -0.4989776 
52.47999968 -0.941496 
52.51999968 -0.941496 
52.55999968 -0.941496 
52.59999968 -0.4989776 
52.63999968 -0.4989776 
52.67999968 -0.4989776 
52.71999968 -2.267525 
52.75999968 -3.593554 
52.79999968 -1.825007 
52.95999968 -2.267525 
52.99999968 -3.593554 
53.03999968 -1.382488 
53.15999968 -0.941496 
53.19999968 -2.267525 
53.23999968 -1.825007 
53.35999968 -0.4989776 
53.39999968 -0.941496 
53.43999968 -1.825007 
53.47999967 -0.4989776 
53.51999967 -0.941496 
53.55999967 -0.4989776 
53.67999967 -0.941496 
53.71999967 -1.825007 
53.75999967 -0.941496 
53.83999967 -0.4989776 
53.87999967 -0.941496 
53.91999967 -1.382488 
53.95999967 -0.941496 
54.11999967 -0.941496 
54.15999967 -0.941496 
54.19999967 -0.941496 
54.31999967 -0.4989776 
54.35999967 -0.941496 
54.39999967 -0.941496 
54.55999967 -0.4989776 
54.59999967 -0.941496 
54.63999967 -0.4989776 
54.75999967 -0.4989776 
54.79999967 -0.4989776 
54.83999967 -0.4989776 
54.87999967 -0.4989776 
55.03999967 -0.941496 
55.07999967 -0.4989776 
55.23999966 -0.4989776 
55.27999966 -0.4989776 
55.31999966 -0.941496 
55.35999966 -0.941496 
55.51999966 -0.4989776 
55.55999966 -0.941496 
55.59999966 -0.4989776 
56.19999966 -0.4989776 
56.23999966 -1.825007 
56.27999966 -1.825007 
56.39999966 -0.941496 
56.43999966 -2.267525 
56.67999966 -0.4989776 
56.71999966 -0.4989776 
56.87999965 -0.4989776 
57.11999965 -0.941496 
57.15999965 -0.4989776 
57.35999965 -0.4989776 
57.39999965 -0.4989776 
57.59999965 -0.941496 
57.63999965 -0.4989776 
57.91999965 -3.151036 
57.95999965 -4.034547 
57.99999965 -0.941496 
58.11999965 -0.4989776 
58.15999965 -2.708518 
58.19999965 -1.825007 
58.35999965 -0.941496 
58.39999965 -0.941496 
58.55999964 -2.708518 
58.59999964 -6.686605 
58.63999964 -0.4989776 
58.71999964 -0.4989776 
58.75999964 -1.382488 
58.95999964 -0.4989776 
58.99999964 -0.941496 
59.03999964 -0.4989776 
59.15999964 -0.4989776 
59.19999964 -0.4989776 
59.23999964 -0.4989776 
59.43999964 -0.941496 
59.47999964 -0.941496 
59.51999964 -0.941496 
59.71999964 -0.4989776 
59.75999964 -1.825007 
59.79999964 -0.941496 
59.95999964 -0.4989776 
60.63999963 -0.941496 
60.67999963 -0.941496 
60.87999963 -0.941496 
60.91999963 -1.825007 
61.75999962 -0.941496 
61.79999962 -0.4989776 
62.87999962 -0.4989776 
62.91999962 -0.4989776 
62.95999962 -0.4989776 
63.07999962 -0.4989776 
63.11999962 -0.4989776 
63.15999962 -0.941496 
63.23999962 -0.4989776 
63.27999962 -0.4989776 
63.31999962 -0.4989776 
63.35999961 -0.4989776 
63.39999961 -0.941496 
63.43999961 -0.4989776 
63.51999961 -0.4989776 
63.55999961 -0.941496 
63.59999961 -1.825007 
63.63999961 -0.941496 
63.75999961 -0.941496 
63.79999961 -1.382488 
63.83999961 -1.825007 
63.87999961 -1.825007 
63.91999961 -0.941496 
63.99999961 -0.4989776 
64.03999961 -0.941496 
64.07999961 -0.4989776 
64.11999961 -0.4989776 
64.15999961 -0.941496 
64.19999961 -1.825007 
64.23999961 -1.382488 
64.27999961 -0.4989776 
64.31999961 -0.4989776 
64.35999961 -0.941496 
64.39999961 -0.941496 
64.43999961 -0.941496 
64.47999961 -0.941496 
64.51999961 -0.941496 
64.55999961 -0.941496 
64.59999961 -0.941496 
64.63999961 -0.4989776 
64.79999961 -2.708518 
64.83999961 -4.034547 
64.87999961 -2.267525 
65.0399996 -1.825007 
65.0799996 -2.708518 
65.1199996 -0.941496 
65.2399996 -0.4989776 
65.2799996 -0.941496 
65.3199996 -0.4989776 
65.4399996 -0.4989776 
65.4799996 -0.4989776 
65.6399996 -0.4989776 
65.6799996 -0.4989776 
65.9999996 -0.4989776 
66.0399996 -0.941496 
66.0799996 -0.4989776 
66.1199996 -0.4989776 
66.2799996 -1.825007 
66.3199996 -0.4989776 
66.3999996 -0.4989776 
66.4399996 -0.4989776 
66.83999959 -0.941496 
66.87999959 -0.4989776 
67.11999959 -0.4989776 
68.63999958 -0.4989776 
69.07999958 -0.4989776 
69.79999958 -2.267525 
69.83999958 -1.825007 
69.99999957 -0.4989776 
70.11999957 -0.4989776 
70.23999957 -4.034547 
70.27999957 -3.593554 
70.43999957 -2.267525 
70.47999957 -0.941496 
70.71999957 -4.034547 
70.75999957 -1.382488 
70.87999957 -3.151036 
70.99999957 -2.267525 
71.03999957 -2.708518 
71.31999957 -1.825007 
71.35999957 -3.151036 
71.55999957 -0.4989776 
71.59999956 -1.382488 
71.63999956 -1.825007 
71.83999956 -3.151036 
71.87999956 -1.825007 
72.11999956 -0.941496 
72.15999956 -0.941496 
73.39999955 -0.941496 
73.43999955 -0.941496 
74.15999955 -0.941496 
74.47999955 -0.4989776 
74.91999954 -0.4989776 
75.07999954 -0.4989776 
75.11999954 -0.4989776 
75.27999954 -0.941496 
75.31999954 -0.941496 
75.35999954 -0.4989776 
75.47999954 -0.4989776 
75.51999954 -0.941496 
75.55999954 -0.4989776 
75.59999954 -0.4989776 
75.71999954 -0.4989776 
75.75999954 -0.941496 
75.79999954 -0.4989776 
75.83999954 -0.4989776 
75.87999954 -0.4989776 
75.95999954 -0.4989776 
75.99999954 -0.941496 
76.03999954 -1.382488 
76.07999954 -0.4989776 
76.19999954 -0.941496 
76.23999954 -0.941496 
76.27999954 -0.941496 
76.39999954 -0.4989776 
76.43999954 -0.4989776 
76.47999954 -0.941496 
76.51999953 -0.4989776 
76.67999953 -0.941496 
76.71999953 -0.941496 
76.75999953 -0.4989776 
76.87999953 -0.941496 
76.91999953 -0.4989776 
77.07999953 -0.4989776 
77.11999953 -0.941496 
77.35999953 -0.4989776 
77.59999953 -0.4989776 
77.75999953 -0.941496 
77.99999953 -0.4989776 
78.43999952 -1.825007 
78.47999952 -2.708518 
78.63999952 -0.941496 
78.67999952 -6.686605 
78.71999952 -3.593554 
78.87999952 -4.477065 
78.91999952 -4.919584 
79.07999952 -0.4989776 
79.11999952 -2.708518 
79.15999952 -1.825007 
79.31999952 -0.941496 
79.35999952 -0.941496 
79.51999952 -0.4989776 
79.59999952 -0.4989776 
79.63999952 -0.941496 
79.67999952 -0.4989776 
79.71999952 -0.4989776 
79.87999951 -0.941496 
79.91999951 -0.941496 
80.07999951 -0.941496 
80.11999951 -2.708518 
80.15999951 -1.825007 
80.31999951 -0.941496 
80.35999951 -2.267525 
80.39999951 -1.825007 
80.55999951 -0.941496 
80.59999951 -1.382488 
80.63999951 -0.941496 
80.75999951 -0.941496 
80.79999951 -0.941496 
80.83999951 -0.941496 
80.87999951 -0.4989776 
80.99999951 -0.4989776 
81.03999951 -1.382488 
81.07999951 -0.941496 
81.23999951 -0.941496 
81.27999951 -0.941496 
81.4799995 -0.4989776 
81.9199995 -1.825007 
81.9599995 -0.941496 
82.1599995 -0.4989776 
82.2799995 -1.825007 
82.3199995 -2.267525 
82.5599995 -0.941496 
82.7199995 -3.593554 
82.7599995 -0.4989776 
83.0399995 -0.4989776 
84.59999949 -0.941496 
84.75999948 -2.267525 
84.79999948 -0.4989776 
84.87999948 -0.4989776 
84.91999948 -0.941496 
85.07999948 -0.4989776 
85.11999948 -0.941496 
85.15999948 -0.941496 
85.19999948 -0.941496 
85.23999948 -0.4989776 
85.43999948 -2.267525 
85.47999948 -2.708518 
85.51999948 -0.4989776 
85.63999948 -0.4989776 
85.67999948 -1.382488 
85.71999948 -0.941496 
85.75999948 -0.4989776 
85.91999948 -0.941496 
85.99999948 -0.4989776 
86.03999948 -0.941496 
86.07999948 -0.941496 
86.11999948 -0.4989776 
86.27999948 -0.941496 
86.31999948 -0.941496 
86.35999948 -0.4989776 
86.39999947 -0.4989776 
86.43999947 -0.4989776 
86.47999947 -0.4989776 
86.59999947 -0.4989776 
86.63999947 -0.941496 
86.67999947 -1.825007 
86.71999947 -1.825007 
86.75999947 -0.941496 
86.79999947 -0.4989776 
86.99999947 -1.825007 
87.03999947 -3.593554 
87.07999947 -2.708518 
87.23999947 -2.267525 
87.27999947 -1.825007 
87.31999947 -0.4989776 
87.43999947 -0.941496 
87.47999947 -2.267525 
87.51999947 -1.382488 
87.55999947 -0.4989776 
87.59999947 -0.941496 
87.63999947 -1.382488 
87.75999947 -0.941496 
87.79999947 -1.825007 
87.83999947 -1.382488 
87.87999947 -0.4989776 
87.95999947 -0.4989776 
87.99999947 -0.941496 
88.11999946 -0.941496 
88.15999946 -0.941496 
88.19999946 -0.4989776 
88.23999946 -0.4989776 
88.31999946 -0.4989776 
88.35999946 -0.941496 
88.39999946 -1.825007 
88.43999946 -0.4989776 
88.51999946 -0.4989776 
88.55999946 -1.825007 
88.59999946 -1.382488 
88.75999946 -0.4989776 
88.79999946 -0.941496 
88.83999946 -0.941496 
88.87999946 -0.4989776 
88.91999946 -0.4989776 
88.95999946 -0.4989776 
88.99999946 -0.941496 
89.03999946 -0.941496 
89.19999946 -0.941496 
89.23999946 -1.825007 
89.27999946 -1.382488 
89.31999946 -0.4989776 
89.43999946 -0.4989776 
89.67999945 -0.4989776 
89.71999945 -0.4989776 
89.75999945 -0.4989776 
89.79999945 -0.4989776 
89.87999945 -0.4989776 
90.11999945 -0.4989776 
90.15999945 -0.4989776 
90.39999945 -0.941496 
90.43999945 -1.825007 
90.47999945 -0.941496 
90.79999945 -0.4989776 
90.83999945 -1.382488 
90.87999945 -1.382488 
91.23999945 -0.941496 
91.27999945 -0.941496 
91.31999945 -0.4989776 
91.35999944 -0.4989776 
91.47999944 -0.4989776 
91.51999944 -0.941496 
91.55999944 -0.4989776 
91.71999944 -0.4989776 
91.75999944 -0.4989776 
91.79999944 -0.4989776 
91.83999944 -0.941496 
91.87999944 -0.4989776 
91.95999944 -0.941496 
91.99999944 -0.941496 
92.03999944 -0.941496 
92.07999944 -0.941496 
92.11999944 -0.4989776 
92.27999944 -2.267525 
92.31999944 -4.034547 
92.35999944 -2.708518 
92.51999944 -2.708518 
92.55999944 -2.267525 
92.71999944 -0.941496 
92.75999944 -0.941496 
92.91999944 -0.4989776 
93.11999943 -0.4989776 
93.39999943 -0.4989776 
93.87999943 -2.267525 
93.91999943 -2.708518 
94.11999943 -0.4989776 
95.03999942 -0.4989776 
95.07999942 -0.941496 
96.11999942 -3.151036 
96.15999942 -0.941496 
97.47999941 -0.4989776 
97.51999941 -1.825007 
97.67999941 -0.4989776 
97.9999994 -1.825007 
98.0399994 -0.4989776 
98.1999994 -0.4989776 
98.2399994 -0.941496 
98.9999994 -4.919584 
99.1599994 -6.244087 
99.2799994 -6.244087 
99.3199994 -4.477065 
99.5199994 -5.803094 
99.55999939 -2.267525 
99.79999939 -2.708518 
99.95999939 -1.825007 
99.99999939 -0.4989776 
100.15999939 -0.4989776 
100.47999939 -0.4989776 
100.63999939 -0.4989776 
100.79999939 -0.4989776 
100.83999939 -1.825007 
100.87999939 -0.941496 
101.03999939 -0.4989776 
101.19999938 -0.941496 
101.23999938 -1.825007 
101.27999938 -1.825007 
101.43999938 -0.941496 
101.47999938 -0.941496 
101.59999938 -0.4989776 
101.63999938 -0.4989776 
101.79999938 -0.4989776 
101.83999938 -0.4989776 
101.87999938 -0.4989776 
101.99999938 -0.4989776 
102.03999938 -0.4989776 
102.07999938 -0.941496 
102.11999938 -0.4989776 
102.19999938 -0.4989776 
102.23999938 -0.4989776 
102.27999938 -0.941496 
102.31999938 -0.941496 
102.35999938 -0.4989776 
102.47999938 -1.825007 
102.51999938 -3.151036 
102.55999938 -0.941496 
102.71999938 -1.825007 
102.75999938 -1.825007 
102.79999938 -0.941496 
102.91999937 -0.4989776 
102.95999937 -1.825007 
102.99999937 -0.941496 
103.15999937 -0.941496 
103.19999937 -0.941496 
103.23999937 -0.4989776 
103.31999937 -0.4989776 
103.35999937 -0.941496 
103.39999937 -0.941496 
103.51999937 -0.4989776 
103.55999937 -0.941496 
103.59999937 -0.4989776 
103.63999937 -0.4989776 
103.67999937 -0.4989776 
103.71999937 -0.941496 
103.75999937 -0.941496 
103.79999937 -0.4989776 
103.83999937 -0.4989776 
103.87999937 -0.4989776 
103.91999937 -0.4989776 
104.03999937 -0.4989776 
104.07999937 -0.941496 
104.11999937 -0.4989776 
104.31999937 -0.4989776 
104.35999937 -0.4989776 
104.63999936 -0.941496 
104.67999936 -0.941496 
105.03999936 -0.4989776 
105.27999936 -0.4989776 
106.11999936 -2.267525 
106.15999935 -1.825007 
106.35999935 -1.825007 
106.39999935 -0.4989776 
107.67999935 -1.382488 
107.71999935 -1.382488 
107.91999934 -0.941496 
107.95999934 -0.941496 
108.15999934 -0.4989776 
108.19999934 -0.941496 
108.23999934 -0.4989776 
108.63999934 -0.4989776 
108.67999934 -0.941496 
108.71999934 -1.382488 
108.75999934 -0.941496 
108.99999934 -2.708518 
109.03999934 -4.034547 
109.07999934 -0.941496 
109.15999934 -0.4989776 
109.35999934 -0.4989776 
109.39999934 -0.941496 
109.43999933 -0.941496 
109.47999933 -0.4989776 
109.63999933 -0.941496 
109.67999933 -0.941496 
109.83999933 -0.4989776 
109.87999933 -0.4989776 
109.95999933 -0.4989776 
110.11999933 -0.941496 
110.15999933 -1.825007 
110.19999933 -0.941496 
110.35999933 -1.825007 
110.39999933 -0.4989776 
110.55999933 -0.941496 
110.59999933 -0.941496 
110.63999933 -0.4989776 
110.71999933 -0.4989776 
110.75999933 -6.244087 
110.91999933 -0.941496 
110.95999933 -0.941496 
111.03999933 -0.941496 
111.23999932 -0.4989776 
111.39999932 -0.4989776 
111.63999932 -0.4989776 
111.87999932 -0.4989776 
111.91999932 -0.4989776 
112.07999932 -0.4989776 
112.11999932 -0.941496 
112.15999932 -0.4989776 
112.31999932 -0.4989776 
112.35999932 -0.941496 
112.39999932 -0.4989776 
112.59999932 -1.825007 
112.63999932 -3.151036 
112.67999932 -0.941496 
112.79999931 -2.267525 
112.83999931 -1.382488 
112.99999931 -2.708518 
113.03999931 -3.593554 
113.07999931 -1.825007 
113.19999931 -0.4989776 
113.23999931 -2.267525 
113.27999931 -2.267525 
113.31999931 -0.4989776 
113.43999931 -0.4989776 
113.47999931 -1.382488 
113.51999931 -1.825007 
113.55999931 -0.941496 
113.67999931 -0.4989776 
113.71999931 -0.941496 
113.75999931 -0.941496 
113.79999931 -0.4989776 
113.87999931 -0.4989776 
113.91999931 -0.4989776 
113.95999931 -0.941496 
113.99999931 -1.382488 
114.03999931 -0.941496 
114.11999931 -0.4989776 
114.15999931 -0.941496 
114.19999931 -0.941496 
114.23999931 -1.382488 
114.27999931 -0.4989776 
114.3999993 -2.267525 
114.4399993 -1.825007 
114.5999993 -2.267525 
114.6399993 -3.593554 
114.6799993 -0.941496 
114.7999993 -0.4989776 
114.8399993 -1.382488 
114.8799993 -1.382488 
114.9199993 -0.941496 
115.0799993 -0.4989776 
115.1199993 -1.382488 
115.1599993 -0.4989776 
115.2799993 -0.4989776 
115.3199993 -0.4989776 
115.3599993 -0.4989776 
115.3999993 -0.4989776 
115.5199993 -0.941496 
115.5599993 -2.267525 
115.5999993 -0.941496 
115.7599993 -0.941496 
115.7999993 -0.941496 
115.9999993 -0.4989776 
116.03999929 -0.4989776 
116.19999929 -0.941496 
116.23999929 -0.941496 
116.43999929 -0.4989776 
116.55999929 -0.4989776 
116.59999929 -0.4989776 
116.83999929 -0.4989776 
117.11999929 -0.4989776 
117.63999929 -0.4989776 
117.87999928 -0.4989776 
118.07999928 -0.4989776 
118.31999928 -0.4989776 
118.35999928 -0.4989776 
118.51999928 -0.4989776 
118.55999928 -0.4989776 
118.75999928 -0.4989776 
118.79999928 -0.4989776 
118.95999928 -0.4989776 
118.99999928 -0.4989776 
119.03999928 -0.4989776 
119.19999928 -0.4989776 
119.23999928 -0.4989776 
119.27999928 -0.4989776 
119.47999927 -0.4989776 
119.63999927 -0.4989776 
119.75999927 -1.825007 
119.79999927 -2.267525 
119.99999927 -3.593554 
120.03999927 -3.151036 
120.19999927 -0.4989776 
120.23999927 -0.941496 
120.27999927 -0.4989776 
120.91999927 -0.941496 
122.39999926 -2.267525 
122.43999926 -2.267525 
123.51999925 -0.941496 
123.87999925 -0.941496 
124.03999925 -3.593554 
124.07999925 -1.825007 
124.27999924 -0.941496 
124.31999924 -0.4989776 
124.47999924 -0.4989776 
124.51999924 -0.4989776 
124.55999924 -0.4989776 
124.75999924 -0.4989776 
124.83999924 -0.4989776 
124.87999924 -0.941496 
124.91999924 -0.941496 
125.07999924 -0.941496 
125.11999924 -0.941496 
125.23999924 -0.941496 
125.27999924 -1.825007 
125.31999924 -0.941496 
125.47999924 -0.941496 
125.51999924 -0.4989776 
125.55999924 -0.4989776 
125.59999924 -0.4989776 
125.63999924 -0.941496 
125.67999924 -0.4989776 
125.75999924 -0.4989776 
125.79999924 -0.4989776 
125.83999924 -0.941496 
125.87999923 -0.4989776 
125.91999923 -0.4989776 
125.95999923 -0.4989776 
126.07999923 -0.4989776 
126.11999923 -0.941496 
126.15999923 -0.941496 
126.27999923 -0.4989776 
126.31999923 -0.941496 
126.43999923 -0.4989776 
126.47999923 -0.941496 
126.51999923 -0.941496 
126.55999923 -0.4989776 
126.75999923 -0.4989776 
126.91999923 -0.4989776 
126.95999923 -2.708518 
126.99999923 -2.267525 
127.19999923 -1.825007 
127.23999923 -1.825007 
127.27999923 -0.4989776 
127.95999922 -5.360576 
128.11999922 -8.896146 
128.15999922 -3.593554 
128.35999922 -1.825007 
128.59999922 -4.034547 
128.63999922 -1.825007 
128.75999922 -0.941496 
128.91999922 -0.4989776 
129.03999922 -0.4989776 
129.07999922 -0.941496 
129.39999921 -0.4989776 
129.55999921 -0.4989776 
129.75999921 -0.4989776 
130.23999921 -0.941496 
130.27999921 -0.4989776 
130.51999921 -0.4989776 
130.55999921 -0.4989776 
130.59999921 -0.941496 
131.3199992 -0.4989776 
132.83999919 -0.4989776 
132.87999919 -0.941496 
133.07999919 -0.4989776 
133.75999919 -0.4989776 
133.79999919 -2.708518 
133.83999919 -1.825007 
133.99999919 -0.4989776 
134.03999919 -1.825007 
134.07999919 -0.4989776 
134.31999918 -0.4989776 
135.03999918 -0.4989776 
135.07999918 -0.4989776 
135.19999918 -0.4989776 
135.31999918 -3.593554 
135.43999918 -0.4989776 
135.47999918 -3.151036 
135.51999918 -0.941496 
135.67999918 -0.4989776 
135.71999918 -0.941496 
135.75999917 -0.941496 
135.91999917 -0.941496 
135.95999917 -0.941496 
135.99999917 -0.4989776 
136.11999917 -1.382488 
136.15999917 -0.941496 
136.19999917 -0.4989776 
136.23999917 -0.4989776 
136.39999917 -0.4989776 
136.43999917 -0.4989776 
136.47999917 -0.4989776 
136.51999917 -0.4989776 
136.59999917 -0.4989776 
136.63999917 -0.941496 
136.67999917 -0.941496 
136.71999917 -0.941496 
136.91999917 -6.244087 
136.95999917 -3.593554 
137.07999917 -1.382488 
137.11999917 -1.825007 
137.15999917 -0.941496 
137.19999917 -0.4989776 
137.23999917 -0.4989776 
137.27999917 -0.941496 
137.31999917 -0.941496 
137.43999916 -0.941496 
137.47999916 -0.4989776 
137.51999916 -0.941496 
137.55999916 -1.382488 
137.59999916 -0.941496 
137.63999916 -0.4989776 
137.67999916 -0.4989776 
137.79999916 -1.382488 
137.83999916 -1.825007 
137.87999916 -0.941496 
137.91999916 -0.4989776 
137.99999916 -0.4989776 
138.03999916 -0.941496 
138.07999916 -0.941496 
138.11999916 -0.4989776 
138.19999916 -0.4989776 
138.23999916 -0.941496 
138.27999916 -0.941496 
138.31999916 -0.941496 
138.35999916 -0.4989776 
138.39999916 -0.4989776 
138.43999916 -0.4989776 
138.47999916 -0.941496 
138.51999916 -0.941496 
138.55999916 -0.4989776 
138.63999916 -0.4989776 
138.67999916 -0.4989776 
138.71999916 -0.941496 
138.75999916 -0.941496 
138.79999916 -0.4989776 
138.87999916 -0.4989776 
138.91999916 -0.941496 
138.95999916 -0.941496 
138.99999916 -0.941496 
139.07999915 -0.4989776 
139.11999915 -0.4989776 
139.15999915 -0.941496 
139.19999915 -0.941496 
139.23999915 -0.941496 
139.35999915 -0.941496 
139.39999915 -0.941496 
139.43999915 -0.941496 
139.47999915 -0.4989776 
139.59999915 -0.4989776 
139.63999915 -0.941496 
139.67999915 -0.941496 
139.79999915 -0.4989776 
139.83999915 -1.382488 
139.99999915 -0.4989776 
140.03999915 -0.941496 
140.07999915 -0.941496 
140.11999915 -0.4989776 
140.23999915 -0.4989776 
140.27999915 -0.941496 
140.31999915 -0.941496 
140.35999915 -0.4989776 
140.47999915 -0.941496 
140.51999915 -1.382488 
140.55999915 -0.4989776 
140.79999914 -3.151036 
140.83999914 -4.034547 
140.87999914 -1.825007 
141.03999914 -1.825007 
141.07999914 -2.267525 
141.11999914 -0.941496 
141.23999914 -0.4989776 
141.27999914 -1.382488 
141.31999914 -1.825007 
141.35999914 -0.941496 
141.39999914 -0.941496 
141.43999914 -0.4989776 
141.47999914 -0.941496 
141.51999914 -0.941496 
141.55999914 -0.941496 
141.59999914 -0.4989776 
141.63999914 -0.941496 
141.67999914 -0.941496 
141.71999914 -0.4989776 
141.75999914 -1.382488 
141.79999914 -2.267525 
141.83999914 -0.941496 
141.91999914 -0.4989776 
141.95999914 -0.941496 
141.99999914 -0.941496 
142.03999914 -0.4989776 
142.11999914 -0.4989776 
142.15999914 -1.382488 
142.19999914 -0.941496 
142.23999914 -0.4989776 
142.27999914 -1.825007 
142.43999913 -1.825007 
142.47999913 -3.593554 
142.51999913 -1.825007 
142.67999913 -0.941496 
142.71999913 -1.825007 
142.75999913 -0.4989776 
142.99999913 -3.593554 
143.03999913 -3.593554 
143.23999913 -0.941496 
143.27999913 -0.4989776 
145.11999912 -0.941496 
145.15999912 -0.4989776 
145.99999911 -0.4989776 
146.47999911 -0.4989776 
146.67999911 -0.4989776 
146.71999911 -0.941496 
146.75999911 -0.4989776 
146.95999911 -0.4989776 
146.99999911 -0.941496 
147.11999911 -1.825007 
147.15999911 -0.941496 
147.3199991 -0.941496 
147.4799991 -0.941496 
147.5199991 -2.267525 
147.5599991 -0.4989776 
147.7199991 -0.4989776 
147.7599991 -0.4989776 
147.7999991 -0.941496 
147.8399991 -0.4989776 
147.9999991 -0.941496 
148.0399991 -3.151036 
148.0799991 -1.382488 
148.2399991 -0.941496 
148.2799991 -0.941496 
148.4399991 -1.825007 
148.4799991 -0.941496 
148.7199991 -3.593554 
148.7599991 -0.941496 
148.8799991 -0.941496 
148.91999909 -0.4989776 
149.19999909 -0.941496 
149.23999909 -0.4989776 
149.27999909 -0.4989776 
149.47999909 -0.941496 
149.51999909 -1.825007 
149.55999909 -0.941496 
149.67999909 -0.941496 
149.79999909 -0.4989776 
149.95999909 -0.4989776 
150.39999909 -0.941496 
150.43999909 -0.941496 
150.79999908 -0.4989776 
150.83999908 -0.941496 
150.87999908 -0.941496 
150.91999908 -0.4989776 
151.11999908 -0.4989776 
151.15999908 -0.4989776 
151.19999908 -0.4989776 
151.23999908 -0.4989776 
151.31999908 -0.4989776 
151.47999908 -0.4989776 
151.51999908 -0.4989776 
151.79999908 -0.4989776 
151.83999908 -0.941496 
152.03999908 -0.4989776 
152.07999908 -0.4989776 
152.23999907 -0.4989776 
152.27999907 -0.941496 
152.47999907 -0.941496 
152.51999907 -0.941496 
152.67999907 -0.4989776 
152.71999907 -0.941496 
152.91999907 -1.825007 
152.95999907 -0.941496 
153.15999907 -5.803094 
153.19999907 -3.151036 
153.35999907 -0.4989776 
153.39999907 -1.382488 
153.43999907 -0.4989776 
153.63999907 -0.4989776 
153.67999907 -0.4989776 
154.07999906 -0.941496 
154.67999906 -0.941496 
154.87999906 -2.267525 
154.91999906 -2.708518 
155.11999906 -0.941496 
155.15999906 -0.4989776 
155.91999905 -0.4989776 
155.95999905 -0.4989776 
156.11999905 -0.4989776 
156.31999905 -0.941496 
156.35999905 -0.941496 
156.39999905 -0.4989776 
156.55999905 -0.4989776 
156.59999905 -1.825007 
156.83999905 -0.4989776 
157.11999905 -0.4989776 
157.15999904 -4.477065 
157.27999904 -8.896146 
157.43999904 -0.941496 
157.47999904 -0.941496 
157.51999904 -0.941496 
157.55999904 -0.941496 
157.67999904 -4.034547 
157.71999904 -2.708518 
157.95999904 -3.593554 
157.99999904 -0.4989776 
158.11999904 -1.825007 
158.31999904 -0.941496 
158.35999904 -0.941496 
159.59999903 -1.382488 
159.75999903 -0.941496 
159.79999903 -1.825007 
161.59999902 -4.477065 
161.63999902 -3.593554 
161.75999902 -0.4989776 
161.79999902 -2.267525 
161.83999902 -0.4989776 
162.03999902 -3.593554 
162.07999901 -3.593554 
162.11999901 -0.4989776 
162.23999901 -0.941496 
162.27999901 -2.267525 
162.31999901 -1.825007 
162.35999901 -0.4989776 
162.47999901 -0.941496 
162.51999901 -0.941496 
162.55999901 -0.941496 
162.59999901 -0.4989776 
162.63999901 -0.4989776 
162.67999901 -0.941496 
162.71999901 -1.825007 
162.75999901 -0.941496 
162.79999901 -0.4989776 
162.83999901 -0.4989776 
162.87999901 -0.941496 
162.91999901 -1.825007 
163.03999901 -2.267525 
163.07999901 -5.360576 
163.11999901 -0.941496 
163.19999901 -2.708518 
163.23999901 -2.267525 
163.39999901 -1.382488 
163.43999901 -2.708518 
163.47999901 -4.477065 
163.51999901 -3.151036 
163.67999901 -1.825007 
163.719999 -3.151036 
163.759999 -1.825007 
163.879999 -0.4989776 
163.919999 -1.825007 
163.959999 -1.825007 
163.999999 -1.825007 
164.039999 -0.4989776 
164.159999 -1.825007 
164.199999 -2.267525 
164.239999 -0.941496 
164.279999 -0.4989776 
164.319999 -0.4989776 
164.359999 -0.4989776 
164.399999 -1.382488 
164.439999 -0.941496 
164.559999 -0.4989776 
164.599999 -0.941496 
164.639999 -0.941496 
164.679999 -0.941496 
164.719999 -0.4989776 
164.759999 -0.4989776 
164.799999 -0.941496 
164.839999 -0.941496 
164.879999 -0.941496 
164.919999 -0.4989776 
165.039999 -0.4989776 
165.079999 -0.4989776 
165.119999 -0.941496 
165.159999 -0.4989776 
165.319999 -0.941496 
165.359999 -1.382488 
165.51999899 -0.4989776 
165.55999899 -0.4989776 
165.83999899 -0.4989776 
166.07999899 -0.4989776 
166.11999899 -0.4989776 
166.87999899 -0.941496 
166.91999899 -2.267525 
166.95999899 -0.941496 
167.31999898 -0.941496 
167.35999898 -0.941496 
167.39999898 -0.4989776 
167.67999898 -0.4989776 
167.83999898 -0.4989776 
168.07999898 -0.4989776 
168.31999898 -0.4989776 
168.35999898 -0.4989776 
168.67999897 -0.4989776 
168.71999897 -0.4989776 
168.75999897 -0.941496 
168.79999897 -0.941496 
168.95999897 -0.4989776 
168.99999897 -1.825007 
169.03999897 -0.4989776 
169.19999897 -2.708518 
169.23999897 -4.034547 
169.27999897 -0.941496 
169.43999897 -0.941496 
169.47999897 -1.825007 
169.67999897 -0.941496 
169.71999897 -0.941496 
169.91999897 -0.4989776 
170.63999896 -0.941496 
170.67999896 -2.708518 
170.71999896 -0.4989776 
171.07999896 -0.941496 
171.11999896 -0.941496 
172.43999895 -0.4989776 
173.07999895 -0.4989776 
173.11999895 -0.941496 
173.15999895 -0.941496 
173.31999895 -1.825007 
173.35999895 -2.267525 
173.39999895 -0.4989776 
173.55999895 -0.941496 
173.59999894 -1.825007 
173.63999894 -0.941496 
173.79999894 -0.941496 
173.83999894 -1.382488 
173.87999894 -0.4989776 
173.99999894 -0.4989776 
174.03999894 -0.941496 
174.07999894 -0.941496 
174.11999894 -0.4989776 
174.15999894 -0.4989776 
174.19999894 -0.941496 
174.23999894 -0.941496 
174.27999894 -0.941496 
174.31999894 -0.4989776 
174.35999894 -0.4989776 
174.39999894 -0.4989776 
174.43999894 -0.941496 
174.47999894 -0.941496 
174.51999894 -0.941496 
174.63999894 -0.4989776 
174.67999894 -0.4989776 
174.71999894 -0.4989776 
174.75999894 -0.4989776 
174.79999894 -0.4989776 
174.87999894 -0.4989776 
174.95999894 -0.4989776 
174.99999894 -3.593554 
175.03999894 -4.034547 
175.19999894 -1.382488 
175.23999893 -2.267525 
175.27999893 -2.267525 
175.31999893 -0.4989776 
175.43999893 -0.941496 
175.47999893 -0.4989776 
175.63999893 -0.4989776 
175.67999893 -0.4989776 
175.79999893 -1.825007 
175.83999893 -0.941496 
176.07999893 -1.825007 
176.11999893 -4.034547 
176.15999893 -1.825007 
176.31999893 -0.941496 
176.35999893 -2.708518 
176.39999893 -1.825007 
176.55999893 -1.825007 
176.59999893 -0.941496 
177.27999892 -0.4989776 
177.51999892 -0.4989776 
177.55999892 -0.4989776 
177.75999892 -0.4989776 
177.79999892 -1.825007 
177.83999892 -0.941496 
177.99999892 -0.4989776 
178.03999892 -0.941496 
178.23999892 -0.4989776 
178.47999892 -0.4989776 
178.63999891 -0.4989776 
178.87999891 -0.4989776 
178.91999891 -0.4989776 
179.11999891 -0.941496 
179.15999891 -0.941496 
179.31999891 -0.4989776 
179.35999891 -0.941496 
179.39999891 -0.4989776 
179.43999891 -0.4989776 
179.59999891 -0.941496 
179.63999891 -0.941496 
179.79999891 -0.4989776 
179.95999891 -0.4989776 
179.99999891 -0.941496 
180.03999891 -0.941496 
180.07999891 -0.4989776 
180.2399989 -0.4989776 
180.2799989 -0.4989776 
180.9999989 -0.941496 
181.0399989 -0.4989776 
182.63999889 -1.825007 
182.67999889 -5.360576 
182.83999889 -0.941496 
183.27999889 -2.708518 
183.31999889 -2.708518 
183.51999888 -1.825007 
183.55999888 -0.941496 
184.95999888 -0.4989776 
184.99999888 -1.382488 
185.03999888 -0.4989776 
185.23999887 -0.4989776 
185.27999887 -0.4989776 
185.31999887 -0.4989776 
185.51999887 -0.4989776 
185.55999887 -0.941496 
185.75999887 -0.4989776 
185.79999887 -0.941496 
185.83999887 -0.4989776 
185.99999887 -0.4989776 
186.03999887 -0.4989776 
186.15999887 -0.4989776 
186.19999887 -0.4989776 
186.23999887 -0.4989776 
186.27999887 -0.941496 
186.31999887 -0.941496 
186.47999887 -1.382488 
186.51999887 -0.941496 
186.59999887 -0.4989776 
186.63999887 -0.941496 
186.71999887 -4.477065 
186.75999886 -5.360576 
186.91999886 -2.267525 
186.95999886 -1.382488 
187.15999886 -0.4989776 
187.19999886 -4.919584 
187.23999886 -2.267525 
187.35999886 -3.593554 
187.47999886 -0.4989776 
187.51999886 -2.267525 
187.63999886 -0.4989776 
187.67999886 -0.941496 
187.71999886 -0.941496 
187.83999886 -0.4989776 
187.87999886 -2.708518 
187.91999886 -3.593554 
188.07999886 -1.825007 
188.31999886 -0.4989776 
188.35999886 -0.4989776 
188.59999885 -0.941496 
188.99999885 -0.941496 
189.03999885 -2.708518 
189.07999885 -5.360576 
189.23999885 -1.825007 
189.39999885 -0.4989776 
189.43999885 -0.941496 
189.47999885 -0.4989776 
189.67999885 -0.4989776 
189.71999885 -0.941496 
189.75999885 -0.4989776 
189.87999885 -0.4989776 
189.91999885 -0.4989776 
190.03999885 -0.4989776 
190.07999884 -0.941496 
190.11999884 -0.941496 
190.15999884 -0.4989776 
190.19999884 -0.4989776 
190.23999884 -0.4989776 
190.39999884 -0.941496 
190.43999884 -3.151036 
190.47999884 -2.708518 
190.63999884 -1.382488 
190.67999884 -3.151036 
190.71999884 -1.825007 
190.87999884 -0.941496 
190.91999884 -0.941496 
190.95999884 -0.941496 
190.99999884 -0.941496 
191.07999884 -0.4989776 
191.11999884 -0.941496 
191.23999884 -0.4989776 
191.27999884 -0.4989776 
191.31999884 -0.941496 
191.35999884 -0.941496 
191.47999884 -0.4989776 
191.51999884 -0.941496 
191.55999884 -0.4989776 
191.67999884 -0.4989776 
191.71999883 -1.382488 
191.75999883 -0.4989776 
191.87999883 -0.4989776 
191.91999883 -0.4989776 
192.11999883 -1.825007 
192.15999883 -1.825007 
192.35999883 -1.825007 
192.67999883 -0.4989776 
193.51999882 -0.4989776 
193.55999882 -2.267525 
193.79999882 -0.4989776 
194.75999882 -0.4989776 
194.95999882 -0.4989776 
195.19999881 -0.4989776 
195.39999881 -0.4989776 
195.43999881 -0.4989776 
195.63999881 -0.4989776 
195.67999881 -0.941496 
195.79999881 -0.4989776 
195.87999881 -0.4989776 
195.91999881 -0.4989776 
195.95999881 -0.4989776 
196.03999881 -0.4989776 
196.07999881 -0.941496 
196.11999881 -0.941496 
196.15999881 -0.4989776 
196.27999881 -0.4989776 
196.31999881 -0.941496 
196.35999881 -0.941496 
196.39999881 -0.941496 
196.43999881 -0.4989776 
196.51999881 -0.4989776 
196.55999881 -0.941496 
196.59999881 -0.941496 
196.6399988 -0.4989776 
196.7199988 -0.4989776 
196.7599988 -0.941496 
196.8799988 -0.941496 
196.9199988 -0.941496 
196.9599988 -0.4989776 
197.0399988 -0.941496 
197.0799988 -0.941496 
197.1199988 -0.941496 
197.1599988 -0.4989776 
197.2399988 -0.4989776 
197.2799988 -0.941496 
197.3199988 -0.941496 
197.4399988 -1.825007 
197.4799988 -2.267525 
197.5199988 -1.825007 
197.6799988 -2.708518 
197.7199988 -3.593554 
197.7599988 -0.941496 
197.8799988 -0.4989776 
197.9199988 -0.4989776 
197.9599988 -0.4989776 
198.1199988 -0.4989776 
198.1599988 -0.4989776 
198.1999988 -0.4989776 
198.2399988 -0.4989776 
198.27999879 -0.4989776 
198.43999879 -0.4989776 
198.47999879 -0.941496 
198.63999879 -0.4989776 
198.67999879 -0.941496 
198.87999879 -0.4989776 
198.91999879 -0.4989776 
199.15999879 -1.382488 
199.19999879 -3.151036 
199.23999879 -0.941496 
199.39999879 -0.941496 
199.43999879 -0.941496 
199.59999879 -0.941496 
199.63999879 -0.941496 
199.83999879 -0.4989776 
199.87999879 -0.4989776 
200.03999878 -0.4989776 
200.07999878 -0.4989776 
0 0 
