0.0 -1.22074 
0.04 -1.395306 
0.08 -1.395306 
0.12 -1.395306 
0.16 -1.395306 
0.2 -1.395306 
0.24 -1.395306 
0.28 -1.395306 
0.32 -1.395306 
0.36 -1.395306 
0.4 -1.395306 
0.44 -1.395306 
0.48 -1.395306 
0.52 -1.395306 
0.56 -1.395306 
0.6 -1.395306 
0.64 -1.395306 
0.68 -1.395306 
0.72 -1.395306 
0.76 -1.395306 
0.8 -1.395306 
0.83999999 -1.395306 
0.87999999 -1.395306 
0.91999999 -1.395306 
0.95999999 -1.395306 
0.99999999 -1.395306 
1.03999999 -1.569262 
1.07999999 -1.569262 
1.11999999 -1.569262 
1.15999999 -1.569262 
1.19999999 -1.569262 
1.23999999 -1.569262 
1.27999999 -1.569262 
1.31999999 -1.569262 
1.35999999 -1.569262 
1.39999999 -1.569262 
1.43999999 -1.569262 
1.47999999 -1.569262 
1.51999999 -1.569262 
1.55999999 -1.569262 
1.59999999 -1.569262 
1.63999999 -1.569262 
1.67999999 -1.569262 
1.71999999 -1.569262 
1.75999999 -1.569262 
1.79999999 -1.569262 
1.83999999 -1.569262 
1.87999999 -1.569262 
1.91999999 -1.569262 
1.95999999 -1.569262 
1.99999999 -1.569262 
2.03999999 -1.569262 
2.07999999 -1.569262 
2.11999999 -1.569262 
2.15999999 -1.569262 
2.19999999 -1.569262 
2.23999999 -1.569262 
2.27999999 -1.569262 
2.31999999 -1.569262 
2.35999999 -1.743217 
2.39999999 -1.569262 
2.43999999 -1.743217 
2.47999998 -1.569262 
2.51999998 -1.569262 
2.55999998 -1.743217 
2.59999998 -1.743217 
2.63999998 -1.743217 
2.67999998 -1.743217 
2.71999998 -1.743217 
2.75999998 -1.743217 
2.79999998 -1.743217 
2.83999998 -1.743217 
2.87999998 -1.743217 
2.91999998 -1.743217 
2.95999998 -1.743217 
2.99999998 -1.743217 
3.03999998 -1.743217 
3.07999998 -1.743217 
3.11999998 -1.743217 
3.15999998 -1.743217 
3.19999998 -1.743217 
3.23999998 -1.743217 
3.27999998 -1.743217 
3.31999998 -1.743217 
3.35999998 -1.743217 
3.39999998 -1.743217 
3.43999998 -1.743217 
3.47999998 -1.743217 
3.51999998 -1.743217 
3.55999998 -1.743217 
3.59999998 -1.743217 
3.63999998 -1.743217 
3.67999998 -1.743217 
3.71999998 -1.743217 
3.75999998 -1.743217 
3.79999998 -1.743217 
3.83999998 -1.743217 
3.87999998 -1.743217 
3.91999998 -1.743217 
3.95999998 -1.743217 
3.99999998 -1.743217 
4.03999998 -1.917173 
4.07999998 -1.743217 
4.11999997 -1.917173 
4.15999997 -1.917173 
4.19999997 -1.917173 
4.23999997 -1.917173 
4.27999997 -1.917173 
4.31999997 -1.917173 
4.35999997 -1.917173 
4.39999997 -1.917173 
4.43999997 -1.917173 
4.47999997 -1.917173 
4.51999997 -1.917173 
4.55999997 -1.917173 
4.59999997 -1.917173 
4.63999997 -1.917173 
4.67999997 -1.917173 
4.71999997 -2.091739 
4.75999997 -2.091739 
4.79999997 -2.091739 
4.83999997 -2.091739 
4.87999997 -2.091739 
4.91999997 -1.917173 
4.95999997 -1.917173 
4.99999997 -2.091739 
5.03999997 -2.091739 
5.07999997 -2.091739 
5.11999997 -2.091739 
5.15999997 -2.091739 
5.19999997 -2.091739 
5.23999997 -2.091739 
5.27999997 -2.091739 
5.31999997 -2.091739 
5.35999997 -2.091739 
5.39999997 -2.091739 
5.43999997 -2.091739 
5.47999997 -2.091739 
5.51999997 -2.091739 
5.55999997 -2.091739 
5.59999997 -2.091739 
5.63999997 -2.091739 
5.67999997 -2.091739 
5.71999997 -2.091739 
5.75999996 -2.091739 
5.79999996 -2.091739 
5.83999996 -2.091739 
5.87999996 -2.091739 
5.91999996 -2.091739 
5.95999996 -2.091739 
5.99999996 -2.091739 
6.03999996 -2.091739 
6.07999996 -2.091739 
6.11999996 -2.091739 
6.15999996 -2.091739 
6.19999996 -2.265694 
6.23999996 -2.091739 
6.27999996 -2.091739 
6.31999996 -2.265694 
6.35999996 -2.091739 
6.39999996 -2.265694 
6.43999996 -2.265694 
6.47999996 -2.091739 
6.51999996 -2.091739 
6.55999996 -2.265694 
6.59999996 -2.091739 
6.63999996 -2.265694 
6.67999996 -2.265694 
6.71999996 -2.265694 
6.75999996 -2.265694 
6.79999996 -2.265694 
6.83999996 -2.091739 
6.87999996 -2.265694 
6.91999996 -2.265694 
6.95999996 -2.265694 
6.99999996 -2.265694 
7.03999996 -2.265694 
7.07999996 -2.265694 
7.11999996 -2.265694 
7.15999996 -2.265694 
7.19999996 -2.265694 
7.23999996 -2.265694 
7.27999996 -2.265694 
7.31999996 -2.265694 
7.35999996 -2.265694 
7.39999996 -2.265694 
7.43999995 -2.265694 
7.47999995 -2.265694 
7.51999995 -2.265694 
7.55999995 -2.265694 
7.59999995 -2.265694 
7.63999995 -2.265694 
7.67999995 -2.43965 
7.71999995 -2.43965 
7.75999995 -2.265694 
7.79999995 -2.43965 
7.83999995 -2.43965 
7.87999995 -2.43965 
7.91999995 -2.43965 
7.95999995 -2.265694 
7.99999995 -2.43965 
8.03999995 -2.43965 
8.07999995 -2.43965 
8.11999995 -2.43965 
8.15999995 -2.43965 
8.19999995 -2.43965 
8.23999995 -2.43965 
8.27999995 -2.43965 
8.31999995 -2.43965 
8.35999995 -2.43965 
8.39999995 -2.43965 
8.43999995 -2.43965 
8.47999995 -2.43965 
8.51999995 -2.43965 
8.55999995 -2.613605 
8.59999995 -2.613605 
8.63999995 -2.613605 
8.67999995 -2.43965 
8.71999995 -2.43965 
8.75999995 -2.43965 
8.79999995 -2.613605 
8.83999995 -2.43965 
8.87999995 -2.43965 
8.91999995 -2.613605 
8.95999995 -2.613605 
8.99999995 -2.43965 
9.03999995 -2.613605 
9.07999994 -2.613605 
9.11999994 -2.613605 
9.15999994 -2.613605 
9.19999994 -2.613605 
9.23999994 -2.613605 
9.27999994 -2.613605 
9.31999994 -2.613605 
9.35999994 -2.613605 
9.39999994 -2.613605 
9.43999994 -2.613605 
9.47999994 -2.43965 
9.51999994 -2.613605 
9.55999994 -2.788171 
9.59999994 -2.613605 
9.63999994 -2.613605 
9.67999994 -2.43965 
9.71999994 -2.613605 
9.75999994 -2.613605 
9.79999994 -2.613605 
9.83999994 -2.788171 
9.87999994 -2.613605 
9.91999994 -2.788171 
9.95999994 -2.788171 
9.99999994 -2.613605 
10.03999994 -2.788171 
10.07999994 -2.613605 
10.11999994 -2.788171 
10.15999994 -2.788171 
10.19999994 -2.788171 
10.23999994 -2.613605 
10.27999994 -2.788171 
10.31999994 -2.788171 
10.35999994 -2.788171 
10.39999994 -2.788171 
10.43999994 -2.788171 
10.47999994 -2.788171 
10.51999994 -2.788171 
10.55999994 -2.788171 
10.59999994 -2.788171 
10.63999994 -2.788171 
10.67999994 -2.788171 
10.71999993 -2.788171 
10.75999993 -2.788171 
10.79999993 -2.788171 
10.83999993 -2.788171 
10.87999993 -2.788171 
10.91999993 -2.788171 
10.95999993 -2.788171 
10.99999993 -2.788171 
11.03999993 -2.788171 
11.07999993 -2.788171 
11.11999993 -2.788171 
11.15999993 -2.788171 
11.19999993 -2.788171 
11.23999993 -2.788171 
11.27999993 -2.788171 
11.31999993 -2.788171 
11.35999993 -2.788171 
11.39999993 -2.788171 
11.43999993 -2.788171 
11.47999993 -2.788171 
11.51999993 -2.788171 
11.55999993 -2.788171 
11.59999993 -2.962126 
11.63999993 -2.788171 
11.67999993 -2.962126 
11.71999993 -2.962126 
11.75999993 -2.962126 
11.79999993 -2.962126 
11.83999993 -2.962126 
11.87999993 -2.962126 
11.91999993 -2.962126 
11.95999993 -2.962126 
11.99999993 -2.788171 
12.03999993 -2.962126 
12.07999993 -2.962126 
12.11999993 -2.962126 
12.15999993 -2.962126 
12.19999993 -2.962126 
12.23999993 -2.962126 
12.27999993 -2.962126 
12.31999993 -2.962126 
12.35999992 -2.962126 
12.39999992 -2.962126 
12.43999992 -2.962126 
12.47999992 -2.962126 
12.51999992 -2.962126 
12.55999992 -2.962126 
12.59999992 -2.962126 
12.63999992 -2.962126 
12.67999992 -2.962126 
12.71999992 -2.962126 
12.75999992 -3.136082 
12.79999992 -2.962126 
12.83999992 -2.962126 
12.87999992 -3.136082 
12.91999992 -2.962126 
12.95999992 -2.962126 
12.99999992 -3.136082 
13.03999992 -2.962126 
13.07999992 -3.136082 
13.11999992 -3.136082 
13.15999992 -3.136082 
13.19999992 -3.136082 
13.23999992 -2.962126 
13.27999992 -3.136082 
13.31999992 -3.136082 
13.35999992 -3.136082 
13.39999992 -3.136082 
13.43999992 -3.136082 
13.47999992 -3.136082 
13.51999992 -3.136082 
13.55999992 -3.136082 
13.59999992 -3.136082 
13.63999992 -3.136082 
13.67999992 -3.136082 
13.71999992 -3.136082 
13.75999992 -3.136082 
13.79999992 -3.136082 
13.83999992 -3.136082 
13.87999992 -3.136082 
13.91999992 -3.136082 
13.95999992 -3.136082 
13.99999991 -3.136082 
14.03999991 -3.136082 
14.07999991 -3.136082 
14.11999991 -3.136082 
14.15999991 -3.136082 
14.19999991 -3.136082 
14.23999991 -3.136082 
14.27999991 -3.136082 
14.31999991 -3.136082 
14.35999991 -3.136082 
14.39999991 -3.136082 
14.43999991 -3.136082 
14.47999991 -3.136082 
14.51999991 -3.136082 
14.55999991 -3.136082 
14.59999991 -3.136082 
14.63999991 -3.136082 
14.67999991 -3.136082 
14.71999991 -3.136082 
14.75999991 -3.136082 
14.79999991 -3.136082 
14.83999991 -3.136082 
14.87999991 -3.310038 
14.91999991 -3.136082 
14.95999991 -3.310038 
14.99999991 -3.136082 
15.03999991 -3.310038 
15.07999991 -3.310038 
15.11999991 -3.310038 
15.15999991 -3.310038 
15.19999991 -3.484603 
15.23999991 -3.310038 
15.27999991 -3.310038 
15.31999991 -3.310038 
15.35999991 -3.310038 
15.39999991 -3.310038 
15.43999991 -3.310038 
15.47999991 -3.310038 
15.51999991 -3.310038 
15.55999991 -3.484603 
15.59999991 -3.484603 
15.6399999 -3.310038 
15.6799999 -3.484603 
15.7199999 -3.484603 
15.7599999 -3.310038 
15.7999999 -3.484603 
15.8399999 -3.484603 
15.8799999 -3.310038 
15.9199999 -3.484603 
15.9599999 -3.484603 
15.9999999 -3.484603 
16.0399999 -3.484603 
16.0799999 -3.484603 
16.1199999 -3.484603 
16.1599999 -3.484603 
16.1999999 -3.484603 
16.2399999 -3.484603 
16.2799999 -3.484603 
16.3199999 -3.484603 
16.3599999 -3.484603 
16.3999999 -3.484603 
16.4399999 -3.484603 
16.4799999 -3.484603 
16.5199999 -3.484603 
16.5599999 -3.484603 
16.5999999 -3.484603 
16.6399999 -3.484603 
16.6799999 -3.484603 
16.7199999 -3.484603 
16.7599999 -3.484603 
16.7999999 -3.484603 
16.8399999 -3.484603 
16.8799999 -3.484603 
16.9199999 -3.484603 
16.9599999 -3.484603 
16.9999999 -3.484603 
17.0399999 -3.484603 
17.0799999 -3.484603 
17.1199999 -3.484603 
17.1599999 -3.484603 
17.1999999 -3.484603 
17.2399999 -3.484603 
17.27999989 -3.484603 
17.31999989 -3.484603 
17.35999989 -3.658559 
17.39999989 -3.484603 
17.43999989 -3.484603 
17.47999989 -3.658559 
17.51999989 -3.658559 
17.55999989 -3.484603 
17.59999989 -3.658559 
17.63999989 -3.658559 
17.67999989 -3.658559 
17.71999989 -3.658559 
17.75999989 -3.658559 
17.79999989 -3.658559 
17.83999989 -3.658559 
17.87999989 -3.658559 
17.91999989 -3.658559 
17.95999989 -3.658559 
17.99999989 -3.658559 
18.03999989 -3.658559 
18.07999989 -3.658559 
18.11999989 -3.658559 
18.15999989 -3.658559 
18.19999989 -3.658559 
18.23999989 -3.658559 
18.27999989 -3.658559 
18.31999989 -3.658559 
18.35999989 -3.658559 
18.39999989 -3.658559 
18.43999989 -3.658559 
18.47999989 -3.658559 
18.51999989 -3.658559 
18.55999989 -3.658559 
18.59999989 -3.658559 
18.63999989 -3.658559 
18.67999989 -3.658559 
18.71999989 -3.658559 
18.75999989 -3.658559 
18.79999989 -3.658559 
18.83999989 -3.658559 
18.87999989 -3.658559 
18.91999989 -3.658559 
18.95999988 -3.658559 
18.99999988 -3.658559 
19.03999988 -3.658559 
19.07999988 -3.658559 
19.11999988 -3.658559 
19.15999988 -3.832515 
19.19999988 -3.658559 
19.23999988 -3.832515 
19.27999988 -3.658559 
19.31999988 -3.658559 
19.35999988 -3.832515 
19.39999988 -3.832515 
19.43999988 -3.832515 
19.47999988 -3.832515 
19.51999988 -3.832515 
19.55999988 -3.832515 
19.59999988 -3.832515 
19.63999988 -3.832515 
19.67999988 -3.832515 
19.71999988 -3.832515 
19.75999988 -3.832515 
19.79999988 -3.832515 
19.83999988 -3.832515 
19.87999988 -3.832515 
19.91999988 -3.832515 
19.95999988 -3.832515 
19.99999988 -3.832515 
20.03999988 -3.832515 
20.07999988 -4.00647 
20.11999988 -3.832515 
20.15999988 -3.832515 
20.19999988 -3.832515 
20.23999988 -4.00647 
20.27999988 -4.00647 
20.31999988 -4.00647 
20.35999988 -3.832515 
20.39999988 -3.832515 
20.43999988 -4.00647 
20.47999988 -4.00647 
20.51999988 -4.00647 
20.55999988 -4.00647 
20.59999987 -4.00647 
20.63999987 -4.00647 
20.67999987 -4.00647 
20.71999987 -4.00647 
20.75999987 -4.00647 
20.79999987 -4.00647 
20.83999987 -4.00647 
20.87999987 -4.00647 
20.91999987 -4.00647 
20.95999987 -4.00647 
20.99999987 -4.00647 
21.03999987 -4.00647 
21.07999987 -4.00647 
21.11999987 -4.00647 
21.15999987 -4.00647 
21.19999987 -4.00647 
21.23999987 -4.00647 
21.27999987 -4.00647 
21.31999987 -4.00647 
21.35999987 -4.00647 
21.39999987 -4.00647 
21.43999987 -4.00647 
21.47999987 -4.00647 
21.51999987 -4.00647 
21.55999987 -4.00647 
21.59999987 -4.00647 
21.63999987 -4.00647 
21.67999987 -4.00647 
21.71999987 -4.00647 
21.75999987 -4.181036 
21.79999987 -4.181036 
21.83999987 -4.181036 
21.87999987 -4.181036 
21.91999987 -4.00647 
21.95999987 -4.181036 
21.99999987 -4.00647 
22.03999987 -4.181036 
22.07999987 -4.181036 
22.11999987 -4.181036 
22.15999987 -4.181036 
22.19999987 -4.181036 
22.23999986 -4.181036 
22.27999986 -4.181036 
22.31999986 -4.181036 
22.35999986 -4.181036 
22.39999986 -4.181036 
22.43999986 -4.181036 
22.47999986 -4.181036 
22.51999986 -4.181036 
22.55999986 -4.181036 
22.59999986 -4.181036 
22.63999986 -4.181036 
22.67999986 -4.181036 
22.71999986 -4.181036 
22.75999986 -4.181036 
22.79999986 -4.181036 
22.83999986 -4.181036 
22.87999986 -4.181036 
22.91999986 -4.181036 
22.95999986 -4.181036 
22.99999986 -4.181036 
23.03999986 -4.181036 
23.07999986 -4.181036 
23.11999986 -4.181036 
23.15999986 -4.181036 
23.19999986 -4.181036 
23.23999986 -4.181036 
23.27999986 -4.181036 
23.31999986 -4.181036 
23.35999986 -4.181036 
23.39999986 -4.181036 
23.43999986 -4.181036 
23.47999986 -4.181036 
23.51999986 -4.181036 
23.55999986 -4.181036 
23.59999986 -4.181036 
23.63999986 -4.181036 
23.67999986 -4.181036 
23.71999986 -4.354991 
23.75999986 -4.181036 
23.79999986 -4.181036 
23.83999986 -4.181036 
23.87999985 -4.181036 
23.91999985 -4.354991 
23.95999985 -4.181036 
23.99999985 -4.354991 
24.03999985 -4.181036 
24.07999985 -4.354991 
24.11999985 -4.354991 
24.15999985 -4.354991 
24.19999985 -4.354991 
24.23999985 -4.354991 
24.27999985 -4.354991 
24.31999985 -4.354991 
24.35999985 -4.354991 
24.39999985 -4.181036 
24.43999985 -4.181036 
24.47999985 -4.354991 
24.51999985 -4.354991 
24.55999985 -4.354991 
24.59999985 -4.354991 
24.63999985 -4.354991 
24.67999985 -4.354991 
24.71999985 -4.354991 
24.75999985 -4.354991 
24.79999985 -4.354991 
24.83999985 -4.354991 
24.87999985 -4.354991 
24.91999985 -4.354991 
24.95999985 -4.354991 
24.99999985 -4.354991 
25.03999985 -4.354991 
25.07999985 -4.354991 
25.11999985 -4.354991 
25.15999985 -4.354991 
25.19999985 -4.528947 
25.23999985 -4.354991 
25.27999985 -4.354991 
25.31999985 -4.528947 
25.35999985 -4.354991 
25.39999985 -4.354991 
25.43999985 -4.354991 
25.47999985 -4.354991 
25.51999984 -4.354991 
25.55999984 -4.528947 
25.59999984 -4.528947 
25.63999984 -4.528947 
25.67999984 -4.354991 
25.71999984 -4.528947 
25.75999984 -4.528947 
25.79999984 -4.528947 
25.83999984 -4.528947 
25.87999984 -4.354991 
25.91999984 -4.528947 
25.95999984 -4.528947 
25.99999984 -4.528947 
26.03999984 -4.354991 
26.07999984 -4.528947 
26.11999984 -4.528947 
26.15999984 -4.528947 
26.19999984 -4.528947 
26.23999984 -4.528947 
26.27999984 -4.528947 
26.31999984 -4.528947 
26.35999984 -4.528947 
26.39999984 -4.528947 
26.43999984 -4.528947 
26.47999984 -4.528947 
26.51999984 -4.528947 
26.55999984 -4.528947 
26.59999984 -4.528947 
26.63999984 -4.528947 
26.67999984 -4.528947 
26.71999984 -4.528947 
26.75999984 -4.528947 
26.79999984 -4.528947 
26.83999984 -4.528947 
26.87999984 -4.528947 
26.91999984 -4.528947 
26.95999984 -4.528947 
26.99999984 -4.528947 
27.03999984 -4.528947 
27.07999984 -4.528947 
27.11999984 -4.528947 
27.15999983 -4.528947 
27.19999983 -4.528947 
27.23999983 -4.528947 
27.27999983 -4.528947 
27.31999983 -4.528947 
27.35999983 -4.528947 
27.39999983 -4.528947 
27.43999983 -4.702902 
27.47999983 -4.528947 
27.51999983 -4.528947 
27.55999983 -4.702902 
27.59999983 -4.528947 
27.63999983 -4.528947 
27.67999983 -4.528947 
27.71999983 -4.528947 
27.75999983 -4.528947 
27.79999983 -4.702902 
27.83999983 -4.528947 
27.87999983 -4.528947 
27.91999983 -4.877468 
27.95999983 -4.877468 
27.99999983 -4.528947 
28.03999983 -4.877468 
28.07999983 -4.702902 
28.11999983 -4.877468 
28.15999983 -4.702902 
28.19999983 -4.702902 
28.23999983 -4.702902 
28.27999983 -4.877468 
28.31999983 -4.702902 
28.35999983 -4.702902 
28.39999983 -4.877468 
28.43999983 -4.702902 
28.47999983 -4.877468 
28.51999983 -4.702902 
28.55999983 -4.877468 
28.59999983 -4.877468 
28.63999983 -4.877468 
28.67999983 -4.877468 
28.71999983 -4.877468 
28.75999983 -4.877468 
28.79999982 -4.877468 
28.83999982 -4.877468 
28.87999982 -4.877468 
28.91999982 -4.877468 
28.95999982 -4.877468 
28.99999982 -4.877468 
29.03999982 -4.877468 
29.07999982 -4.877468 
29.11999982 -4.877468 
29.15999982 -4.877468 
29.19999982 -4.877468 
29.23999982 -4.877468 
29.27999982 -4.877468 
29.31999982 -4.877468 
29.35999982 -4.877468 
29.39999982 -4.877468 
29.43999982 -4.877468 
29.47999982 -4.877468 
29.51999982 -4.877468 
29.55999982 -4.877468 
29.59999982 -4.877468 
29.63999982 -4.877468 
29.67999982 -4.877468 
29.71999982 -4.877468 
29.75999982 -4.877468 
29.79999982 -4.877468 
29.83999982 -4.877468 
29.87999982 -4.877468 
29.91999982 -4.877468 
29.95999982 -4.877468 
29.99999982 -4.877468 
30.03999982 -4.877468 
30.07999982 -4.877468 
30.11999982 -4.877468 
30.15999982 -4.877468 
30.19999982 -4.877468 
30.23999982 -4.877468 
30.27999982 -4.877468 
30.31999982 -4.877468 
30.35999982 -4.877468 
30.39999982 -4.877468 
30.43999982 -4.877468 
30.47999981 -4.877468 
30.51999981 -4.877468 
30.55999981 -4.877468 
30.59999981 -4.877468 
30.63999981 -4.877468 
30.67999981 -5.051424 
30.71999981 -5.051424 
30.75999981 -5.051424 
30.79999981 -5.051424 
30.83999981 -5.051424 
30.87999981 -5.051424 
30.91999981 -5.051424 
30.95999981 -5.051424 
30.99999981 -5.051424 
31.03999981 -5.051424 
31.07999981 -5.051424 
31.11999981 -5.051424 
31.15999981 -5.051424 
31.19999981 -5.051424 
31.23999981 -5.051424 
31.27999981 -5.051424 
31.31999981 -5.051424 
31.35999981 -5.051424 
31.39999981 -5.051424 
31.43999981 -5.051424 
31.47999981 -5.051424 
31.51999981 -5.051424 
31.55999981 -5.051424 
31.59999981 -5.051424 
31.63999981 -5.051424 
31.67999981 -5.051424 
31.71999981 -5.051424 
31.75999981 -5.051424 
31.79999981 -5.051424 
31.83999981 -5.051424 
31.87999981 -5.051424 
31.91999981 -5.051424 
31.95999981 -5.051424 
31.99999981 -5.051424 
32.03999981 -5.051424 
32.07999981 -5.051424 
32.1199998 -5.051424 
32.1599998 -5.051424 
32.1999998 -5.225379 
32.2399998 -5.051424 
32.2799998 -5.225379 
32.3199998 -5.051424 
32.3599998 -5.051424 
32.3999998 -5.225379 
32.4399998 -5.051424 
32.4799998 -5.051424 
32.5199998 -5.051424 
32.5599998 -5.225379 
32.5999998 -5.051424 
32.6399998 -5.225379 
32.6799998 -5.051424 
32.7199998 -5.051424 
32.7599998 -5.225379 
32.7999998 -5.225379 
32.8399998 -5.225379 
32.8799998 -5.225379 
32.9199998 -5.225379 
32.9599998 -5.225379 
32.9999998 -5.225379 
33.0399998 -5.225379 
33.0799998 -5.051424 
33.1199998 -5.225379 
33.1599998 -5.225379 
33.1999998 -5.225379 
33.2399998 -5.225379 
33.2799998 -5.225379 
33.3199998 -5.399335 
33.3599998 -5.225379 
33.3999998 -5.225379 
33.4399998 -5.225379 
33.4799998 -5.225379 
33.5199998 -5.225379 
33.5599998 -5.225379 
33.5999998 -5.225379 
33.6399998 -5.225379 
33.6799998 -5.399335 
33.7199998 -5.399335 
33.75999979 -5.225379 
33.79999979 -5.225379 
33.83999979 -5.225379 
33.87999979 -5.225379 
33.91999979 -5.399335 
33.95999979 -5.399335 
33.99999979 -5.225379 
34.03999979 -5.399335 
34.07999979 -5.399335 
34.11999979 -5.399335 
34.15999979 -5.399335 
34.19999979 -5.225379 
34.23999979 -5.225379 
34.27999979 -5.399335 
34.31999979 -5.399335 
34.35999979 -5.399335 
34.39999979 -5.399335 
34.43999979 -5.399335 
34.47999979 -5.225379 
34.51999979 -5.399335 
34.55999979 -5.399335 
34.59999979 -5.399335 
34.63999979 -5.399335 
34.67999979 -5.225379 
34.71999979 -5.399335 
34.75999979 -5.225379 
34.79999979 -5.399335 
34.83999979 -5.399335 
34.87999979 -5.399335 
34.91999979 -5.399335 
34.95999979 -5.399335 
34.99999979 -5.399335 
35.03999979 -5.399335 
35.07999979 -5.225379 
35.11999979 -5.399335 
35.15999979 -5.399335 
35.19999979 -5.399335 
35.23999979 -5.399335 
35.27999979 -5.399335 
35.31999979 -5.399335 
35.35999979 -5.399335 
35.39999978 -5.399335 
35.43999978 -5.573901 
35.47999978 -5.573901 
35.51999978 -5.573901 
35.55999978 -5.573901 
35.59999978 -5.573901 
35.63999978 -5.399335 
35.67999978 -5.573901 
35.71999978 -5.399335 
35.75999978 -5.399335 
35.79999978 -5.399335 
35.83999978 -5.573901 
35.87999978 -5.573901 
35.91999978 -5.399335 
35.95999978 -5.399335 
35.99999978 -5.399335 
36.03999978 -5.573901 
36.07999978 -5.573901 
36.11999978 -5.573901 
36.15999978 -5.399335 
36.19999978 -5.399335 
36.23999978 -5.399335 
36.27999978 -5.573901 
36.31999978 -5.573901 
36.35999978 -5.573901 
36.39999978 -5.573901 
36.43999978 -5.573901 
36.47999978 -5.573901 
36.51999978 -5.573901 
36.55999978 -5.573901 
36.59999978 -5.573901 
36.63999978 -5.573901 
36.67999978 -5.573901 
36.71999978 -5.573901 
36.75999978 -5.573901 
36.79999978 -5.573901 
36.83999978 -5.573901 
36.87999978 -5.573901 
36.91999978 -5.573901 
36.95999978 -5.573901 
36.99999978 -5.573901 
37.03999977 -5.573901 
37.07999977 -5.573901 
37.11999977 -5.573901 
37.15999977 -5.573901 
37.19999977 -5.573901 
37.23999977 -5.573901 
37.27999977 -5.573901 
37.31999977 -5.573901 
37.35999977 -5.573901 
37.39999977 -5.573901 
37.43999977 -5.573901 
37.47999977 -5.573901 
37.51999977 -5.573901 
37.55999977 -5.573901 
37.59999977 -5.573901 
37.63999977 -5.573901 
37.67999977 -5.573901 
37.71999977 -5.573901 
37.75999977 -5.573901 
37.79999977 -5.573901 
37.83999977 -5.573901 
37.87999977 -5.573901 
37.91999977 -5.573901 
37.95999977 -5.573901 
37.99999977 -5.573901 
38.03999977 -5.573901 
38.07999977 -5.573901 
38.11999977 -5.747856 
38.15999977 -5.573901 
38.19999977 -5.747856 
38.23999977 -5.747856 
38.27999977 -5.747856 
38.31999977 -5.747856 
38.35999977 -5.747856 
38.39999977 -5.573901 
38.43999977 -5.747856 
38.47999977 -5.747856 
38.51999977 -5.747856 
38.55999977 -5.747856 
38.59999977 -5.747856 
38.63999977 -5.747856 
38.67999976 -5.747856 
38.71999976 -5.747856 
38.75999976 -5.747856 
38.79999976 -5.747856 
38.83999976 -5.747856 
38.87999976 -5.747856 
38.91999976 -5.747856 
38.95999976 -5.747856 
38.99999976 -5.747856 
39.03999976 -5.747856 
39.07999976 -5.747856 
39.11999976 -5.747856 
39.15999976 -5.747856 
39.19999976 -5.747856 
39.23999976 -5.747856 
39.27999976 -5.747856 
39.31999976 -5.747856 
39.35999976 -5.747856 
39.39999976 -5.747856 
39.43999976 -5.747856 
39.47999976 -5.747856 
39.51999976 -5.921812 
39.55999976 -5.747856 
39.59999976 -5.747856 
39.63999976 -5.747856 
39.67999976 -5.747856 
39.71999976 -5.747856 
39.75999976 -5.747856 
39.79999976 -5.747856 
39.83999976 -5.747856 
39.87999976 -5.921812 
39.91999976 -5.747856 
39.95999976 -5.747856 
39.99999976 -5.921812 
40.03999976 -5.747856 
40.07999976 -5.747856 
40.11999976 -5.747856 
40.15999976 -5.747856 
40.19999976 -5.921812 
40.23999976 -5.921812 
40.27999976 -5.921812 
40.31999975 -5.921812 
40.35999975 -5.921812 
40.39999975 -5.921812 
40.43999975 -5.921812 
40.47999975 -5.921812 
40.51999975 -5.921812 
40.55999975 -5.921812 
40.59999975 -5.921812 
40.63999975 -5.921812 
40.67999975 -5.921812 
40.71999975 -5.921812 
40.75999975 -5.921812 
40.79999975 -5.921812 
40.83999975 -5.747856 
40.87999975 -5.921812 
40.91999975 -5.921812 
40.95999975 -5.921812 
40.99999975 -5.921812 
41.03999975 -5.921812 
41.07999975 -5.921812 
41.11999975 -5.921812 
41.15999975 -5.921812 
41.19999975 -5.921812 
41.23999975 -5.921812 
41.27999975 -5.921812 
41.31999975 -5.921812 
41.35999975 -5.921812 
41.39999975 -5.921812 
41.43999975 -5.921812 
41.47999975 -5.921812 
41.51999975 -5.921812 
41.55999975 -5.921812 
41.59999975 -5.921812 
41.63999975 -5.921812 
41.67999975 -5.921812 
41.71999975 -5.921812 
41.75999975 -5.921812 
41.79999975 -5.921812 
41.83999975 -5.921812 
41.87999975 -5.921812 
41.91999975 -5.921812 
41.95999974 -5.921812 
41.99999974 -5.921812 
42.03999974 -5.921812 
42.07999974 -5.921812 
42.11999974 -5.921812 
42.15999974 -5.921812 
42.19999974 -5.921812 
42.23999974 -5.921812 
42.27999974 -5.921812 
42.31999974 -5.921812 
42.35999974 -5.921812 
42.39999974 -5.921812 
42.43999974 -5.921812 
42.47999974 -5.921812 
42.51999974 -5.921812 
42.55999974 -5.921812 
42.59999974 -6.095767 
42.63999974 -5.921812 
42.67999974 -5.921812 
42.71999974 -6.095767 
42.75999974 -5.921812 
42.79999974 -6.095767 
42.83999974 -5.921812 
42.87999974 -5.921812 
42.91999974 -5.921812 
42.95999974 -5.921812 
42.99999974 -5.921812 
43.03999974 -5.921812 
43.07999974 -5.921812 
43.11999974 -5.921812 
43.15999974 -5.921812 
43.19999974 -6.095767 
43.23999974 -5.921812 
43.27999974 -6.095767 
43.31999974 -6.095767 
43.35999974 -6.095767 
43.39999974 -5.921812 
43.43999974 -6.095767 
43.47999974 -6.095767 
43.51999974 -5.921812 
43.55999974 -6.095767 
43.59999974 -6.095767 
43.63999973 -6.095767 
43.67999973 -6.095767 
43.71999973 -6.095767 
43.75999973 -6.095767 
43.79999973 -6.270333 
43.83999973 -6.095767 
43.87999973 -5.921812 
43.91999973 -6.270333 
43.95999973 -6.270333 
43.99999973 -6.270333 
44.03999973 -6.270333 
44.07999973 -6.270333 
44.11999973 -6.095767 
44.15999973 -6.270333 
44.19999973 -6.095767 
44.23999973 -6.095767 
44.27999973 -6.095767 
44.31999973 -6.270333 
44.35999973 -6.270333 
44.39999973 -6.095767 
44.43999973 -6.270333 
44.47999973 -6.270333 
44.51999973 -6.095767 
44.55999973 -6.270333 
44.59999973 -6.270333 
44.63999973 -6.095767 
44.67999973 -6.095767 
44.71999973 -6.270333 
44.75999973 -6.270333 
44.79999973 -6.095767 
44.83999973 -6.270333 
44.87999973 -6.095767 
44.91999973 -6.270333 
44.95999973 -6.270333 
44.99999973 -6.270333 
45.03999973 -6.095767 
45.07999973 -6.270333 
45.11999973 -6.270333 
45.15999973 -6.270333 
45.19999973 -6.270333 
45.23999973 -6.270333 
45.27999972 -6.270333 
45.31999972 -6.270333 
45.35999972 -6.270333 
45.39999972 -6.095767 
45.43999972 -6.270333 
45.47999972 -6.270333 
45.51999972 -6.270333 
45.55999972 -6.270333 
45.59999972 -6.270333 
45.63999972 -6.270333 
45.67999972 -6.270333 
45.71999972 -6.095767 
45.75999972 -6.095767 
45.79999972 -6.270333 
45.83999972 -6.270333 
45.87999972 -6.270333 
45.91999972 -6.095767 
45.95999972 -6.270333 
45.99999972 -6.270333 
46.03999972 -6.095767 
46.07999972 -6.270333 
46.11999972 -6.270333 
46.15999972 -6.095767 
46.19999972 -6.095767 
46.23999972 -6.095767 
46.27999972 -6.095767 
46.31999972 -6.095767 
46.35999972 -6.270333 
46.39999972 -6.095767 
46.43999972 -6.270333 
46.47999972 -6.095767 
46.51999972 -6.095767 
46.55999972 -6.095767 
46.59999972 -6.095767 
46.63999972 -6.270333 
46.67999972 -6.095767 
46.71999972 -6.095767 
46.75999972 -6.270333 
46.79999972 -6.095767 
46.83999972 -6.095767 
46.87999972 -5.921812 
46.91999971 -6.095767 
46.95999971 -5.921812 
46.99999971 -6.095767 
47.03999971 -5.921812 
47.07999971 -5.921812 
47.11999971 -5.921812 
47.15999971 -5.921812 
47.19999971 -6.095767 
47.23999971 -5.921812 
47.27999971 -6.095767 
47.31999971 -6.095767 
47.35999971 -6.095767 
47.39999971 -5.921812 
47.43999971 -5.921812 
47.47999971 -5.921812 
47.51999971 -6.095767 
47.55999971 -5.921812 
47.59999971 -5.921812 
47.63999971 -5.921812 
47.67999971 -5.921812 
47.71999971 -5.921812 
47.75999971 -5.921812 
47.79999971 -5.921812 
47.83999971 -5.921812 
47.87999971 -5.921812 
47.91999971 -5.921812 
47.95999971 -5.921812 
47.99999971 -5.921812 
48.03999971 -5.921812 
48.07999971 -5.921812 
48.11999971 -5.921812 
48.15999971 -5.921812 
48.19999971 -5.921812 
48.23999971 -5.921812 
48.27999971 -5.921812 
48.31999971 -5.921812 
48.35999971 -5.921812 
48.39999971 -5.921812 
48.43999971 -5.921812 
48.47999971 -5.921812 
48.51999971 -5.921812 
48.5599997 -5.921812 
48.5999997 -5.921812 
48.6399997 -5.921812 
48.6799997 -5.921812 
48.7199997 -5.921812 
48.7599997 -5.921812 
48.7999997 -5.921812 
48.8399997 -5.921812 
48.8799997 -5.921812 
48.9199997 -5.921812 
48.9599997 -5.921812 
48.9999997 -5.921812 
49.0399997 -5.921812 
49.0799997 -5.921812 
49.1199997 -5.747856 
49.1599997 -5.921812 
49.1999997 -5.747856 
49.2399997 -5.747856 
49.2799997 -5.747856 
49.3199997 -5.747856 
49.3599997 -5.747856 
49.3999997 -5.747856 
49.4399997 -5.747856 
49.4799997 -5.747856 
49.5199997 -5.747856 
49.5599997 -5.747856 
49.5999997 -5.747856 
49.6399997 -5.747856 
49.6799997 -5.747856 
49.7199997 -5.747856 
49.7599997 -5.747856 
49.7999997 -5.747856 
49.8399997 -5.747856 
49.8799997 -5.747856 
49.9199997 -5.747856 
49.9599997 -5.747856 
49.9999997 -5.747856 
50.0399997 -5.747856 
50.0799997 -5.747856 
50.1199997 -5.747856 
50.1599997 -5.747856 
50.19999969 -5.573901 
50.23999969 -5.747856 
50.27999969 -5.747856 
50.31999969 -5.573901 
50.35999969 -5.573901 
50.39999969 -5.573901 
50.43999969 -5.573901 
50.47999969 -5.573901 
50.51999969 -5.573901 
50.55999969 -5.573901 
50.59999969 -5.573901 
50.63999969 -5.573901 
50.67999969 -5.573901 
50.71999969 -5.573901 
50.75999969 -5.573901 
50.79999969 -5.573901 
50.83999969 -5.573901 
50.87999969 -5.573901 
50.91999969 -5.573901 
50.95999969 -5.573901 
50.99999969 -5.573901 
51.03999969 -5.573901 
51.07999969 -5.573901 
51.11999969 -5.573901 
51.15999969 -5.573901 
51.19999969 -5.573901 
51.23999969 -5.573901 
51.27999969 -5.573901 
51.31999969 -5.573901 
51.35999969 -5.573901 
51.39999969 -5.399335 
51.43999969 -5.399335 
51.47999969 -5.573901 
51.51999969 -5.399335 
51.55999969 -5.399335 
51.59999969 -5.399335 
51.63999969 -5.399335 
51.67999969 -5.399335 
51.71999969 -5.399335 
51.75999969 -5.399335 
51.79999969 -5.399335 
51.83999968 -5.399335 
51.87999968 -5.399335 
51.91999968 -5.399335 
51.95999968 -5.399335 
51.99999968 -5.399335 
52.03999968 -5.399335 
52.07999968 -5.225379 
52.11999968 -5.399335 
52.15999968 -5.225379 
52.19999968 -5.399335 
52.23999968 -5.399335 
52.27999968 -5.399335 
52.31999968 -5.399335 
52.35999968 -5.399335 
52.39999968 -5.399335 
52.43999968 -5.399335 
52.47999968 -5.225379 
52.51999968 -5.225379 
52.55999968 -5.225379 
52.59999968 -5.225379 
52.63999968 -5.225379 
52.67999968 -5.225379 
52.71999968 -5.225379 
52.75999968 -5.225379 
52.79999968 -5.225379 
52.83999968 -5.225379 
52.87999968 -5.225379 
52.91999968 -5.225379 
52.95999968 -5.225379 
52.99999968 -5.051424 
53.03999968 -5.051424 
53.07999968 -5.051424 
53.11999968 -5.051424 
53.15999968 -5.051424 
53.19999968 -5.051424 
53.23999968 -5.051424 
53.27999968 -5.051424 
53.31999968 -5.051424 
53.35999968 -5.051424 
53.39999968 -5.051424 
53.43999968 -5.051424 
53.47999967 -5.051424 
53.51999967 -5.051424 
53.55999967 -5.051424 
53.59999967 -5.051424 
53.63999967 -5.051424 
53.67999967 -5.051424 
53.71999967 -5.051424 
53.75999967 -5.051424 
53.79999967 -5.051424 
53.83999967 -5.051424 
53.87999967 -5.051424 
53.91999967 -5.051424 
53.95999967 -5.051424 
53.99999967 -5.051424 
54.03999967 -5.051424 
54.07999967 -4.877468 
54.11999967 -4.877468 
54.15999967 -5.051424 
54.19999967 -4.877468 
54.23999967 -5.051424 
54.27999967 -4.877468 
54.31999967 -4.877468 
54.35999967 -4.877468 
54.39999967 -4.877468 
54.43999967 -4.877468 
54.47999967 -4.877468 
54.51999967 -4.877468 
54.55999967 -4.877468 
54.59999967 -4.877468 
54.63999967 -4.877468 
54.67999967 -4.877468 
54.71999967 -4.877468 
54.75999967 -4.877468 
54.79999967 -4.877468 
54.83999967 -4.877468 
54.87999967 -4.877468 
54.91999967 -4.877468 
54.95999967 -4.877468 
54.99999967 -4.877468 
55.03999967 -4.877468 
55.07999967 -4.877468 
55.11999967 -4.877468 
55.15999966 -4.702902 
55.19999966 -4.877468 
55.23999966 -4.877468 
55.27999966 -4.528947 
55.31999966 -4.877468 
55.35999966 -4.528947 
55.39999966 -4.528947 
55.43999966 -4.877468 
55.47999966 -4.702902 
55.51999966 -4.702902 
55.55999966 -4.528947 
55.59999966 -4.702902 
55.63999966 -4.528947 
55.67999966 -4.702902 
55.71999966 -4.528947 
55.75999966 -4.702902 
55.79999966 -4.702902 
55.83999966 -4.528947 
55.87999966 -4.528947 
55.91999966 -4.528947 
55.95999966 -4.528947 
55.99999966 -4.528947 
56.03999966 -4.528947 
56.07999966 -4.528947 
56.11999966 -4.528947 
56.15999966 -4.528947 
56.19999966 -4.528947 
56.23999966 -4.528947 
56.27999966 -4.528947 
56.31999966 -4.528947 
56.35999966 -4.528947 
56.39999966 -4.528947 
56.43999966 -4.528947 
56.47999966 -4.528947 
56.51999966 -4.354991 
56.55999966 -4.528947 
56.59999966 -4.354991 
56.63999966 -4.528947 
56.67999966 -4.528947 
56.71999966 -4.528947 
56.75999966 -4.354991 
56.79999965 -4.354991 
56.83999965 -4.354991 
56.87999965 -4.354991 
56.91999965 -4.354991 
56.95999965 -4.528947 
56.99999965 -4.354991 
57.03999965 -4.354991 
57.07999965 -4.354991 
57.11999965 -4.354991 
57.15999965 -4.354991 
57.19999965 -4.354991 
57.23999965 -4.354991 
57.27999965 -4.354991 
57.31999965 -4.354991 
57.35999965 -4.354991 
57.39999965 -4.354991 
57.43999965 -4.354991 
57.47999965 -4.354991 
57.51999965 -4.354991 
57.55999965 -4.354991 
57.59999965 -4.354991 
57.63999965 -4.354991 
57.67999965 -4.354991 
57.71999965 -4.181036 
57.75999965 -4.181036 
57.79999965 -4.181036 
57.83999965 -4.181036 
57.87999965 -4.354991 
57.91999965 -4.181036 
57.95999965 -4.181036 
57.99999965 -4.181036 
58.03999965 -4.181036 
58.07999965 -4.181036 
58.11999965 -4.181036 
58.15999965 -4.181036 
58.19999965 -4.181036 
58.23999965 -4.181036 
58.27999965 -4.181036 
58.31999965 -4.181036 
58.35999965 -4.181036 
58.39999965 -4.181036 
58.43999964 -4.181036 
58.47999964 -4.181036 
58.51999964 -4.181036 
58.55999964 -4.181036 
58.59999964 -4.181036 
58.63999964 -4.181036 
58.67999964 -4.181036 
58.71999964 -4.181036 
58.75999964 -4.181036 
58.79999964 -4.00647 
58.83999964 -4.00647 
58.87999964 -4.00647 
58.91999964 -4.00647 
58.95999964 -4.00647 
58.99999964 -4.00647 
59.03999964 -4.00647 
59.07999964 -4.00647 
59.11999964 -4.00647 
59.15999964 -4.00647 
59.19999964 -4.00647 
59.23999964 -4.00647 
59.27999964 -4.00647 
59.31999964 -4.00647 
59.35999964 -4.00647 
59.39999964 -4.00647 
59.43999964 -4.00647 
59.47999964 -4.00647 
59.51999964 -4.00647 
59.55999964 -3.832515 
59.59999964 -3.832515 
59.63999964 -4.00647 
59.67999964 -4.00647 
59.71999964 -4.00647 
59.75999964 -4.00647 
59.79999964 -4.00647 
59.83999964 -4.00647 
59.87999964 -3.832515 
59.91999964 -4.00647 
59.95999964 -3.832515 
59.99999964 -3.832515 
60.03999964 -3.832515 
60.07999963 -4.00647 
60.11999963 -3.832515 
60.15999963 -3.832515 
60.19999963 -3.832515 
60.23999963 -3.832515 
60.27999963 -3.832515 
60.31999963 -3.832515 
60.35999963 -3.832515 
60.39999963 -3.832515 
60.43999963 -3.832515 
60.47999963 -3.832515 
60.51999963 -3.658559 
60.55999963 -3.658559 
60.59999963 -3.658559 
60.63999963 -3.658559 
60.67999963 -3.658559 
60.71999963 -3.658559 
60.75999963 -3.658559 
60.79999963 -3.658559 
60.83999963 -3.658559 
60.87999963 -3.658559 
60.91999963 -3.832515 
60.95999963 -3.658559 
60.99999963 -3.658559 
61.03999963 -3.658559 
61.07999963 -3.658559 
61.11999963 -3.658559 
61.15999963 -3.658559 
61.19999963 -3.658559 
61.23999963 -3.658559 
61.27999963 -3.658559 
61.31999963 -3.658559 
61.35999963 -3.658559 
61.39999963 -3.658559 
61.43999963 -3.658559 
61.47999963 -3.484603 
61.51999963 -3.658559 
61.55999963 -3.658559 
61.59999963 -3.658559 
61.63999963 -3.658559 
61.67999963 -3.484603 
61.71999962 -3.658559 
61.75999962 -3.658559 
61.79999962 -3.484603 
61.83999962 -3.484603 
61.87999962 -3.484603 
61.91999962 -3.484603 
61.95999962 -3.658559 
61.99999962 -3.484603 
62.03999962 -3.484603 
62.07999962 -3.484603 
62.11999962 -3.484603 
62.15999962 -3.484603 
62.19999962 -3.484603 
62.23999962 -3.484603 
62.27999962 -3.484603 
62.31999962 -3.484603 
62.35999962 -3.484603 
62.39999962 -3.484603 
62.43999962 -3.484603 
62.47999962 -3.484603 
62.51999962 -3.484603 
62.55999962 -3.484603 
62.59999962 -3.484603 
62.63999962 -3.484603 
62.67999962 -3.484603 
62.71999962 -3.484603 
62.75999962 -3.310038 
62.79999962 -3.484603 
62.83999962 -3.310038 
62.87999962 -3.484603 
62.91999962 -3.484603 
62.95999962 -3.484603 
62.99999962 -3.484603 
63.03999962 -3.310038 
63.07999962 -3.310038 
63.11999962 -3.310038 
63.15999962 -3.310038 
63.19999962 -3.310038 
63.23999962 -3.484603 
63.27999962 -3.484603 
63.31999962 -3.310038 
63.35999961 -3.484603 
63.39999961 -3.484603 
63.43999961 -3.484603 
63.47999961 -3.310038 
63.51999961 -3.484603 
63.55999961 -3.310038 
63.59999961 -3.310038 
63.63999961 -3.310038 
63.67999961 -3.484603 
63.71999961 -3.310038 
63.75999961 -3.310038 
63.79999961 -3.310038 
63.83999961 -3.484603 
63.87999961 -3.310038 
63.91999961 -3.136082 
63.95999961 -3.136082 
63.99999961 -3.310038 
64.03999961 -3.136082 
64.07999961 -3.310038 
64.11999961 -3.310038 
64.15999961 -3.310038 
64.19999961 -3.310038 
64.23999961 -3.310038 
64.27999961 -3.310038 
64.31999961 -3.310038 
64.35999961 -3.136082 
64.39999961 -3.310038 
64.43999961 -3.310038 
64.47999961 -3.310038 
64.51999961 -3.310038 
64.55999961 -3.310038 
64.59999961 -3.310038 
64.63999961 -3.484603 
64.67999961 -3.484603 
64.71999961 -3.484603 
64.75999961 -3.136082 
64.79999961 -3.310038 
64.83999961 -3.310038 
64.87999961 -3.136082 
64.91999961 -3.310038 
64.95999961 -3.310038 
64.9999996 -3.310038 
65.0399996 -3.136082 
65.0799996 -3.310038 
65.1199996 -3.310038 
65.1599996 -3.310038 
65.1999996 -3.136082 
65.2399996 -3.310038 
65.2799996 -3.310038 
65.3199996 -3.310038 
65.3599996 -3.484603 
65.3999996 -3.484603 
65.4399996 -3.310038 
65.4799996 -3.310038 
65.5199996 -3.310038 
65.5599996 -3.310038 
65.5999996 -3.136082 
65.6399996 -3.136082 
65.6799996 -3.484603 
65.7199996 -3.310038 
65.7599996 -3.310038 
65.7999996 -3.310038 
65.8399996 -3.310038 
65.8799996 -3.484603 
65.9199996 -3.310038 
65.9599996 -3.310038 
65.9999996 -3.484603 
66.0399996 -3.310038 
66.0799996 -3.310038 
66.1199996 -3.484603 
66.1599996 -3.310038 
66.1999996 -3.484603 
66.2399996 -3.310038 
66.2799996 -3.310038 
66.3199996 -3.310038 
66.3599996 -3.484603 
66.3999996 -3.310038 
66.4399996 -3.310038 
66.4799996 -3.484603 
66.5199996 -3.484603 
66.5599996 -3.310038 
66.5999996 -3.484603 
66.63999959 -3.484603 
66.67999959 -3.484603 
66.71999959 -3.484603 
66.75999959 -3.484603 
66.79999959 -3.310038 
66.83999959 -3.310038 
66.87999959 -3.484603 
66.91999959 -3.484603 
66.95999959 -3.310038 
66.99999959 -3.484603 
67.03999959 -3.484603 
67.07999959 -3.484603 
67.11999959 -3.484603 
67.15999959 -3.484603 
67.19999959 -3.310038 
67.23999959 -3.484603 
67.27999959 -3.484603 
67.31999959 -3.484603 
67.35999959 -3.484603 
67.39999959 -3.484603 
67.43999959 -3.310038 
67.47999959 -3.484603 
67.51999959 -3.484603 
67.55999959 -3.484603 
67.59999959 -3.484603 
67.63999959 -3.484603 
67.67999959 -3.484603 
67.71999959 -3.484603 
67.75999959 -3.484603 
67.79999959 -3.484603 
67.83999959 -3.484603 
67.87999959 -3.484603 
67.91999959 -3.484603 
67.95999959 -3.484603 
67.99999959 -3.484603 
68.03999959 -3.484603 
68.07999959 -3.484603 
68.11999959 -3.484603 
68.15999959 -3.484603 
68.19999959 -3.484603 
68.23999959 -3.484603 
68.27999959 -3.484603 
68.31999958 -3.484603 
68.35999958 -3.484603 
68.39999958 -3.484603 
68.43999958 -3.484603 
68.47999958 -3.484603 
68.51999958 -3.484603 
68.55999958 -3.484603 
68.59999958 -3.484603 
68.63999958 -3.484603 
68.67999958 -3.484603 
68.71999958 -3.484603 
68.75999958 -3.484603 
68.79999958 -3.484603 
68.83999958 -3.484603 
68.87999958 -3.658559 
68.91999958 -3.658559 
68.95999958 -3.658559 
68.99999958 -3.484603 
69.03999958 -3.484603 
69.07999958 -3.658559 
69.11999958 -3.484603 
69.15999958 -3.484603 
69.19999958 -3.484603 
69.23999958 -3.484603 
69.27999958 -3.658559 
69.31999958 -3.658559 
69.35999958 -3.658559 
69.39999958 -3.658559 
69.43999958 -3.658559 
69.47999958 -3.658559 
69.51999958 -3.484603 
69.55999958 -3.658559 
69.59999958 -3.484603 
69.63999958 -3.658559 
69.67999958 -3.484603 
69.71999958 -3.658559 
69.75999958 -3.658559 
69.79999958 -3.658559 
69.83999958 -3.658559 
69.87999958 -3.658559 
69.91999958 -3.658559 
69.95999957 -3.658559 
69.99999957 -3.658559 
70.03999957 -3.658559 
70.07999957 -3.658559 
70.11999957 -3.658559 
70.15999957 -3.658559 
70.19999957 -3.658559 
70.23999957 -3.658559 
70.27999957 -3.658559 
70.31999957 -3.658559 
70.35999957 -3.658559 
70.39999957 -3.658559 
70.43999957 -3.658559 
70.47999957 -3.658559 
70.51999957 -3.658559 
70.55999957 -3.658559 
70.59999957 -3.658559 
70.63999957 -3.658559 
70.67999957 -3.658559 
70.71999957 -3.658559 
70.75999957 -3.658559 
70.79999957 -3.658559 
70.83999957 -3.658559 
70.87999957 -3.658559 
70.91999957 -3.658559 
70.95999957 -3.658559 
70.99999957 -3.658559 
71.03999957 -3.658559 
71.07999957 -3.658559 
71.11999957 -3.832515 
71.15999957 -3.658559 
71.19999957 -3.658559 
71.23999957 -3.832515 
71.27999957 -3.832515 
71.31999957 -3.832515 
71.35999957 -3.832515 
71.39999957 -3.832515 
71.43999957 -3.832515 
71.47999957 -3.832515 
71.51999957 -3.832515 
71.55999957 -3.832515 
71.59999956 -3.832515 
71.63999956 -3.832515 
71.67999956 -3.832515 
71.71999956 -3.832515 
71.75999956 -3.832515 
71.79999956 -3.832515 
71.83999956 -3.832515 
71.87999956 -3.832515 
71.91999956 -3.832515 
71.95999956 -3.832515 
71.99999956 -3.832515 
72.03999956 -3.832515 
72.07999956 -3.832515 
72.11999956 -3.832515 
72.15999956 -3.832515 
72.19999956 -3.832515 
72.23999956 -3.832515 
72.27999956 -3.832515 
72.31999956 -3.832515 
72.35999956 -3.832515 
72.39999956 -4.00647 
72.43999956 -4.00647 
72.47999956 -4.00647 
72.51999956 -3.832515 
72.55999956 -4.00647 
72.59999956 -3.832515 
72.63999956 -4.00647 
72.67999956 -3.832515 
72.71999956 -4.00647 
72.75999956 -4.00647 
72.79999956 -4.00647 
72.83999956 -3.832515 
72.87999956 -4.00647 
72.91999956 -4.00647 
72.95999956 -4.00647 
72.99999956 -3.832515 
73.03999956 -4.00647 
73.07999956 -4.00647 
73.11999956 -3.832515 
73.15999956 -4.00647 
73.19999956 -4.00647 
73.23999955 -4.00647 
73.27999955 -4.00647 
73.31999955 -4.00647 
73.35999955 -4.00647 
73.39999955 -3.832515 
73.43999955 -4.00647 
73.47999955 -4.00647 
73.51999955 -4.00647 
73.55999955 -4.00647 
73.59999955 -4.00647 
73.63999955 -4.00647 
73.67999955 -4.00647 
73.71999955 -4.00647 
73.75999955 -4.00647 
73.79999955 -4.00647 
73.83999955 -4.00647 
73.87999955 -3.832515 
73.91999955 -4.00647 
73.95999955 -4.00647 
73.99999955 -4.181036 
74.03999955 -4.00647 
74.07999955 -4.181036 
74.11999955 -4.181036 
74.15999955 -4.181036 
74.19999955 -4.00647 
74.23999955 -4.181036 
74.27999955 -4.181036 
74.31999955 -4.181036 
74.35999955 -4.00647 
74.39999955 -4.181036 
74.43999955 -4.00647 
74.47999955 -4.181036 
74.51999955 -4.181036 
74.55999955 -4.181036 
74.59999955 -4.181036 
74.63999955 -4.181036 
74.67999955 -4.181036 
74.71999955 -4.181036 
74.75999955 -4.181036 
74.79999955 -4.181036 
74.83999955 -4.181036 
74.87999954 -4.181036 
74.91999954 -4.181036 
74.95999954 -4.181036 
74.99999954 -4.181036 
75.03999954 -4.181036 
75.07999954 -4.181036 
75.11999954 -4.181036 
75.15999954 -4.181036 
75.19999954 -4.181036 
75.23999954 -4.181036 
75.27999954 -4.181036 
75.31999954 -4.181036 
75.35999954 -4.181036 
75.39999954 -4.181036 
75.43999954 -4.181036 
75.47999954 -4.181036 
75.51999954 -4.181036 
75.55999954 -4.181036 
75.59999954 -4.181036 
75.63999954 -4.181036 
75.67999954 -4.181036 
75.71999954 -4.181036 
75.75999954 -4.181036 
75.79999954 -4.181036 
75.83999954 -4.181036 
75.87999954 -4.181036 
75.91999954 -4.354991 
75.95999954 -4.354991 
75.99999954 -4.354991 
76.03999954 -4.354991 
76.07999954 -4.354991 
76.11999954 -4.181036 
76.15999954 -4.354991 
76.19999954 -4.181036 
76.23999954 -4.354991 
76.27999954 -4.354991 
76.31999954 -4.354991 
76.35999954 -4.354991 
76.39999954 -4.354991 
76.43999954 -4.354991 
76.47999954 -4.354991 
76.51999953 -4.354991 
76.55999953 -4.354991 
76.59999953 -4.354991 
76.63999953 -4.354991 
76.67999953 -4.354991 
76.71999953 -4.354991 
76.75999953 -4.354991 
76.79999953 -4.354991 
76.83999953 -4.354991 
76.87999953 -4.354991 
76.91999953 -4.354991 
76.95999953 -4.354991 
76.99999953 -4.354991 
77.03999953 -4.354991 
77.07999953 -4.354991 
77.11999953 -4.354991 
77.15999953 -4.354991 
77.19999953 -4.354991 
77.23999953 -4.354991 
77.27999953 -4.354991 
77.31999953 -4.354991 
77.35999953 -4.354991 
77.39999953 -4.354991 
77.43999953 -4.354991 
77.47999953 -4.354991 
77.51999953 -4.354991 
77.55999953 -4.354991 
77.59999953 -4.528947 
77.63999953 -4.354991 
77.67999953 -4.354991 
77.71999953 -4.354991 
77.75999953 -4.528947 
77.79999953 -4.354991 
77.83999953 -4.354991 
77.87999953 -4.354991 
77.91999953 -4.528947 
77.95999953 -4.528947 
77.99999953 -4.528947 
78.03999953 -4.528947 
78.07999953 -4.528947 
78.11999953 -4.528947 
78.15999952 -4.528947 
78.19999952 -4.528947 
78.23999952 -4.354991 
78.27999952 -4.528947 
78.31999952 -4.528947 
78.35999952 -4.528947 
78.39999952 -4.528947 
78.43999952 -4.528947 
78.47999952 -4.528947 
78.51999952 -4.528947 
78.55999952 -4.528947 
78.59999952 -4.528947 
78.63999952 -4.528947 
78.67999952 -4.528947 
78.71999952 -4.528947 
78.75999952 -4.528947 
78.79999952 -4.528947 
78.83999952 -4.528947 
78.87999952 -4.528947 
78.91999952 -4.528947 
78.95999952 -4.528947 
78.99999952 -4.528947 
79.03999952 -4.528947 
79.07999952 -4.528947 
79.11999952 -4.528947 
79.15999952 -4.528947 
79.19999952 -4.528947 
79.23999952 -4.528947 
79.27999952 -4.702902 
79.31999952 -4.528947 
79.35999952 -4.528947 
79.39999952 -4.528947 
79.43999952 -4.528947 
79.47999952 -4.528947 
79.51999952 -4.528947 
79.55999952 -4.528947 
79.59999952 -4.528947 
79.63999952 -4.528947 
79.67999952 -4.528947 
79.71999952 -4.528947 
79.75999952 -4.528947 
79.79999952 -4.702902 
79.83999951 -4.528947 
79.87999951 -4.528947 
79.91999951 -4.528947 
79.95999951 -4.702902 
79.99999951 -4.702902 
80.03999951 -4.702902 
80.07999951 -4.528947 
80.11999951 -4.702902 
80.15999951 -4.702902 
80.19999951 -4.877468 
80.23999951 -4.528947 
80.27999951 -4.702902 
80.31999951 -4.702902 
80.35999951 -4.702902 
80.39999951 -4.877468 
80.43999951 -4.702902 
80.47999951 -4.702902 
80.51999951 -4.877468 
80.55999951 -4.528947 
80.59999951 -4.702902 
80.63999951 -4.702902 
80.67999951 -4.877468 
80.71999951 -4.702902 
80.75999951 -4.702902 
80.79999951 -4.877468 
80.83999951 -4.877468 
80.87999951 -4.877468 
80.91999951 -4.877468 
80.95999951 -4.877468 
80.99999951 -4.877468 
81.03999951 -4.877468 
81.07999951 -4.877468 
81.11999951 -4.877468 
81.15999951 -4.877468 
81.19999951 -4.877468 
81.23999951 -4.877468 
81.27999951 -4.877468 
81.31999951 -4.877468 
81.35999951 -4.877468 
81.39999951 -4.877468 
81.43999951 -4.877468 
81.4799995 -4.877468 
81.5199995 -4.877468 
81.5599995 -4.877468 
81.5999995 -4.877468 
81.6399995 -4.877468 
81.6799995 -4.877468 
81.7199995 -4.877468 
81.7599995 -4.877468 
81.7999995 -4.877468 
81.8399995 -4.877468 
81.8799995 -4.877468 
81.9199995 -4.877468 
81.9599995 -4.877468 
81.9999995 -4.877468 
82.0399995 -4.877468 
82.0799995 -4.877468 
82.1199995 -4.877468 
82.1599995 -4.877468 
82.1999995 -4.877468 
82.2399995 -4.877468 
82.2799995 -4.877468 
82.3199995 -4.877468 
82.3599995 -4.877468 
82.3999995 -4.877468 
82.4399995 -4.877468 
82.4799995 -4.877468 
82.5199995 -5.051424 
82.5599995 -5.051424 
82.5999995 -4.877468 
82.6399995 -5.051424 
82.6799995 -4.877468 
82.7199995 -5.051424 
82.7599995 -5.051424 
82.7999995 -4.877468 
82.8399995 -5.051424 
82.8799995 -5.051424 
82.9199995 -5.051424 
82.9599995 -5.051424 
82.9999995 -4.877468 
83.0399995 -5.051424 
83.0799995 -5.051424 
83.11999949 -5.051424 
83.15999949 -5.051424 
83.19999949 -5.051424 
83.23999949 -5.051424 
83.27999949 -5.051424 
83.31999949 -5.051424 
83.35999949 -5.051424 
83.39999949 -5.051424 
83.43999949 -5.051424 
83.47999949 -5.051424 
83.51999949 -5.051424 
83.55999949 -5.051424 
83.59999949 -5.051424 
83.63999949 -5.051424 
83.67999949 -5.051424 
83.71999949 -5.051424 
83.75999949 -5.051424 
83.79999949 -5.051424 
83.83999949 -5.051424 
83.87999949 -5.051424 
83.91999949 -5.051424 
83.95999949 -5.051424 
83.99999949 -5.051424 
84.03999949 -5.051424 
84.07999949 -5.051424 
84.11999949 -5.051424 
84.15999949 -5.051424 
84.19999949 -5.051424 
84.23999949 -5.051424 
84.27999949 -5.051424 
84.31999949 -5.225379 
84.35999949 -5.051424 
84.39999949 -5.051424 
84.43999949 -5.051424 
84.47999949 -5.051424 
84.51999949 -5.051424 
84.55999949 -5.051424 
84.59999949 -5.051424 
84.63999949 -5.051424 
84.67999949 -5.225379 
84.71999949 -5.051424 
84.75999948 -5.051424 
84.79999948 -5.225379 
84.83999948 -5.051424 
84.87999948 -5.225379 
84.91999948 -5.051424 
84.95999948 -5.225379 
84.99999948 -5.225379 
85.03999948 -5.225379 
85.07999948 -5.225379 
85.11999948 -5.225379 
85.15999948 -5.225379 
85.19999948 -5.225379 
85.23999948 -5.225379 
85.27999948 -5.051424 
85.31999948 -5.225379 
85.35999948 -5.225379 
85.39999948 -5.225379 
85.43999948 -5.225379 
85.47999948 -5.225379 
85.51999948 -5.225379 
85.55999948 -5.225379 
85.59999948 -5.225379 
85.63999948 -5.225379 
85.67999948 -5.225379 
85.71999948 -5.225379 
85.75999948 -5.225379 
85.79999948 -5.225379 
85.83999948 -5.225379 
85.87999948 -5.225379 
85.91999948 -5.225379 
85.95999948 -5.399335 
85.99999948 -5.399335 
86.03999948 -5.399335 
86.07999948 -5.399335 
86.11999948 -5.399335 
86.15999948 -5.399335 
86.19999948 -5.399335 
86.23999948 -5.399335 
86.27999948 -5.225379 
86.31999948 -5.399335 
86.35999948 -5.399335 
86.39999947 -5.399335 
86.43999947 -5.399335 
86.47999947 -5.399335 
86.51999947 -5.225379 
86.55999947 -5.399335 
86.59999947 -5.399335 
86.63999947 -5.399335 
86.67999947 -5.399335 
86.71999947 -5.399335 
86.75999947 -5.225379 
86.79999947 -5.399335 
86.83999947 -5.399335 
86.87999947 -5.225379 
86.91999947 -5.225379 
86.95999947 -5.399335 
86.99999947 -5.399335 
87.03999947 -5.399335 
87.07999947 -5.225379 
87.11999947 -5.399335 
87.15999947 -5.399335 
87.19999947 -5.399335 
87.23999947 -5.399335 
87.27999947 -5.399335 
87.31999947 -5.399335 
87.35999947 -5.399335 
87.39999947 -5.399335 
87.43999947 -5.225379 
87.47999947 -5.399335 
87.51999947 -5.399335 
87.55999947 -5.573901 
87.59999947 -5.399335 
87.63999947 -5.399335 
87.67999947 -5.399335 
87.71999947 -5.225379 
87.75999947 -5.573901 
87.79999947 -5.573901 
87.83999947 -5.399335 
87.87999947 -5.573901 
87.91999947 -5.573901 
87.95999947 -5.573901 
87.99999947 -5.573901 
88.03999946 -5.573901 
88.07999946 -5.399335 
88.11999946 -5.573901 
88.15999946 -5.573901 
88.19999946 -5.573901 
88.23999946 -5.573901 
88.27999946 -5.573901 
88.31999946 -5.573901 
88.35999946 -5.573901 
88.39999946 -5.573901 
88.43999946 -5.573901 
88.47999946 -5.573901 
88.51999946 -5.573901 
88.55999946 -5.573901 
88.59999946 -5.573901 
88.63999946 -5.573901 
88.67999946 -5.573901 
88.71999946 -5.573901 
88.75999946 -5.573901 
88.79999946 -5.573901 
88.83999946 -5.573901 
88.87999946 -5.573901 
88.91999946 -5.573901 
88.95999946 -5.573901 
88.99999946 -5.573901 
89.03999946 -5.573901 
89.07999946 -5.573901 
89.11999946 -5.573901 
89.15999946 -5.573901 
89.19999946 -5.573901 
89.23999946 -5.573901 
89.27999946 -5.573901 
89.31999946 -5.573901 
89.35999946 -5.573901 
89.39999946 -5.573901 
89.43999946 -5.573901 
89.47999946 -5.573901 
89.51999946 -5.573901 
89.55999946 -5.573901 
89.59999946 -5.573901 
89.63999946 -5.573901 
89.67999945 -5.573901 
89.71999945 -5.573901 
89.75999945 -5.573901 
89.79999945 -5.573901 
89.83999945 -5.573901 
89.87999945 -5.573901 
89.91999945 -5.573901 
89.95999945 -5.573901 
89.99999945 -5.573901 
90.03999945 -5.573901 
90.07999945 -5.573901 
90.11999945 -5.573901 
90.15999945 -5.747856 
90.19999945 -5.573901 
90.23999945 -5.573901 
90.27999945 -5.573901 
90.31999945 -5.573901 
90.35999945 -5.747856 
90.39999945 -5.573901 
90.43999945 -5.747856 
90.47999945 -5.573901 
90.51999945 -5.747856 
90.55999945 -5.573901 
90.59999945 -5.573901 
90.63999945 -5.747856 
90.67999945 -5.573901 
90.71999945 -5.747856 
90.75999945 -5.747856 
90.79999945 -5.747856 
90.83999945 -5.747856 
90.87999945 -5.747856 
90.91999945 -5.747856 
90.95999945 -5.747856 
90.99999945 -5.573901 
91.03999945 -5.747856 
91.07999945 -5.747856 
91.11999945 -5.747856 
91.15999945 -5.747856 
91.19999945 -5.747856 
91.23999945 -5.747856 
91.27999945 -5.747856 
91.31999945 -5.747856 
91.35999944 -5.747856 
91.39999944 -5.747856 
91.43999944 -5.747856 
91.47999944 -5.747856 
91.51999944 -5.747856 
91.55999944 -5.747856 
91.59999944 -5.747856 
91.63999944 -5.747856 
91.67999944 -5.747856 
91.71999944 -5.747856 
91.75999944 -5.747856 
91.79999944 -5.747856 
91.83999944 -5.747856 
91.87999944 -5.747856 
91.91999944 -5.747856 
91.95999944 -5.747856 
91.99999944 -5.747856 
92.03999944 -5.747856 
92.07999944 -5.747856 
92.11999944 -5.747856 
92.15999944 -5.747856 
92.19999944 -5.747856 
92.23999944 -5.747856 
92.27999944 -5.747856 
92.31999944 -5.921812 
92.35999944 -5.747856 
92.39999944 -5.747856 
92.43999944 -5.921812 
92.47999944 -5.921812 
92.51999944 -5.747856 
92.55999944 -5.921812 
92.59999944 -5.747856 
92.63999944 -5.921812 
92.67999944 -5.921812 
92.71999944 -5.921812 
92.75999944 -5.921812 
92.79999944 -5.921812 
92.83999944 -5.921812 
92.87999944 -5.921812 
92.91999944 -5.921812 
92.95999944 -5.921812 
92.99999943 -5.921812 
93.03999943 -5.921812 
93.07999943 -5.921812 
93.11999943 -5.921812 
93.15999943 -5.921812 
93.19999943 -5.921812 
93.23999943 -5.921812 
93.27999943 -5.921812 
93.31999943 -5.921812 
93.35999943 -5.921812 
93.39999943 -5.921812 
93.43999943 -5.921812 
93.47999943 -5.921812 
93.51999943 -5.921812 
93.55999943 -5.921812 
93.59999943 -5.921812 
93.63999943 -5.921812 
93.67999943 -5.921812 
93.71999943 -5.921812 
93.75999943 -5.921812 
93.79999943 -5.921812 
93.83999943 -5.921812 
93.87999943 -5.921812 
93.91999943 -5.921812 
93.95999943 -5.921812 
93.99999943 -5.921812 
94.03999943 -5.921812 
94.07999943 -5.921812 
94.11999943 -5.921812 
94.15999943 -5.921812 
94.19999943 -5.921812 
94.23999943 -5.921812 
94.27999943 -5.921812 
94.31999943 -5.921812 
94.35999943 -5.921812 
94.39999943 -5.921812 
94.43999943 -5.921812 
94.47999943 -5.921812 
94.51999943 -5.921812 
94.55999943 -5.921812 
94.59999943 -5.921812 
94.63999942 -5.921812 
94.67999942 -5.921812 
94.71999942 -5.921812 
94.75999942 -5.921812 
94.79999942 -5.921812 
94.83999942 -5.921812 
94.87999942 -5.921812 
94.91999942 -5.921812 
94.95999942 -5.921812 
94.99999942 -5.921812 
95.03999942 -5.921812 
95.07999942 -5.921812 
95.11999942 -6.095767 
95.15999942 -6.095767 
95.19999942 -5.921812 
95.23999942 -5.921812 
95.27999942 -5.921812 
95.31999942 -5.921812 
95.35999942 -5.921812 
95.39999942 -6.095767 
95.43999942 -6.095767 
95.47999942 -6.095767 
95.51999942 -6.095767 
95.55999942 -5.921812 
95.59999942 -6.095767 
95.63999942 -6.095767 
95.67999942 -6.095767 
95.71999942 -6.095767 
95.75999942 -6.270333 
95.79999942 -6.270333 
95.83999942 -6.095767 
95.87999942 -6.095767 
95.91999942 -6.095767 
95.95999942 -6.270333 
95.99999942 -6.095767 
96.03999942 -6.270333 
96.07999942 -6.270333 
96.11999942 -6.095767 
96.15999942 -6.270333 
96.19999942 -6.095767 
96.23999942 -6.095767 
96.27999941 -6.270333 
96.31999941 -6.270333 
96.35999941 -6.095767 
96.39999941 -6.095767 
96.43999941 -6.270333 
96.47999941 -6.095767 
96.51999941 -6.270333 
96.55999941 -6.270333 
96.59999941 -6.095767 
96.63999941 -6.270333 
96.67999941 -6.270333 
96.71999941 -6.270333 
96.75999941 -6.095767 
96.79999941 -6.270333 
96.83999941 -6.270333 
96.87999941 -6.270333 
96.91999941 -6.270333 
96.95999941 -6.270333 
96.99999941 -6.270333 
97.03999941 -6.270333 
97.07999941 -6.270333 
97.11999941 -6.270333 
97.15999941 -6.270333 
97.19999941 -6.270333 
97.23999941 -6.270333 
97.27999941 -6.270333 
97.31999941 -6.270333 
97.35999941 -6.270333 
97.39999941 -6.270333 
97.43999941 -6.270333 
97.47999941 -6.270333 
97.51999941 -6.270333 
97.55999941 -6.270333 
97.59999941 -6.270333 
97.63999941 -6.270333 
97.67999941 -6.270333 
97.71999941 -6.270333 
97.75999941 -6.270333 
97.79999941 -6.270333 
97.83999941 -6.270333 
97.87999941 -6.270333 
97.9199994 -6.270333 
97.9599994 -6.270333 
97.9999994 -6.270333 
98.0399994 -6.270333 
98.0799994 -6.270333 
98.1199994 -6.270333 
98.1599994 -6.270333 
98.1999994 -6.270333 
98.2399994 -6.270333 
98.2799994 -6.270333 
98.3199994 -6.270333 
98.3599994 -6.270333 
98.3999994 -6.270333 
98.4399994 -6.270333 
98.4799994 -6.270333 
98.5199994 -6.270333 
98.5599994 -6.270333 
98.5999994 -6.270333 
98.6399994 -6.270333 
98.6799994 -6.270333 
98.7199994 -6.270333 
98.7599994 -6.270333 
98.7999994 -6.444288 
98.8399994 -6.444288 
98.8799994 -6.444288 
98.9199994 -6.444288 
98.9599994 -6.270333 
98.9999994 -6.444288 
99.0399994 -6.444288 
99.0799994 -6.270333 
99.1199994 -6.270333 
99.1599994 -6.444288 
99.1999994 -6.444288 
99.2399994 -6.444288 
99.2799994 -6.444288 
99.3199994 -6.270333 
99.3599994 -6.444288 
99.3999994 -6.444288 
99.4399994 -6.444288 
99.4799994 -6.444288 
99.5199994 -6.444288 
99.55999939 -6.444288 
99.59999939 -6.444288 
99.63999939 -6.444288 
99.67999939 -6.444288 
99.71999939 -6.444288 
99.75999939 -6.444288 
99.79999939 -6.444288 
99.83999939 -6.444288 
99.87999939 -6.444288 
99.91999939 -6.444288 
99.95999939 -6.444288 
99.99999939 -6.444288 
100.03999939 -6.444288 
100.07999939 -6.444288 
100.11999939 -6.444288 
100.15999939 -6.444288 
100.19999939 -6.444288 
100.23999939 -6.444288 
100.27999939 -6.444288 
100.31999939 -6.444288 
100.35999939 -6.444288 
100.39999939 -6.444288 
100.43999939 -6.444288 
100.47999939 -6.444288 
100.51999939 -6.444288 
100.55999939 -6.444288 
100.59999939 -6.444288 
100.63999939 -6.444288 
100.67999939 -6.444288 
100.71999939 -6.444288 
100.75999939 -6.444288 
100.79999939 -6.444288 
100.83999939 -6.444288 
100.87999939 -6.444288 
100.91999939 -6.444288 
100.95999939 -6.444288 
100.99999939 -6.444288 
101.03999939 -6.444288 
101.07999939 -6.444288 
101.11999939 -6.444288 
101.15999939 -6.444288 
101.19999938 -6.618244 
101.23999938 -6.444288 
101.27999938 -6.444288 
101.31999938 -6.444288 
101.35999938 -6.444288 
101.39999938 -6.444288 
101.43999938 -6.444288 
101.47999938 -6.618244 
101.51999938 -6.618244 
101.55999938 -6.618244 
101.59999938 -6.618244 
101.63999938 -6.444288 
101.67999938 -6.444288 
101.71999938 -6.618244 
101.75999938 -6.618244 
101.79999938 -6.618244 
101.83999938 -6.618244 
101.87999938 -6.618244 
101.91999938 -6.618244 
101.95999938 -6.618244 
101.99999938 -6.618244 
102.03999938 -6.618244 
102.07999938 -6.444288 
102.11999938 -6.618244 
102.15999938 -6.444288 
102.19999938 -6.618244 
102.23999938 -6.618244 
102.27999938 -6.618244 
102.31999938 -6.618244 
102.35999938 -6.618244 
102.39999938 -6.618244 
102.43999938 -6.618244 
102.47999938 -6.618244 
102.51999938 -6.618244 
102.55999938 -6.618244 
102.59999938 -6.618244 
102.63999938 -6.618244 
102.67999938 -6.618244 
102.71999938 -6.618244 
102.75999938 -6.618244 
102.79999938 -6.618244 
102.83999937 -6.618244 
102.87999937 -6.618244 
102.91999937 -6.618244 
102.95999937 -6.618244 
102.99999937 -6.618244 
103.03999937 -6.618244 
103.07999937 -6.618244 
103.11999937 -6.618244 
103.15999937 -6.618244 
103.19999937 -6.618244 
103.23999937 -6.618244 
103.27999937 -6.618244 
103.31999937 -6.7922 
103.35999937 -6.618244 
103.39999937 -6.618244 
103.43999937 -6.618244 
103.47999937 -6.7922 
103.51999937 -6.618244 
103.55999937 -6.7922 
103.59999937 -6.7922 
103.63999937 -6.7922 
103.67999937 -6.7922 
103.71999937 -6.7922 
103.75999937 -6.7922 
103.79999937 -6.618244 
103.83999937 -6.7922 
103.87999937 -6.618244 
103.91999937 -6.7922 
103.95999937 -6.7922 
103.99999937 -6.7922 
104.03999937 -6.7922 
104.07999937 -6.7922 
104.11999937 -6.618244 
104.15999937 -6.7922 
104.19999937 -6.7922 
104.23999937 -6.7922 
104.27999937 -6.7922 
104.31999937 -6.7922 
104.35999937 -6.618244 
104.39999937 -6.618244 
104.43999937 -6.7922 
104.47999937 -6.7922 
104.51999936 -6.7922 
104.55999936 -6.618244 
104.59999936 -6.7922 
104.63999936 -6.7922 
104.67999936 -6.7922 
104.71999936 -6.618244 
104.75999936 -6.7922 
104.79999936 -6.7922 
104.83999936 -6.7922 
104.87999936 -6.966765 
104.91999936 -6.7922 
104.95999936 -6.7922 
104.99999936 -6.966765 
105.03999936 -6.7922 
105.07999936 -6.966765 
105.11999936 -6.966765 
105.15999936 -6.966765 
105.19999936 -6.618244 
105.23999936 -6.7922 
105.27999936 -6.966765 
105.31999936 -6.966765 
105.35999936 -6.966765 
105.39999936 -6.7922 
105.43999936 -6.966765 
105.47999936 -6.7922 
105.51999936 -6.7922 
105.55999936 -6.966765 
105.59999936 -6.966765 
105.63999936 -6.7922 
105.67999936 -6.966765 
105.71999936 -6.966765 
105.75999936 -6.7922 
105.79999936 -6.966765 
105.83999936 -6.966765 
105.87999936 -6.7922 
105.91999936 -6.966765 
105.95999936 -6.966765 
105.99999936 -6.966765 
106.03999936 -6.7922 
106.07999936 -6.966765 
106.11999936 -6.7922 
106.15999935 -6.966765 
106.19999935 -6.966765 
106.23999935 -6.966765 
106.27999935 -6.966765 
106.31999935 -6.966765 
106.35999935 -6.966765 
106.39999935 -6.966765 
106.43999935 -6.966765 
106.47999935 -6.966765 
106.51999935 -6.966765 
106.55999935 -6.966765 
106.59999935 -6.966765 
106.63999935 -6.966765 
106.67999935 -6.966765 
106.71999935 -6.966765 
106.75999935 -6.966765 
106.79999935 -6.966765 
106.83999935 -6.966765 
106.87999935 -6.966765 
106.91999935 -6.966765 
106.95999935 -6.966765 
106.99999935 -6.966765 
107.03999935 -6.966765 
107.07999935 -6.966765 
107.11999935 -6.966765 
107.15999935 -6.966765 
107.19999935 -6.966765 
107.23999935 -6.966765 
107.27999935 -6.966765 
107.31999935 -6.966765 
107.35999935 -6.966765 
107.39999935 -6.966765 
107.43999935 -6.966765 
107.47999935 -6.966765 
107.51999935 -6.966765 
107.55999935 -6.966765 
107.59999935 -6.966765 
107.63999935 -6.966765 
107.67999935 -6.966765 
107.71999935 -6.966765 
107.75999935 -6.966765 
107.79999934 -6.966765 
107.83999934 -6.966765 
107.87999934 -6.966765 
107.91999934 -6.966765 
107.95999934 -6.966765 
107.99999934 -6.966765 
108.03999934 -6.966765 
108.07999934 -6.966765 
108.11999934 -6.966765 
108.15999934 -7.140721 
108.19999934 -6.966765 
108.23999934 -7.140721 
108.27999934 -6.966765 
108.31999934 -7.140721 
108.35999934 -7.140721 
108.39999934 -6.966765 
108.43999934 -6.966765 
108.47999934 -7.140721 
108.51999934 -7.140721 
108.55999934 -6.966765 
108.59999934 -7.140721 
108.63999934 -6.966765 
108.67999934 -7.140721 
108.71999934 -7.140721 
108.75999934 -6.966765 
108.79999934 -7.140721 
108.83999934 -7.140721 
108.87999934 -6.966765 
108.91999934 -7.140721 
108.95999934 -7.140721 
108.99999934 -6.966765 
109.03999934 -7.140721 
109.07999934 -7.140721 
109.11999934 -7.140721 
109.15999934 -7.140721 
109.19999934 -7.140721 
109.23999934 -7.140721 
109.27999934 -7.140721 
109.31999934 -7.140721 
109.35999934 -7.140721 
109.39999934 -6.966765 
109.43999933 -7.140721 
109.47999933 -7.140721 
109.51999933 -7.140721 
109.55999933 -7.140721 
109.59999933 -7.140721 
109.63999933 -7.140721 
109.67999933 -7.140721 
109.71999933 -7.140721 
109.75999933 -7.140721 
109.79999933 -7.140721 
109.83999933 -7.140721 
109.87999933 -7.140721 
109.91999933 -7.140721 
109.95999933 -7.140721 
109.99999933 -7.140721 
110.03999933 -7.140721 
110.07999933 -7.140721 
110.11999933 -7.140721 
110.15999933 -7.140721 
110.19999933 -7.140721 
110.23999933 -7.140721 
110.27999933 -7.140721 
110.31999933 -7.140721 
110.35999933 -7.140721 
110.39999933 -7.140721 
110.43999933 -7.140721 
110.47999933 -7.140721 
110.51999933 -7.140721 
110.55999933 -7.314676 
110.59999933 -7.140721 
110.63999933 -7.140721 
110.67999933 -7.140721 
110.71999933 -7.140721 
110.75999933 -7.140721 
110.79999933 -7.140721 
110.83999933 -7.140721 
110.87999933 -7.140721 
110.91999933 -7.140721 
110.95999933 -7.140721 
110.99999933 -7.314676 
111.03999933 -7.314676 
111.07999932 -7.314676 
111.11999932 -7.140721 
111.15999932 -7.314676 
111.19999932 -7.140721 
111.23999932 -7.140721 
111.27999932 -7.314676 
111.31999932 -7.314676 
111.35999932 -7.314676 
111.39999932 -7.140721 
111.43999932 -7.314676 
111.47999932 -7.314676 
111.51999932 -7.140721 
111.55999932 -7.140721 
111.59999932 -7.314676 
111.63999932 -7.140721 
111.67999932 -7.314676 
111.71999932 -7.314676 
111.75999932 -7.140721 
111.79999932 -7.314676 
111.83999932 -7.314676 
111.87999932 -7.314676 
111.91999932 -7.314676 
111.95999932 -7.314676 
111.99999932 -7.314676 
112.03999932 -7.314676 
112.07999932 -7.314676 
112.11999932 -7.314676 
112.15999932 -7.314676 
112.19999932 -7.314676 
112.23999932 -7.314676 
112.27999932 -7.314676 
112.31999932 -7.314676 
112.35999932 -7.314676 
112.39999932 -7.314676 
112.43999932 -7.314676 
112.47999932 -7.314676 
112.51999932 -7.314676 
112.55999932 -7.314676 
112.59999932 -7.314676 
112.63999932 -7.314676 
112.67999932 -7.314676 
112.71999931 -7.314676 
112.75999931 -7.314676 
112.79999931 -7.314676 
112.83999931 -7.314676 
112.87999931 -7.314676 
112.91999931 -7.314676 
112.95999931 -7.314676 
112.99999931 -7.314676 
113.03999931 -7.314676 
113.07999931 -7.314676 
113.11999931 -7.314676 
113.15999931 -7.314676 
113.19999931 -7.314676 
113.23999931 -7.314676 
113.27999931 -7.314676 
113.31999931 -7.314676 
113.35999931 -7.314676 
113.39999931 -7.314676 
113.43999931 -7.314676 
113.47999931 -7.314676 
113.51999931 -7.314676 
113.55999931 -7.314676 
113.59999931 -7.314676 
113.63999931 -7.314676 
113.67999931 -7.314676 
113.71999931 -7.314676 
113.75999931 -7.314676 
113.79999931 -7.314676 
113.83999931 -7.314676 
113.87999931 -7.314676 
113.91999931 -7.314676 
113.95999931 -7.314676 
113.99999931 -7.314676 
114.03999931 -7.314676 
114.07999931 -7.314676 
114.11999931 -7.314676 
114.15999931 -7.314676 
114.19999931 -7.314676 
114.23999931 -7.314676 
114.27999931 -7.314676 
114.31999931 -7.314676 
114.3599993 -7.314676 
114.3999993 -7.314676 
114.4399993 -7.314676 
114.4799993 -7.314676 
114.5199993 -7.314676 
114.5599993 -7.314676 
114.5999993 -7.314676 
114.6399993 -7.314676 
114.6799993 -7.314676 
114.7199993 -7.314676 
114.7599993 -7.314676 
114.7999993 -7.488632 
114.8399993 -7.314676 
114.8799993 -7.314676 
114.9199993 -7.314676 
114.9599993 -7.314676 
114.9999993 -7.314676 
115.0399993 -7.314676 
115.0799993 -7.314676 
115.1199993 -7.314676 
115.1599993 -7.314676 
115.1999993 -7.314676 
115.2399993 -7.314676 
115.2799993 -7.314676 
115.3199993 -7.314676 
115.3599993 -7.314676 
115.3999993 -7.488632 
115.4399993 -7.488632 
115.4799993 -7.488632 
115.5199993 -7.488632 
115.5599993 -7.488632 
115.5999993 -7.314676 
115.6399993 -7.314676 
115.6799993 -7.663198 
115.7199993 -7.314676 
115.7599993 -7.488632 
115.7999993 -7.488632 
115.8399993 -7.488632 
115.8799993 -7.488632 
115.9199993 -7.663198 
115.9599993 -7.488632 
115.9999993 -7.488632 
116.03999929 -7.488632 
116.07999929 -7.488632 
116.11999929 -7.488632 
116.15999929 -7.488632 
116.19999929 -7.663198 
116.23999929 -7.488632 
116.27999929 -7.488632 
116.31999929 -7.488632 
116.35999929 -7.488632 
116.39999929 -7.488632 
116.43999929 -7.488632 
116.47999929 -7.488632 
116.51999929 -7.488632 
116.55999929 -7.663198 
116.59999929 -7.488632 
116.63999929 -7.488632 
116.67999929 -7.663198 
116.71999929 -7.488632 
116.75999929 -7.663198 
116.79999929 -7.488632 
116.83999929 -7.663198 
116.87999929 -7.663198 
116.91999929 -7.663198 
116.95999929 -7.663198 
116.99999929 -7.663198 
117.03999929 -7.488632 
117.07999929 -7.488632 
117.11999929 -7.488632 
117.15999929 -7.488632 
117.19999929 -7.663198 
117.23999929 -7.663198 
117.27999929 -7.488632 
117.31999929 -7.663198 
117.35999929 -7.663198 
117.39999929 -7.663198 
117.43999929 -7.663198 
117.47999929 -7.663198 
117.51999929 -7.663198 
117.55999929 -7.663198 
117.59999929 -7.663198 
117.63999929 -7.663198 
117.67999928 -7.663198 
117.71999928 -7.488632 
117.75999928 -7.663198 
117.79999928 -7.663198 
117.83999928 -7.663198 
117.87999928 -7.663198 
117.91999928 -7.663198 
117.95999928 -7.663198 
117.99999928 -7.663198 
118.03999928 -7.488632 
118.07999928 -7.663198 
118.11999928 -7.663198 
118.15999928 -7.663198 
118.19999928 -7.663198 
118.23999928 -7.663198 
118.27999928 -7.663198 
118.31999928 -7.663198 
118.35999928 -7.663198 
118.39999928 -7.663198 
118.43999928 -7.663198 
118.47999928 -7.663198 
118.51999928 -7.663198 
118.55999928 -7.663198 
118.59999928 -7.663198 
118.63999928 -7.663198 
118.67999928 -7.663198 
118.71999928 -7.663198 
118.75999928 -7.663198 
118.79999928 -7.663198 
118.83999928 -7.663198 
118.87999928 -7.663198 
118.91999928 -7.663198 
118.95999928 -7.663198 
118.99999928 -7.663198 
119.03999928 -7.663198 
119.07999928 -7.663198 
119.11999928 -7.663198 
119.15999928 -7.663198 
119.19999928 -7.663198 
119.23999928 -7.663198 
119.27999928 -7.663198 
119.31999927 -7.663198 
119.35999927 -7.663198 
119.39999927 -7.663198 
119.43999927 -7.663198 
119.47999927 -7.663198 
119.51999927 -7.663198 
119.55999927 -7.663198 
119.59999927 -7.663198 
119.63999927 -7.663198 
119.67999927 -7.663198 
119.71999927 -7.663198 
119.75999927 -7.663198 
119.79999927 -7.663198 
119.83999927 -7.663198 
119.87999927 -7.663198 
119.91999927 -7.663198 
119.95999927 -7.663198 
119.99999927 -7.663198 
120.03999927 -7.663198 
120.07999927 -7.663198 
120.11999927 -7.663198 
120.15999927 -7.663198 
120.19999927 -7.663198 
120.23999927 -7.663198 
120.27999927 -7.663198 
120.31999927 -7.663198 
120.35999927 -7.663198 
120.39999927 -7.663198 
120.43999927 -7.663198 
120.47999927 -7.663198 
120.51999927 -7.663198 
120.55999927 -7.663198 
120.59999927 -7.837153 
120.63999927 -7.663198 
120.67999927 -7.663198 
120.71999927 -7.663198 
120.75999927 -7.837153 
120.79999927 -7.663198 
120.83999927 -7.663198 
120.87999927 -7.663198 
120.91999927 -7.663198 
120.95999926 -7.663198 
120.99999926 -7.663198 
121.03999926 -7.663198 
121.07999926 -7.837153 
121.11999926 -7.663198 
121.15999926 -7.663198 
121.19999926 -7.837153 
121.23999926 -7.837153 
121.27999926 -7.663198 
121.31999926 -7.837153 
121.35999926 -7.837153 
121.39999926 -7.837153 
121.43999926 -7.837153 
121.47999926 -7.837153 
121.51999926 -7.837153 
121.55999926 -7.663198 
121.59999926 -7.837153 
121.63999926 -7.663198 
121.67999926 -7.837153 
121.71999926 -7.837153 
121.75999926 -7.837153 
121.79999926 -7.837153 
121.83999926 -7.837153 
121.87999926 -7.663198 
121.91999926 -7.837153 
121.95999926 -7.837153 
121.99999926 -7.837153 
122.03999926 -7.837153 
122.07999926 -7.837153 
122.11999926 -7.837153 
122.15999926 -7.837153 
122.19999926 -7.837153 
122.23999926 -7.663198 
122.27999926 -7.837153 
122.31999926 -7.837153 
122.35999926 -7.837153 
122.39999926 -7.837153 
122.43999926 -7.837153 
122.47999926 -7.837153 
122.51999926 -7.837153 
122.55999926 -7.837153 
122.59999925 -7.837153 
122.63999925 -7.837153 
122.67999925 -7.837153 
122.71999925 -7.837153 
122.75999925 -7.837153 
122.79999925 -7.837153 
122.83999925 -7.837153 
122.87999925 -7.837153 
122.91999925 -7.837153 
122.95999925 -7.837153 
122.99999925 -7.837153 
123.03999925 -7.837153 
123.07999925 -7.837153 
123.11999925 -7.837153 
123.15999925 -7.837153 
123.19999925 -7.837153 
123.23999925 -7.837153 
123.27999925 -7.837153 
123.31999925 -7.837153 
123.35999925 -7.837153 
123.39999925 -7.837153 
123.43999925 -7.837153 
123.47999925 -7.837153 
123.51999925 -7.837153 
123.55999925 -7.837153 
123.59999925 -7.837153 
123.63999925 -7.837153 
123.67999925 -7.837153 
123.71999925 -7.837153 
123.75999925 -7.837153 
123.79999925 -7.837153 
123.83999925 -7.837153 
123.87999925 -7.837153 
123.91999925 -7.837153 
123.95999925 -7.837153 
123.99999925 -7.837153 
124.03999925 -7.837153 
124.07999925 -7.837153 
124.11999925 -7.837153 
124.15999925 -7.837153 
124.19999925 -7.837153 
124.23999924 -7.837153 
124.27999924 -7.837153 
124.31999924 -7.837153 
124.35999924 -7.837153 
124.39999924 -7.837153 
124.43999924 -8.011108 
124.47999924 -7.837153 
124.51999924 -8.011108 
124.55999924 -7.837153 
124.59999924 -7.837153 
124.63999924 -7.837153 
124.67999924 -8.011108 
124.71999924 -7.837153 
124.75999924 -7.837153 
124.79999924 -7.837153 
124.83999924 -7.837153 
124.87999924 -8.011108 
124.91999924 -7.837153 
124.95999924 -7.837153 
124.99999924 -7.837153 
125.03999924 -7.837153 
125.07999924 -7.837153 
125.11999924 -8.011108 
125.15999924 -8.011108 
125.19999924 -7.837153 
125.23999924 -8.011108 
125.27999924 -8.011108 
125.31999924 -8.011108 
125.35999924 -8.011108 
125.39999924 -7.837153 
125.43999924 -8.011108 
125.47999924 -8.011108 
125.51999924 -8.011108 
125.55999924 -8.011108 
125.59999924 -7.837153 
125.63999924 -8.011108 
125.67999924 -8.011108 
125.71999924 -8.011108 
125.75999924 -8.011108 
125.79999924 -8.011108 
125.83999924 -8.011108 
125.87999923 -8.011108 
125.91999923 -8.011108 
125.95999923 -8.185064 
125.99999923 -8.011108 
126.03999923 -8.011108 
126.07999923 -8.011108 
126.11999923 -8.011108 
126.15999923 -8.011108 
126.19999923 -8.011108 
126.23999923 -8.011108 
126.27999923 -8.185064 
126.31999923 -8.011108 
126.35999923 -8.011108 
126.39999923 -8.011108 
126.43999923 -8.011108 
126.47999923 -8.011108 
126.51999923 -8.011108 
126.55999923 -8.011108 
126.59999923 -8.185064 
126.63999923 -8.011108 
126.67999923 -8.011108 
126.71999923 -8.011108 
126.75999923 -8.011108 
126.79999923 -8.011108 
126.83999923 -8.011108 
126.87999923 -8.185064 
126.91999923 -8.011108 
126.95999923 -8.011108 
126.99999923 -8.185064 
127.03999923 -8.185064 
127.07999923 -8.185064 
127.11999923 -8.011108 
127.15999923 -8.011108 
127.19999923 -8.185064 
127.23999923 -8.185064 
127.27999923 -8.011108 
127.31999923 -8.011108 
127.35999923 -8.011108 
127.39999923 -8.011108 
127.43999923 -8.185064 
127.47999923 -8.185064 
127.51999923 -8.185064 
127.55999922 -8.011108 
127.59999922 -8.185064 
127.63999922 -8.011108 
127.67999922 -8.185064 
127.71999922 -8.185064 
127.75999922 -8.185064 
127.79999922 -8.185064 
127.83999922 -8.011108 
127.87999922 -8.185064 
127.91999922 -8.185064 
127.95999922 -8.011108 
127.99999922 -8.011108 
128.03999922 -8.185064 
128.07999922 -8.185064 
128.11999922 -8.011108 
128.15999922 -8.185064 
128.19999922 -8.185064 
128.23999922 -8.185064 
128.27999922 -8.185064 
128.31999922 -8.185064 
128.35999922 -8.185064 
128.39999922 -8.185064 
128.43999922 -8.185064 
128.47999922 -8.185064 
128.51999922 -8.185064 
128.55999922 -8.011108 
128.59999922 -8.185064 
128.63999922 -8.185064 
128.67999922 -8.011108 
128.71999922 -8.185064 
128.75999922 -8.185064 
128.79999922 -8.185064 
128.83999922 -8.185064 
128.87999922 -8.185064 
128.91999922 -8.185064 
128.95999922 -8.185064 
128.99999922 -8.185064 
129.03999922 -8.185064 
129.07999922 -8.185064 
129.11999922 -8.011108 
129.15999922 -8.185064 
129.19999921 -8.185064 
129.23999921 -8.185064 
129.27999921 -8.185064 
129.31999921 -8.185064 
129.35999921 -8.185064 
129.39999921 -8.185064 
129.43999921 -8.185064 
129.47999921 -8.185064 
129.51999921 -8.185064 
129.55999921 -8.185064 
129.59999921 -8.185064 
129.63999921 -8.185064 
129.67999921 -8.185064 
129.71999921 -8.185064 
129.75999921 -8.185064 
129.79999921 -8.185064 
129.83999921 -8.011108 
129.87999921 -8.359631 
129.91999921 -8.359631 
129.95999921 -8.185064 
129.99999921 -8.185064 
130.03999921 -8.185064 
130.07999921 -8.185064 
130.11999921 -8.185064 
130.15999921 -8.185064 
130.19999921 -8.185064 
130.23999921 -8.185064 
130.27999921 -8.185064 
130.31999921 -8.185064 
130.35999921 -8.185064 
130.39999921 -8.185064 
130.43999921 -8.185064 
130.47999921 -8.185064 
130.51999921 -8.185064 
130.55999921 -8.359631 
130.59999921 -8.359631 
130.63999921 -8.185064 
130.67999921 -8.359631 
130.71999921 -8.185064 
130.75999921 -8.359631 
130.79999921 -8.359631 
130.8399992 -8.185064 
130.8799992 -8.185064 
130.9199992 -8.185064 
130.9599992 -8.185064 
130.9999992 -8.185064 
131.0399992 -8.185064 
131.0799992 -8.359631 
131.1199992 -8.359631 
131.1599992 -8.359631 
131.1999992 -8.359631 
131.2399992 -8.359631 
131.2799992 -8.359631 
131.3199992 -8.359631 
131.3599992 -8.359631 
131.3999992 -8.359631 
131.4399992 -8.359631 
131.4799992 -8.185064 
131.5199992 -8.359631 
131.5599992 -8.359631 
131.5999992 -8.359631 
131.6399992 -8.359631 
131.6799992 -8.359631 
131.7199992 -8.185064 
131.7599992 -8.359631 
131.7999992 -8.359631 
131.8399992 -8.359631 
131.8799992 -8.359631 
131.9199992 -8.359631 
131.9599992 -8.185064 
131.9999992 -8.359631 
132.0399992 -8.359631 
132.0799992 -8.359631 
132.1199992 -8.359631 
132.1599992 -8.359631 
132.1999992 -8.359631 
132.2399992 -8.359631 
132.2799992 -8.359631 
132.3199992 -8.359631 
132.3599992 -8.359631 
132.3999992 -8.359631 
132.4399992 -8.359631 
132.47999919 -8.359631 
132.51999919 -8.359631 
132.55999919 -8.359631 
132.59999919 -8.359631 
132.63999919 -8.359631 
132.67999919 -8.359631 
132.71999919 -8.359631 
132.75999919 -8.359631 
132.79999919 -8.359631 
132.83999919 -8.359631 
132.87999919 -8.359631 
132.91999919 -8.359631 
132.95999919 -8.359631 
132.99999919 -8.359631 
133.03999919 -8.359631 
133.07999919 -8.359631 
133.11999919 -8.359631 
133.15999919 -8.359631 
133.19999919 -8.359631 
133.23999919 -8.359631 
133.27999919 -8.359631 
133.31999919 -8.359631 
133.35999919 -8.359631 
133.39999919 -8.359631 
133.43999919 -8.359631 
133.47999919 -8.359631 
133.51999919 -8.359631 
133.55999919 -8.359631 
133.59999919 -8.359631 
133.63999919 -8.359631 
133.67999919 -8.359631 
133.71999919 -8.359631 
133.75999919 -8.359631 
133.79999919 -8.359631 
133.83999919 -8.359631 
133.87999919 -8.359631 
133.91999919 -8.359631 
133.95999919 -8.359631 
133.99999919 -8.359631 
134.03999919 -8.359631 
134.07999919 -8.359631 
134.11999918 -8.359631 
134.15999918 -8.359631 
134.19999918 -8.359631 
134.23999918 -8.359631 
134.27999918 -8.359631 
134.31999918 -8.359631 
134.35999918 -8.359631 
134.39999918 -8.359631 
134.43999918 -8.359631 
134.47999918 -8.359631 
134.51999918 -8.359631 
134.55999918 -8.359631 
134.59999918 -8.359631 
134.63999918 -8.359631 
134.67999918 -8.359631 
134.71999918 -8.359631 
134.75999918 -8.359631 
134.79999918 -8.359631 
134.83999918 -8.359631 
134.87999918 -8.359631 
134.91999918 -8.359631 
134.95999918 -8.359631 
134.99999918 -8.359631 
135.03999918 -8.359631 
135.07999918 -8.533586 
135.11999918 -8.359631 
135.15999918 -8.359631 
135.19999918 -8.359631 
135.23999918 -8.359631 
135.27999918 -8.359631 
135.31999918 -8.359631 
135.35999918 -8.359631 
135.39999918 -8.359631 
135.43999918 -8.359631 
135.47999918 -8.359631 
135.51999918 -8.359631 
135.55999918 -8.359631 
135.59999918 -8.359631 
135.63999918 -8.359631 
135.67999918 -8.359631 
135.71999918 -8.533586 
135.75999917 -8.533586 
135.79999917 -8.533586 
135.83999917 -8.533586 
135.87999917 -8.359631 
135.91999917 -8.533586 
135.95999917 -8.533586 
135.99999917 -8.359631 
136.03999917 -8.359631 
136.07999917 -8.359631 
136.11999917 -8.359631 
136.15999917 -8.533586 
136.19999917 -8.359631 
136.23999917 -8.359631 
136.27999917 -8.359631 
136.31999917 -8.533586 
136.35999917 -8.359631 
136.39999917 -8.533586 
136.43999917 -8.533586 
136.47999917 -8.359631 
136.51999917 -8.533586 
136.55999917 -8.359631 
136.59999917 -8.533586 
136.63999917 -8.359631 
136.67999917 -8.533586 
136.71999917 -8.533586 
136.75999917 -8.533586 
136.79999917 -8.533586 
136.83999917 -8.533586 
136.87999917 -8.359631 
136.91999917 -8.359631 
136.95999917 -8.533586 
136.99999917 -8.533586 
137.03999917 -8.533586 
137.07999917 -8.533586 
137.11999917 -8.533586 
137.15999917 -8.533586 
137.19999917 -8.533586 
137.23999917 -8.533586 
137.27999917 -8.533586 
137.31999917 -8.533586 
137.35999917 -8.533586 
137.39999916 -8.533586 
137.43999916 -8.533586 
137.47999916 -8.533586 
137.51999916 -8.533586 
137.55999916 -8.533586 
137.59999916 -8.533586 
137.63999916 -8.533586 
137.67999916 -8.533586 
137.71999916 -8.533586 
137.75999916 -8.533586 
137.79999916 -8.533586 
137.83999916 -8.533586 
137.87999916 -8.533586 
137.91999916 -8.533586 
137.95999916 -8.533586 
137.99999916 -8.533586 
138.03999916 -8.533586 
138.07999916 -8.533586 
138.11999916 -8.533586 
138.15999916 -8.533586 
138.19999916 -8.533586 
138.23999916 -8.533586 
138.27999916 -8.533586 
138.31999916 -8.533586 
138.35999916 -8.533586 
138.39999916 -8.533586 
138.43999916 -8.533586 
138.47999916 -8.533586 
138.51999916 -8.533586 
138.55999916 -8.533586 
138.59999916 -8.533586 
138.63999916 -8.533586 
138.67999916 -8.533586 
138.71999916 -8.533586 
138.75999916 -8.533586 
138.79999916 -8.533586 
138.83999916 -8.533586 
138.87999916 -8.533586 
138.91999916 -8.533586 
138.95999916 -8.533586 
138.99999916 -8.533586 
139.03999915 -8.533586 
139.07999915 -8.533586 
139.11999915 -8.533586 
139.15999915 -8.533586 
139.19999915 -8.533586 
139.23999915 -8.533586 
139.27999915 -8.533586 
139.31999915 -8.533586 
139.35999915 -8.533586 
139.39999915 -8.533586 
139.43999915 -8.533586 
139.47999915 -8.533586 
139.51999915 -8.533586 
139.55999915 -8.533586 
139.59999915 -8.707541 
139.63999915 -8.707541 
139.67999915 -8.533586 
139.71999915 -8.707541 
139.75999915 -8.533586 
139.79999915 -8.533586 
139.83999915 -8.533586 
139.87999915 -8.533586 
139.91999915 -8.533586 
139.95999915 -8.533586 
139.99999915 -8.533586 
140.03999915 -8.533586 
140.07999915 -8.533586 
140.11999915 -8.533586 
140.15999915 -8.533586 
140.19999915 -8.533586 
140.23999915 -8.533586 
140.27999915 -8.707541 
140.31999915 -8.533586 
140.35999915 -8.707541 
140.39999915 -8.533586 
140.43999915 -8.533586 
140.47999915 -8.533586 
140.51999915 -8.533586 
140.55999915 -8.533586 
140.59999915 -8.707541 
140.63999915 -8.533586 
140.67999915 -8.533586 
140.71999914 -8.533586 
140.75999914 -8.533586 
140.79999914 -8.707541 
140.83999914 -8.533586 
140.87999914 -8.707541 
140.91999914 -8.707541 
140.95999914 -8.707541 
140.99999914 -8.707541 
141.03999914 -8.707541 
141.07999914 -8.533586 
141.11999914 -8.533586 
141.15999914 -8.707541 
141.19999914 -8.533586 
141.23999914 -8.707541 
141.27999914 -8.533586 
141.31999914 -8.707541 
141.35999914 -8.533586 
141.39999914 -8.707541 
141.43999914 -8.707541 
141.47999914 -8.707541 
141.51999914 -8.707541 
141.55999914 -8.707541 
141.59999914 -8.707541 
141.63999914 -8.707541 
141.67999914 -8.707541 
141.71999914 -8.533586 
141.75999914 -8.707541 
141.79999914 -8.707541 
141.83999914 -8.707541 
141.87999914 -8.707541 
141.91999914 -8.707541 
141.95999914 -8.707541 
141.99999914 -8.707541 
142.03999914 -8.707541 
142.07999914 -8.707541 
142.11999914 -8.707541 
142.15999914 -8.707541 
142.19999914 -8.707541 
142.23999914 -8.707541 
142.27999914 -8.707541 
142.31999914 -8.707541 
142.35999913 -8.707541 
142.39999913 -8.533586 
142.43999913 -8.707541 
142.47999913 -8.707541 
142.51999913 -8.707541 
142.55999913 -8.707541 
142.59999913 -8.707541 
142.63999913 -8.707541 
142.67999913 -8.707541 
142.71999913 -8.707541 
142.75999913 -8.707541 
142.79999913 -8.707541 
142.83999913 -8.707541 
142.87999913 -8.707541 
142.91999913 -8.707541 
142.95999913 -8.707541 
142.99999913 -8.707541 
143.03999913 -8.707541 
143.07999913 -8.707541 
143.11999913 -8.707541 
143.15999913 -8.707541 
143.19999913 -8.707541 
143.23999913 -8.707541 
143.27999913 -8.707541 
143.31999913 -8.707541 
143.35999913 -8.707541 
143.39999913 -8.707541 
143.43999913 -8.707541 
143.47999913 -8.707541 
143.51999913 -8.707541 
143.55999913 -8.707541 
143.59999913 -8.707541 
143.63999913 -8.707541 
143.67999913 -8.707541 
143.71999913 -8.707541 
143.75999913 -8.707541 
143.79999913 -8.707541 
143.83999913 -8.707541 
143.87999913 -8.707541 
143.91999913 -8.707541 
143.95999913 -8.707541 
143.99999912 -8.707541 
144.03999912 -8.707541 
144.07999912 -8.707541 
144.11999912 -8.707541 
144.15999912 -8.707541 
144.19999912 -8.707541 
144.23999912 -8.707541 
144.27999912 -8.707541 
144.31999912 -8.707541 
144.35999912 -8.707541 
144.39999912 -8.707541 
144.43999912 -8.707541 
144.47999912 -8.707541 
144.51999912 -8.707541 
144.55999912 -8.707541 
144.59999912 -8.707541 
144.63999912 -8.707541 
144.67999912 -8.707541 
144.71999912 -8.707541 
144.75999912 -8.707541 
144.79999912 -8.707541 
144.83999912 -8.707541 
144.87999912 -8.707541 
144.91999912 -8.707541 
144.95999912 -8.707541 
144.99999912 -8.707541 
145.03999912 -8.707541 
145.07999912 -8.707541 
145.11999912 -8.707541 
145.15999912 -8.707541 
145.19999912 -8.707541 
145.23999912 -8.707541 
145.27999912 -8.707541 
145.31999912 -8.707541 
145.35999912 -8.707541 
145.39999912 -8.707541 
145.43999912 -8.707541 
145.47999912 -8.707541 
145.51999912 -8.707541 
145.55999912 -8.707541 
145.59999912 -8.707541 
145.63999911 -8.707541 
145.67999911 -8.707541 
145.71999911 -8.707541 
145.75999911 -8.707541 
145.79999911 -8.707541 
145.83999911 -8.707541 
145.87999911 -8.707541 
145.91999911 -8.707541 
145.95999911 -8.707541 
145.99999911 -8.707541 
146.03999911 -8.707541 
146.07999911 -8.707541 
146.11999911 -8.707541 
146.15999911 -8.707541 
146.19999911 -8.707541 
146.23999911 -8.707541 
146.27999911 -8.707541 
146.31999911 -8.707541 
146.35999911 -8.707541 
146.39999911 -8.707541 
146.43999911 -8.707541 
146.47999911 -8.707541 
146.51999911 -8.707541 
146.55999911 -8.707541 
146.59999911 -8.707541 
146.63999911 -8.881496 
146.67999911 -8.707541 
146.71999911 -8.707541 
146.75999911 -8.707541 
146.79999911 -8.707541 
146.83999911 -8.881496 
146.87999911 -8.881496 
146.91999911 -8.881496 
146.95999911 -8.707541 
146.99999911 -8.707541 
147.03999911 -8.707541 
147.07999911 -8.707541 
147.11999911 -8.881496 
147.15999911 -8.707541 
147.19999911 -8.707541 
147.23999911 -8.881496 
147.2799991 -8.881496 
147.3199991 -8.881496 
147.3599991 -8.707541 
147.4399991 -8.881496 
147.4799991 -8.881496 
147.5199991 -8.881496 
147.5599991 -8.707541 
147.5999991 -8.881496 
147.6399991 -8.707541 
147.6799991 -8.707541 
147.7199991 -8.881496 
147.7599991 -8.707541 
147.7999991 -8.707541 
147.8399991 -8.881496 
147.8799991 -8.881496 
147.9199991 -8.881496 
147.9599991 -8.881496 
147.9999991 -8.881496 
148.0399991 -8.881496 
148.0799991 -8.881496 
148.1199991 -8.707541 
148.1599991 -8.881496 
148.1999991 -8.881496 
148.2399991 -8.881496 
148.2799991 -8.707541 
148.3199991 -8.707541 
148.3599991 -8.881496 
148.3999991 -8.881496 
148.4399991 -8.707541 
148.4799991 -8.881496 
148.5199991 -8.881496 
148.5599991 -8.881496 
148.5999991 -8.881496 
148.6399991 -8.707541 
148.6799991 -8.707541 
148.7199991 -8.881496 
148.7599991 -8.881496 
148.7999991 -8.707541 
148.8399991 -8.881496 
148.8799991 -8.881496 
148.91999909 -8.881496 
148.95999909 -8.881496 
148.99999909 -8.881496 
149.03999909 -8.881496 
149.07999909 -8.881496 
149.11999909 -8.881496 
149.15999909 -8.881496 
149.19999909 -8.881496 
149.23999909 -8.881496 
149.27999909 -8.881496 
149.31999909 -8.881496 
149.35999909 -8.881496 
149.43999909 -8.881496 
149.47999909 -8.707541 
149.51999909 -8.881496 
149.67999909 -8.881496 
149.91999909 -8.881496 
149.99999909 -8.881496 
150.31999909 -8.881496 
150.35999909 -8.881496 
150.51999909 -8.881496 
150.63999908 -8.881496 
150.79999908 -8.881496 
150.83999908 -8.881496 
151.07999908 -8.881496 
151.11999908 -8.881496 
151.31999908 -8.881496 
151.59999908 -8.881496 
151.87999908 -8.881496 
0 0 
