30.87999981 -8.881496 
30.91999981 -8.881496 
30.95999981 -8.881496 
30.99999981 -8.881496 
31.03999981 -8.881496 
31.07999981 -8.707541 
31.11999981 -8.707541 
31.15999981 -8.707541 
31.19999981 -8.881496 
31.23999981 -8.881496 
31.27999981 -8.707541 
31.31999981 -8.707541 
31.35999981 -8.707541 
31.39999981 -8.707541 
31.43999981 -8.707541 
31.47999981 -8.707541 
31.51999981 -8.707541 
31.55999981 -8.707541 
31.59999981 -8.707541 
31.63999981 -8.707541 
31.67999981 -8.707541 
31.71999981 -8.707541 
31.75999981 -8.707541 
31.79999981 -8.707541 
31.83999981 -8.707541 
31.87999981 -8.707541 
31.91999981 -8.707541 
31.95999981 -8.707541 
31.99999981 -8.707541 
32.03999981 -8.707541 
32.07999981 -8.707541 
32.1199998 -8.707541 
32.1599998 -8.707541 
32.1999998 -8.707541 
32.2399998 -8.707541 
32.2799998 -8.707541 
32.3199998 -8.707541 
32.3599998 -8.707541 
32.3999998 -8.707541 
32.4399998 -8.707541 
32.4799998 -8.707541 
32.5199998 -8.707541 
32.5599998 -8.707541 
32.5999998 -8.707541 
32.6399998 -8.707541 
32.6799998 -8.707541 
32.7199998 -8.707541 
32.7599998 -8.707541 
32.7999998 -8.533586 
32.8399998 -8.533586 
32.8799998 -8.533586 
32.9199998 -8.533586 
32.9599998 -8.533586 
32.9999998 -8.533586 
33.0399998 -8.533586 
33.0799998 -8.533586 
33.1199998 -8.533586 
33.1599998 -8.533586 
33.1999998 -8.533586 
33.2399998 -8.533586 
33.2799998 -8.533586 
33.3199998 -8.533586 
33.3599998 -8.533586 
33.3999998 -8.533586 
33.4399998 -8.533586 
33.4799998 -8.533586 
33.5199998 -8.533586 
33.5599998 -8.533586 
33.5999998 -8.359631 
33.6399998 -8.359631 
33.6799998 -8.359631 
33.7199998 -8.359631 
33.75999979 -8.359631 
33.79999979 -8.359631 
33.83999979 -8.359631 
33.87999979 -8.359631 
33.91999979 -8.359631 
33.95999979 -8.359631 
33.99999979 -8.359631 
34.03999979 -8.359631 
34.07999979 -8.359631 
34.11999979 -8.359631 
34.15999979 -8.359631 
34.19999979 -8.359631 
34.23999979 -8.359631 
34.27999979 -8.359631 
34.31999979 -8.359631 
34.35999979 -8.359631 
34.39999979 -8.359631 
34.43999979 -8.185064 
34.47999979 -8.185064 
34.51999979 -8.185064 
34.55999979 -8.185064 
34.59999979 -8.359631 
34.63999979 -8.185064 
34.67999979 -8.185064 
34.71999979 -8.359631 
34.75999979 -8.359631 
34.79999979 -8.185064 
34.83999979 -8.185064 
34.87999979 -8.185064 
34.91999979 -8.185064 
34.95999979 -8.185064 
34.99999979 -8.185064 
35.03999979 -8.185064 
35.07999979 -8.185064 
35.11999979 -8.185064 
35.15999979 -8.185064 
35.19999979 -8.185064 
35.23999979 -8.185064 
35.27999979 -8.185064 
35.31999979 -8.011108 
35.35999979 -8.185064 
35.39999978 -8.185064 
35.43999978 -8.185064 
35.47999978 -8.185064 
35.51999978 -8.185064 
35.55999978 -8.011108 
35.59999978 -8.185064 
35.63999978 -8.011108 
35.67999978 -8.011108 
35.71999978 -8.185064 
35.75999978 -8.011108 
35.79999978 -8.185064 
35.83999978 -8.011108 
35.87999978 -8.011108 
35.91999978 -8.011108 
35.95999978 -8.011108 
35.99999978 -8.011108 
36.03999978 -8.011108 
36.07999978 -8.011108 
36.11999978 -8.011108 
36.15999978 -7.837153 
36.19999978 -8.011108 
36.23999978 -7.837153 
36.27999978 -8.011108 
36.31999978 -7.837153 
36.35999978 -8.011108 
36.39999978 -7.837153 
36.43999978 -8.011108 
36.47999978 -7.837153 
36.51999978 -7.837153 
36.55999978 -7.837153 
36.59999978 -7.837153 
36.63999978 -7.837153 
36.67999978 -7.837153 
36.71999978 -7.837153 
36.75999978 -7.837153 
36.79999978 -7.837153 
36.83999978 -7.837153 
36.87999978 -7.837153 
36.91999978 -7.837153 
36.95999978 -7.837153 
36.99999978 -7.837153 
37.03999977 -7.837153 
37.07999977 -7.837153 
37.11999977 -7.837153 
37.15999977 -7.663198 
37.19999977 -7.663198 
37.23999977 -7.837153 
37.27999977 -7.663198 
37.31999977 -7.837153 
37.35999977 -7.837153 
37.39999977 -7.663198 
37.43999977 -7.837153 
37.47999977 -7.663198 
37.51999977 -7.663198 
37.55999977 -7.663198 
37.59999977 -7.663198 
37.63999977 -7.837153 
37.67999977 -7.663198 
37.71999977 -7.663198 
37.75999977 -7.663198 
37.79999977 -7.663198 
37.83999977 -7.663198 
37.87999977 -7.663198 
37.91999977 -7.663198 
37.95999977 -7.663198 
37.99999977 -7.663198 
38.03999977 -7.663198 
38.07999977 -7.663198 
38.11999977 -7.663198 
38.15999977 -7.663198 
38.19999977 -7.663198 
38.23999977 -7.663198 
38.27999977 -7.663198 
38.31999977 -7.663198 
38.35999977 -7.488632 
38.39999977 -7.488632 
38.43999977 -7.663198 
38.47999977 -7.663198 
38.51999977 -7.663198 
38.55999977 -7.488632 
38.59999977 -7.663198 
38.63999977 -7.488632 
38.67999976 -7.663198 
38.71999976 -7.488632 
38.75999976 -7.314676 
38.79999976 -7.488632 
38.83999976 -7.488632 
38.87999976 -7.488632 
38.91999976 -7.488632 
38.95999976 -7.488632 
38.99999976 -7.488632 
39.03999976 -7.314676 
39.07999976 -7.314676 
39.11999976 -7.314676 
39.15999976 -7.314676 
39.19999976 -7.314676 
39.23999976 -7.314676 
39.27999976 -7.314676 
39.31999976 -7.314676 
39.35999976 -7.314676 
39.39999976 -7.314676 
39.43999976 -7.314676 
39.47999976 -7.314676 
39.51999976 -7.314676 
39.55999976 -7.314676 
39.59999976 -7.314676 
39.63999976 -7.314676 
39.67999976 -7.314676 
39.71999976 -7.314676 
39.75999976 -7.314676 
39.79999976 -7.314676 
39.83999976 -7.314676 
39.87999976 -7.314676 
39.91999976 -7.314676 
39.95999976 -7.314676 
39.99999976 -7.314676 
40.03999976 -7.314676 
40.07999976 -7.314676 
40.11999976 -7.314676 
40.15999976 -7.314676 
40.19999976 -7.140721 
40.23999976 -7.314676 
40.27999976 -7.314676 
40.31999975 -7.314676 
40.35999975 -7.140721 
40.39999975 -7.140721 
40.43999975 -7.314676 
40.47999975 -7.140721 
40.51999975 -7.140721 
40.55999975 -7.140721 
40.59999975 -7.140721 
40.63999975 -7.140721 
40.67999975 -7.140721 
40.71999975 -7.140721 
40.75999975 -7.140721 
40.79999975 -7.140721 
40.83999975 -7.140721 
40.87999975 -7.140721 
40.91999975 -7.140721 
40.95999975 -7.140721 
40.99999975 -7.140721 
41.03999975 -7.140721 
41.07999975 -7.140721 
41.11999975 -6.966765 
41.15999975 -7.140721 
41.19999975 -7.140721 
41.23999975 -7.140721 
41.27999975 -7.140721 
41.31999975 -6.966765 
41.35999975 -6.966765 
41.39999975 -6.966765 
41.43999975 -6.966765 
41.47999975 -6.966765 
41.51999975 -6.966765 
41.55999975 -6.966765 
41.59999975 -6.966765 
41.63999975 -6.966765 
41.67999975 -6.966765 
41.71999975 -6.966765 
41.75999975 -6.966765 
41.79999975 -6.966765 
41.83999975 -6.966765 
41.87999975 -6.966765 
41.91999975 -6.966765 
41.95999974 -6.966765 
41.99999974 -6.966765 
42.03999974 -6.966765 
42.07999974 -6.7922 
42.11999974 -6.966765 
42.15999974 -6.966765 
42.19999974 -6.7922 
42.23999974 -6.966765 
42.27999974 -6.7922 
42.31999974 -6.7922 
42.35999974 -6.7922 
42.39999974 -6.7922 
42.43999974 -6.7922 
42.47999974 -6.966765 
42.51999974 -6.618244 
42.55999974 -6.7922 
42.59999974 -6.7922 
42.63999974 -6.618244 
42.67999974 -6.7922 
42.71999974 -6.7922 
42.75999974 -6.7922 
42.79999974 -6.7922 
42.83999974 -6.7922 
42.87999974 -6.618244 
42.91999974 -6.7922 
42.95999974 -6.7922 
42.99999974 -6.7922 
43.03999974 -6.618244 
43.07999974 -6.7922 
43.11999974 -6.7922 
43.15999974 -6.618244 
43.19999974 -6.7922 
43.23999974 -6.618244 
43.27999974 -6.618244 
43.31999974 -6.618244 
43.35999974 -6.618244 
43.39999974 -6.618244 
43.43999974 -6.618244 
43.47999974 -6.618244 
43.51999974 -6.618244 
43.55999974 -6.618244 
43.59999974 -6.444288 
43.63999973 -6.618244 
43.67999973 -6.618244 
43.71999973 -6.618244 
43.75999973 -6.618244 
43.79999973 -6.618244 
43.83999973 -6.618244 
43.87999973 -6.444288 
43.91999973 -6.444288 
43.95999973 -6.444288 
43.99999973 -6.444288 
44.03999973 -6.444288 
44.07999973 -6.444288 
44.11999973 -6.444288 
44.15999973 -6.444288 
44.19999973 -6.444288 
44.23999973 -6.444288 
44.27999973 -6.444288 
44.31999973 -6.444288 
44.35999973 -6.444288 
44.39999973 -6.444288 
44.43999973 -6.444288 
44.47999973 -6.444288 
44.51999973 -6.444288 
44.55999973 -6.444288 
44.59999973 -6.444288 
44.63999973 -6.444288 
44.67999973 -6.444288 
44.71999973 -6.270333 
44.75999973 -6.444288 
44.79999973 -6.444288 
44.83999973 -6.270333 
44.87999973 -6.270333 
44.91999973 -6.270333 
44.95999973 -6.270333 
44.99999973 -6.270333 
45.03999973 -6.270333 
45.07999973 -6.270333 
45.11999973 -6.270333 
45.15999973 -6.270333 
45.19999973 -6.270333 
45.23999973 -6.270333 
45.27999972 -6.270333 
45.31999972 -6.270333 
45.35999972 -6.270333 
45.39999972 -6.270333 
45.43999972 -6.270333 
45.47999972 -6.270333 
45.51999972 -6.270333 
45.55999972 -6.270333 
45.59999972 -6.270333 
45.63999972 -6.270333 
45.67999972 -6.270333 
45.71999972 -6.270333 
45.75999972 -6.270333 
45.79999972 -6.270333 
45.83999972 -6.270333 
45.87999972 -6.270333 
45.91999972 -6.095767 
45.95999972 -6.095767 
45.99999972 -6.095767 
46.03999972 -6.095767 
46.07999972 -6.095767 
46.11999972 -6.270333 
46.15999972 -6.095767 
46.19999972 -6.095767 
46.23999972 -6.095767 
46.27999972 -6.095767 
46.31999972 -6.095767 
46.35999972 -6.095767 
46.39999972 -5.921812 
46.43999972 -6.095767 
46.47999972 -6.095767 
46.51999972 -5.921812 
46.55999972 -5.921812 
46.59999972 -6.095767 
46.63999972 -5.921812 
46.67999972 -5.921812 
46.71999972 -5.921812 
46.75999972 -5.921812 
46.79999972 -5.921812 
46.83999972 -5.921812 
46.87999972 -5.921812 
46.91999971 -5.921812 
46.95999971 -5.921812 
46.99999971 -5.921812 
47.03999971 -5.921812 
47.07999971 -5.921812 
47.11999971 -5.921812 
47.15999971 -5.921812 
47.19999971 -5.921812 
47.23999971 -5.921812 
47.27999971 -5.921812 
47.31999971 -5.921812 
47.35999971 -5.921812 
47.39999971 -5.921812 
47.43999971 -5.921812 
47.47999971 -5.921812 
47.51999971 -5.921812 
47.55999971 -5.921812 
47.59999971 -5.921812 
47.63999971 -5.921812 
47.67999971 -5.921812 
47.71999971 -5.921812 
47.75999971 -5.921812 
47.79999971 -5.747856 
47.83999971 -5.921812 
47.87999971 -5.747856 
47.91999971 -5.747856 
47.95999971 -5.747856 
47.99999971 -5.747856 
48.03999971 -5.747856 
48.07999971 -5.747856 
48.11999971 -5.747856 
48.15999971 -5.747856 
48.19999971 -5.747856 
48.23999971 -5.747856 
48.27999971 -5.747856 
48.31999971 -5.747856 
48.35999971 -5.747856 
48.39999971 -5.747856 
48.43999971 -5.747856 
48.47999971 -5.747856 
48.51999971 -5.747856 
48.5599997 -5.573901 
48.5999997 -5.747856 
48.6399997 -5.747856 
48.6799997 -5.747856 
48.7199997 -5.747856 
48.7599997 -5.747856 
48.7999997 -5.573901 
48.8399997 -5.573901 
48.8799997 -5.573901 
48.9199997 -5.573901 
48.9599997 -5.573901 
48.9999997 -5.573901 
49.0399997 -5.573901 
49.0799997 -5.573901 
49.1199997 -5.573901 
49.1599997 -5.573901 
49.1999997 -5.573901 
49.2399997 -5.573901 
49.2799997 -5.573901 
49.3199997 -5.573901 
49.3599997 -5.573901 
49.3999997 -5.573901 
49.4399997 -5.573901 
49.4799997 -5.573901 
49.5199997 -5.573901 
49.5599997 -5.573901 
49.5999997 -5.573901 
49.6399997 -5.573901 
49.6799997 -5.399335 
49.7199997 -5.573901 
49.7599997 -5.573901 
49.7999997 -5.573901 
49.8399997 -5.573901 
49.8799997 -5.573901 
49.9199997 -5.399335 
49.9599997 -5.399335 
49.9999997 -5.399335 
50.0399997 -5.399335 
50.0799997 -5.399335 
50.1199997 -5.399335 
50.1599997 -5.399335 
50.19999969 -5.399335 
50.23999969 -5.225379 
50.27999969 -5.225379 
50.31999969 -5.399335 
50.35999969 -5.399335 
50.39999969 -5.399335 
50.43999969 -5.399335 
50.47999969 -5.399335 
50.51999969 -5.399335 
50.55999969 -5.399335 
50.59999969 -5.399335 
50.63999969 -5.399335 
50.67999969 -5.399335 
50.71999969 -5.225379 
50.75999969 -5.399335 
50.79999969 -5.399335 
50.83999969 -5.399335 
50.87999969 -5.225379 
50.91999969 -5.225379 
50.95999969 -5.225379 
50.99999969 -5.225379 
51.03999969 -5.225379 
51.07999969 -5.399335 
51.11999969 -5.225379 
51.15999969 -5.225379 
51.19999969 -5.225379 
51.23999969 -5.225379 
51.27999969 -5.225379 
51.31999969 -5.225379 
51.35999969 -5.051424 
51.39999969 -5.225379 
51.43999969 -5.051424 
51.47999969 -5.051424 
51.51999969 -5.051424 
51.55999969 -5.051424 
51.59999969 -5.051424 
51.63999969 -5.051424 
51.67999969 -5.051424 
51.71999969 -5.051424 
51.75999969 -5.051424 
51.79999969 -5.051424 
51.83999968 -5.051424 
51.87999968 -5.051424 
51.91999968 -5.051424 
51.95999968 -5.051424 
51.99999968 -5.051424 
52.03999968 -5.051424 
52.07999968 -4.877468 
52.11999968 -5.051424 
52.15999968 -5.051424 
52.19999968 -5.051424 
52.23999968 -5.051424 
52.27999968 -5.051424 
52.31999968 -5.051424 
52.35999968 -4.877468 
52.39999968 -5.051424 
52.43999968 -5.051424 
52.47999968 -4.877468 
52.51999968 -4.877468 
52.55999968 -5.051424 
52.59999968 -4.877468 
52.63999968 -4.877468 
52.67999968 -4.877468 
52.71999968 -4.877468 
52.75999968 -4.877468 
52.79999968 -4.877468 
52.83999968 -4.877468 
52.87999968 -4.877468 
52.91999968 -4.877468 
52.95999968 -4.877468 
52.99999968 -4.877468 
53.03999968 -4.877468 
53.07999968 -4.877468 
53.11999968 -4.877468 
53.15999968 -4.877468 
53.19999968 -4.877468 
53.23999968 -4.877468 
53.27999968 -4.877468 
53.31999968 -4.877468 
53.35999968 -4.877468 
53.39999968 -4.877468 
53.43999968 -4.702902 
53.47999967 -4.877468 
53.51999967 -4.877468 
53.55999967 -4.877468 
53.59999967 -4.877468 
53.63999967 -4.877468 
53.67999967 -4.702902 
53.71999967 -4.877468 
53.75999967 -4.877468 
53.79999967 -4.702902 
53.83999967 -4.877468 
53.87999967 -4.877468 
53.91999967 -4.702902 
53.95999967 -4.528947 
53.99999967 -4.528947 
54.03999967 -4.528947 
54.07999967 -4.528947 
54.11999967 -4.528947 
54.15999967 -4.528947 
54.19999967 -4.528947 
54.23999967 -4.528947 
54.27999967 -4.528947 
54.31999967 -4.528947 
54.35999967 -4.528947 
54.39999967 -4.528947 
54.43999967 -4.528947 
54.47999967 -4.528947 
54.51999967 -4.528947 
54.55999967 -4.528947 
54.59999967 -4.528947 
54.63999967 -4.528947 
54.67999967 -4.528947 
54.71999967 -4.528947 
54.75999967 -4.528947 
54.79999967 -4.528947 
54.83999967 -4.528947 
54.87999967 -4.528947 
54.91999967 -4.528947 
54.95999967 -4.528947 
54.99999967 -4.528947 
55.03999967 -4.528947 
55.07999967 -4.528947 
55.11999967 -4.528947 
55.15999966 -4.354991 
55.19999966 -4.528947 
55.23999966 -4.354991 
55.27999966 -4.528947 
55.31999966 -4.354991 
55.35999966 -4.528947 
55.39999966 -4.528947 
55.43999966 -4.354991 
55.47999966 -4.354991 
55.51999966 -4.354991 
55.55999966 -4.354991 
55.59999966 -4.354991 
55.63999966 -4.354991 
55.67999966 -4.354991 
55.71999966 -4.354991 
55.75999966 -4.354991 
55.79999966 -4.354991 
55.83999966 -4.354991 
55.87999966 -4.354991 
55.91999966 -4.354991 
55.95999966 -4.354991 
55.99999966 -4.354991 
56.03999966 -4.354991 
56.07999966 -4.354991 
56.11999966 -4.354991 
56.15999966 -4.181036 
56.19999966 -4.354991 
56.23999966 -4.354991 
56.27999966 -4.181036 
56.31999966 -4.181036 
56.35999966 -4.181036 
56.39999966 -4.354991 
56.43999966 -4.181036 
56.47999966 -4.181036 
56.51999966 -4.181036 
56.55999966 -4.181036 
56.59999966 -4.181036 
56.63999966 -4.181036 
56.67999966 -4.181036 
56.71999966 -4.181036 
56.75999966 -4.181036 
56.79999965 -4.181036 
56.83999965 -4.181036 
56.87999965 -4.181036 
56.91999965 -4.181036 
56.95999965 -4.181036 
56.99999965 -4.181036 
57.03999965 -4.181036 
57.07999965 -4.181036 
57.11999965 -4.181036 
57.15999965 -4.181036 
57.19999965 -4.181036 
57.23999965 -4.181036 
57.27999965 -4.181036 
57.31999965 -4.00647 
57.35999965 -4.181036 
57.39999965 -4.00647 
57.43999965 -4.00647 
57.47999965 -4.00647 
57.51999965 -4.181036 
57.55999965 -4.00647 
57.59999965 -4.00647 
57.63999965 -4.00647 
57.67999965 -4.00647 
57.71999965 -4.00647 
57.75999965 -4.00647 
57.79999965 -4.00647 
57.83999965 -4.00647 
57.87999965 -3.832515 
57.91999965 -4.00647 
57.95999965 -3.832515 
57.99999965 -4.00647 
58.03999965 -4.00647 
58.07999965 -4.00647 
58.11999965 -4.00647 
58.15999965 -4.00647 
58.19999965 -4.00647 
58.23999965 -3.832515 
58.27999965 -3.832515 
58.31999965 -3.832515 
58.35999965 -4.00647 
58.39999965 -3.832515 
58.43999964 -3.832515 
58.47999964 -3.832515 
58.51999964 -3.832515 
58.55999964 -3.832515 
58.59999964 -3.832515 
58.63999964 -3.832515 
58.67999964 -3.832515 
58.71999964 -3.832515 
58.75999964 -3.832515 
58.79999964 -3.832515 
58.83999964 -3.832515 
58.87999964 -3.832515 
58.91999964 -3.832515 
58.95999964 -3.832515 
58.99999964 -3.658559 
59.03999964 -3.658559 
59.07999964 -3.658559 
59.11999964 -3.658559 
59.15999964 -3.658559 
59.19999964 -3.658559 
59.23999964 -3.832515 
59.27999964 -3.658559 
59.31999964 -3.658559 
59.35999964 -3.658559 
59.39999964 -3.658559 
59.43999964 -3.658559 
59.47999964 -3.658559 
59.51999964 -3.658559 
59.55999964 -3.658559 
59.59999964 -3.658559 
59.63999964 -3.658559 
59.67999964 -3.658559 
59.71999964 -3.658559 
59.75999964 -3.658559 
59.79999964 -3.658559 
59.83999964 -3.658559 
59.87999964 -3.658559 
59.91999964 -3.658559 
59.95999964 -3.658559 
59.99999964 -3.658559 
60.03999964 -3.658559 
60.07999963 -3.484603 
60.11999963 -3.484603 
60.15999963 -3.484603 
60.19999963 -3.484603 
60.23999963 -3.484603 
60.27999963 -3.658559 
60.31999963 -3.658559 
60.35999963 -3.484603 
60.39999963 -3.484603 
60.43999963 -3.484603 
60.47999963 -3.484603 
60.51999963 -3.484603 
60.55999963 -3.484603 
60.59999963 -3.484603 
60.63999963 -3.484603 
60.67999963 -3.484603 
60.71999963 -3.484603 
60.75999963 -3.484603 
60.79999963 -3.484603 
60.83999963 -3.484603 
60.87999963 -3.484603 
60.91999963 -3.484603 
60.95999963 -3.484603 
60.99999963 -3.484603 
61.03999963 -3.484603 
61.07999963 -3.484603 
61.11999963 -3.310038 
61.15999963 -3.484603 
61.19999963 -3.484603 
61.23999963 -3.484603 
61.27999963 -3.310038 
61.31999963 -3.310038 
61.35999963 -3.310038 
61.39999963 -3.484603 
61.43999963 -3.484603 
61.47999963 -3.310038 
61.51999963 -3.136082 
61.55999963 -3.136082 
61.59999963 -3.310038 
61.63999963 -3.310038 
61.67999963 -3.484603 
61.71999962 -3.136082 
61.75999962 -3.310038 
61.79999962 -3.136082 
61.83999962 -3.136082 
61.87999962 -3.136082 
61.91999962 -3.136082 
61.95999962 -3.136082 
61.99999962 -3.136082 
62.03999962 -3.136082 
62.07999962 -3.136082 
62.11999962 -3.136082 
62.15999962 -3.136082 
62.19999962 -3.136082 
62.23999962 -3.136082 
62.27999962 -3.136082 
62.31999962 -3.136082 
62.35999962 -3.136082 
62.39999962 -3.136082 
62.43999962 -3.136082 
62.47999962 -3.136082 
62.51999962 -3.136082 
62.55999962 -3.136082 
62.59999962 -3.136082 
62.63999962 -3.136082 
62.67999962 -3.136082 
62.71999962 -3.136082 
62.75999962 -3.136082 
62.79999962 -3.136082 
62.83999962 -3.136082 
62.87999962 -3.136082 
62.91999962 -2.962126 
62.95999962 -3.136082 
62.99999962 -2.962126 
63.03999962 -2.962126 
63.07999962 -2.962126 
63.11999962 -2.962126 
63.15999962 -2.962126 
63.19999962 -2.962126 
63.23999962 -2.962126 
63.27999962 -2.962126 
63.31999962 -2.962126 
63.35999961 -2.962126 
63.39999961 -2.962126 
63.43999961 -2.962126 
63.47999961 -2.962126 
63.51999961 -2.962126 
63.55999961 -2.962126 
63.59999961 -2.962126 
63.63999961 -2.962126 
63.67999961 -2.962126 
63.71999961 -2.962126 
63.75999961 -2.962126 
63.79999961 -2.788171 
63.83999961 -2.788171 
63.87999961 -2.788171 
63.91999961 -2.788171 
63.95999961 -2.788171 
63.99999961 -2.788171 
64.03999961 -2.788171 
64.07999961 -2.788171 
64.11999961 -2.788171 
64.15999961 -2.788171 
64.19999961 -2.788171 
64.23999961 -2.788171 
64.27999961 -2.788171 
64.31999961 -2.788171 
64.35999961 -2.788171 
64.39999961 -2.788171 
64.43999961 -2.788171 
64.47999961 -2.788171 
64.51999961 -2.788171 
64.55999961 -2.788171 
64.59999961 -2.788171 
64.63999961 -2.613605 
64.67999961 -2.788171 
64.71999961 -2.788171 
64.75999961 -2.788171 
64.79999961 -2.788171 
64.83999961 -2.788171 
64.87999961 -2.788171 
64.91999961 -2.788171 
64.95999961 -2.613605 
64.9999996 -2.613605 
65.0399996 -2.788171 
65.0799996 -2.788171 
65.1199996 -2.613605 
65.1599996 -2.613605 
65.1999996 -2.613605 
65.2399996 -2.613605 
65.2799996 -2.613605 
65.3199996 -2.613605 
65.3599996 -2.613605 
65.3999996 -2.613605 
65.4399996 -2.43965 
65.4799996 -2.613605 
65.5199996 -2.43965 
65.5599996 -2.613605 
65.5999996 -2.613605 
65.6399996 -2.613605 
65.6799996 -2.613605 
65.7199996 -2.613605 
65.7599996 -2.613605 
65.7999996 -2.613605 
65.8399996 -2.613605 
65.8799996 -2.43965 
65.9199996 -2.613605 
65.9599996 -2.613605 
65.9999996 -2.43965 
66.0399996 -2.43965 
66.0799996 -2.43965 
66.1199996 -2.43965 
66.1599996 -2.43965 
66.1999996 -2.43965 
66.2399996 -2.613605 
66.2799996 -2.43965 
66.3199996 -2.43965 
66.3599996 -2.43965 
66.3999996 -2.43965 
66.4399996 -2.265694 
66.4799996 -2.43965 
66.5199996 -2.43965 
66.5599996 -2.265694 
66.5999996 -2.265694 
66.63999959 -2.265694 
66.67999959 -2.265694 
66.71999959 -2.265694 
66.75999959 -2.265694 
66.79999959 -2.265694 
66.83999959 -2.265694 
66.87999959 -2.265694 
66.91999959 -2.265694 
66.95999959 -2.265694 
66.99999959 -2.265694 
67.03999959 -2.265694 
67.07999959 -2.265694 
67.11999959 -2.265694 
67.15999959 -2.265694 
67.19999959 -2.265694 
67.23999959 -2.265694 
67.27999959 -2.265694 
67.31999959 -2.091739 
67.35999959 -2.265694 
67.39999959 -2.265694 
67.43999959 -2.265694 
67.47999959 -2.091739 
67.51999959 -2.265694 
67.55999959 -2.265694 
67.59999959 -2.091739 
67.63999959 -2.265694 
67.67999959 -2.091739 
67.71999959 -2.091739 
67.75999959 -2.091739 
67.79999959 -2.091739 
67.83999959 -2.091739 
67.87999959 -2.091739 
67.91999959 -2.091739 
67.95999959 -2.091739 
67.99999959 -2.091739 
68.03999959 -2.091739 
68.07999959 -2.091739 
68.11999959 -2.091739 
68.15999959 -2.091739 
68.19999959 -2.091739 
68.23999959 -2.091739 
68.27999959 -2.091739 
68.31999958 -2.091739 
68.35999958 -2.091739 
68.39999958 -2.091739 
68.43999958 -1.917173 
68.47999958 -2.091739 
68.51999958 -2.091739 
68.55999958 -2.091739 
68.59999958 -2.091739 
68.63999958 -2.091739 
68.67999958 -1.917173 
68.71999958 -2.091739 
68.75999958 -2.091739 
68.79999958 -2.091739 
68.83999958 -1.917173 
68.87999958 -1.917173 
68.91999958 -1.917173 
68.95999958 -1.917173 
68.99999958 -1.917173 
69.03999958 -1.917173 
69.07999958 -1.917173 
69.11999958 -1.917173 
69.15999958 -1.743217 
69.19999958 -1.743217 
69.23999958 -1.743217 
69.27999958 -1.743217 
69.31999958 -1.743217 
69.35999958 -1.743217 
69.39999958 -1.743217 
69.43999958 -1.743217 
69.47999958 -1.743217 
69.51999958 -1.743217 
69.55999958 -1.743217 
69.59999958 -1.743217 
69.63999958 -1.743217 
69.67999958 -1.743217 
69.71999958 -1.743217 
69.75999958 -1.743217 
69.79999958 -1.743217 
69.83999958 -1.743217 
69.87999958 -1.743217 
69.91999958 -1.743217 
69.95999957 -1.743217 
69.99999957 -1.743217 
70.03999957 -1.743217 
70.07999957 -1.743217 
70.11999957 -1.743217 
70.15999957 -1.743217 
70.19999957 -1.743217 
70.23999957 -1.743217 
70.27999957 -1.743217 
70.31999957 -1.569262 
70.35999957 -1.569262 
70.39999957 -1.743217 
70.43999957 -1.743217 
70.47999957 -1.569262 
70.51999957 -1.569262 
70.55999957 -1.569262 
70.59999957 -1.743217 
70.63999957 -1.569262 
70.67999957 -1.569262 
70.71999957 -1.569262 
70.75999957 -1.569262 
70.79999957 -1.569262 
70.83999957 -1.569262 
70.87999957 -1.569262 
70.91999957 -1.569262 
70.95999957 -1.569262 
70.99999957 -1.569262 
71.03999957 -1.569262 
71.07999957 -1.569262 
71.11999957 -1.569262 
71.15999957 -1.569262 
71.19999957 -1.569262 
71.23999957 -1.569262 
71.27999957 -1.569262 
71.31999957 -1.395306 
71.35999957 -1.569262 
71.39999957 -1.569262 
71.43999957 -1.395306 
71.47999957 -1.395306 
71.51999957 -1.569262 
71.55999957 -1.395306 
71.59999956 -1.395306 
71.63999956 -1.395306 
71.67999956 -1.395306 
71.71999956 -1.395306 
71.75999956 -1.395306 
71.79999956 -1.395306 
71.83999956 -1.395306 
71.87999956 -1.395306 
71.91999956 -1.395306 
71.95999956 -1.395306 
71.99999956 -1.395306 
72.03999956 -1.395306 
72.07999956 -1.395306 
72.11999956 -1.395306 
72.15999956 -1.395306 
72.19999956 -1.395306 
72.23999956 -1.395306 
72.27999956 -1.395306 
72.31999956 -1.22074 
72.35999956 -1.395306 
72.39999956 -1.22074 
72.43999956 -1.395306 
72.47999956 -1.22074 
72.51999956 -1.395306 
72.55999956 -1.395306 
72.59999956 -1.395306 
72.63999956 -1.22074 
72.67999956 -1.22074 
72.71999956 -1.22074 
72.75999956 -1.22074 
72.79999956 -1.395306 
72.83999956 -1.22074 
72.87999956 -1.22074 
72.91999956 -1.22074 
72.95999956 -1.22074 
72.99999956 -1.22074 
73.03999956 -1.22074 
73.07999956 -1.046785 
73.11999956 -1.22074 
73.15999956 -1.22074 
73.19999956 -1.046785 
73.23999955 -1.22074 
73.27999955 -1.22074 
73.31999955 -1.22074 
73.35999955 -1.046785 
73.39999955 -1.046785 
73.43999955 -1.22074 
73.47999955 -1.046785 
73.51999955 -1.046785 
73.55999955 -1.046785 
73.59999955 -1.046785 
73.63999955 -1.22074 
73.67999955 -1.046785 
73.71999955 -1.046785 
73.75999955 -1.046785 
73.79999955 -1.046785 
73.83999955 -1.046785 
73.87999955 -0.8728294 
73.91999955 -1.046785 
73.95999955 -1.046785 
73.99999955 -1.046785 
74.03999955 -1.046785 
74.07999955 -0.8728294 
74.11999955 -0.8728294 
74.15999955 -0.8728294 
74.19999955 -0.8728294 
74.23999955 -0.8728294 
74.27999955 -0.8728294 
74.31999955 -1.046785 
74.35999955 -0.8728294 
74.39999955 -0.8728294 
74.43999955 -0.8728294 
74.47999955 -0.8728294 
74.51999955 -0.8728294 
74.55999955 -0.8728294 
74.59999955 -0.8728294 
74.63999955 -0.8728294 
74.67999955 -0.8728294 
74.71999955 -0.8728294 
74.75999955 -0.8728294 
74.79999955 -0.8728294 
74.83999955 -0.6988739 
74.87999954 -0.8728294 
74.91999954 -0.8728294 
74.95999954 -0.8728294 
74.99999954 -0.8728294 
75.03999954 -0.6988739 
75.07999954 -0.8728294 
75.11999954 -0.6988739 
75.15999954 -0.8728294 
75.19999954 -0.6988739 
75.23999954 -0.6988739 
75.27999954 -0.6988739 
75.31999954 -0.6988739 
75.35999954 -0.6988739 
75.39999954 -0.6988739 
75.43999954 -0.6988739 
75.47999954 -0.6988739 
75.51999954 -0.6988739 
75.55999954 -0.6988739 
75.59999954 -0.6988739 
75.63999954 -0.6988739 
75.67999954 -0.6988739 
75.71999954 -0.6988739 
75.75999954 -0.6988739 
75.79999954 -0.6988739 
75.83999954 -0.6988739 
75.87999954 -0.6988739 
75.91999954 -0.6988739 
75.95999954 -0.6988739 
75.99999954 -0.6988739 
76.03999954 -0.6988739 
76.07999954 -0.6988739 
76.11999954 -0.6988739 
76.15999954 -0.6988739 
76.19999954 -0.6988739 
76.23999954 -0.6988739 
76.27999954 -0.524308 
76.31999954 -0.524308 
76.35999954 -0.3503525 
76.39999954 -0.6988739 
76.43999954 -0.524308 
76.47999954 -0.6988739 
76.51999953 -0.524308 
76.55999953 -0.6988739 
76.59999953 -0.3503525 
76.63999953 -0.3503525 
76.67999953 -0.3503525 
76.71999953 -0.524308 
76.75999953 -0.3503525 
76.79999953 -0.3503525 
76.83999953 -0.3503525 
76.87999953 -0.3503525 
76.91999953 -0.3503525 
76.95999953 -0.3503525 
76.99999953 -0.3503525 
77.03999953 -0.3503525 
77.07999953 -0.3503525 
77.11999953 -0.3503525 
77.15999953 -0.3503525 
77.19999953 -0.3503525 
77.23999953 -0.3503525 
77.27999953 -0.3503525 
77.31999953 -0.3503525 
77.35999953 -0.3503525 
77.39999953 -0.3503525 
77.43999953 -0.3503525 
77.47999953 -0.3503525 
77.51999953 -0.3503525 
77.55999953 -0.3503525 
77.59999953 -0.3503525 
77.63999953 -0.3503525 
77.67999953 -0.3503525 
77.71999953 -0.3503525 
77.75999953 -0.3503525 
77.79999953 -0.3503525 
77.91999953 -0.3503525 
77.99999953 -0.3503525 
78.03999953 -0.3503525 
78.07999953 -0.3503525 
78.15999952 -0.3503525 
0 0 
