177.19999892 -0.3503525 
177.31999892 -0.3503525 
177.39999892 -0.3503525 
177.59999892 -0.3503525 
177.75999892 -0.3503525 
177.91999892 -0.3503525 
177.95999892 -0.3503525 
177.99999892 -0.3503525 
178.03999892 -0.3503525 
178.07999892 -0.3503525 
178.11999892 -0.3503525 
178.15999892 -0.3503525 
178.19999892 -0.3503525 
178.23999892 -0.3503525 
178.27999892 -0.3503525 
178.31999892 -0.3503525 
178.35999892 -0.3503525 
178.39999892 -0.3503525 
178.43999892 -0.3503525 
178.47999892 -0.3503525 
178.51999892 -0.3503525 
178.55999891 -0.3503525 
178.59999891 -0.3503525 
178.63999891 -0.3503525 
178.67999891 -0.3503525 
178.71999891 -0.3503525 
178.75999891 -0.3503525 
178.79999891 -0.3503525 
178.83999891 -0.3503525 
178.87999891 -0.3503525 
178.91999891 -0.3503525 
178.95999891 -0.3503525 
178.99999891 -0.3503525 
179.03999891 -0.3503525 
179.07999891 -0.3503525 
179.11999891 -0.3503525 
179.15999891 -0.3503525 
179.19999891 -0.3503525 
179.23999891 -0.524308 
179.27999891 -0.3503525 
179.31999891 -0.3503525 
179.35999891 -0.524308 
179.39999891 -0.3503525 
179.43999891 -0.524308 
179.47999891 -0.3503525 
179.51999891 -0.524308 
179.55999891 -0.3503525 
179.59999891 -0.524308 
179.63999891 -0.3503525 
179.67999891 -0.3503525 
179.71999891 -0.6988739 
179.75999891 -0.524308 
179.79999891 -0.6988739 
179.83999891 -0.6988739 
179.87999891 -0.524308 
179.91999891 -0.6988739 
179.95999891 -0.6988739 
179.99999891 -0.524308 
180.03999891 -0.524308 
180.07999891 -0.6988739 
180.11999891 -0.6988739 
180.15999891 -0.6988739 
180.1999989 -0.6988739 
180.2399989 -0.6988739 
180.2799989 -0.6988739 
180.3199989 -0.6988739 
180.3599989 -0.6988739 
180.3999989 -0.6988739 
180.4399989 -0.6988739 
180.4799989 -0.6988739 
180.5199989 -0.6988739 
180.5599989 -0.6988739 
180.5999989 -0.6988739 
180.6399989 -0.6988739 
180.6799989 -0.6988739 
180.7199989 -0.6988739 
180.7599989 -0.6988739 
180.7999989 -0.6988739 
180.8399989 -0.6988739 
180.8799989 -0.6988739 
180.9199989 -0.6988739 
180.9599989 -0.6988739 
180.9999989 -0.6988739 
181.0399989 -0.6988739 
181.0799989 -0.6988739 
181.1199989 -0.6988739 
181.1599989 -0.6988739 
181.1999989 -0.6988739 
181.2399989 -0.6988739 
181.2799989 -0.6988739 
181.3199989 -0.6988739 
181.3599989 -0.6988739 
181.3999989 -0.6988739 
181.4399989 -0.6988739 
181.4799989 -0.6988739 
181.5199989 -0.6988739 
181.5599989 -0.6988739 
181.5999989 -0.6988739 
181.6399989 -0.8728294 
181.6799989 -0.8728294 
181.7199989 -0.8728294 
181.7599989 -0.8728294 
181.7999989 -0.6988739 
181.83999889 -0.8728294 
181.87999889 -0.6988739 
181.91999889 -0.8728294 
181.95999889 -0.8728294 
181.99999889 -0.8728294 
182.03999889 -0.8728294 
182.07999889 -0.8728294 
182.11999889 -0.8728294 
182.15999889 -0.8728294 
182.19999889 -0.8728294 
182.23999889 -0.8728294 
182.27999889 -0.8728294 
182.31999889 -0.8728294 
182.35999889 -0.8728294 
182.39999889 -0.8728294 
182.43999889 -0.8728294 
182.47999889 -0.8728294 
182.51999889 -0.8728294 
182.55999889 -0.8728294 
182.59999889 -0.8728294 
182.63999889 -0.8728294 
182.67999889 -0.8728294 
182.71999889 -0.8728294 
182.75999889 -0.8728294 
182.79999889 -0.8728294 
182.83999889 -0.8728294 
182.87999889 -0.8728294 
182.91999889 -0.8728294 
182.95999889 -1.046785 
182.99999889 -0.8728294 
183.03999889 -0.8728294 
183.07999889 -1.046785 
183.11999889 -0.8728294 
183.15999889 -1.046785 
183.19999889 -0.8728294 
183.23999889 -1.046785 
183.27999889 -1.046785 
183.31999889 -0.8728294 
183.35999889 -1.046785 
183.39999889 -1.046785 
183.43999889 -1.046785 
183.47999888 -1.046785 
183.51999888 -1.046785 
183.55999888 -1.046785 
183.59999888 -1.046785 
183.63999888 -1.046785 
183.67999888 -1.046785 
183.71999888 -1.046785 
183.75999888 -1.046785 
183.79999888 -1.046785 
183.83999888 -1.046785 
183.87999888 -1.22074 
183.91999888 -1.22074 
183.95999888 -1.22074 
183.99999888 -1.046785 
184.03999888 -1.22074 
184.07999888 -1.22074 
184.11999888 -1.22074 
184.15999888 -1.22074 
184.19999888 -1.22074 
184.23999888 -1.22074 
184.27999888 -1.22074 
184.31999888 -1.046785 
184.35999888 -1.22074 
184.39999888 -1.046785 
184.43999888 -1.22074 
184.47999888 -1.22074 
184.51999888 -1.22074 
184.55999888 -1.22074 
184.59999888 -1.046785 
184.63999888 -1.046785 
184.67999888 -1.046785 
184.71999888 -1.22074 
184.75999888 -1.395306 
184.79999888 -1.22074 
184.83999888 -1.395306 
184.87999888 -1.395306 
184.91999888 -1.395306 
184.95999888 -1.395306 
184.99999888 -1.22074 
185.03999888 -1.395306 
185.07999888 -1.22074 
185.11999887 -1.22074 
185.15999887 -1.395306 
185.19999887 -1.395306 
185.23999887 -1.395306 
185.27999887 -1.395306 
185.31999887 -1.395306 
185.35999887 -1.395306 
185.39999887 -1.395306 
185.43999887 -1.395306 
185.47999887 -1.395306 
185.51999887 -1.395306 
185.55999887 -1.395306 
185.59999887 -1.395306 
185.63999887 -1.395306 
185.67999887 -1.395306 
185.71999887 -1.395306 
185.75999887 -1.395306 
185.79999887 -1.395306 
185.83999887 -1.395306 
185.87999887 -1.395306 
185.91999887 -1.395306 
185.95999887 -1.395306 
185.99999887 -1.395306 
186.03999887 -1.395306 
186.07999887 -1.395306 
186.11999887 -1.395306 
186.15999887 -1.395306 
186.19999887 -1.395306 
186.23999887 -1.395306 
186.27999887 -1.395306 
186.31999887 -1.569262 
186.35999887 -1.395306 
186.39999887 -1.569262 
186.43999887 -1.395306 
186.47999887 -1.569262 
186.51999887 -1.569262 
186.55999887 -1.395306 
186.59999887 -1.569262 
186.63999887 -1.569262 
186.67999887 -1.569262 
186.71999887 -1.569262 
186.75999886 -1.569262 
186.79999886 -1.569262 
186.83999886 -1.569262 
186.87999886 -1.569262 
186.91999886 -1.569262 
186.95999886 -1.569262 
186.99999886 -1.569262 
187.03999886 -1.569262 
187.07999886 -1.569262 
187.11999886 -1.569262 
187.15999886 -1.569262 
187.19999886 -1.569262 
187.23999886 -1.569262 
187.27999886 -1.569262 
187.31999886 -1.569262 
187.35999886 -1.569262 
187.39999886 -1.569262 
187.43999886 -1.569262 
187.47999886 -1.569262 
187.51999886 -1.743217 
187.55999886 -1.743217 
187.59999886 -1.569262 
187.63999886 -1.743217 
187.67999886 -1.569262 
187.71999886 -1.569262 
187.75999886 -1.743217 
187.79999886 -1.743217 
187.83999886 -1.569262 
187.87999886 -1.743217 
187.91999886 -1.743217 
187.95999886 -1.743217 
187.99999886 -1.743217 
188.03999886 -1.569262 
188.07999886 -1.743217 
188.11999886 -1.743217 
188.15999886 -1.743217 
188.19999886 -1.743217 
188.23999886 -1.743217 
188.27999886 -1.743217 
188.31999886 -1.743217 
188.35999886 -1.743217 
188.39999886 -1.743217 
188.43999885 -1.743217 
188.47999885 -1.743217 
188.51999885 -1.743217 
188.55999885 -1.743217 
188.59999885 -1.743217 
188.63999885 -1.743217 
188.67999885 -1.743217 
188.71999885 -1.743217 
188.75999885 -1.743217 
188.79999885 -1.743217 
188.83999885 -1.743217 
188.87999885 -1.743217 
188.91999885 -1.743217 
188.95999885 -1.743217 
188.99999885 -1.743217 
189.03999885 -1.743217 
189.07999885 -1.743217 
189.11999885 -1.743217 
189.15999885 -1.743217 
189.19999885 -1.743217 
189.23999885 -1.743217 
189.27999885 -1.743217 
189.31999885 -1.743217 
189.35999885 -1.917173 
189.39999885 -1.743217 
189.43999885 -1.743217 
189.47999885 -1.743217 
189.51999885 -1.743217 
189.55999885 -1.743217 
189.59999885 -1.743217 
189.63999885 -1.917173 
189.67999885 -1.743217 
189.71999885 -1.917173 
189.75999885 -1.917173 
189.79999885 -1.743217 
189.83999885 -1.917173 
189.87999885 -1.917173 
189.91999885 -2.091739 
189.95999885 -1.917173 
189.99999885 -1.917173 
190.03999885 -1.917173 
190.07999884 -1.917173 
190.11999884 -1.917173 
190.15999884 -1.917173 
190.19999884 -2.091739 
190.23999884 -1.917173 
190.27999884 -2.091739 
190.31999884 -2.091739 
190.35999884 -2.091739 
190.39999884 -2.091739 
190.43999884 -1.917173 
190.47999884 -2.091739 
190.51999884 -2.091739 
190.55999884 -1.917173 
190.59999884 -2.091739 
190.63999884 -2.091739 
190.67999884 -2.091739 
190.71999884 -2.091739 
190.75999884 -2.091739 
190.79999884 -2.091739 
190.83999884 -2.091739 
190.87999884 -2.091739 
190.91999884 -2.091739 
190.95999884 -2.091739 
190.99999884 -2.091739 
191.03999884 -2.091739 
191.07999884 -2.091739 
191.11999884 -2.091739 
191.15999884 -2.091739 
191.19999884 -2.091739 
191.23999884 -2.091739 
191.27999884 -2.091739 
191.31999884 -2.091739 
191.35999884 -2.091739 
191.39999884 -2.091739 
191.43999884 -2.091739 
191.47999884 -2.091739 
191.51999884 -2.091739 
191.55999884 -2.091739 
191.59999884 -2.091739 
191.63999884 -2.091739 
191.67999884 -2.091739 
191.71999883 -2.091739 
191.75999883 -2.091739 
191.79999883 -2.265694 
191.83999883 -2.091739 
191.87999883 -2.091739 
191.91999883 -2.265694 
191.95999883 -2.265694 
191.99999883 -2.265694 
192.03999883 -2.265694 
192.07999883 -2.265694 
192.11999883 -2.091739 
192.15999883 -2.265694 
192.19999883 -2.265694 
192.23999883 -2.265694 
192.27999883 -2.265694 
192.31999883 -2.265694 
192.35999883 -2.265694 
192.39999883 -2.265694 
192.43999883 -2.265694 
192.47999883 -2.265694 
192.51999883 -2.265694 
192.55999883 -2.265694 
192.59999883 -2.265694 
192.63999883 -2.265694 
192.67999883 -2.265694 
192.71999883 -2.265694 
192.75999883 -2.265694 
192.79999883 -2.265694 
192.83999883 -2.265694 
192.87999883 -2.265694 
192.91999883 -2.265694 
192.95999883 -2.265694 
192.99999883 -2.265694 
193.03999883 -2.43965 
193.07999883 -2.265694 
193.11999883 -2.265694 
193.15999883 -2.43965 
193.19999883 -2.43965 
193.23999883 -2.265694 
193.27999883 -2.43965 
193.31999883 -2.43965 
193.35999882 -2.43965 
193.39999882 -2.43965 
193.43999882 -2.265694 
193.47999882 -2.265694 
193.51999882 -2.43965 
193.55999882 -2.43965 
193.59999882 -2.43965 
193.63999882 -2.43965 
193.67999882 -2.43965 
193.71999882 -2.43965 
193.75999882 -2.43965 
193.79999882 -2.613605 
193.83999882 -2.613605 
193.87999882 -2.613605 
193.91999882 -2.613605 
193.95999882 -2.613605 
193.99999882 -2.613605 
194.03999882 -2.613605 
194.07999882 -2.613605 
194.11999882 -2.613605 
194.15999882 -2.43965 
194.19999882 -2.613605 
194.23999882 -2.613605 
194.27999882 -2.613605 
194.31999882 -2.613605 
194.35999882 -2.613605 
194.39999882 -2.613605 
194.43999882 -2.43965 
194.47999882 -2.613605 
194.51999882 -2.613605 
194.55999882 -2.613605 
194.59999882 -2.613605 
194.63999882 -2.613605 
194.67999882 -2.613605 
194.71999882 -2.613605 
194.75999882 -2.43965 
194.79999882 -2.613605 
194.83999882 -2.613605 
194.87999882 -2.613605 
194.91999882 -2.613605 
194.95999882 -2.613605 
194.99999881 -2.613605 
195.03999881 -2.613605 
195.07999881 -2.788171 
195.11999881 -2.613605 
195.15999881 -2.613605 
195.19999881 -2.613605 
195.23999881 -2.788171 
195.27999881 -2.788171 
195.31999881 -2.788171 
195.35999881 -2.613605 
195.39999881 -2.788171 
195.43999881 -2.788171 
195.47999881 -2.788171 
195.51999881 -2.788171 
195.55999881 -2.613605 
195.59999881 -2.788171 
195.63999881 -2.613605 
195.67999881 -2.788171 
195.71999881 -2.788171 
195.75999881 -2.788171 
195.79999881 -2.788171 
195.83999881 -2.788171 
195.87999881 -2.788171 
195.91999881 -2.788171 
195.95999881 -2.788171 
195.99999881 -2.788171 
196.03999881 -2.788171 
196.07999881 -2.788171 
196.11999881 -2.788171 
196.15999881 -2.788171 
196.19999881 -2.788171 
196.23999881 -2.788171 
196.27999881 -2.788171 
196.31999881 -2.788171 
196.35999881 -2.788171 
196.39999881 -2.788171 
196.43999881 -2.788171 
196.47999881 -2.788171 
196.51999881 -2.788171 
196.55999881 -2.788171 
196.59999881 -2.788171 
196.6399988 -2.788171 
196.6799988 -2.788171 
196.7199988 -2.788171 
196.7599988 -2.788171 
196.7999988 -2.788171 
196.8399988 -2.788171 
196.8799988 -2.788171 
196.9199988 -2.962126 
196.9599988 -2.788171 
196.9999988 -2.788171 
197.0399988 -2.962126 
197.0799988 -2.788171 
197.1199988 -2.788171 
197.1599988 -2.788171 
197.1999988 -2.962126 
197.2399988 -2.788171 
197.2799988 -2.788171 
197.3199988 -2.962126 
197.3599988 -2.788171 
197.3999988 -2.788171 
197.4399988 -2.788171 
197.4799988 -2.788171 
197.5199988 -2.788171 
197.5599988 -2.962126 
197.5999988 -2.962126 
197.6399988 -2.962126 
197.6799988 -2.962126 
197.7199988 -2.962126 
197.7599988 -2.962126 
197.7999988 -2.962126 
197.8399988 -2.962126 
197.8799988 -2.962126 
197.9199988 -2.962126 
197.9599988 -2.962126 
197.9999988 -2.962126 
198.0399988 -2.962126 
198.0799988 -2.962126 
198.1199988 -2.962126 
198.1599988 -2.962126 
198.1999988 -2.962126 
198.2399988 -2.962126 
198.27999879 -2.962126 
198.31999879 -2.962126 
198.35999879 -2.962126 
198.39999879 -2.962126 
198.43999879 -3.136082 
198.47999879 -3.136082 
198.51999879 -2.962126 
198.55999879 -3.136082 
198.59999879 -3.136082 
198.63999879 -3.136082 
198.67999879 -3.136082 
198.71999879 -3.136082 
198.75999879 -2.962126 
198.79999879 -3.136082 
198.83999879 -3.136082 
198.87999879 -3.136082 
198.91999879 -3.136082 
198.95999879 -3.136082 
198.99999879 -3.136082 
199.03999879 -3.136082 
199.07999879 -3.136082 
199.11999879 -3.136082 
199.15999879 -3.136082 
199.19999879 -3.136082 
199.23999879 -3.136082 
199.27999879 -3.136082 
199.31999879 -3.136082 
199.35999879 -3.136082 
199.39999879 -3.136082 
199.43999879 -3.136082 
199.47999879 -3.136082 
199.51999879 -3.136082 
199.55999879 -3.136082 
199.59999879 -3.136082 
199.63999879 -3.136082 
199.67999879 -3.136082 
199.71999879 -3.136082 
199.75999879 -3.136082 
199.79999879 -3.136082 
199.83999879 -3.136082 
199.87999879 -3.136082 
199.91999878 -3.136082 
199.95999878 -3.136082 
199.99999878 -3.136082 
200.03999878 -3.136082 
200.07999878 -3.136082 
200.11999878 -3.136082 
0 0 
