55.31999966 -4.547257 
55.39999966 -4.547257 
55.87999966 -4.547257 
56.39999966 -4.547257 
56.75999966 -4.547257 
81.5999995 -4.547257 
81.9599995 -4.547257 
82.3199995 -4.547257 
104.39999937 -4.547257 
104.51999936 -4.547257 
104.63999936 -4.547257 
104.87999936 -4.547257 
104.99999936 -4.547257 
105.07999936 -4.547257 
105.31999936 -4.547257 
105.59999936 -4.547257 
143.31999913 -4.547257 
165.39999899 -4.547257 
165.71999899 -4.547257 
165.87999899 -4.547257 
166.11999899 -4.547257 
166.79999899 -4.547257 
188.11999886 -4.547257 
189.75999885 -4.547257 
191.71999883 -4.547257 
193.27999883 -4.547257 
193.31999883 -4.547257 
193.35999882 -4.547257 
0 0 
