0.0 -4.354991 
0.04 -4.354991 
0.08 -4.354991 
0.12 -4.354991 
0.16 -4.354991 
0.2 -4.354991 
0.24 -4.354991 
0.28 -4.354991 
0.32 -4.354991 
0.36 -4.354991 
0.4 -4.354991 
0.44 -4.354991 
0.48 -4.181036 
0.52 -4.181036 
0.56 -4.354991 
0.6 -4.354991 
0.64 -4.181036 
0.68 -4.181036 
0.72 -4.181036 
0.76 -4.181036 
0.8 -4.181036 
0.83999999 -4.181036 
0.87999999 -4.181036 
0.91999999 -4.181036 
0.95999999 -4.181036 
0.99999999 -4.181036 
1.03999999 -4.181036 
1.07999999 -4.181036 
1.11999999 -4.181036 
1.15999999 -4.181036 
1.19999999 -4.181036 
1.23999999 -4.181036 
1.27999999 -4.181036 
1.31999999 -4.181036 
1.35999999 -4.181036 
1.39999999 -4.181036 
1.43999999 -4.181036 
1.47999999 -4.181036 
1.51999999 -4.00647 
1.55999999 -4.181036 
1.59999999 -4.00647 
1.63999999 -4.00647 
1.67999999 -4.00647 
1.71999999 -4.00647 
1.75999999 -4.00647 
1.79999999 -4.00647 
1.83999999 -4.00647 
1.87999999 -4.00647 
1.91999999 -4.00647 
1.95999999 -4.00647 
1.99999999 -4.00647 
2.03999999 -4.00647 
2.07999999 -4.00647 
2.11999999 -4.00647 
2.15999999 -4.00647 
2.19999999 -4.00647 
2.23999999 -4.00647 
2.27999999 -4.00647 
2.31999999 -3.832515 
2.35999999 -3.832515 
2.39999999 -4.00647 
2.43999999 -4.00647 
2.47999998 -4.00647 
2.51999998 -4.00647 
2.55999998 -4.00647 
2.59999998 -4.00647 
2.63999998 -4.00647 
2.67999998 -4.00647 
2.71999998 -3.832515 
2.75999998 -3.832515 
2.79999998 -3.832515 
2.83999998 -3.832515 
2.87999998 -3.832515 
2.91999998 -3.832515 
2.95999998 -3.832515 
2.99999998 -3.832515 
3.03999998 -3.832515 
3.07999998 -3.832515 
3.11999998 -3.832515 
3.15999998 -3.832515 
3.19999998 -3.832515 
3.23999998 -3.832515 
3.27999998 -3.832515 
3.31999998 -3.832515 
3.35999998 -3.832515 
3.39999998 -3.832515 
3.43999998 -3.832515 
3.47999998 -3.658559 
3.51999998 -3.658559 
3.55999998 -3.658559 
3.59999998 -3.658559 
3.63999998 -3.658559 
3.67999998 -3.658559 
3.71999998 -3.658559 
3.75999998 -3.658559 
3.79999998 -3.658559 
3.83999998 -3.658559 
3.87999998 -3.658559 
3.91999998 -3.658559 
3.95999998 -3.658559 
3.99999998 -3.658559 
4.03999998 -3.658559 
4.07999998 -3.658559 
4.11999997 -3.658559 
4.15999997 -3.658559 
4.19999997 -3.658559 
4.23999997 -3.658559 
4.27999997 -3.658559 
4.31999997 -3.658559 
4.35999997 -3.658559 
4.39999997 -3.658559 
4.43999997 -3.484603 
4.47999997 -3.484603 
4.51999997 -3.658559 
4.55999997 -3.484603 
4.59999997 -3.484603 
4.63999997 -3.484603 
4.67999997 -3.484603 
4.71999997 -3.484603 
4.75999997 -3.484603 
4.79999997 -3.484603 
4.83999997 -3.484603 
4.87999997 -3.484603 
4.91999997 -3.484603 
4.95999997 -3.484603 
4.99999997 -3.484603 
5.03999997 -3.484603 
5.07999997 -3.484603 
5.11999997 -3.484603 
5.15999997 -3.484603 
5.19999997 -3.484603 
5.23999997 -3.484603 
5.27999997 -3.484603 
5.31999997 -3.484603 
5.35999997 -3.484603 
5.39999997 -3.484603 
5.43999997 -3.484603 
5.47999997 -3.484603 
5.51999997 -3.310038 
5.55999997 -3.484603 
5.59999997 -3.484603 
5.63999997 -3.310038 
5.67999997 -3.310038 
5.71999997 -3.484603 
5.75999996 -3.310038 
5.79999996 -3.310038 
5.83999996 -3.310038 
5.87999996 -3.484603 
5.91999996 -3.310038 
5.95999996 -3.310038 
5.99999996 -3.310038 
6.03999996 -3.310038 
6.07999996 -3.310038 
6.11999996 -3.136082 
6.15999996 -3.310038 
6.19999996 -3.136082 
6.23999996 -3.136082 
6.27999996 -3.136082 
6.31999996 -3.136082 
6.35999996 -3.136082 
6.39999996 -3.136082 
6.43999996 -3.136082 
6.47999996 -3.136082 
6.51999996 -3.136082 
6.55999996 -3.136082 
6.59999996 -3.136082 
6.63999996 -3.136082 
6.67999996 -3.136082 
6.71999996 -3.136082 
6.75999996 -3.136082 
6.79999996 -3.136082 
6.83999996 -3.136082 
6.87999996 -3.136082 
6.91999996 -3.136082 
6.95999996 -3.136082 
6.99999996 -3.136082 
7.03999996 -3.136082 
7.07999996 -3.136082 
7.11999996 -3.136082 
7.15999996 -3.136082 
7.19999996 -3.136082 
7.23999996 -2.962126 
7.27999996 -2.962126 
7.31999996 -2.962126 
7.35999996 -2.962126 
7.39999996 -2.962126 
7.43999995 -3.136082 
7.47999995 -2.962126 
7.51999995 -2.962126 
7.55999995 -2.962126 
7.59999995 -2.962126 
7.63999995 -2.962126 
7.67999995 -2.962126 
7.71999995 -2.962126 
7.75999995 -2.962126 
7.79999995 -2.962126 
7.83999995 -2.962126 
7.87999995 -2.962126 
7.91999995 -2.962126 
7.95999995 -2.962126 
7.99999995 -2.962126 
8.03999995 -2.962126 
8.07999995 -2.962126 
8.11999995 -2.962126 
8.15999995 -2.788171 
8.19999995 -2.788171 
8.23999995 -2.962126 
8.27999995 -2.962126 
8.31999995 -2.788171 
8.35999995 -2.788171 
8.39999995 -2.788171 
8.43999995 -2.788171 
8.47999995 -2.788171 
8.51999995 -2.788171 
8.55999995 -2.788171 
8.59999995 -2.788171 
8.63999995 -2.788171 
8.67999995 -2.788171 
8.71999995 -2.788171 
8.75999995 -2.788171 
8.79999995 -2.788171 
8.83999995 -2.788171 
8.87999995 -2.788171 
8.91999995 -2.788171 
8.95999995 -2.788171 
8.99999995 -2.788171 
9.03999995 -2.788171 
9.07999994 -2.788171 
9.11999994 -2.788171 
9.15999994 -2.788171 
9.19999994 -2.788171 
9.23999994 -2.613605 
9.27999994 -2.788171 
9.31999994 -2.788171 
9.35999994 -2.788171 
9.39999994 -2.613605 
9.43999994 -2.788171 
9.47999994 -2.613605 
9.51999994 -2.613605 
9.55999994 -2.788171 
9.59999994 -2.613605 
9.63999994 -2.613605 
9.67999994 -2.613605 
9.71999994 -2.613605 
9.75999994 -2.613605 
9.79999994 -2.613605 
9.83999994 -2.613605 
9.87999994 -2.613605 
9.91999994 -2.613605 
9.95999994 -2.613605 
9.99999994 -2.613605 
10.03999994 -2.613605 
10.07999994 -2.613605 
10.11999994 -2.43965 
10.15999994 -2.613605 
10.19999994 -2.613605 
10.23999994 -2.613605 
10.27999994 -2.43965 
10.31999994 -2.43965 
10.35999994 -2.43965 
10.39999994 -2.43965 
10.43999994 -2.613605 
10.47999994 -2.613605 
10.51999994 -2.43965 
10.55999994 -2.613605 
10.59999994 -2.43965 
10.63999994 -2.43965 
10.67999994 -2.43965 
10.71999993 -2.43965 
10.75999993 -2.43965 
10.79999993 -2.43965 
10.83999993 -2.43965 
10.87999993 -2.265694 
10.91999993 -2.265694 
10.95999993 -2.43965 
10.99999993 -2.43965 
11.03999993 -2.265694 
11.07999993 -2.43965 
11.11999993 -2.43965 
11.15999993 -2.265694 
11.19999993 -2.43965 
11.23999993 -2.265694 
11.27999993 -2.265694 
11.31999993 -2.265694 
11.35999993 -2.265694 
11.39999993 -2.265694 
11.43999993 -2.265694 
11.47999993 -2.265694 
11.51999993 -2.265694 
11.55999993 -2.265694 
11.59999993 -2.265694 
11.63999993 -2.265694 
11.67999993 -2.265694 
11.71999993 -2.265694 
11.75999993 -2.265694 
11.79999993 -2.265694 
11.83999993 -2.265694 
11.87999993 -2.265694 
11.91999993 -2.265694 
11.95999993 -2.265694 
11.99999993 -2.265694 
12.03999993 -2.091739 
12.07999993 -2.091739 
12.11999993 -2.091739 
12.15999993 -2.265694 
12.19999993 -2.091739 
12.23999993 -2.091739 
12.27999993 -2.091739 
12.31999993 -2.091739 
12.35999992 -2.091739 
12.39999992 -2.091739 
12.43999992 -2.091739 
12.47999992 -2.091739 
12.51999992 -2.091739 
12.55999992 -2.091739 
12.59999992 -2.091739 
12.63999992 -2.091739 
12.67999992 -2.091739 
12.71999992 -2.091739 
12.75999992 -2.091739 
12.79999992 -2.091739 
12.83999992 -2.091739 
12.87999992 -2.091739 
12.91999992 -2.091739 
12.95999992 -2.091739 
12.99999992 -2.091739 
13.03999992 -2.091739 
13.07999992 -2.091739 
13.11999992 -2.091739 
13.15999992 -2.091739 
13.19999992 -2.091739 
13.23999992 -2.091739 
13.27999992 -1.917173 
13.31999992 -1.917173 
13.35999992 -2.091739 
13.39999992 -1.917173 
13.43999992 -1.917173 
13.47999992 -2.091739 
13.51999992 -1.743217 
13.55999992 -1.743217 
13.59999992 -1.917173 
13.63999992 -1.743217 
13.67999992 -1.743217 
13.71999992 -1.743217 
13.75999992 -1.743217 
13.79999992 -1.743217 
13.83999992 -1.743217 
13.87999992 -1.743217 
13.91999992 -1.743217 
13.95999992 -1.743217 
13.99999991 -1.743217 
14.03999991 -1.743217 
14.07999991 -1.743217 
14.11999991 -1.743217 
14.15999991 -1.743217 
14.19999991 -1.743217 
14.23999991 -1.743217 
14.27999991 -1.743217 
14.31999991 -1.743217 
14.35999991 -1.743217 
14.39999991 -1.743217 
14.43999991 -1.743217 
14.47999991 -1.743217 
14.51999991 -1.743217 
14.55999991 -1.743217 
14.59999991 -1.743217 
14.63999991 -1.743217 
14.67999991 -1.743217 
14.71999991 -1.743217 
14.75999991 -1.743217 
14.79999991 -1.743217 
14.83999991 -1.743217 
14.87999991 -1.743217 
14.91999991 -1.743217 
14.95999991 -1.743217 
14.99999991 -1.743217 
15.03999991 -1.743217 
15.07999991 -1.569262 
15.11999991 -1.569262 
15.15999991 -1.743217 
15.19999991 -1.569262 
15.23999991 -1.569262 
15.27999991 -1.569262 
15.31999991 -1.569262 
15.35999991 -1.569262 
15.39999991 -1.569262 
15.43999991 -1.569262 
15.47999991 -1.569262 
15.51999991 -1.569262 
15.55999991 -1.569262 
15.59999991 -1.569262 
15.6399999 -1.569262 
15.6799999 -1.569262 
15.7199999 -1.569262 
15.7599999 -1.569262 
15.7999999 -1.395306 
15.8399999 -1.569262 
15.8799999 -1.395306 
15.9199999 -1.569262 
15.9599999 -1.395306 
15.9999999 -1.395306 
16.0399999 -1.395306 
16.0799999 -1.395306 
16.1199999 -1.395306 
16.1599999 -1.395306 
16.1999999 -1.395306 
16.2399999 -1.395306 
16.2799999 -1.395306 
16.3199999 -1.395306 
16.3599999 -1.395306 
16.3999999 -1.395306 
16.4399999 -1.395306 
16.4799999 -1.395306 
16.5199999 -1.395306 
16.5599999 -1.395306 
16.5999999 -1.395306 
16.6399999 -1.395306 
16.6799999 -1.395306 
16.7199999 -1.395306 
16.7599999 -1.395306 
16.7999999 -1.395306 
16.8399999 -1.395306 
16.8799999 -1.22074 
16.9199999 -1.22074 
16.9599999 -1.395306 
16.9999999 -1.395306 
17.0399999 -1.395306 
17.0799999 -1.395306 
17.1199999 -1.395306 
17.1599999 -1.22074 
17.1999999 -1.395306 
17.2399999 -1.046785 
17.27999989 -1.22074 
17.31999989 -1.22074 
17.35999989 -1.22074 
17.39999989 -1.22074 
17.43999989 -1.22074 
17.47999989 -1.22074 
17.51999989 -1.22074 
17.55999989 -1.22074 
17.59999989 -1.046785 
17.63999989 -1.22074 
17.67999989 -1.22074 
17.71999989 -1.22074 
17.75999989 -1.22074 
17.79999989 -1.046785 
17.83999989 -1.046785 
17.87999989 -1.22074 
17.91999989 -1.046785 
17.95999989 -1.046785 
17.99999989 -1.22074 
18.03999989 -1.046785 
18.07999989 -1.046785 
18.11999989 -1.046785 
18.15999989 -1.046785 
18.19999989 -1.046785 
18.23999989 -1.046785 
18.27999989 -1.046785 
18.31999989 -1.046785 
18.35999989 -1.046785 
18.39999989 -1.046785 
18.43999989 -1.046785 
18.47999989 -1.046785 
18.51999989 -1.046785 
18.55999989 -1.046785 
18.59999989 -1.046785 
18.63999989 -1.046785 
18.67999989 -0.8728294 
18.71999989 -1.046785 
18.75999989 -1.046785 
18.79999989 -0.8728294 
18.83999989 -0.8728294 
18.87999989 -1.046785 
18.91999989 -1.046785 
18.95999988 -0.8728294 
18.99999988 -1.046785 
19.03999988 -1.046785 
19.07999988 -0.8728294 
19.11999988 -1.046785 
19.15999988 -0.8728294 
19.19999988 -0.8728294 
19.23999988 -0.8728294 
19.27999988 -1.046785 
19.31999988 -0.8728294 
19.35999988 -0.8728294 
19.39999988 -0.8728294 
19.43999988 -0.8728294 
19.47999988 -0.8728294 
19.51999988 -0.8728294 
19.55999988 -0.8728294 
19.59999988 -0.8728294 
19.63999988 -0.8728294 
19.67999988 -0.8728294 
19.71999988 -0.8728294 
19.75999988 -0.8728294 
19.79999988 -0.8728294 
19.83999988 -0.8728294 
19.87999988 -0.8728294 
19.91999988 -0.8728294 
19.95999988 -0.8728294 
19.99999988 -0.8728294 
20.03999988 -0.8728294 
20.07999988 -0.8728294 
20.11999988 -0.8728294 
20.15999988 -0.8728294 
20.19999988 -0.8728294 
20.23999988 -0.8728294 
20.27999988 -0.8728294 
20.31999988 -0.8728294 
20.35999988 -0.8728294 
20.39999988 -0.8728294 
20.43999988 -0.8728294 
20.47999988 -0.8728294 
20.51999988 -0.6988739 
20.55999988 -0.8728294 
20.59999987 -0.8728294 
20.63999987 -0.8728294 
20.67999987 -0.8728294 
20.71999987 -0.8728294 
20.75999987 -0.8728294 
20.79999987 -0.8728294 
20.83999987 -0.8728294 
20.87999987 -0.8728294 
20.91999987 -0.6988739 
20.95999987 -0.8728294 
20.99999987 -0.8728294 
21.03999987 -0.8728294 
21.07999987 -0.6988739 
21.11999987 -0.8728294 
21.15999987 -0.8728294 
21.19999987 -0.6988739 
21.23999987 -0.6988739 
21.27999987 -0.6988739 
21.31999987 -0.8728294 
21.35999987 -0.8728294 
21.39999987 -0.8728294 
21.43999987 -0.6988739 
21.47999987 -0.6988739 
21.51999987 -0.8728294 
21.55999987 -0.8728294 
21.59999987 -0.6988739 
21.63999987 -0.8728294 
21.67999987 -0.8728294 
21.71999987 -0.6988739 
21.75999987 -0.8728294 
21.79999987 -0.6988739 
21.83999987 -0.8728294 
21.87999987 -0.8728294 
21.91999987 -0.6988739 
21.95999987 -0.8728294 
21.99999987 -0.6988739 
22.03999987 -0.6988739 
22.07999987 -0.8728294 
22.11999987 -0.6988739 
22.15999987 -0.8728294 
22.19999987 -0.6988739 
22.23999986 -0.6988739 
22.27999986 -0.6988739 
22.31999986 -0.6988739 
22.35999986 -0.6988739 
22.39999986 -0.6988739 
22.43999986 -0.6988739 
22.47999986 -0.6988739 
22.51999986 -0.8728294 
22.55999986 -0.6988739 
22.59999986 -0.8728294 
22.63999986 -0.6988739 
22.67999986 -0.6988739 
22.71999986 -0.6988739 
22.75999986 -0.6988739 
22.79999986 -0.6988739 
22.83999986 -0.8728294 
22.87999986 -0.6988739 
22.91999986 -0.6988739 
22.95999986 -0.6988739 
22.99999986 -0.6988739 
23.03999986 -0.6988739 
23.07999986 -0.6988739 
23.11999986 -0.6988739 
23.15999986 -0.6988739 
23.19999986 -0.6988739 
23.23999986 -0.6988739 
23.27999986 -0.6988739 
23.31999986 -0.6988739 
23.35999986 -0.6988739 
23.39999986 -0.6988739 
23.43999986 -0.6988739 
23.47999986 -0.6988739 
23.51999986 -0.6988739 
23.55999986 -0.6988739 
23.59999986 -0.6988739 
23.63999986 -0.6988739 
23.67999986 -0.6988739 
23.71999986 -0.6988739 
23.75999986 -0.6988739 
23.79999986 -0.6988739 
23.83999986 -0.6988739 
23.87999985 -0.6988739 
23.91999985 -0.6988739 
23.95999985 -0.6988739 
23.99999985 -0.6988739 
24.03999985 -0.6988739 
24.07999985 -0.6988739 
24.11999985 -0.6988739 
24.15999985 -0.6988739 
24.19999985 -0.6988739 
24.23999985 -0.6988739 
24.27999985 -0.6988739 
24.31999985 -0.6988739 
24.35999985 -0.6988739 
24.39999985 -0.6988739 
24.43999985 -0.6988739 
24.47999985 -0.6988739 
24.51999985 -0.6988739 
24.55999985 -0.6988739 
24.59999985 -0.6988739 
24.63999985 -0.6988739 
24.67999985 -0.6988739 
24.71999985 -0.6988739 
24.75999985 -0.6988739 
24.79999985 -0.6988739 
24.83999985 -0.6988739 
24.87999985 -0.6988739 
24.91999985 -0.6988739 
24.95999985 -0.6988739 
24.99999985 -0.524308 
25.03999985 -0.524308 
25.07999985 -0.6988739 
25.11999985 -0.524308 
25.15999985 -0.524308 
25.19999985 -0.6988739 
25.23999985 -0.6988739 
25.27999985 -0.524308 
25.31999985 -0.6988739 
25.35999985 -0.6988739 
25.39999985 -0.6988739 
25.43999985 -0.6988739 
25.47999985 -0.6988739 
25.51999984 -0.6988739 
25.55999984 -0.6988739 
25.59999984 -0.524308 
25.63999984 -0.524308 
25.67999984 -0.524308 
25.71999984 -0.6988739 
25.75999984 -0.524308 
25.79999984 -0.524308 
25.83999984 -0.524308 
25.87999984 -0.524308 
25.91999984 -0.3503525 
25.95999984 -0.524308 
25.99999984 -0.524308 
26.03999984 -0.524308 
26.07999984 -0.524308 
26.11999984 -0.524308 
26.15999984 -0.524308 
26.19999984 -0.3503525 
26.23999984 -0.524308 
26.27999984 -0.3503525 
26.31999984 -0.3503525 
26.35999984 -0.524308 
26.39999984 -0.524308 
26.43999984 -0.3503525 
26.47999984 -0.524308 
26.51999984 -0.524308 
26.55999984 -0.3503525 
26.59999984 -0.3503525 
26.63999984 -0.3503525 
26.67999984 -0.3503525 
26.71999984 -0.524308 
26.75999984 -0.3503525 
26.79999984 -0.3503525 
26.83999984 -0.3503525 
26.87999984 -0.3503525 
26.91999984 -0.3503525 
26.95999984 -0.3503525 
26.99999984 -0.3503525 
27.03999984 -0.3503525 
27.07999984 -0.3503525 
27.11999984 -0.3503525 
27.15999983 -0.3503525 
27.19999983 -0.3503525 
27.23999983 -0.3503525 
27.27999983 -0.3503525 
27.31999983 -0.3503525 
27.35999983 -0.3503525 
27.39999983 -0.3503525 
27.43999983 -0.3503525 
27.47999983 -0.3503525 
27.51999983 -0.3503525 
27.55999983 -0.3503525 
27.59999983 -0.3503525 
27.63999983 -0.3503525 
27.67999983 -0.3503525 
27.71999983 -0.3503525 
27.75999983 -0.3503525 
27.79999983 -0.3503525 
27.83999983 -0.3503525 
27.87999983 -0.3503525 
27.91999983 -0.3503525 
27.95999983 -0.3503525 
27.99999983 -0.3503525 
28.03999983 -0.3503525 
28.07999983 -0.3503525 
28.11999983 -0.3503525 
28.15999983 -0.3503525 
28.19999983 -0.3503525 
28.23999983 -0.3503525 
28.27999983 -0.3503525 
28.31999983 -0.3503525 
28.35999983 -0.3503525 
28.39999983 -0.3503525 
28.43999983 -0.3503525 
28.47999983 -0.3503525 
28.51999983 -0.3503525 
28.55999983 -0.3503525 
28.59999983 -0.3503525 
28.63999983 -0.3503525 
28.67999983 -0.3503525 
28.71999983 -0.3503525 
28.75999983 -0.3503525 
28.79999982 -0.3503525 
28.83999982 -0.3503525 
28.87999982 -0.3503525 
28.91999982 -0.3503525 
28.95999982 -0.3503525 
28.99999982 -0.3503525 
29.03999982 -0.3503525 
29.07999982 -0.3503525 
29.11999982 -0.3503525 
29.15999982 -0.3503525 
29.19999982 -0.3503525 
29.23999982 -0.3503525 
29.27999982 -0.3503525 
29.31999982 -0.3503525 
29.35999982 -0.3503525 
29.39999982 -0.3503525 
29.43999982 -0.3503525 
29.47999982 -0.3503525 
29.51999982 -0.3503525 
29.55999982 -0.3503525 
29.59999982 -0.3503525 
29.63999982 -0.3503525 
29.67999982 -0.3503525 
29.71999982 -0.3503525 
29.75999982 -0.3503525 
29.79999982 -0.3503525 
29.83999982 -0.3503525 
29.87999982 -0.3503525 
29.91999982 -0.3503525 
29.95999982 -0.3503525 
29.99999982 -0.3503525 
30.03999982 -0.3503525 
30.07999982 -0.3503525 
30.11999982 -0.3503525 
30.15999982 -0.3503525 
30.19999982 -0.3503525 
30.23999982 -0.3503525 
30.27999982 -0.3503525 
30.31999982 -0.3503525 
30.35999982 -0.3503525 
30.39999982 -0.3503525 
30.43999982 -0.3503525 
30.47999981 -0.3503525 
30.51999981 -0.3503525 
30.55999981 -0.3503525 
30.59999981 -0.3503525 
30.63999981 -0.3503525 
30.67999981 -0.3503525 
30.71999981 -0.3503525 
30.75999981 -0.3503525 
30.79999981 -0.3503525 
30.83999981 -0.3503525 
30.87999981 -0.3503525 
30.91999981 -0.3503525 
30.95999981 -0.3503525 
30.99999981 -0.3503525 
31.03999981 -0.3503525 
31.07999981 -0.3503525 
31.11999981 -0.3503525 
31.15999981 -0.3503525 
31.19999981 -0.3503525 
31.23999981 -0.3503525 
31.27999981 -0.3503525 
31.31999981 -0.3503525 
31.35999981 -0.3503525 
31.39999981 -0.3503525 
31.43999981 -0.3503525 
31.47999981 -0.3503525 
31.51999981 -0.3503525 
31.55999981 -0.3503525 
31.59999981 -0.3503525 
31.63999981 -0.3503525 
31.67999981 -0.3503525 
31.71999981 -0.3503525 
31.79999981 -0.3503525 
31.83999981 -0.3503525 
31.87999981 -0.3503525 
31.95999981 -0.3503525 
31.99999981 -0.3503525 
32.03999981 -0.3503525 
32.07999981 -0.3503525 
32.1199998 -0.3503525 
32.1999998 -0.3503525 
32.2799998 -0.3503525 
32.3999998 -0.3503525 
32.4399998 -0.3503525 
32.4799998 -0.3503525 
32.5199998 -0.3503525 
32.5599998 -0.3503525 
32.6399998 -0.3503525 
32.7199998 -0.3503525 
32.7999998 -0.3503525 
33.1599998 -0.3503525 
33.1999998 -0.3503525 
33.2399998 -0.3503525 
33.3999998 -0.3503525 
33.5599998 -0.3503525 
33.6399998 -0.3503525 
33.99999979 -0.3503525 
0 0 
