76.63999953 -8.881496 
76.67999953 -8.881496 
76.71999953 -8.881496 
76.75999953 -8.881496 
76.83999953 -8.881496 
76.91999953 -8.881496 
76.95999953 -8.881496 
76.99999953 -8.881496 
77.07999953 -8.881496 
77.11999953 -8.881496 
77.15999953 -8.881496 
77.19999953 -8.707541 
77.23999953 -8.881496 
77.27999953 -8.707541 
77.31999953 -8.881496 
77.35999953 -8.881496 
77.39999953 -8.881496 
77.43999953 -8.881496 
77.47999953 -8.881496 
77.51999953 -8.881496 
77.55999953 -8.707541 
77.59999953 -8.881496 
77.63999953 -8.707541 
77.67999953 -8.707541 
77.71999953 -8.707541 
77.75999953 -8.707541 
77.79999953 -8.707541 
77.83999953 -8.707541 
77.87999953 -8.707541 
77.91999953 -8.707541 
77.95999953 -8.707541 
77.99999953 -8.707541 
78.03999953 -8.707541 
78.07999953 -8.707541 
78.11999953 -8.707541 
78.15999952 -8.707541 
78.19999952 -8.707541 
78.23999952 -8.707541 
78.27999952 -8.707541 
78.31999952 -8.707541 
78.35999952 -8.707541 
78.39999952 -8.707541 
78.43999952 -8.707541 
78.47999952 -8.707541 
78.51999952 -8.707541 
78.55999952 -8.707541 
78.59999952 -8.707541 
78.63999952 -8.707541 
78.67999952 -8.707541 
78.71999952 -8.707541 
78.75999952 -8.707541 
78.79999952 -8.707541 
78.83999952 -8.707541 
78.87999952 -8.707541 
78.91999952 -8.707541 
78.95999952 -8.533586 
78.99999952 -8.707541 
79.03999952 -8.533586 
79.07999952 -8.707541 
79.11999952 -8.533586 
79.15999952 -8.533586 
79.19999952 -8.533586 
79.23999952 -8.707541 
79.27999952 -8.533586 
79.31999952 -8.533586 
79.35999952 -8.533586 
79.39999952 -8.533586 
79.43999952 -8.533586 
79.47999952 -8.533586 
79.51999952 -8.533586 
79.55999952 -8.533586 
79.59999952 -8.533586 
79.63999952 -8.533586 
79.67999952 -8.533586 
79.71999952 -8.533586 
79.75999952 -8.533586 
79.79999952 -8.533586 
79.83999951 -8.533586 
79.87999951 -8.533586 
79.91999951 -8.533586 
79.95999951 -8.533586 
79.99999951 -8.359631 
80.03999951 -8.533586 
80.07999951 -8.533586 
80.11999951 -8.533586 
80.15999951 -8.533586 
80.19999951 -8.533586 
80.23999951 -8.359631 
80.27999951 -8.533586 
80.31999951 -8.359631 
80.35999951 -8.359631 
80.39999951 -8.359631 
80.43999951 -8.533586 
80.47999951 -8.359631 
80.51999951 -8.359631 
80.55999951 -8.359631 
80.59999951 -8.359631 
80.63999951 -8.359631 
80.67999951 -8.359631 
80.71999951 -8.359631 
80.75999951 -8.359631 
80.79999951 -8.359631 
80.83999951 -8.359631 
80.87999951 -8.359631 
80.91999951 -8.359631 
80.95999951 -8.359631 
80.99999951 -8.359631 
81.03999951 -8.359631 
81.07999951 -8.359631 
81.11999951 -8.359631 
81.15999951 -8.359631 
81.19999951 -8.359631 
81.23999951 -8.359631 
81.27999951 -8.359631 
81.31999951 -8.359631 
81.35999951 -8.359631 
81.39999951 -8.359631 
81.43999951 -8.359631 
81.4799995 -8.359631 
81.5199995 -8.359631 
81.5599995 -8.359631 
81.5999995 -8.185064 
81.6399995 -8.359631 
81.6799995 -8.359631 
81.7199995 -8.359631 
81.7599995 -8.359631 
81.7999995 -8.359631 
81.8399995 -8.185064 
81.8799995 -8.185064 
81.9199995 -8.359631 
81.9599995 -8.359631 
81.9999995 -8.185064 
82.0399995 -8.185064 
82.0799995 -8.185064 
82.1199995 -8.185064 
82.1599995 -8.185064 
82.1999995 -8.185064 
82.2399995 -8.185064 
82.2799995 -8.185064 
82.3199995 -8.185064 
82.3599995 -8.185064 
82.3999995 -8.011108 
82.4399995 -8.185064 
82.4799995 -8.185064 
82.5199995 -8.185064 
82.5599995 -8.185064 
82.5999995 -8.185064 
82.6399995 -8.185064 
82.6799995 -8.185064 
82.7199995 -8.185064 
82.7599995 -8.011108 
82.7999995 -8.185064 
82.8399995 -8.011108 
82.8799995 -8.185064 
82.9199995 -8.185064 
82.9599995 -8.011108 
82.9999995 -8.185064 
83.0399995 -8.011108 
83.0799995 -8.185064 
83.11999949 -8.011108 
83.15999949 -8.185064 
83.19999949 -8.011108 
83.23999949 -8.011108 
83.27999949 -8.011108 
83.31999949 -8.011108 
83.35999949 -7.837153 
83.39999949 -8.011108 
83.43999949 -8.011108 
83.47999949 -8.011108 
83.51999949 -8.011108 
83.55999949 -7.837153 
83.59999949 -7.837153 
83.63999949 -7.837153 
83.67999949 -7.837153 
83.71999949 -8.011108 
83.75999949 -7.837153 
83.79999949 -8.011108 
83.83999949 -7.837153 
83.87999949 -7.837153 
83.91999949 -7.837153 
83.95999949 -7.837153 
83.99999949 -7.837153 
84.03999949 -7.837153 
84.07999949 -7.837153 
84.11999949 -7.837153 
84.15999949 -7.837153 
84.19999949 -7.837153 
84.23999949 -7.837153 
84.27999949 -7.837153 
84.31999949 -7.837153 
84.35999949 -7.837153 
84.39999949 -7.837153 
84.43999949 -7.837153 
84.47999949 -7.837153 
84.51999949 -7.837153 
84.55999949 -7.837153 
84.59999949 -7.837153 
84.63999949 -7.837153 
84.67999949 -7.663198 
84.71999949 -7.837153 
84.75999948 -7.837153 
84.79999948 -7.837153 
84.83999948 -7.663198 
84.87999948 -7.663198 
84.91999948 -7.663198 
84.95999948 -7.837153 
84.99999948 -7.663198 
85.03999948 -7.663198 
85.07999948 -7.663198 
85.11999948 -7.663198 
85.15999948 -7.663198 
85.19999948 -7.663198 
85.23999948 -7.663198 
85.27999948 -7.663198 
85.31999948 -7.663198 
85.35999948 -7.663198 
85.39999948 -7.663198 
85.43999948 -7.663198 
85.47999948 -7.663198 
85.51999948 -7.663198 
85.55999948 -7.663198 
85.59999948 -7.663198 
85.63999948 -7.663198 
85.67999948 -7.663198 
85.71999948 -7.663198 
85.75999948 -7.663198 
85.79999948 -7.663198 
85.83999948 -7.663198 
85.87999948 -7.663198 
85.91999948 -7.663198 
85.95999948 -7.663198 
85.99999948 -7.663198 
86.03999948 -7.663198 
86.07999948 -7.663198 
86.11999948 -7.488632 
86.15999948 -7.488632 
86.19999948 -7.488632 
86.23999948 -7.488632 
86.27999948 -7.488632 
86.31999948 -7.488632 
86.35999948 -7.488632 
86.39999947 -7.488632 
86.43999947 -7.488632 
86.47999947 -7.488632 
86.51999947 -7.488632 
86.55999947 -7.488632 
86.59999947 -7.488632 
86.63999947 -7.488632 
86.67999947 -7.488632 
86.71999947 -7.488632 
86.75999947 -7.314676 
86.79999947 -7.314676 
86.83999947 -7.314676 
86.87999947 -7.314676 
86.91999947 -7.314676 
86.95999947 -7.314676 
86.99999947 -7.314676 
87.03999947 -7.314676 
87.07999947 -7.314676 
87.11999947 -7.314676 
87.15999947 -7.314676 
87.19999947 -7.314676 
87.23999947 -7.314676 
87.27999947 -7.314676 
87.31999947 -7.314676 
87.35999947 -7.314676 
87.39999947 -7.314676 
87.43999947 -7.314676 
87.47999947 -7.314676 
87.51999947 -7.314676 
87.55999947 -7.314676 
87.59999947 -7.314676 
87.63999947 -7.314676 
87.67999947 -7.314676 
87.71999947 -7.314676 
87.75999947 -7.314676 
87.79999947 -7.314676 
87.83999947 -7.314676 
87.87999947 -7.314676 
87.91999947 -7.314676 
87.95999947 -7.314676 
87.99999947 -7.314676 
88.03999946 -7.140721 
88.07999946 -7.314676 
88.11999946 -7.314676 
88.15999946 -7.140721 
88.19999946 -7.314676 
88.23999946 -7.140721 
88.27999946 -7.140721 
88.31999946 -7.140721 
88.35999946 -7.140721 
88.39999946 -7.140721 
88.43999946 -7.140721 
88.47999946 -7.140721 
88.51999946 -7.140721 
88.55999946 -7.140721 
88.59999946 -7.140721 
88.63999946 -7.140721 
88.67999946 -7.140721 
88.71999946 -7.140721 
88.75999946 -7.140721 
88.79999946 -7.140721 
88.83999946 -7.140721 
88.87999946 -7.140721 
88.91999946 -7.140721 
88.95999946 -7.140721 
88.99999946 -7.140721 
89.03999946 -7.140721 
89.07999946 -7.140721 
89.11999946 -7.140721 
89.15999946 -7.140721 
89.19999946 -7.140721 
89.23999946 -6.966765 
89.27999946 -6.966765 
89.31999946 -6.966765 
89.35999946 -7.140721 
89.39999946 -6.966765 
89.43999946 -6.966765 
89.47999946 -6.966765 
89.51999946 -6.966765 
89.55999946 -6.966765 
89.59999946 -6.966765 
89.63999946 -6.966765 
89.67999945 -6.966765 
89.71999945 -6.966765 
89.75999945 -6.966765 
89.79999945 -6.966765 
89.83999945 -6.966765 
89.87999945 -6.966765 
89.91999945 -6.966765 
89.95999945 -6.966765 
89.99999945 -6.966765 
90.03999945 -6.966765 
90.07999945 -6.966765 
90.11999945 -6.966765 
90.15999945 -6.966765 
90.19999945 -6.7922 
90.23999945 -6.966765 
90.27999945 -6.966765 
90.31999945 -6.7922 
90.35999945 -6.7922 
90.39999945 -6.966765 
90.43999945 -6.7922 
90.47999945 -6.7922 
90.51999945 -6.7922 
90.55999945 -6.7922 
90.59999945 -6.7922 
90.63999945 -6.7922 
90.67999945 -6.7922 
90.71999945 -6.7922 
90.75999945 -6.7922 
90.79999945 -6.7922 
90.83999945 -6.7922 
90.87999945 -6.7922 
90.91999945 -6.7922 
90.95999945 -6.7922 
90.99999945 -6.618244 
91.03999945 -6.7922 
91.07999945 -6.7922 
91.11999945 -6.7922 
91.15999945 -6.618244 
91.19999945 -6.7922 
91.23999945 -6.7922 
91.27999945 -6.618244 
91.31999945 -6.7922 
91.35999944 -6.618244 
91.39999944 -6.618244 
91.43999944 -6.618244 
91.47999944 -6.618244 
91.51999944 -6.618244 
91.55999944 -6.618244 
91.59999944 -6.618244 
91.63999944 -6.618244 
91.67999944 -6.618244 
91.71999944 -6.618244 
91.75999944 -6.618244 
91.79999944 -6.618244 
91.83999944 -6.618244 
91.87999944 -6.618244 
91.91999944 -6.618244 
91.95999944 -6.618244 
91.99999944 -6.444288 
92.03999944 -6.618244 
92.07999944 -6.618244 
92.11999944 -6.444288 
92.15999944 -6.618244 
92.19999944 -6.444288 
92.23999944 -6.618244 
92.27999944 -6.444288 
92.31999944 -6.444288 
92.35999944 -6.444288 
92.39999944 -6.444288 
92.43999944 -6.444288 
92.47999944 -6.444288 
92.51999944 -6.444288 
92.55999944 -6.444288 
92.59999944 -6.444288 
92.63999944 -6.444288 
92.67999944 -6.444288 
92.71999944 -6.444288 
92.75999944 -6.444288 
92.79999944 -6.444288 
92.83999944 -6.444288 
92.87999944 -6.444288 
92.91999944 -6.444288 
92.95999944 -6.444288 
92.99999943 -6.444288 
93.03999943 -6.444288 
93.07999943 -6.444288 
93.11999943 -6.444288 
93.15999943 -6.444288 
93.19999943 -6.444288 
93.23999943 -6.270333 
93.27999943 -6.270333 
93.31999943 -6.444288 
93.35999943 -6.270333 
93.39999943 -6.270333 
93.43999943 -6.270333 
93.47999943 -6.270333 
93.51999943 -6.270333 
93.55999943 -6.270333 
93.59999943 -6.270333 
93.63999943 -6.270333 
93.67999943 -6.270333 
93.71999943 -6.270333 
93.75999943 -6.270333 
93.79999943 -6.270333 
93.83999943 -6.270333 
93.87999943 -6.270333 
93.91999943 -6.270333 
93.95999943 -6.270333 
93.99999943 -6.270333 
94.03999943 -6.270333 
94.07999943 -6.270333 
94.11999943 -6.270333 
94.15999943 -6.270333 
94.19999943 -6.270333 
94.23999943 -6.270333 
94.27999943 -6.095767 
94.31999943 -6.270333 
94.35999943 -6.095767 
94.39999943 -6.270333 
94.43999943 -6.270333 
94.47999943 -6.095767 
94.51999943 -5.921812 
94.55999943 -6.095767 
94.59999943 -6.095767 
94.63999942 -6.095767 
94.67999942 -5.921812 
94.71999942 -6.095767 
94.75999942 -6.095767 
94.79999942 -5.921812 
94.83999942 -5.921812 
94.87999942 -5.921812 
94.91999942 -5.921812 
94.95999942 -5.921812 
94.99999942 -5.921812 
95.03999942 -5.921812 
95.07999942 -5.921812 
95.11999942 -5.921812 
95.15999942 -5.921812 
95.19999942 -5.921812 
95.23999942 -5.921812 
95.27999942 -5.921812 
95.31999942 -5.921812 
95.35999942 -5.921812 
95.39999942 -5.921812 
95.43999942 -5.921812 
95.47999942 -5.921812 
95.51999942 -5.921812 
95.55999942 -5.921812 
95.59999942 -5.921812 
95.63999942 -5.921812 
95.67999942 -5.921812 
95.71999942 -5.921812 
95.75999942 -5.921812 
95.79999942 -5.921812 
95.83999942 -5.921812 
95.87999942 -5.921812 
95.91999942 -5.921812 
95.95999942 -5.921812 
95.99999942 -5.921812 
96.03999942 -5.921812 
96.07999942 -5.747856 
96.11999942 -5.921812 
96.15999942 -5.747856 
96.19999942 -5.921812 
96.23999942 -5.921812 
96.27999941 -5.747856 
96.31999941 -5.921812 
96.35999941 -5.747856 
96.39999941 -5.747856 
96.43999941 -5.747856 
96.47999941 -5.747856 
96.51999941 -5.747856 
96.55999941 -5.747856 
96.59999941 -5.747856 
96.63999941 -5.747856 
96.67999941 -5.747856 
96.71999941 -5.747856 
96.75999941 -5.747856 
96.79999941 -5.747856 
96.83999941 -5.747856 
96.87999941 -5.747856 
96.91999941 -5.747856 
96.95999941 -5.747856 
96.99999941 -5.747856 
97.03999941 -5.747856 
97.07999941 -5.747856 
97.11999941 -5.747856 
97.15999941 -5.573901 
97.19999941 -5.747856 
97.23999941 -5.573901 
97.27999941 -5.573901 
97.31999941 -5.573901 
97.35999941 -5.573901 
97.39999941 -5.573901 
97.43999941 -5.573901 
97.47999941 -5.573901 
97.51999941 -5.573901 
97.55999941 -5.573901 
97.59999941 -5.573901 
97.63999941 -5.573901 
97.67999941 -5.573901 
97.71999941 -5.573901 
97.75999941 -5.573901 
97.79999941 -5.573901 
97.83999941 -5.573901 
97.87999941 -5.573901 
97.9199994 -5.573901 
97.9599994 -5.573901 
97.9999994 -5.573901 
98.0399994 -5.399335 
98.0799994 -5.573901 
98.1199994 -5.573901 
98.1599994 -5.573901 
98.1999994 -5.573901 
98.2399994 -5.573901 
98.2799994 -5.573901 
98.3199994 -5.573901 
98.3599994 -5.399335 
98.3999994 -5.399335 
98.4399994 -5.399335 
98.4799994 -5.399335 
98.5199994 -5.399335 
98.5599994 -5.573901 
98.5999994 -5.399335 
98.6399994 -5.399335 
98.6799994 -5.399335 
98.7199994 -5.399335 
98.7599994 -5.399335 
98.7999994 -5.225379 
98.8399994 -5.399335 
98.8799994 -5.399335 
98.9199994 -5.399335 
98.9599994 -5.399335 
98.9999994 -5.399335 
99.0399994 -5.399335 
99.0799994 -5.399335 
99.1199994 -5.399335 
99.1599994 -5.399335 
99.1999994 -5.399335 
99.2399994 -5.225379 
99.2799994 -5.399335 
99.3199994 -5.399335 
99.3599994 -5.225379 
99.3999994 -5.399335 
99.4399994 -5.399335 
99.4799994 -5.399335 
99.5199994 -5.225379 
99.55999939 -5.225379 
99.59999939 -5.225379 
99.63999939 -5.225379 
99.67999939 -5.225379 
99.71999939 -5.225379 
99.75999939 -5.225379 
99.79999939 -5.225379 
99.83999939 -5.225379 
99.87999939 -5.051424 
99.91999939 -5.225379 
99.95999939 -5.051424 
99.99999939 -5.225379 
100.03999939 -5.051424 
100.07999939 -5.051424 
100.11999939 -5.225379 
100.15999939 -5.051424 
100.19999939 -5.051424 
100.23999939 -5.051424 
100.27999939 -5.051424 
100.31999939 -5.051424 
100.35999939 -5.051424 
100.39999939 -5.051424 
100.43999939 -5.051424 
100.47999939 -5.051424 
100.51999939 -5.051424 
100.55999939 -5.051424 
100.59999939 -5.051424 
100.63999939 -5.051424 
100.67999939 -5.051424 
100.71999939 -5.051424 
100.75999939 -5.051424 
100.79999939 -5.051424 
100.83999939 -5.051424 
100.87999939 -5.051424 
100.91999939 -5.051424 
100.95999939 -5.051424 
100.99999939 -5.051424 
101.03999939 -5.051424 
101.07999939 -4.877468 
101.11999939 -5.051424 
101.15999939 -5.051424 
101.19999938 -5.051424 
101.23999938 -4.877468 
101.27999938 -5.051424 
101.31999938 -4.877468 
101.35999938 -4.877468 
101.39999938 -4.877468 
101.43999938 -4.877468 
101.47999938 -4.877468 
101.51999938 -4.877468 
101.55999938 -4.877468 
101.59999938 -4.877468 
101.63999938 -4.877468 
101.67999938 -4.877468 
101.71999938 -4.877468 
101.75999938 -4.877468 
101.79999938 -4.877468 
101.83999938 -4.877468 
101.87999938 -4.877468 
101.91999938 -4.877468 
101.95999938 -4.877468 
101.99999938 -4.877468 
102.03999938 -4.877468 
102.07999938 -4.877468 
102.11999938 -4.877468 
102.15999938 -4.877468 
102.19999938 -4.877468 
102.23999938 -4.877468 
102.27999938 -4.702902 
102.31999938 -4.702902 
102.35999938 -4.702902 
102.39999938 -4.702902 
102.43999938 -4.877468 
102.47999938 -4.702902 
102.51999938 -4.528947 
102.55999938 -4.702902 
102.59999938 -4.528947 
102.63999938 -4.702902 
102.67999938 -4.528947 
102.71999938 -4.702902 
102.75999938 -4.702902 
102.79999938 -4.528947 
102.83999937 -4.528947 
102.87999937 -4.528947 
102.91999937 -4.528947 
102.95999937 -4.528947 
102.99999937 -4.528947 
103.03999937 -4.528947 
103.07999937 -4.528947 
103.11999937 -4.528947 
103.15999937 -4.528947 
103.19999937 -4.528947 
103.23999937 -4.528947 
103.27999937 -4.528947 
103.31999937 -4.528947 
103.35999937 -4.528947 
103.39999937 -4.528947 
103.43999937 -4.528947 
103.47999937 -4.528947 
103.51999937 -4.528947 
103.55999937 -4.354991 
103.59999937 -4.528947 
103.63999937 -4.528947 
103.67999937 -4.528947 
103.71999937 -4.354991 
103.75999937 -4.354991 
103.79999937 -4.354991 
103.83999937 -4.354991 
103.87999937 -4.528947 
103.91999937 -4.354991 
103.95999937 -4.354991 
103.99999937 -4.354991 
104.03999937 -4.354991 
104.07999937 -4.354991 
104.11999937 -4.528947 
104.15999937 -4.354991 
104.19999937 -4.354991 
104.23999937 -4.354991 
104.27999937 -4.354991 
104.31999937 -4.354991 
104.35999937 -4.354991 
104.39999937 -4.354991 
104.43999937 -4.354991 
104.47999937 -4.354991 
104.51999936 -4.354991 
104.55999936 -4.354991 
104.59999936 -4.354991 
104.63999936 -4.354991 
104.67999936 -4.354991 
104.71999936 -4.354991 
104.75999936 -4.354991 
104.79999936 -4.354991 
104.83999936 -4.181036 
104.87999936 -4.181036 
104.91999936 -4.181036 
104.95999936 -4.181036 
104.99999936 -4.354991 
105.03999936 -4.181036 
105.07999936 -4.181036 
105.11999936 -4.181036 
105.15999936 -4.181036 
105.19999936 -4.181036 
105.23999936 -4.181036 
105.27999936 -4.181036 
105.31999936 -4.181036 
105.35999936 -4.181036 
105.39999936 -4.181036 
105.43999936 -4.181036 
105.47999936 -4.181036 
105.51999936 -4.181036 
105.55999936 -4.181036 
105.59999936 -4.181036 
105.63999936 -4.181036 
105.67999936 -4.181036 
105.71999936 -4.181036 
105.75999936 -4.181036 
105.79999936 -4.181036 
105.83999936 -4.181036 
105.87999936 -4.00647 
105.91999936 -4.181036 
105.95999936 -4.00647 
105.99999936 -4.00647 
106.03999936 -4.181036 
106.07999936 -4.181036 
106.11999936 -4.00647 
106.15999935 -4.00647 
106.19999935 -4.181036 
106.23999935 -4.00647 
106.27999935 -4.00647 
106.31999935 -4.00647 
106.35999935 -4.00647 
106.39999935 -4.00647 
106.43999935 -3.832515 
106.47999935 -4.00647 
106.51999935 -4.00647 
106.55999935 -3.832515 
106.59999935 -4.00647 
106.63999935 -4.00647 
106.67999935 -4.00647 
106.71999935 -4.00647 
106.75999935 -4.00647 
106.79999935 -4.00647 
106.83999935 -4.00647 
106.87999935 -3.832515 
106.91999935 -4.00647 
106.95999935 -3.832515 
106.99999935 -4.00647 
107.03999935 -4.00647 
107.07999935 -3.832515 
107.11999935 -4.00647 
107.15999935 -3.832515 
107.19999935 -3.832515 
107.23999935 -3.832515 
107.27999935 -3.832515 
107.31999935 -3.832515 
107.35999935 -3.832515 
107.39999935 -3.832515 
107.43999935 -3.832515 
107.47999935 -3.832515 
107.51999935 -3.832515 
107.55999935 -3.832515 
107.59999935 -3.832515 
107.63999935 -3.832515 
107.67999935 -3.658559 
107.71999935 -3.658559 
107.75999935 -3.658559 
107.79999934 -3.658559 
107.83999934 -3.832515 
107.87999934 -3.832515 
107.91999934 -3.832515 
107.95999934 -3.658559 
107.99999934 -3.658559 
108.03999934 -3.658559 
108.07999934 -3.658559 
108.11999934 -3.658559 
108.15999934 -3.658559 
108.19999934 -3.658559 
108.23999934 -3.658559 
108.27999934 -3.658559 
108.31999934 -3.658559 
108.35999934 -3.658559 
108.39999934 -3.658559 
108.43999934 -3.658559 
108.47999934 -3.658559 
108.51999934 -3.658559 
108.55999934 -3.658559 
108.59999934 -3.658559 
108.63999934 -3.658559 
108.67999934 -3.658559 
108.71999934 -3.658559 
108.75999934 -3.658559 
108.79999934 -3.658559 
108.83999934 -3.484603 
108.87999934 -3.484603 
108.91999934 -3.484603 
108.95999934 -3.484603 
108.99999934 -3.484603 
109.03999934 -3.484603 
109.07999934 -3.484603 
109.11999934 -3.484603 
109.15999934 -3.658559 
109.19999934 -3.484603 
109.23999934 -3.484603 
109.27999934 -3.484603 
109.31999934 -3.484603 
109.35999934 -3.484603 
109.39999934 -3.484603 
109.43999933 -3.484603 
109.47999933 -3.484603 
109.51999933 -3.484603 
109.55999933 -3.310038 
109.59999933 -3.484603 
109.63999933 -3.484603 
109.67999933 -3.484603 
109.71999933 -3.484603 
109.75999933 -3.484603 
109.79999933 -3.310038 
109.83999933 -3.484603 
109.87999933 -3.484603 
109.91999933 -3.310038 
109.95999933 -3.310038 
109.99999933 -3.484603 
110.03999933 -3.484603 
110.07999933 -3.484603 
110.11999933 -3.310038 
110.15999933 -3.310038 
110.19999933 -3.310038 
110.23999933 -3.310038 
110.27999933 -3.136082 
110.31999933 -3.310038 
110.35999933 -3.310038 
110.39999933 -3.136082 
110.43999933 -3.136082 
110.47999933 -3.310038 
110.51999933 -3.136082 
110.55999933 -3.136082 
110.59999933 -3.310038 
110.63999933 -3.136082 
110.67999933 -3.136082 
110.71999933 -3.136082 
110.75999933 -3.136082 
110.79999933 -3.136082 
110.83999933 -3.136082 
110.87999933 -3.136082 
110.91999933 -3.136082 
110.95999933 -3.136082 
110.99999933 -3.136082 
111.03999933 -3.136082 
111.07999932 -3.136082 
111.11999932 -3.136082 
111.15999932 -3.136082 
111.19999932 -3.136082 
111.23999932 -3.136082 
111.27999932 -3.136082 
111.31999932 -3.136082 
111.35999932 -3.136082 
111.39999932 -3.136082 
111.43999932 -3.136082 
111.47999932 -3.136082 
111.51999932 -3.136082 
111.55999932 -3.136082 
111.59999932 -3.136082 
111.63999932 -2.962126 
111.67999932 -2.962126 
111.71999932 -3.136082 
111.75999932 -2.962126 
111.79999932 -2.962126 
111.83999932 -2.962126 
111.87999932 -2.962126 
111.91999932 -2.962126 
111.95999932 -2.962126 
111.99999932 -2.962126 
112.03999932 -2.962126 
112.07999932 -2.962126 
112.11999932 -2.962126 
112.15999932 -2.962126 
112.19999932 -2.962126 
112.23999932 -2.962126 
112.27999932 -2.962126 
112.31999932 -2.962126 
112.35999932 -2.962126 
112.39999932 -2.962126 
112.43999932 -2.962126 
112.47999932 -2.962126 
112.51999932 -2.962126 
112.55999932 -2.788171 
112.59999932 -2.788171 
112.63999932 -2.788171 
112.67999932 -2.788171 
112.71999931 -2.788171 
112.75999931 -2.788171 
112.79999931 -2.788171 
112.83999931 -2.788171 
112.87999931 -2.788171 
112.91999931 -2.788171 
112.95999931 -2.788171 
112.99999931 -2.788171 
113.03999931 -2.788171 
113.07999931 -2.788171 
113.11999931 -2.788171 
113.15999931 -2.788171 
113.19999931 -2.788171 
113.23999931 -2.788171 
113.27999931 -2.788171 
113.31999931 -2.788171 
113.35999931 -2.788171 
113.39999931 -2.788171 
113.43999931 -2.788171 
113.47999931 -2.788171 
113.51999931 -2.788171 
113.55999931 -2.788171 
113.59999931 -2.788171 
113.63999931 -2.613605 
113.67999931 -2.788171 
113.71999931 -2.788171 
113.75999931 -2.788171 
113.79999931 -2.613605 
113.83999931 -2.613605 
113.87999931 -2.613605 
113.91999931 -2.613605 
113.95999931 -2.613605 
113.99999931 -2.613605 
114.03999931 -2.613605 
114.07999931 -2.613605 
114.11999931 -2.613605 
114.15999931 -2.43965 
114.19999931 -2.613605 
114.23999931 -2.43965 
114.27999931 -2.43965 
114.31999931 -2.613605 
114.3599993 -2.613605 
114.3999993 -2.613605 
114.4399993 -2.613605 
114.4799993 -2.613605 
114.5199993 -2.613605 
114.5599993 -2.43965 
114.5999993 -2.613605 
114.6399993 -2.613605 
114.6799993 -2.43965 
114.7199993 -2.613605 
114.7599993 -2.613605 
114.7999993 -2.613605 
114.8399993 -2.43965 
114.8799993 -2.613605 
114.9199993 -2.43965 
114.9599993 -2.43965 
114.9999993 -2.613605 
115.0399993 -2.43965 
115.0799993 -2.43965 
115.1199993 -2.43965 
115.1599993 -2.43965 
115.1999993 -2.43965 
115.2399993 -2.265694 
115.2799993 -2.43965 
115.3199993 -2.265694 
115.3599993 -2.265694 
115.3999993 -2.43965 
115.4399993 -2.43965 
115.4799993 -2.265694 
115.5199993 -2.43965 
115.5599993 -2.43965 
115.5999993 -2.43965 
115.6399993 -2.265694 
115.6799993 -2.265694 
115.7199993 -2.265694 
115.7599993 -2.265694 
115.7999993 -2.265694 
115.8399993 -2.265694 
115.8799993 -2.265694 
115.9199993 -2.265694 
115.9599993 -2.265694 
115.9999993 -2.265694 
116.03999929 -2.265694 
116.07999929 -2.265694 
116.11999929 -2.265694 
116.15999929 -2.265694 
116.19999929 -2.265694 
116.23999929 -2.091739 
116.27999929 -2.265694 
116.31999929 -2.265694 
116.35999929 -2.265694 
116.39999929 -2.091739 
116.43999929 -2.091739 
116.47999929 -2.091739 
116.51999929 -2.265694 
116.55999929 -2.091739 
116.59999929 -2.091739 
116.63999929 -2.091739 
116.67999929 -2.091739 
116.71999929 -2.091739 
116.75999929 -2.091739 
116.79999929 -2.091739 
116.83999929 -2.091739 
116.87999929 -2.091739 
116.91999929 -2.091739 
116.95999929 -2.091739 
116.99999929 -2.091739 
117.03999929 -2.091739 
117.07999929 -2.091739 
117.11999929 -2.091739 
117.15999929 -2.091739 
117.19999929 -2.091739 
117.23999929 -2.091739 
117.27999929 -2.091739 
117.31999929 -2.091739 
117.35999929 -2.091739 
117.39999929 -2.091739 
117.43999929 -2.091739 
117.47999929 -1.917173 
117.51999929 -1.917173 
117.55999929 -1.917173 
117.59999929 -2.091739 
117.63999929 -2.091739 
117.67999928 -1.917173 
117.71999928 -1.743217 
117.75999928 -1.743217 
117.79999928 -2.091739 
117.83999928 -1.917173 
117.87999928 -1.743217 
117.91999928 -1.917173 
117.95999928 -1.743217 
117.99999928 -1.917173 
118.03999928 -1.917173 
118.07999928 -1.743217 
118.11999928 -1.743217 
118.15999928 -1.917173 
118.19999928 -1.743217 
118.23999928 -1.743217 
118.27999928 -1.743217 
118.31999928 -1.743217 
118.35999928 -1.743217 
118.39999928 -1.743217 
118.43999928 -1.743217 
118.47999928 -1.743217 
118.51999928 -1.743217 
118.55999928 -1.743217 
118.59999928 -1.743217 
118.63999928 -1.743217 
118.67999928 -1.743217 
118.71999928 -1.743217 
118.75999928 -1.743217 
118.79999928 -1.743217 
118.83999928 -1.743217 
118.87999928 -1.743217 
118.91999928 -1.743217 
118.95999928 -1.743217 
118.99999928 -1.743217 
119.03999928 -1.743217 
119.07999928 -1.743217 
119.11999928 -1.743217 
119.15999928 -1.743217 
119.19999928 -1.743217 
119.23999928 -1.743217 
119.27999928 -1.743217 
119.31999927 -1.743217 
119.35999927 -1.569262 
119.39999927 -1.569262 
119.43999927 -1.569262 
119.47999927 -1.569262 
119.51999927 -1.569262 
119.55999927 -1.569262 
119.59999927 -1.569262 
119.63999927 -1.569262 
119.67999927 -1.569262 
119.71999927 -1.569262 
119.75999927 -1.569262 
119.79999927 -1.569262 
119.83999927 -1.569262 
119.87999927 -1.569262 
119.91999927 -1.569262 
119.95999927 -1.569262 
119.99999927 -1.569262 
120.03999927 -1.569262 
120.07999927 -1.395306 
120.11999927 -1.569262 
120.15999927 -1.569262 
120.19999927 -1.395306 
120.23999927 -1.569262 
120.27999927 -1.395306 
120.31999927 -1.395306 
120.35999927 -1.569262 
120.39999927 -1.395306 
120.43999927 -1.395306 
120.47999927 -1.395306 
120.51999927 -1.569262 
120.55999927 -1.395306 
120.59999927 -1.395306 
120.63999927 -1.395306 
120.67999927 -1.395306 
120.71999927 -1.395306 
120.75999927 -1.395306 
120.79999927 -1.395306 
120.83999927 -1.395306 
120.87999927 -1.395306 
120.91999927 -1.395306 
120.95999926 -1.395306 
120.99999926 -1.395306 
121.03999926 -1.395306 
121.07999926 -1.395306 
121.11999926 -1.395306 
121.15999926 -1.22074 
121.19999926 -1.395306 
121.23999926 -1.395306 
121.27999926 -1.395306 
121.31999926 -1.395306 
121.35999926 -1.395306 
121.39999926 -1.395306 
121.43999926 -1.22074 
121.47999926 -1.395306 
121.51999926 -1.22074 
121.55999926 -1.22074 
121.59999926 -1.22074 
121.63999926 -1.22074 
121.67999926 -1.22074 
121.71999926 -1.22074 
121.75999926 -1.22074 
121.79999926 -1.22074 
121.83999926 -1.22074 
121.87999926 -1.22074 
121.91999926 -1.22074 
121.95999926 -1.22074 
121.99999926 -1.046785 
122.03999926 -1.22074 
122.07999926 -1.22074 
122.11999926 -1.22074 
122.15999926 -1.22074 
122.19999926 -1.22074 
122.23999926 -1.22074 
122.27999926 -1.22074 
122.31999926 -1.22074 
122.35999926 -1.046785 
122.39999926 -1.046785 
122.43999926 -1.22074 
122.47999926 -1.046785 
122.51999926 -1.046785 
122.55999926 -1.046785 
122.59999925 -1.046785 
122.63999925 -1.046785 
122.67999925 -1.046785 
122.71999925 -1.046785 
122.75999925 -1.046785 
122.79999925 -1.046785 
122.83999925 -1.046785 
122.87999925 -1.046785 
122.91999925 -1.046785 
122.95999925 -1.046785 
122.99999925 -0.8728294 
123.03999925 -1.046785 
123.07999925 -1.046785 
123.11999925 -0.8728294 
123.15999925 -1.046785 
123.19999925 -0.8728294 
123.23999925 -1.046785 
123.27999925 -0.8728294 
123.31999925 -0.8728294 
123.35999925 -1.046785 
123.39999925 -0.8728294 
123.43999925 -1.046785 
123.47999925 -0.8728294 
123.51999925 -0.8728294 
123.55999925 -0.8728294 
123.59999925 -0.8728294 
123.63999925 -0.8728294 
123.67999925 -0.8728294 
123.71999925 -1.046785 
123.75999925 -0.8728294 
123.79999925 -0.8728294 
123.83999925 -0.8728294 
123.87999925 -0.8728294 
123.91999925 -0.8728294 
123.95999925 -0.8728294 
123.99999925 -0.8728294 
124.03999925 -0.8728294 
124.07999925 -0.8728294 
124.11999925 -0.8728294 
124.15999925 -0.8728294 
124.19999925 -0.8728294 
124.23999924 -0.8728294 
124.27999924 -0.8728294 
124.31999924 -0.8728294 
124.35999924 -0.8728294 
124.39999924 -0.8728294 
124.43999924 -0.8728294 
124.47999924 -0.8728294 
124.51999924 -0.8728294 
124.55999924 -0.8728294 
124.59999924 -0.8728294 
124.63999924 -0.8728294 
124.67999924 -0.8728294 
124.71999924 -0.8728294 
124.75999924 -0.8728294 
124.79999924 -0.8728294 
124.83999924 -0.8728294 
124.87999924 -0.8728294 
124.91999924 -0.8728294 
124.95999924 -0.8728294 
124.99999924 -0.8728294 
125.03999924 -0.8728294 
125.07999924 -0.8728294 
125.11999924 -0.8728294 
125.15999924 -0.8728294 
125.19999924 -0.6988739 
125.23999924 -0.8728294 
125.27999924 -0.8728294 
125.31999924 -0.8728294 
125.35999924 -0.8728294 
125.39999924 -0.6988739 
125.43999924 -0.8728294 
125.47999924 -0.8728294 
125.51999924 -0.8728294 
125.55999924 -0.8728294 
125.59999924 -0.6988739 
125.63999924 -0.6988739 
125.67999924 -0.6988739 
125.71999924 -0.8728294 
125.75999924 -0.6988739 
125.79999924 -0.6988739 
125.83999924 -0.8728294 
125.87999923 -0.6988739 
125.91999923 -0.6988739 
125.95999923 -0.6988739 
125.99999923 -0.8728294 
126.03999923 -0.6988739 
126.07999923 -0.6988739 
126.11999923 -0.6988739 
126.15999923 -0.8728294 
126.19999923 -0.6988739 
126.23999923 -0.6988739 
126.27999923 -0.8728294 
126.31999923 -0.6988739 
126.35999923 -0.6988739 
126.39999923 -0.6988739 
126.43999923 -0.8728294 
126.47999923 -0.6988739 
126.51999923 -0.6988739 
126.55999923 -0.8728294 
126.59999923 -0.6988739 
126.63999923 -0.6988739 
126.67999923 -0.6988739 
126.71999923 -0.6988739 
126.75999923 -0.6988739 
126.79999923 -0.6988739 
126.83999923 -0.6988739 
126.87999923 -0.6988739 
126.91999923 -0.6988739 
126.95999923 -0.6988739 
126.99999923 -0.6988739 
127.03999923 -0.6988739 
127.07999923 -0.6988739 
127.11999923 -0.6988739 
127.15999923 -0.6988739 
127.19999923 -0.6988739 
127.23999923 -0.6988739 
127.27999923 -0.6988739 
127.31999923 -0.6988739 
127.35999923 -0.6988739 
127.39999923 -0.6988739 
127.43999923 -0.6988739 
127.47999923 -0.6988739 
127.51999923 -0.6988739 
127.55999922 -0.6988739 
127.59999922 -0.6988739 
127.63999922 -0.6988739 
127.67999922 -0.6988739 
127.71999922 -0.6988739 
127.75999922 -0.6988739 
127.79999922 -0.6988739 
127.83999922 -0.6988739 
127.87999922 -0.6988739 
127.91999922 -0.6988739 
127.95999922 -0.6988739 
127.99999922 -0.6988739 
128.03999922 -0.6988739 
128.07999922 -0.6988739 
128.11999922 -0.6988739 
128.15999922 -0.6988739 
128.19999922 -0.6988739 
128.23999922 -0.6988739 
128.27999922 -0.6988739 
128.31999922 -0.6988739 
128.35999922 -0.6988739 
128.39999922 -0.6988739 
128.43999922 -0.6988739 
128.47999922 -0.6988739 
128.51999922 -0.6988739 
128.55999922 -0.6988739 
128.59999922 -0.6988739 
128.63999922 -0.6988739 
128.67999922 -0.6988739 
128.71999922 -0.6988739 
128.75999922 -0.6988739 
128.79999922 -0.6988739 
128.83999922 -0.6988739 
128.87999922 -0.6988739 
128.91999922 -0.6988739 
128.95999922 -0.6988739 
128.99999922 -0.6988739 
129.03999922 -0.6988739 
129.07999922 -0.6988739 
129.11999922 -0.6988739 
129.15999922 -0.6988739 
129.19999921 -0.6988739 
129.23999921 -0.6988739 
129.27999921 -0.6988739 
129.31999921 -0.6988739 
129.35999921 -0.6988739 
129.39999921 -0.524308 
129.43999921 -0.6988739 
129.47999921 -0.6988739 
129.51999921 -0.6988739 
129.55999921 -0.6988739 
129.59999921 -0.6988739 
129.63999921 -0.524308 
129.67999921 -0.6988739 
129.71999921 -0.524308 
129.75999921 -0.524308 
129.79999921 -0.6988739 
129.83999921 -0.6988739 
129.87999921 -0.6988739 
129.91999921 -0.6988739 
129.95999921 -0.6988739 
129.99999921 -0.524308 
130.03999921 -0.6988739 
130.07999921 -0.6988739 
130.11999921 -0.524308 
130.15999921 -0.6988739 
130.19999921 -0.6988739 
130.23999921 -0.6988739 
130.27999921 -0.524308 
130.31999921 -0.6988739 
130.35999921 -0.524308 
130.39999921 -0.524308 
130.43999921 -0.524308 
130.47999921 -0.524308 
130.51999921 -0.524308 
130.55999921 -0.524308 
130.59999921 -0.524308 
130.63999921 -0.524308 
130.67999921 -0.524308 
130.71999921 -0.524308 
130.75999921 -0.524308 
130.79999921 -0.3503525 
130.8399992 -0.3503525 
130.8799992 -0.3503525 
130.9199992 -0.524308 
130.9599992 -0.524308 
130.9999992 -0.3503525 
131.0399992 -0.3503525 
131.0799992 -0.3503525 
131.1199992 -0.3503525 
131.1599992 -0.3503525 
131.1999992 -0.3503525 
131.2399992 -0.524308 
131.2799992 -0.3503525 
131.3199992 -0.3503525 
131.3599992 -0.3503525 
131.3999992 -0.3503525 
131.4399992 -0.3503525 
131.4799992 -0.3503525 
131.5199992 -0.3503525 
131.5599992 -0.3503525 
131.5999992 -0.3503525 
131.6399992 -0.3503525 
131.6799992 -0.3503525 
131.7199992 -0.3503525 
131.7599992 -0.3503525 
131.7999992 -0.3503525 
131.8399992 -0.3503525 
131.8799992 -0.3503525 
131.9199992 -0.3503525 
131.9599992 -0.3503525 
131.9999992 -0.3503525 
132.0399992 -0.3503525 
132.0799992 -0.3503525 
132.1199992 -0.3503525 
132.1599992 -0.3503525 
132.1999992 -0.3503525 
132.2399992 -0.3503525 
132.2799992 -0.3503525 
132.3199992 -0.3503525 
132.3599992 -0.3503525 
132.3999992 -0.3503525 
132.4399992 -0.3503525 
132.47999919 -0.3503525 
132.51999919 -0.3503525 
132.55999919 -0.3503525 
132.59999919 -0.3503525 
132.63999919 -0.3503525 
132.67999919 -0.3503525 
132.71999919 -0.3503525 
132.75999919 -0.3503525 
132.79999919 -0.3503525 
132.83999919 -0.3503525 
132.87999919 -0.3503525 
132.91999919 -0.3503525 
132.95999919 -0.3503525 
132.99999919 -0.3503525 
133.03999919 -0.3503525 
133.07999919 -0.3503525 
133.11999919 -0.3503525 
133.15999919 -0.3503525 
133.19999919 -0.3503525 
133.23999919 -0.3503525 
133.27999919 -0.3503525 
133.31999919 -0.3503525 
133.35999919 -0.3503525 
133.39999919 -0.3503525 
133.43999919 -0.3503525 
133.47999919 -0.3503525 
133.51999919 -0.3503525 
133.55999919 -0.3503525 
133.59999919 -0.3503525 
133.63999919 -0.3503525 
133.67999919 -0.3503525 
133.71999919 -0.3503525 
133.75999919 -0.3503525 
133.79999919 -0.3503525 
133.83999919 -0.3503525 
133.87999919 -0.3503525 
133.91999919 -0.3503525 
133.95999919 -0.3503525 
133.99999919 -0.3503525 
134.03999919 -0.3503525 
134.07999919 -0.3503525 
134.11999918 -0.3503525 
134.15999918 -0.3503525 
134.19999918 -0.3503525 
134.23999918 -0.3503525 
134.27999918 -0.3503525 
134.31999918 -0.3503525 
134.35999918 -0.3503525 
134.39999918 -0.3503525 
134.43999918 -0.3503525 
134.47999918 -0.3503525 
134.51999918 -0.3503525 
134.55999918 -0.3503525 
134.59999918 -0.3503525 
134.63999918 -0.3503525 
134.67999918 -0.3503525 
134.71999918 -0.3503525 
134.75999918 -0.3503525 
134.79999918 -0.3503525 
134.83999918 -0.3503525 
134.87999918 -0.3503525 
134.91999918 -0.3503525 
134.95999918 -0.3503525 
134.99999918 -0.3503525 
135.03999918 -0.3503525 
135.07999918 -0.3503525 
135.11999918 -0.3503525 
135.15999918 -0.3503525 
135.19999918 -0.3503525 
135.23999918 -0.3503525 
135.27999918 -0.3503525 
135.31999918 -0.3503525 
135.35999918 -0.3503525 
135.39999918 -0.3503525 
135.43999918 -0.3503525 
135.47999918 -0.3503525 
135.55999918 -0.3503525 
135.59999918 -0.3503525 
135.63999918 -0.3503525 
135.67999918 -0.3503525 
135.71999918 -0.3503525 
135.75999917 -0.3503525 
135.79999917 -0.3503525 
135.83999917 -0.3503525 
135.87999917 -0.3503525 
135.91999917 -0.3503525 
135.95999917 -0.3503525 
135.99999917 -0.3503525 
136.03999917 -0.3503525 
136.07999917 -0.3503525 
136.11999917 -0.3503525 
136.15999917 -0.3503525 
136.19999917 -0.3503525 
136.23999917 -0.3503525 
136.27999917 -0.3503525 
136.31999917 -0.3503525 
136.35999917 -0.3503525 
136.39999917 -0.3503525 
136.43999917 -0.3503525 
136.47999917 -0.3503525 
136.51999917 -0.3503525 
136.55999917 -0.3503525 
136.59999917 -0.3503525 
136.63999917 -0.3503525 
136.67999917 -0.3503525 
136.71999917 -0.3503525 
136.75999917 -0.3503525 
136.79999917 -0.3503525 
136.83999917 -0.3503525 
136.91999917 -0.3503525 
136.95999917 -0.3503525 
137.03999917 -0.3503525 
137.11999917 -0.3503525 
137.19999917 -0.3503525 
137.23999917 -0.3503525 
137.27999917 -0.3503525 
137.43999916 -0.3503525 
137.55999916 -0.3503525 
137.71999916 -0.3503525 
137.75999916 -0.3503525 
137.83999916 -0.3503525 
0 0 
