12.11999993 -0.4989776 
12.15999993 -0.4989776 
12.23999993 -0.4989776 
12.27999993 -0.4989776 
12.31999993 -0.4989776 
12.35999992 -0.4989776 
12.39999992 -0.941496 
12.43999992 -0.4989776 
12.47999992 -0.941496 
12.51999992 -0.941496 
12.55999992 -0.941496 
12.59999992 -0.941496 
12.63999992 -0.941496 
12.67999992 -0.941496 
12.71999992 -0.941496 
12.75999992 -0.941496 
12.79999992 -1.382488 
12.83999992 -1.825007 
12.87999992 -1.825007 
12.91999992 -1.825007 
12.95999992 -1.825007 
12.99999992 -1.825007 
13.03999992 -1.382488 
13.07999992 -1.825007 
13.11999992 -1.825007 
13.15999992 -1.825007 
13.19999992 -1.825007 
13.23999992 -1.825007 
13.27999992 -1.825007 
13.31999992 -1.825007 
13.35999992 -2.267525 
13.39999992 -2.267525 
13.43999992 -2.267525 
13.47999992 -2.267525 
13.51999992 -2.267525 
13.55999992 -2.267525 
13.59999992 -1.825007 
13.63999992 -2.267525 
13.67999992 -1.825007 
13.71999992 -2.267525 
13.75999992 -1.825007 
13.79999992 -2.267525 
13.83999992 -1.825007 
13.87999992 -2.267525 
13.91999992 -2.267525 
13.95999992 -2.267525 
13.99999991 -1.825007 
14.03999991 -1.825007 
14.07999991 -2.267525 
14.11999991 -2.267525 
14.15999991 -1.825007 
14.19999991 -1.825007 
14.23999991 -1.825007 
14.27999991 -1.825007 
14.31999991 -1.825007 
14.35999991 -1.382488 
14.39999991 -1.825007 
14.43999991 -1.825007 
14.47999991 -1.825007 
14.51999991 -1.382488 
14.55999991 -1.825007 
14.59999991 -1.382488 
14.63999991 -1.825007 
14.67999991 -0.941496 
14.71999991 -0.941496 
14.75999991 -0.941496 
14.79999991 -0.941496 
14.83999991 -0.941496 
14.87999991 -0.941496 
14.91999991 -0.941496 
14.95999991 -0.941496 
14.99999991 -0.941496 
15.03999991 -0.941496 
15.07999991 -0.4989776 
15.11999991 -0.4989776 
15.15999991 -0.4989776 
15.19999991 -0.4989776 
19.59999988 -0.941496 
19.71999988 -0.4989776 
19.75999988 -0.4989776 
19.87999988 -0.4989776 
19.99999988 -0.4989776 
20.03999988 -0.4989776 
20.07999988 -0.4989776 
20.11999988 -0.4989776 
20.15999988 -0.4989776 
20.19999988 -0.4989776 
20.23999988 -0.4989776 
20.27999988 -0.4989776 
20.35999988 -0.4989776 
20.39999988 -0.4989776 
20.63999987 -0.4989776 
24.23999985 -0.941496 
24.27999985 -0.4989776 
24.51999985 -0.4989776 
24.55999985 -0.941496 
24.67999985 -0.4989776 
24.71999985 -0.4989776 
24.75999985 -0.4989776 
24.79999985 -0.4989776 
24.83999985 -0.4989776 
24.87999985 -0.4989776 
24.91999985 -0.941496 
24.95999985 -0.941496 
24.99999985 -0.4989776 
25.03999985 -0.941496 
25.07999985 -0.941496 
25.11999985 -0.941496 
25.15999985 -0.941496 
25.19999985 -0.941496 
25.23999985 -0.941496 
25.27999985 -0.941496 
25.31999985 -0.941496 
25.35999985 -0.941496 
25.39999985 -0.941496 
25.43999985 -1.382488 
25.47999985 -1.382488 
25.51999984 -0.941496 
25.55999984 -0.941496 
25.59999984 -0.941496 
25.63999984 -1.382488 
25.67999984 -0.941496 
25.71999984 -0.941496 
25.75999984 -0.941496 
25.79999984 -0.941496 
25.83999984 -1.382488 
25.87999984 -1.825007 
25.91999984 -1.382488 
25.95999984 -0.941496 
25.99999984 -1.382488 
26.03999984 -0.941496 
26.07999984 -0.941496 
26.11999984 -0.941496 
26.15999984 -1.382488 
26.19999984 -0.941496 
26.23999984 -0.941496 
26.27999984 -0.941496 
26.31999984 -0.941496 
26.35999984 -0.941496 
26.39999984 -0.941496 
26.43999984 -0.941496 
26.47999984 -0.941496 
26.51999984 -0.4989776 
26.55999984 -0.4989776 
26.59999984 -0.4989776 
26.63999984 -0.4989776 
26.67999984 -0.4989776 
26.71999984 -0.4989776 
35.75999978 -0.4989776 
35.79999978 -0.4989776 
35.87999978 -0.4989776 
35.91999978 -0.941496 
35.95999978 -0.4989776 
35.99999978 -0.4989776 
36.03999978 -0.4989776 
36.07999978 -0.4989776 
36.11999978 -0.4989776 
36.15999978 -0.941496 
36.19999978 -0.941496 
36.23999978 -0.941496 
36.27999978 -0.941496 
36.31999978 -0.941496 
36.35999978 -0.941496 
36.39999978 -0.941496 
36.43999978 -0.941496 
36.47999978 -0.941496 
36.51999978 -0.941496 
36.55999978 -0.941496 
36.59999978 -0.941496 
36.63999978 -0.941496 
36.67999978 -0.4989776 
36.71999978 -0.941496 
36.75999978 -0.941496 
36.79999978 -0.4989776 
36.83999978 -0.941496 
36.87999978 -0.941496 
36.91999978 -0.4989776 
36.95999978 -0.941496 
36.99999978 -0.941496 
37.03999977 -0.4989776 
37.07999977 -0.4989776 
37.11999977 -0.4989776 
37.15999977 -0.4989776 
37.19999977 -0.4989776 
37.23999977 -0.941496 
37.27999977 -0.941496 
37.31999977 -0.4989776 
37.35999977 -0.4989776 
37.39999977 -0.4989776 
37.43999977 -0.4989776 
37.47999977 -0.4989776 
37.51999977 -0.4989776 
40.87999975 -0.4989776 
40.91999975 -0.4989776 
40.95999975 -0.4989776 
40.99999975 -0.4989776 
41.03999975 -0.4989776 
41.07999975 -0.941496 
41.11999975 -0.4989776 
41.15999975 -0.4989776 
41.19999975 -0.941496 
41.23999975 -0.941496 
41.27999975 -0.941496 
41.31999975 -0.941496 
41.35999975 -0.941496 
41.39999975 -0.941496 
41.43999975 -0.941496 
41.47999975 -0.941496 
41.51999975 -0.941496 
41.55999975 -0.941496 
41.59999975 -0.941496 
41.63999975 -0.941496 
41.67999975 -0.941496 
41.71999975 -0.941496 
41.75999975 -0.941496 
41.79999975 -0.941496 
41.83999975 -0.4989776 
41.87999975 -0.4989776 
41.91999975 -0.941496 
41.95999974 -0.4989776 
41.99999974 -0.941496 
42.03999974 -0.4989776 
42.07999974 -0.941496 
42.11999974 -0.4989776 
42.15999974 -0.4989776 
42.19999974 -0.4989776 
42.23999974 -0.4989776 
42.27999974 -0.4989776 
42.31999974 -0.4989776 
42.39999974 -0.4989776 
42.43999974 -0.4989776 
47.11999971 -0.941496 
47.23999971 -0.4989776 
47.27999971 -0.4989776 
47.31999971 -0.4989776 
47.35999971 -0.4989776 
47.39999971 -0.4989776 
47.47999971 -0.4989776 
47.51999971 -0.4989776 
47.55999971 -0.4989776 
47.59999971 -0.4989776 
47.63999971 -0.4989776 
47.67999971 -0.4989776 
47.71999971 -0.941496 
47.75999971 -0.4989776 
47.79999971 -0.4989776 
47.83999971 -0.4989776 
47.87999971 -0.4989776 
47.91999971 -0.4989776 
47.95999971 -0.4989776 
47.99999971 -0.941496 
48.03999971 -0.4989776 
48.07999971 -0.941496 
48.11999971 -0.4989776 
48.15999971 -0.4989776 
48.19999971 -0.941496 
48.23999971 -0.4989776 
48.27999971 -0.4989776 
48.31999971 -0.4989776 
48.35999971 -0.4989776 
48.39999971 -0.941496 
48.43999971 -0.4989776 
48.47999971 -0.4989776 
48.51999971 -0.4989776 
48.5599997 -0.941496 
48.5999997 -0.4989776 
48.6399997 -0.4989776 
48.6799997 -0.4989776 
48.7199997 -0.4989776 
48.7599997 -0.4989776 
48.7999997 -0.4989776 
48.8399997 -0.4989776 
48.8799997 -0.4989776 
48.9599997 -0.4989776 
48.9999997 -0.4989776 
49.0799997 -0.4989776 
51.75999969 -0.4989776 
51.79999969 -0.4989776 
52.03999968 -0.4989776 
52.07999968 -0.4989776 
52.59999968 -0.4989776 
52.75999968 -0.4989776 
52.79999968 -0.4989776 
52.87999968 -0.4989776 
52.91999968 -0.4989776 
52.95999968 -0.4989776 
52.99999968 -0.4989776 
53.03999968 -0.4989776 
53.07999968 -0.4989776 
53.15999968 -0.4989776 
53.27999968 -0.4989776 
53.31999968 -0.4989776 
53.43999968 -0.4989776 
63.35999961 -0.4989776 
63.43999961 -0.4989776 
63.51999961 -0.4989776 
63.55999961 -0.4989776 
63.59999961 -0.4989776 
63.63999961 -0.4989776 
63.67999961 -0.4989776 
63.71999961 -0.4989776 
63.75999961 -0.4989776 
63.79999961 -0.4989776 
63.83999961 -0.4989776 
63.87999961 -0.4989776 
63.91999961 -0.941496 
63.95999961 -0.4989776 
63.99999961 -0.4989776 
64.03999961 -0.4989776 
64.07999961 -0.4989776 
64.11999961 -0.4989776 
64.15999961 -0.4989776 
64.19999961 -0.4989776 
64.23999961 -0.4989776 
64.27999961 -0.4989776 
64.31999961 -0.941496 
64.35999961 -0.941496 
64.39999961 -0.4989776 
64.43999961 -0.941496 
64.47999961 -0.4989776 
64.51999961 -0.4989776 
64.55999961 -0.941496 
64.59999961 -0.4989776 
64.63999961 -0.941496 
64.67999961 -0.941496 
64.71999961 -0.4989776 
64.75999961 -0.4989776 
64.79999961 -0.4989776 
64.83999961 -0.4989776 
64.87999961 -0.4989776 
64.91999961 -0.4989776 
64.95999961 -0.4989776 
64.9999996 -0.4989776 
65.0399996 -0.4989776 
65.0799996 -0.4989776 
65.1199996 -0.4989776 
65.1599996 -0.4989776 
65.1999996 -0.4989776 
65.2399996 -0.4989776 
65.2799996 -0.4989776 
65.3199996 -0.4989776 
65.3599996 -0.4989776 
65.3999996 -0.4989776 
65.4399996 -0.4989776 
65.4799996 -0.4989776 
65.5199996 -0.4989776 
73.51999955 -0.4989776 
73.55999955 -0.4989776 
73.59999955 -0.4989776 
73.67999955 -0.4989776 
73.71999955 -0.4989776 
73.75999955 -0.4989776 
73.79999955 -0.941496 
73.83999955 -0.4989776 
73.87999955 -0.4989776 
73.91999955 -0.4989776 
73.95999955 -0.941496 
73.99999955 -0.941496 
74.03999955 -0.941496 
74.07999955 -0.4989776 
74.11999955 -0.941496 
74.15999955 -0.941496 
74.19999955 -0.4989776 
74.23999955 -0.941496 
74.27999955 -0.941496 
74.31999955 -0.941496 
74.35999955 -0.941496 
74.39999955 -0.941496 
74.43999955 -0.941496 
74.47999955 -0.941496 
74.51999955 -0.941496 
74.55999955 -0.941496 
74.59999955 -0.941496 
74.63999955 -0.941496 
74.67999955 -0.941496 
74.71999955 -1.382488 
74.75999955 -1.382488 
74.79999955 -1.382488 
74.83999955 -0.941496 
74.87999954 -0.941496 
74.91999954 -1.382488 
74.95999954 -0.941496 
74.99999954 -1.382488 
75.03999954 -0.941496 
75.07999954 -1.825007 
75.11999954 -1.825007 
75.15999954 -1.382488 
75.19999954 -0.941496 
75.23999954 -1.382488 
75.27999954 -1.382488 
75.31999954 -0.941496 
75.35999954 -0.941496 
75.39999954 -0.941496 
75.43999954 -0.941496 
75.47999954 -0.941496 
75.51999954 -0.941496 
75.55999954 -0.941496 
75.59999954 -0.941496 
75.63999954 -0.941496 
75.67999954 -0.941496 
75.71999954 -0.941496 
75.75999954 -0.941496 
75.79999954 -0.941496 
75.83999954 -0.941496 
75.87999954 -0.4989776 
75.91999954 -0.941496 
75.95999954 -0.4989776 
75.99999954 -0.4989776 
76.03999954 -0.4989776 
76.07999954 -0.941496 
76.11999954 -0.4989776 
76.15999954 -0.4989776 
86.11999948 -0.4989776 
86.15999948 -0.4989776 
86.27999948 -0.4989776 
86.35999948 -0.4989776 
86.39999947 -0.4989776 
86.43999947 -0.4989776 
86.47999947 -0.4989776 
86.55999947 -0.4989776 
86.59999947 -0.4989776 
86.63999947 -0.4989776 
86.71999947 -0.4989776 
86.75999947 -0.4989776 
86.79999947 -0.4989776 
86.91999947 -0.4989776 
86.95999947 -0.4989776 
86.99999947 -0.4989776 
87.03999947 -0.4989776 
87.07999947 -0.4989776 
87.11999947 -0.4989776 
87.15999947 -0.4989776 
87.19999947 -0.4989776 
87.23999947 -0.4989776 
87.27999947 -0.4989776 
87.31999947 -0.4989776 
87.39999947 -0.4989776 
87.43999947 -0.4989776 
87.47999947 -0.4989776 
96.35999941 -0.4989776 
96.43999941 -0.4989776 
96.47999941 -0.4989776 
96.51999941 -0.4989776 
96.55999941 -0.4989776 
96.59999941 -0.4989776 
96.63999941 -0.4989776 
96.67999941 -0.941496 
96.71999941 -0.4989776 
96.75999941 -0.4989776 
96.79999941 -0.941496 
96.83999941 -0.4989776 
96.87999941 -0.4989776 
96.91999941 -0.4989776 
96.95999941 -0.941496 
96.99999941 -0.941496 
97.03999941 -0.4989776 
97.07999941 -0.941496 
97.11999941 -0.941496 
97.15999941 -0.941496 
97.19999941 -0.941496 
97.23999941 -0.941496 
97.27999941 -0.941496 
97.31999941 -0.941496 
97.35999941 -0.941496 
97.39999941 -0.941496 
97.43999941 -0.941496 
97.47999941 -0.941496 
97.51999941 -0.941496 
97.55999941 -0.941496 
97.59999941 -0.941496 
97.63999941 -0.941496 
97.67999941 -0.941496 
97.71999941 -0.941496 
97.75999941 -1.382488 
97.79999941 -0.941496 
97.83999941 -0.941496 
97.87999941 -0.941496 
97.9199994 -0.941496 
97.9599994 -0.941496 
97.9999994 -0.941496 
98.0399994 -0.941496 
98.0799994 -0.4989776 
98.1199994 -0.941496 
98.1599994 -0.941496 
98.1999994 -0.941496 
98.2399994 -0.941496 
98.2799994 -0.941496 
98.3199994 -0.4989776 
98.3599994 -0.941496 
98.3999994 -0.941496 
98.4399994 -0.4989776 
98.4799994 -0.941496 
98.5199994 -0.941496 
98.5599994 -0.4989776 
98.5999994 -0.4989776 
98.6399994 -0.941496 
98.6799994 -0.4989776 
98.7199994 -0.4989776 
98.7599994 -0.4989776 
98.7999994 -0.4989776 
98.8399994 -0.4989776 
98.8799994 -0.4989776 
98.9199994 -0.4989776 
98.9599994 -0.4989776 
98.9999994 -0.4989776 
99.0799994 -0.4989776 
99.1199994 -0.4989776 
99.1999994 -0.4989776 
100.91999939 -0.4989776 
102.03999938 -0.4989776 
102.07999938 -0.4989776 
102.15999938 -0.4989776 
102.23999938 -0.4989776 
102.27999938 -0.4989776 
102.31999938 -0.4989776 
102.35999938 -0.4989776 
102.39999938 -0.4989776 
102.43999938 -0.4989776 
102.47999938 -0.4989776 
102.51999938 -0.4989776 
102.55999938 -0.4989776 
102.59999938 -0.4989776 
102.63999938 -0.4989776 
102.67999938 -0.4989776 
102.71999938 -0.4989776 
102.75999938 -0.4989776 
102.79999938 -0.4989776 
102.83999937 -0.4989776 
102.87999937 -0.4989776 
102.95999937 -0.4989776 
112.19999932 -0.4989776 
112.23999932 -0.4989776 
112.31999932 -0.4989776 
112.39999932 -0.4989776 
112.43999932 -0.4989776 
112.47999932 -0.4989776 
112.51999932 -0.4989776 
112.55999932 -0.4989776 
112.59999932 -0.4989776 
112.63999932 -0.4989776 
112.67999932 -0.4989776 
112.71999931 -0.941496 
112.75999931 -0.941496 
112.79999931 -0.941496 
112.83999931 -0.4989776 
112.87999931 -0.941496 
112.91999931 -0.941496 
112.95999931 -0.941496 
112.99999931 -0.4989776 
113.03999931 -0.941496 
113.07999931 -0.941496 
113.11999931 -0.941496 
113.15999931 -0.941496 
113.19999931 -0.941496 
113.23999931 -0.941496 
113.27999931 -0.4989776 
113.31999931 -0.941496 
113.35999931 -0.941496 
113.39999931 -0.941496 
113.43999931 -0.941496 
113.47999931 -0.4989776 
113.51999931 -0.4989776 
113.55999931 -0.941496 
113.59999931 -0.941496 
113.63999931 -0.4989776 
113.67999931 -0.4989776 
113.71999931 -0.4989776 
113.75999931 -0.4989776 
113.83999931 -0.4989776 
113.87999931 -0.4989776 
113.91999931 -0.4989776 
113.95999931 -0.4989776 
119.39999927 -0.4989776 
119.59999927 -0.4989776 
119.63999927 -0.4989776 
119.71999927 -0.4989776 
119.79999927 -0.4989776 
119.83999927 -0.4989776 
119.87999927 -0.4989776 
119.91999927 -0.4989776 
119.95999927 -0.4989776 
119.99999927 -0.4989776 
123.31999925 -0.4989776 
123.35999925 -0.4989776 
123.39999925 -0.4989776 
123.43999925 -0.4989776 
123.47999925 -0.4989776 
123.51999925 -0.4989776 
123.55999925 -0.4989776 
123.59999925 -0.4989776 
123.63999925 -0.941496 
123.67999925 -0.941496 
123.71999925 -0.941496 
123.75999925 -0.941496 
123.79999925 -0.941496 
123.83999925 -0.941496 
123.87999925 -0.941496 
123.91999925 -0.941496 
123.95999925 -1.825007 
123.99999925 -0.941496 
124.03999925 -0.941496 
124.07999925 -1.382488 
124.11999925 -1.825007 
124.15999925 -0.941496 
124.19999925 -1.825007 
124.23999924 -1.825007 
124.27999924 -1.382488 
124.31999924 -1.825007 
124.35999924 -1.382488 
124.39999924 -1.382488 
124.43999924 -1.382488 
124.47999924 -1.825007 
124.51999924 -1.382488 
124.55999924 -1.825007 
124.59999924 -1.825007 
124.63999924 -1.825007 
124.67999924 -1.825007 
124.71999924 -1.382488 
124.75999924 -1.825007 
124.79999924 -1.825007 
124.83999924 -1.382488 
124.87999924 -1.825007 
124.91999924 -1.825007 
124.95999924 -1.825007 
124.99999924 -1.382488 
125.03999924 -1.825007 
125.07999924 -1.382488 
125.11999924 -1.825007 
125.15999924 -0.941496 
125.19999924 -1.382488 
125.23999924 -1.825007 
125.27999924 -1.382488 
125.31999924 -0.941496 
125.35999924 -0.941496 
125.39999924 -1.382488 
125.43999924 -0.941496 
125.47999924 -0.941496 
125.51999924 -0.941496 
125.55999924 -0.941496 
125.59999924 -0.941496 
125.63999924 -0.941496 
125.67999924 -0.941496 
125.71999924 -0.941496 
125.75999924 -0.941496 
125.79999924 -0.941496 
125.83999924 -0.941496 
125.87999923 -0.941496 
125.91999923 -0.4989776 
125.99999923 -0.4989776 
126.03999923 -0.4989776 
126.15999923 -0.4989776 
126.19999923 -0.4989776 
134.71999918 -0.4989776 
134.75999918 -0.4989776 
134.79999918 -0.4989776 
134.83999918 -0.4989776 
134.87999918 -0.4989776 
134.91999918 -0.4989776 
134.95999918 -0.941496 
134.99999918 -0.941496 
135.03999918 -0.941496 
135.07999918 -0.941496 
135.11999918 -0.941496 
135.15999918 -0.941496 
135.19999918 -0.941496 
135.23999918 -0.941496 
135.27999918 -0.941496 
135.31999918 -1.382488 
135.35999918 -1.825007 
135.39999918 -1.825007 
135.43999918 -1.825007 
135.47999918 -1.825007 
135.51999918 -1.825007 
135.55999918 -1.825007 
135.59999918 -1.825007 
135.63999918 -0.941496 
135.67999918 -1.825007 
135.71999918 -1.825007 
135.75999917 -1.825007 
135.79999917 -1.825007 
135.83999917 -1.825007 
135.87999917 -2.267525 
135.91999917 -1.825007 
135.95999917 -1.825007 
135.99999917 -1.825007 
136.03999917 -1.825007 
136.07999917 -1.825007 
136.11999917 -1.825007 
136.15999917 -1.825007 
136.19999917 -1.825007 
136.23999917 -1.825007 
136.27999917 -1.825007 
136.31999917 -1.825007 
136.35999917 -1.825007 
136.39999917 -1.825007 
136.43999917 -1.825007 
136.47999917 -1.382488 
136.51999917 -0.941496 
136.55999917 -1.382488 
136.59999917 -1.382488 
136.63999917 -0.941496 
136.67999917 -0.941496 
136.71999917 -0.941496 
136.75999917 -0.941496 
136.79999917 -0.941496 
136.83999917 -0.941496 
136.87999917 -0.941496 
136.91999917 -0.4989776 
136.95999917 -0.4989776 
136.99999917 -0.4989776 
137.03999917 -0.4989776 
137.07999917 -0.4989776 
137.11999917 -0.4989776 
146.95999911 -0.4989776 
146.99999911 -0.4989776 
147.03999911 -0.941496 
147.07999911 -0.4989776 
147.15999911 -0.4989776 
147.19999911 -0.4989776 
147.23999911 -0.4989776 
147.2799991 -0.4989776 
147.3199991 -0.4989776 
147.3599991 -0.4989776 
147.3999991 -0.4989776 
147.4399991 -0.941496 
147.4799991 -0.4989776 
147.5199991 -0.941496 
147.5599991 -0.4989776 
147.5999991 -0.941496 
147.6399991 -0.941496 
147.6799991 -0.941496 
147.7199991 -0.4989776 
147.7599991 -0.941496 
147.7999991 -0.4989776 
147.8399991 -0.941496 
147.8799991 -0.941496 
147.9199991 -0.941496 
147.9599991 -0.941496 
147.9999991 -0.4989776 
148.0399991 -0.4989776 
148.0799991 -0.4989776 
148.1199991 -0.941496 
148.1599991 -0.4989776 
148.1999991 -0.4989776 
148.2399991 -0.4989776 
148.2799991 -0.4989776 
148.3199991 -0.941496 
148.3599991 -0.4989776 
148.3999991 -0.4989776 
148.4399991 -0.4989776 
148.4799991 -0.941496 
148.5199991 -0.4989776 
148.5599991 -0.4989776 
148.5999991 -0.4989776 
148.6799991 -0.4989776 
148.7599991 -0.4989776 
151.11999908 -0.4989776 
151.19999908 -0.4989776 
151.27999908 -0.4989776 
151.31999908 -0.4989776 
151.35999908 -0.4989776 
151.39999908 -0.4989776 
151.43999908 -0.4989776 
151.47999908 -0.4989776 
151.51999908 -0.941496 
151.55999908 -0.941496 
151.59999908 -0.4989776 
151.63999908 -0.4989776 
151.67999908 -0.941496 
151.71999908 -0.4989776 
151.75999908 -0.941496 
151.79999908 -0.4989776 
151.83999908 -0.941496 
151.87999908 -0.941496 
151.91999908 -0.941496 
151.95999908 -0.4989776 
151.99999908 -0.4989776 
152.03999908 -0.941496 
152.07999908 -0.941496 
152.11999908 -0.941496 
152.15999908 -0.941496 
152.19999908 -0.941496 
152.23999907 -0.4989776 
152.27999907 -0.4989776 
152.31999907 -0.4989776 
152.35999907 -0.4989776 
152.39999907 -0.4989776 
152.43999907 -0.4989776 
152.47999907 -0.941496 
152.51999907 -0.4989776 
152.55999907 -0.4989776 
152.59999907 -0.4989776 
152.67999907 -0.4989776 
152.71999907 -0.4989776 
152.75999907 -0.4989776 
157.39999904 -0.4989776 
157.79999904 -0.4989776 
157.95999904 -0.4989776 
158.15999904 -0.4989776 
158.19999904 -0.4989776 
158.23999904 -0.4989776 
158.27999904 -0.4989776 
158.31999904 -1.825007 
158.43999904 -0.941496 
158.47999904 -0.941496 
158.59999904 -0.941496 
158.79999903 -0.941496 
158.83999903 -0.941496 
159.11999903 -0.941496 
159.79999903 -0.4989776 
172.71999895 -0.4989776 
172.83999895 -0.4989776 
172.87999895 -0.4989776 
172.91999895 -0.4989776 
172.95999895 -0.4989776 
172.99999895 -0.4989776 
173.03999895 -0.4989776 
173.07999895 -0.4989776 
173.11999895 -0.4989776 
173.19999895 -0.941496 
173.23999895 -0.941496 
173.27999895 -0.941496 
173.31999895 -0.941496 
173.35999895 -0.941496 
173.39999895 -0.941496 
173.43999895 -0.941496 
173.47999895 -0.941496 
173.51999895 -0.941496 
173.55999895 -0.941496 
173.59999894 -0.941496 
173.63999894 -0.941496 
173.67999894 -0.941496 
173.71999894 -0.941496 
173.75999894 -0.941496 
173.79999894 -0.941496 
173.83999894 -0.941496 
173.87999894 -0.941496 
173.91999894 -0.941496 
173.95999894 -0.941496 
173.99999894 -0.941496 
174.03999894 -0.941496 
174.07999894 -0.941496 
174.11999894 -0.941496 
174.15999894 -0.941496 
174.19999894 -0.941496 
174.23999894 -0.941496 
174.27999894 -0.941496 
174.31999894 -0.941496 
174.35999894 -0.941496 
174.39999894 -0.4989776 
174.43999894 -0.941496 
174.47999894 -0.941496 
174.51999894 -0.4989776 
174.55999894 -0.4989776 
174.59999894 -0.4989776 
174.63999894 -0.4989776 
174.67999894 -0.4989776 
174.71999894 -0.4989776 
174.75999894 -0.4989776 
174.79999894 -0.4989776 
174.87999894 -0.4989776 
184.19999888 -0.4989776 
184.23999888 -0.4989776 
184.27999888 -0.4989776 
184.31999888 -0.4989776 
184.35999888 -0.4989776 
184.39999888 -0.4989776 
184.43999888 -0.4989776 
184.47999888 -0.4989776 
184.51999888 -0.941496 
184.55999888 -0.941496 
184.59999888 -0.941496 
184.63999888 -0.941496 
184.67999888 -0.941496 
184.71999888 -1.382488 
184.75999888 -2.267525 
184.79999888 -0.941496 
184.83999888 -0.941496 
184.87999888 -1.825007 
184.91999888 -1.825007 
184.95999888 -0.941496 
184.99999888 -1.825007 
185.03999888 -1.825007 
185.07999888 -0.941496 
185.11999887 -0.941496 
185.15999887 -0.941496 
185.19999887 -0.941496 
185.23999887 -2.708518 
185.27999887 -2.708518 
185.31999887 -0.941496 
185.35999887 -0.941496 
185.39999887 -2.267525 
185.43999887 -1.825007 
185.47999887 -0.941496 
185.51999887 -1.825007 
185.55999887 -2.267525 
185.59999887 -1.382488 
185.63999887 -0.941496 
185.67999887 -1.382488 
185.71999887 -1.825007 
185.75999887 -1.825007 
185.79999887 -1.382488 
185.83999887 -0.941496 
185.87999887 -1.382488 
185.91999887 -0.4989776 
185.95999887 -1.382488 
185.99999887 -1.382488 
186.03999887 -0.941496 
186.07999887 -1.382488 
186.11999887 -0.941496 
186.15999887 -0.941496 
186.19999887 -0.941496 
186.23999887 -0.941496 
186.27999887 -0.941496 
186.31999887 -0.941496 
186.35999887 -0.941496 
186.39999887 -0.941496 
186.43999887 -0.941496 
186.47999887 -0.941496 
186.51999887 -0.941496 
186.55999887 -0.941496 
186.59999887 -0.941496 
186.63999887 -0.4989776 
186.67999887 -0.4989776 
186.71999887 -0.4989776 
186.75999886 -0.4989776 
186.79999886 -0.4989776 
186.83999886 -0.4989776 
186.87999886 -0.4989776 
186.91999886 -0.4989776 
186.99999886 -0.4989776 
187.03999886 -0.4989776 
187.07999886 -0.4989776 
187.11999886 -0.4989776 
187.19999886 -0.4989776 
195.75999881 -0.4989776 
195.87999881 -0.4989776 
195.91999881 -0.4989776 
195.95999881 -0.4989776 
195.99999881 -0.4989776 
196.03999881 -0.4989776 
196.07999881 -0.4989776 
196.11999881 -0.4989776 
196.15999881 -0.4989776 
196.19999881 -0.4989776 
196.23999881 -0.941496 
196.27999881 -0.941496 
196.31999881 -0.941496 
196.35999881 -0.4989776 
196.39999881 -0.4989776 
196.43999881 -0.4989776 
196.47999881 -0.941496 
196.51999881 -0.4989776 
196.55999881 -0.4989776 
196.59999881 -0.941496 
196.6399988 -0.4989776 
196.6799988 -0.4989776 
196.7199988 -0.4989776 
196.7599988 -0.4989776 
196.7999988 -0.4989776 
196.8399988 -0.941496 
196.8799988 -0.4989776 
196.9199988 -0.4989776 
196.9599988 -0.4989776 
196.9999988 -0.4989776 
197.0399988 -0.4989776 
197.0799988 -0.4989776 
197.1199988 -0.4989776 
197.1599988 -0.4989776 
197.1999988 -0.4989776 
197.2399988 -0.4989776 
197.2799988 -0.4989776 
197.3199988 -0.4989776 
197.3599988 -0.4989776 
197.3999988 -0.4989776 
197.5199988 -0.4989776 
0 0 
