0.64 -0.941496 
0.68 -0.941496 
1.15999999 -0.4989776 
1.19999999 -0.941496 
2.27999999 -0.4989776 
2.75999998 -0.4989776 
3.27999998 -2.708518 
3.31999998 -0.4989776 
3.39999998 -0.941496 
4.31999997 -0.4989776 
4.83999997 -0.4989776 
6.87999996 -0.4989776 
7.51999995 -0.4989776 
7.55999995 -0.941496 
7.59999995 -1.825007 
7.63999995 -1.825007 
7.67999995 -4.034547 
7.71999995 -3.151036 
8.07999995 -0.941496 
8.11999995 -4.477065 
8.15999995 -2.267525 
8.27999995 -0.4989776 
8.39999995 -3.151036 
8.43999995 -1.825007 
8.55999995 -2.267525 
8.59999995 -0.941496 
8.71999995 -0.941496 
8.75999995 -0.941496 
8.79999995 -0.4989776 
8.83999995 -0.4989776 
8.87999995 -0.941496 
8.91999995 -0.941496 
8.95999995 -0.4989776 
9.03999995 -0.941496 
9.07999994 -0.4989776 
9.15999994 -0.4989776 
9.19999994 -0.941496 
9.23999994 -0.941496 
9.27999994 -0.4989776 
9.31999994 -0.4989776 
9.35999994 -0.4989776 
9.51999994 -0.4989776 
9.55999994 -0.941496 
9.59999994 -0.941496 
9.63999994 -0.941496 
9.67999994 -0.4989776 
9.75999994 -0.4989776 
9.79999994 -0.4989776 
9.83999994 -0.4989776 
9.87999994 -0.4989776 
9.91999994 -0.4989776 
9.99999994 -0.4989776 
10.03999994 -0.4989776 
10.07999994 -0.941496 
10.11999994 -0.4989776 
10.35999994 -0.4989776 
10.43999994 -0.4989776 
10.51999994 -0.4989776 
10.55999994 -0.941496 
10.79999993 -0.4989776 
10.83999993 -0.941496 
11.19999993 -0.4989776 
11.23999993 -0.941496 
11.27999993 -0.4989776 
11.83999993 -0.941496 
11.87999993 -0.4989776 
12.35999992 -0.4989776 
12.47999992 -0.4989776 
12.51999992 -0.941496 
12.71999992 -0.4989776 
12.75999992 -0.4989776 
12.95999992 -0.4989776 
12.99999992 -0.4989776 
13.27999992 -0.4989776 
13.39999992 -0.941496 
13.55999992 -0.4989776 
14.15999991 -0.4989776 
14.19999991 -0.4989776 
14.39999991 -0.4989776 
14.43999991 -0.4989776 
19.71999988 -0.4989776 
19.91999988 -0.941496 
19.95999988 -1.825007 
20.11999988 -0.4989776 
20.15999988 -0.4989776 
20.19999988 -0.4989776 
20.55999988 -0.4989776 
21.03999987 -0.4989776 
21.07999987 -0.4989776 
21.35999987 -0.941496 
21.39999987 -1.825007 
21.43999987 -0.941496 
21.63999987 -0.4989776 
21.75999987 -0.941496 
21.79999987 -0.4989776 
22.23999986 -0.4989776 
22.27999986 -0.4989776 
22.55999986 -0.4989776 
22.71999986 -0.4989776 
23.35999986 -0.4989776 
24.27999985 -0.4989776 
24.55999985 -1.825007 
24.59999985 -0.941496 
24.71999985 -0.4989776 
24.75999985 -0.941496 
24.91999985 -0.4989776 
24.95999985 -1.382488 
24.99999985 -0.941496 
25.15999985 -0.941496 
25.27999985 -0.941496 
25.31999985 -0.941496 
25.43999985 -1.382488 
25.47999985 -0.941496 
25.51999984 -0.4989776 
25.67999984 -0.4989776 
25.71999984 -1.825007 
25.75999984 -2.267525 
25.87999984 -0.941496 
25.91999984 -1.825007 
26.03999984 -0.4989776 
26.15999984 -0.941496 
26.19999984 -0.941496 
26.23999984 -0.4989776 
26.39999984 -0.4989776 
26.63999984 -1.825007 
26.67999984 -2.267525 
26.79999984 -0.4989776 
26.95999984 -0.4989776 
27.03999984 -0.4989776 
27.07999984 -0.4989776 
27.11999984 -0.4989776 
28.47999983 -1.825007 
28.51999983 -2.267525 
28.63999983 -0.4989776 
28.67999983 -0.4989776 
28.91999982 -0.4989776 
29.79999982 -0.4989776 
29.83999982 -0.941496 
30.03999982 -0.4989776 
30.27999982 -0.941496 
30.31999982 -0.941496 
30.43999982 -0.4989776 
30.47999981 -0.4989776 
30.71999981 -0.4989776 
30.75999981 -0.4989776 
30.95999981 -0.4989776 
30.99999981 -0.4989776 
31.19999981 -0.4989776 
31.43999981 -0.4989776 
31.51999981 -0.941496 
31.55999981 -1.382488 
31.83999981 -0.4989776 
31.87999981 -0.4989776 
32.1599998 -0.4989776 
32.3199998 -0.4989776 
32.5999998 -0.4989776 
32.7199998 -0.941496 
32.8399998 -4.477065 
32.9999998 -4.477065 
33.0399998 -0.941496 
33.1199998 -0.941496 
33.3199998 -4.034547 
33.3599998 -2.267525 
33.4799998 -2.708518 
33.5999998 -1.825007 
33.6399998 -1.825007 
33.75999979 -0.941496 
33.79999979 -0.4989776 
33.91999979 -0.941496 
33.95999979 -1.825007 
33.99999979 -0.4989776 
34.11999979 -0.941496 
34.15999979 -0.941496 
34.27999979 -0.4989776 
34.39999979 -0.941496 
34.43999979 -0.941496 
34.55999979 -0.4989776 
34.59999979 -0.941496 
34.63999979 -0.4989776 
34.71999979 -0.4989776 
34.75999979 -0.4989776 
34.83999979 -0.4989776 
34.87999979 -0.4989776 
34.91999979 -0.4989776 
35.03999979 -0.941496 
35.07999979 -0.941496 
35.11999979 -0.941496 
35.15999979 -0.941496 
35.19999979 -0.4989776 
35.39999978 -0.4989776 
35.43999978 -0.941496 
35.59999978 -0.4989776 
35.63999978 -0.4989776 
35.67999978 -0.4989776 
35.71999978 -0.941496 
35.75999978 -0.941496 
35.79999978 -0.4989776 
35.91999978 -0.941496 
35.95999978 -0.941496 
35.99999978 -0.4989776 
36.23999978 -0.4989776 
36.27999978 -0.4989776 
36.31999978 -0.4989776 
36.39999978 -0.4989776 
36.43999978 -0.4989776 
36.67999978 -0.4989776 
36.71999978 -0.4989776 
36.87999978 -0.4989776 
37.63999977 -0.4989776 
42.55999974 -0.4989776 
42.59999974 -0.4989776 
45.15999973 -0.4989776 
46.43999972 -0.4989776 
46.47999972 -0.4989776 
46.51999972 -0.4989776 
46.55999972 -0.4989776 
46.71999972 -0.4989776 
46.75999972 -0.941496 
46.79999972 -0.941496 
46.91999971 -0.4989776 
46.95999971 -0.941496 
46.99999971 -0.941496 
47.03999971 -0.4989776 
47.19999971 -0.941496 
47.23999971 -1.382488 
47.39999971 -1.382488 
47.43999971 -0.4989776 
47.59999971 -0.4989776 
47.63999971 -0.941496 
47.67999971 -0.4989776 
47.71999971 -0.4989776 
47.87999971 -0.4989776 
48.11999971 -0.941496 
48.15999971 -0.941496 
48.51999971 -0.4989776 
49.0399997 -0.941496 
49.2799997 -0.4989776 
51.27999969 -0.4989776 
51.31999969 -0.4989776 
51.51999969 -0.4989776 
51.75999969 -0.941496 
51.79999969 -0.4989776 
51.95999968 -0.4989776 
51.99999968 -0.941496 
52.03999968 -0.941496 
52.19999968 -0.941496 
52.23999968 -0.4989776 
52.47999968 -0.4989776 
52.51999968 -0.4989776 
52.79999968 -2.708518 
52.83999968 -2.267525 
52.95999968 -0.4989776 
53.15999968 -1.382488 
53.39999968 -0.4989776 
53.43999968 -0.4989776 
53.75999967 -1.825007 
53.79999967 -1.825007 
53.91999967 -0.4989776 
56.15999966 -0.4989776 
56.83999965 -0.4989776 
57.31999965 -0.4989776 
57.35999965 -0.4989776 
57.39999965 -0.4989776 
57.55999965 -0.4989776 
57.59999965 -0.941496 
57.71999965 -0.4989776 
57.75999965 -0.941496 
57.79999965 -0.941496 
57.83999965 -0.4989776 
57.87999965 -0.4989776 
57.99999965 -1.825007 
58.03999965 -1.382488 
58.07999965 -0.941496 
58.11999965 -4.034547 
58.15999965 -4.477065 
58.55999964 -0.4989776 
58.59999964 -5.360576 
58.63999964 -4.034547 
58.75999964 -0.941496 
58.87999964 -3.151036 
58.91999964 -1.825007 
59.03999964 -1.825007 
59.07999964 -0.941496 
59.19999964 -0.4989776 
59.23999964 -0.941496 
59.27999964 -0.941496 
59.35999964 -0.4989776 
59.39999964 -0.941496 
59.43999964 -0.941496 
59.55999964 -0.941496 
59.71999964 -0.941496 
59.75999964 -0.4989776 
59.83999964 -0.4989776 
59.87999964 -0.4989776 
59.91999964 -0.4989776 
60.03999964 -0.941496 
60.07999963 -0.4989776 
60.19999963 -0.4989776 
60.23999963 -0.4989776 
60.31999963 -0.4989776 
60.51999963 -0.4989776 
60.63999963 -0.4989776 
60.99999963 -0.4989776 
61.87999962 -1.382488 
62.15999962 -0.4989776 
62.31999962 -0.4989776 
62.95999962 -0.4989776 
62.99999962 -0.4989776 
63.43999961 -0.4989776 
63.47999961 -0.4989776 
63.51999961 -0.4989776 
63.75999961 -0.4989776 
63.91999961 -0.4989776 
63.95999961 -0.4989776 
64.15999961 -0.4989776 
64.23999961 -0.4989776 
64.27999961 -0.4989776 
64.31999961 -0.4989776 
65.4799996 -0.4989776 
65.5599996 -1.825007 
65.5999996 -0.941496 
70.27999957 -0.4989776 
71.63999956 -0.941496 
71.67999956 -0.4989776 
71.99999956 -0.4989776 
72.03999956 -0.941496 
72.07999956 -0.4989776 
72.35999956 -0.4989776 
72.39999956 -0.4989776 
72.63999956 -0.4989776 
72.87999956 -0.4989776 
73.11999956 -0.4989776 
73.15999956 -0.4989776 
73.43999955 -0.4989776 
73.47999955 -0.4989776 
73.51999955 -0.4989776 
73.59999955 -0.4989776 
73.87999955 -0.4989776 
73.91999955 -0.4989776 
73.95999955 -0.4989776 
73.99999955 -0.4989776 
74.03999955 -0.941496 
74.19999955 -0.4989776 
74.23999955 -0.4989776 
74.27999955 -0.4989776 
74.43999955 -0.4989776 
74.47999955 -0.941496 
74.67999955 -0.4989776 
74.71999955 -0.941496 
74.75999955 -0.941496 
74.95999954 -0.941496 
75.19999954 -0.4989776 
75.79999954 -0.4989776 
78.47999952 -0.4989776 
78.91999952 -0.941496 
78.95999952 -2.708518 
79.27999952 -0.941496 
79.31999952 -3.151036 
79.35999952 -0.941496 
79.47999952 -0.4989776 
79.51999952 -0.4989776 
79.55999952 -0.941496 
79.59999952 -0.941496 
79.71999952 -0.941496 
79.87999951 -0.4989776 
79.91999951 -0.941496 
79.95999951 -0.941496 
79.99999951 -0.4989776 
80.11999951 -0.4989776 
80.15999951 -0.4989776 
80.19999951 -0.4989776 
80.35999951 -0.941496 
80.39999951 -0.941496 
80.43999951 -0.4989776 
80.47999951 -0.4989776 
80.55999951 -0.4989776 
80.59999951 -0.941496 
80.75999951 -0.941496 
80.79999951 -0.941496 
80.99999951 -0.941496 
81.15999951 -0.4989776 
81.31999951 -0.941496 
81.35999951 -0.4989776 
81.5999995 -0.4989776 
81.6399995 -0.4989776 
82.0799995 -0.941496 
82.1199995 -0.4989776 
83.23999949 -0.4989776 
83.27999949 -0.4989776 
83.55999949 -3.151036 
83.71999949 -8.012634 
83.83999949 -2.708518 
83.87999949 -0.4989776 
83.91999949 -0.4989776 
84.03999949 -2.708518 
84.07999949 -3.593554 
84.19999949 -1.825007 
84.31999949 -0.941496 
84.35999949 -3.151036 
84.39999949 -0.4989776 
84.51999949 -2.267525 
84.55999949 -0.941496 
84.67999949 -0.941496 
84.71999949 -0.941496 
84.83999948 -0.941496 
84.87999948 -0.941496 
84.95999948 -0.4989776 
84.99999948 -0.941496 
85.03999948 -0.941496 
85.15999948 -0.4989776 
85.19999948 -2.267525 
85.23999948 -2.267525 
85.27999948 -1.825007 
85.31999948 -0.4989776 
85.43999948 -1.382488 
85.47999948 -0.941496 
85.55999948 -0.4989776 
85.59999948 -0.4989776 
85.63999948 -0.941496 
85.67999948 -1.382488 
85.71999948 -0.941496 
85.75999948 -0.4989776 
85.79999948 -0.941496 
85.83999948 -0.941496 
85.87999948 -0.4989776 
85.91999948 -0.4989776 
85.95999948 -0.4989776 
85.99999948 -0.4989776 
86.03999948 -0.941496 
86.07999948 -0.941496 
86.11999948 -0.941496 
86.15999948 -0.941496 
86.19999948 -1.382488 
86.23999948 -0.4989776 
86.31999948 -0.4989776 
86.35999948 -0.4989776 
86.39999947 -0.941496 
86.43999947 -0.4989776 
86.47999947 -0.4989776 
86.51999947 -0.941496 
86.55999947 -0.941496 
86.59999947 -0.4989776 
86.63999947 -0.4989776 
86.67999947 -0.941496 
86.79999947 -0.941496 
86.83999947 -0.4989776 
86.87999947 -0.4989776 
86.91999947 -0.941496 
86.95999947 -0.941496 
86.99999947 -0.4989776 
87.03999947 -0.4989776 
87.07999947 -0.941496 
87.23999947 -0.4989776 
87.27999947 -0.4989776 
87.31999947 -0.941496 
87.43999947 -0.4989776 
87.55999947 -0.4989776 
87.71999947 -0.4989776 
87.75999947 -0.4989776 
90.95999945 -0.4989776 
91.67999944 -1.825007 
91.71999944 -3.151036 
91.87999944 -3.593554 
91.91999944 -0.941496 
92.15999944 -0.4989776 
92.19999944 -0.4989776 
92.23999944 -0.4989776 
92.43999944 -0.4989776 
92.47999944 -0.4989776 
94.59999943 -0.4989776 
96.19999942 -0.4989776 
96.23999942 -0.941496 
96.27999941 -0.4989776 
96.51999941 -0.4989776 
96.55999941 -0.4989776 
96.67999941 -0.4989776 
96.71999941 -0.941496 
96.91999941 -0.4989776 
96.95999941 -0.941496 
96.99999941 -1.382488 
97.31999941 -0.4989776 
97.35999941 -0.4989776 
97.39999941 -0.4989776 
97.43999941 -0.4989776 
97.75999941 -0.4989776 
97.87999941 -0.4989776 
97.9199994 -0.941496 
98.0799994 -0.941496 
98.1199994 -0.941496 
98.3199994 -0.4989776 
98.3599994 -0.4989776 
99.4399994 -0.4989776 
102.63999938 -0.4989776 
102.67999938 -0.941496 
103.15999937 -0.4989776 
104.79999936 -3.593554 
104.95999936 -0.941496 
105.11999936 -0.4989776 
106.27999935 -0.4989776 
106.31999935 -0.4989776 
106.59999935 -0.941496 
106.63999935 -0.941496 
107.19999935 -0.4989776 
107.23999935 -0.4989776 
107.43999935 -0.4989776 
107.47999935 -0.4989776 
107.51999935 -0.4989776 
107.67999935 -0.4989776 
107.71999935 -0.4989776 
107.79999934 -0.4989776 
107.83999934 -0.941496 
107.87999934 -0.4989776 
107.91999934 -0.4989776 
107.95999934 -0.941496 
107.99999934 -0.4989776 
108.03999934 -0.4989776 
108.07999934 -0.4989776 
108.15999934 -0.4989776 
108.19999934 -0.4989776 
108.23999934 -0.4989776 
108.27999934 -0.4989776 
108.31999934 -0.4989776 
108.39999934 -0.4989776 
108.43999934 -0.941496 
108.51999934 -0.4989776 
108.55999934 -0.4989776 
108.63999934 -0.4989776 
108.67999934 -0.941496 
108.79999934 -0.4989776 
108.83999934 -0.941496 
108.87999934 -0.4989776 
108.91999934 -0.941496 
109.03999934 -0.4989776 
109.07999934 -4.034547 
109.23999934 -8.896146 
109.35999934 -2.708518 
109.39999934 -0.941496 
109.43999933 -0.941496 
109.47999933 -0.941496 
109.55999933 -2.267525 
109.59999933 -3.593554 
109.63999933 -0.941496 
109.67999933 -0.4989776 
109.71999933 -1.825007 
109.75999933 -0.4989776 
109.83999933 -1.382488 
109.87999933 -3.593554 
109.91999933 -0.941496 
109.99999933 -0.4989776 
110.03999933 -1.825007 
110.19999933 -0.941496 
110.23999933 -0.941496 
110.39999933 -1.825007 
110.43999933 -0.941496 
110.47999933 -0.4989776 
110.51999933 -0.4989776 
110.67999933 -0.941496 
110.71999933 -0.941496 
110.99999933 -0.4989776 
111.03999933 -0.4989776 
111.15999932 -0.4989776 
111.19999932 -0.4989776 
111.51999932 -0.4989776 
111.59999932 -0.4989776 
111.63999932 -0.4989776 
111.91999932 -0.4989776 
112.19999932 -0.941496 
112.23999932 -0.4989776 
112.39999932 -0.4989776 
112.43999932 -1.825007 
112.47999932 -1.825007 
112.63999932 -0.4989776 
112.67999932 -1.825007 
112.71999931 -0.941496 
112.91999931 -0.4989776 
112.95999931 -0.4989776 
113.11999931 -0.4989776 
113.15999931 -0.941496 
113.19999931 -0.4989776 
113.27999931 -0.4989776 
113.39999931 -0.4989776 
113.43999931 -0.941496 
113.63999931 -0.4989776 
114.03999931 -0.4989776 
114.07999931 -0.941496 
114.11999931 -0.4989776 
114.31999931 -0.4989776 
114.3599993 -0.4989776 
114.3999993 -0.941496 
115.2799993 -0.4989776 
116.67999929 -0.4989776 
117.27999929 -0.4989776 
117.31999929 -0.4989776 
117.67999928 -0.4989776 
117.71999928 -0.941496 
117.87999928 -0.941496 
117.99999928 -0.4989776 
118.15999928 -0.941496 
118.19999928 -4.034547 
118.35999928 -0.4989776 
118.47999928 -0.941496 
118.51999928 -0.941496 
118.63999928 -0.4989776 
118.79999928 -0.4989776 
118.83999928 -0.4989776 
118.87999928 -0.4989776 
118.91999928 -0.4989776 
118.95999928 -0.4989776 
119.11999928 -0.4989776 
119.15999928 -0.4989776 
119.19999928 -0.4989776 
119.23999928 -0.4989776 
119.27999928 -0.941496 
119.31999927 -0.4989776 
119.51999927 -0.4989776 
119.63999927 -0.4989776 
119.67999927 -0.4989776 
119.71999927 -0.4989776 
119.99999927 -0.4989776 
120.11999927 -0.4989776 
120.15999927 -0.4989776 
121.67999926 -0.4989776 
122.11999926 -0.4989776 
122.15999926 -0.4989776 
122.55999926 -0.941496 
122.59999925 -1.382488 
122.75999925 -0.4989776 
122.79999925 -0.941496 
122.83999925 -0.4989776 
123.27999925 -0.4989776 
123.31999925 -0.4989776 
123.63999925 -0.4989776 
123.67999925 -0.4989776 
123.79999925 -0.4989776 
123.95999925 -0.4989776 
124.11999925 -0.941496 
124.23999924 -0.4989776 
124.39999924 -0.941496 
124.43999924 -0.4989776 
125.31999924 -0.4989776 
125.35999924 -0.4989776 
130.51999921 -0.4989776 
130.55999921 -0.4989776 
130.75999921 -0.4989776 
130.79999921 -0.4989776 
130.9599992 -0.4989776 
131.0799992 -0.941496 
131.1199992 -4.477065 
131.1599992 -1.825007 
131.2799992 -0.4989776 
131.3999992 -0.941496 
131.4399992 -0.4989776 
131.8799992 -0.4989776 
132.1199992 -0.4989776 
132.1599992 -0.4989776 
132.2799992 -0.4989776 
132.47999919 -0.4989776 
132.99999919 -0.4989776 
133.03999919 -0.4989776 
133.07999919 -0.4989776 
133.11999919 -0.4989776 
133.35999919 -0.4989776 
133.39999919 -0.941496 
133.43999919 -0.4989776 
133.67999919 -0.4989776 
133.71999919 -0.4989776 
133.83999919 -0.4989776 
133.87999919 -0.4989776 
133.91999919 -0.4989776 
133.95999919 -0.4989776 
134.15999918 -0.4989776 
134.19999918 -0.4989776 
134.23999918 -0.941496 
134.27999918 -0.941496 
134.31999918 -0.4989776 
134.39999918 -0.4989776 
134.43999918 -0.4989776 
134.55999918 -0.941496 
134.59999918 -1.825007 
134.63999918 -2.267525 
134.67999918 -2.267525 
134.71999918 -5.360576 
134.75999918 -4.477065 
134.91999918 -0.941496 
134.95999918 -1.382488 
135.15999918 -4.034547 
135.19999918 -2.267525 
135.31999918 -0.941496 
135.43999918 -3.151036 
135.47999918 -1.382488 
135.59999918 -2.267525 
135.63999918 -0.4989776 
135.71999918 -0.4989776 
135.75999917 -2.267525 
135.79999917 -1.382488 
135.95999917 -2.267525 
135.99999917 -0.941496 
136.11999917 -0.4989776 
136.15999917 -0.941496 
136.19999917 -0.4989776 
136.31999917 -0.4989776 
136.35999917 -0.4989776 
136.59999917 -0.4989776 
136.79999917 -0.4989776 
136.83999917 -0.4989776 
137.19999917 -0.4989776 
139.79999915 -0.4989776 
139.83999915 -0.4989776 
139.95999915 -0.4989776 
140.07999915 -0.4989776 
140.11999915 -0.941496 
140.27999915 -0.4989776 
140.43999915 -0.4989776 
140.51999915 -0.4989776 
140.67999915 -0.941496 
140.71999914 -0.4989776 
140.75999914 -0.4989776 
141.15999914 -0.4989776 
141.19999914 -0.4989776 
141.55999914 -0.941496 
142.35999913 -0.4989776 
142.91999913 -0.941496 
142.95999913 -0.941496 
143.87999913 -2.708518 
143.91999913 -2.708518 
144.47999912 -1.825007 
144.63999912 -1.825007 
144.75999912 -0.4989776 
144.79999912 -0.941496 
144.83999912 -0.941496 
144.87999912 -0.4989776 
145.03999912 -0.4989776 
145.07999912 -0.941496 
145.11999912 -0.941496 
145.23999912 -0.4989776 
145.27999912 -0.941496 
145.31999912 -0.941496 
145.39999912 -0.4989776 
145.43999912 -0.941496 
145.51999912 -0.4989776 
145.55999912 -0.941496 
145.59999912 -0.941496 
145.63999911 -0.4989776 
145.67999911 -0.4989776 
145.71999911 -0.4989776 
145.75999911 -0.4989776 
145.83999911 -0.4989776 
145.87999911 -0.4989776 
145.91999911 -0.4989776 
145.95999911 -0.4989776 
145.99999911 -0.941496 
146.03999911 -0.941496 
146.07999911 -0.941496 
146.31999911 -0.941496 
146.35999911 -1.382488 
146.39999911 -0.4989776 
146.47999911 -0.4989776 
146.51999911 -0.4989776 
146.55999911 -0.4989776 
146.59999911 -0.4989776 
146.63999911 -0.4989776 
146.71999911 -0.941496 
146.75999911 -0.941496 
146.91999911 -0.4989776 
146.95999911 -0.4989776 
147.07999911 -0.4989776 
147.11999911 -0.4989776 
147.15999911 -0.4989776 
147.9199991 -0.4989776 
149.71999909 -0.4989776 
151.11999908 -0.941496 
152.39999907 -0.4989776 
152.43999907 -0.4989776 
154.55999906 -0.4989776 
155.83999905 -0.4989776 
155.87999905 -4.477065 
155.91999905 -0.941496 
156.15999905 -0.4989776 
156.79999905 -0.4989776 
156.83999905 -0.4989776 
156.87999905 -0.4989776 
157.07999905 -0.4989776 
157.15999904 -0.4989776 
157.27999904 -0.4989776 
157.31999904 -0.941496 
157.35999904 -0.941496 
157.39999904 -0.941496 
157.63999904 -0.4989776 
157.71999904 -1.382488 
157.75999904 -2.267525 
157.79999904 -1.382488 
157.95999904 -0.941496 
157.99999904 -0.4989776 
158.07999904 -0.4989776 
158.11999904 -0.941496 
158.15999904 -0.4989776 
158.31999904 -0.4989776 
158.51999904 -0.4989776 
158.63999904 -0.4989776 
158.83999903 -0.4989776 
158.87999903 -0.4989776 
158.91999903 -0.4989776 
159.15999903 -0.4989776 
159.35999903 -0.4989776 
159.39999903 -0.4989776 
160.07999903 -0.4989776 
160.11999903 -3.593554 
160.27999903 -8.012634 
160.39999903 -1.825007 
160.47999902 -0.4989776 
160.59999902 -2.267525 
160.63999902 -2.267525 
160.75999902 -2.708518 
160.79999902 -0.4989776 
160.91999902 -2.708518 
160.95999902 -1.382488 
161.07999902 -0.4989776 
161.23999902 -0.4989776 
161.27999902 -0.941496 
161.39999902 -0.4989776 
161.43999902 -0.941496 
161.55999902 -0.4989776 
161.59999902 -0.4989776 
161.71999902 -0.4989776 
161.75999902 -0.4989776 
161.87999902 -0.941496 
162.07999901 -0.4989776 
162.11999901 -0.4989776 
162.15999901 -0.4989776 
162.27999901 -0.4989776 
162.31999901 -0.4989776 
162.51999901 -0.4989776 
162.55999901 -0.4989776 
162.59999901 -0.4989776 
162.79999901 -0.4989776 
162.95999901 -0.4989776 
163.11999901 -0.4989776 
163.15999901 -0.941496 
163.19999901 -0.4989776 
163.35999901 -0.4989776 
163.39999901 -0.941496 
163.43999901 -0.4989776 
163.719999 -0.4989776 
163.959999 -0.4989776 
164.159999 -0.4989776 
165.79999899 -0.4989776 
166.59999899 -0.4989776 
167.03999898 -0.4989776 
167.43999898 -0.4989776 
167.47999898 -0.4989776 
167.79999898 -0.4989776 
167.91999898 -0.4989776 
167.95999898 -0.4989776 
168.15999898 -0.4989776 
168.19999898 -0.4989776 
168.23999898 -0.4989776 
168.27999898 -0.941496 
168.35999898 -0.4989776 
168.51999898 -0.4989776 
168.55999898 -0.941496 
168.59999898 -0.4989776 
168.71999897 -0.4989776 
168.75999897 -0.4989776 
168.83999897 -0.4989776 
168.87999897 -0.4989776 
168.99999897 -0.941496 
169.03999897 -0.941496 
169.07999897 -0.4989776 
169.11999897 -0.941496 
169.15999897 -0.941496 
169.35999897 -0.4989776 
169.39999897 -0.941496 
169.43999897 -0.941496 
169.47999897 -0.941496 
169.51999897 -0.941496 
169.59999897 -0.4989776 
169.63999897 -0.4989776 
169.75999897 -0.4989776 
169.79999897 -0.4989776 
169.83999897 -0.4989776 
169.87999897 -0.4989776 
169.91999897 -0.941496 
170.07999897 -2.267525 
170.11999897 -0.941496 
170.19999897 -0.941496 
170.23999897 -0.941496 
170.35999896 -0.941496 
170.55999896 -0.4989776 
170.59999896 -0.941496 
170.63999896 -0.4989776 
170.91999896 -2.267525 
170.95999896 -0.941496 
171.03999896 -0.941496 
171.07999896 -0.941496 
171.55999896 -0.4989776 
171.75999896 -0.4989776 
171.79999896 -0.4989776 
171.91999896 -0.4989776 
172.19999895 -0.4989776 
172.23999895 -0.4989776 
173.11999895 -0.4989776 
173.27999895 -1.825007 
173.31999895 -1.825007 
173.51999895 -0.4989776 
173.55999895 -0.4989776 
173.83999894 -0.941496 
173.87999894 -0.4989776 
174.19999894 -0.4989776 
174.67999894 -0.941496 
177.99999892 -0.4989776 
178.39999892 -0.941496 
179.63999891 -0.4989776 
180.7199989 -0.4989776 
181.3999989 -2.267525 
181.4399989 -3.593554 
181.5999989 -0.941496 
182.71999889 -0.4989776 
183.15999889 -0.4989776 
183.19999889 -0.941496 
183.31999889 -2.267525 
183.35999889 -1.825007 
183.47999888 -0.4989776 
183.59999888 -0.941496 
183.63999888 -0.941496 
183.67999888 -0.4989776 
183.87999888 -0.4989776 
183.91999888 -0.941496 
183.95999888 -0.4989776 
184.11999888 -0.941496 
184.39999888 -0.4989776 
184.71999888 -0.941496 
184.75999888 -0.4989776 
184.95999888 -0.4989776 
185.07999888 -0.4989776 
185.23999887 -0.4989776 
185.55999887 -0.4989776 
185.67999887 -4.477065 
185.83999887 -5.360576 
185.95999887 -0.941496 
186.15999887 -3.593554 
186.19999887 -1.825007 
186.31999887 -2.267525 
186.43999887 -1.825007 
186.47999887 -1.825007 
186.59999887 -0.4989776 
186.79999886 -0.941496 
186.83999886 -0.4989776 
186.95999886 -0.4989776 
187.99999886 -0.4989776 
188.31999886 -0.4989776 
188.35999886 -0.4989776 
189.39999885 -0.4989776 
189.59999885 -0.4989776 
191.67999884 -0.4989776 
191.71999883 -0.4989776 
191.87999883 -0.4989776 
192.15999883 -0.4989776 
192.83999883 -0.4989776 
193.27999883 -0.4989776 
193.31999883 -0.4989776 
193.51999882 -2.267525 
193.55999882 -1.825007 
193.71999882 -0.4989776 
193.75999882 -0.941496 
193.79999882 -0.941496 
193.83999882 -0.4989776 
193.95999882 -0.4989776 
193.99999882 -0.4989776 
194.11999882 -0.941496 
194.15999882 -0.941496 
194.19999882 -0.941496 
194.23999882 -0.4989776 
194.35999882 -0.4989776 
194.39999882 -0.4989776 
194.43999882 -0.4989776 
194.47999882 -0.4989776 
194.51999882 -0.4989776 
194.55999882 -0.941496 
194.59999882 -0.941496 
194.71999882 -0.4989776 
194.75999882 -0.4989776 
194.79999882 -0.941496 
194.83999882 -0.4989776 
194.87999882 -0.4989776 
195.03999881 -0.4989776 
195.07999881 -0.4989776 
195.11999881 -0.941496 
195.15999881 -0.4989776 
195.19999881 -0.4989776 
195.23999881 -0.4989776 
195.31999881 -0.4989776 
195.35999881 -0.941496 
195.39999881 -0.4989776 
195.43999881 -0.4989776 
195.63999881 -0.4989776 
195.79999881 -0.4989776 
195.83999881 -0.4989776 
196.07999881 -4.034547 
196.11999881 -2.267525 
196.23999881 -0.4989776 
196.55999881 -0.4989776 
196.7199988 -0.4989776 
196.7599988 -0.4989776 
196.9599988 -0.4989776 
196.9999988 -0.4989776 
197.1999988 -4.477065 
197.2399988 -1.825007 
197.3599988 -0.941496 
197.6399988 -0.4989776 
197.6799988 -0.941496 
197.7599988 -0.4989776 
197.7999988 -0.4989776 
197.9599988 -0.4989776 
198.1199988 -0.941496 
198.1599988 -1.825007 
198.1999988 -0.941496 
198.35999879 -0.4989776 
198.39999879 -0.4989776 
198.71999879 -0.4989776 
198.99999879 -0.4989776 
199.03999879 -0.4989776 
199.19999879 -0.4989776 
0 0 
