93.59999943 -0.2169866 
93.63999943 -0.2169866 
93.67999943 -0.2169866 
93.71999943 -0.2169866 
93.75999943 -0.2169866 
93.79999943 -0.2169866 
93.83999943 -0.2345653 
93.87999943 -0.2345653 
93.91999943 -0.2345653 
93.95999943 -0.2521439 
93.99999943 -0.2521439 
94.03999943 -0.2521439 
94.07999943 -0.2521439 
94.11999943 -0.2521439 
94.15999943 -0.2697226 
94.19999943 -0.2697226 
94.23999943 -0.2697226 
94.27999943 -0.2697226 
94.31999943 -0.2873012 
94.35999943 -0.2873012 
94.39999943 -0.2873012 
94.43999943 -0.2873012 
94.47999943 -0.2873012 
94.51999943 -0.2873012 
94.55999943 -0.3048189 
94.59999943 -0.3048189 
94.63999942 -0.3048189 
94.67999942 -0.3048189 
94.71999942 -0.3223975 
94.75999942 -0.3223975 
94.79999942 -0.3223975 
94.83999942 -0.3223975 
94.87999942 -0.3223975 
94.91999942 -0.3399762 
94.95999942 -0.3399762 
94.99999942 -0.3575549 
95.03999942 -0.3575549 
95.07999942 -0.3575549 
95.11999942 -0.3575549 
95.15999942 -0.3751335 
95.19999942 -0.3751335 
95.23999942 -0.3751335 
95.27999942 -0.3751335 
95.31999942 -0.3751335 
95.35999942 -0.3926511 
95.39999942 -0.3926511 
95.43999942 -0.3926511 
95.47999942 -0.4102298 
95.51999942 -0.4102298 
95.55999942 -0.4102298 
95.59999942 -0.3926511 
95.63999942 -0.4102298 
95.67999942 -0.4278085 
95.71999942 -0.4278085 
95.75999942 -0.4278085 
95.79999942 -0.4278085 
95.83999942 -0.4453871 
95.87999942 -0.4453871 
95.91999942 -0.4453871 
95.95999942 -0.4453871 
95.99999942 -0.4629658 
96.03999942 -0.4629658 
96.07999942 -0.4629658 
96.11999942 -0.4629658 
96.15999942 -0.4629658 
96.19999942 -0.4980621 
96.23999942 -0.4980621 
96.27999941 -0.4980621 
96.31999941 -0.4980621 
96.35999941 -0.4980621 
96.39999941 -0.4980621 
96.43999941 -0.4980621 
96.47999941 -0.5156407 
96.51999941 -0.5156407 
96.55999941 -0.5156407 
96.59999941 -0.5156407 
96.63999941 -0.5156407 
96.67999941 -0.5332194 
96.71999941 -0.5507981 
96.75999941 -0.5332194 
96.79999941 -0.5507981 
96.83999941 -0.5507981 
96.87999941 -0.5683767 
96.91999941 -0.5683767 
96.95999941 -0.5683767 
96.99999941 -0.5683767 
97.03999941 -0.5858943 
97.07999941 -0.5858943 
97.11999941 -0.603473 
97.15999941 -0.603473 
97.19999941 -0.603473 
97.23999941 -0.603473 
97.27999941 -0.603473 
97.31999941 -0.603473 
97.35999941 -0.6210517 
97.39999941 -0.6210517 
97.43999941 -0.6386303 
97.47999941 -0.6386303 
97.51999941 -0.6386303 
97.55999941 -0.6386303 
97.59999941 -0.656209 
97.63999941 -0.656209 
97.67999941 -0.656209 
97.71999941 -0.656209 
97.75999941 -0.656209 
97.79999941 -0.6737266 
97.83999941 -0.6737266 
97.87999941 -0.6737266 
97.9199994 -0.6913053 
97.9599994 -0.6913053 
97.9999994 -0.7088839 
98.0399994 -0.7088839 
98.0799994 -0.7088839 
98.1199994 -0.7088839 
98.1599994 -0.7264626 
98.1999994 -0.7264626 
98.2399994 -0.7264626 
98.2799994 -0.7440413 
98.3199994 -0.7264626 
98.3599994 -0.7440413 
98.3999994 -0.7440413 
98.4399994 -0.7440413 
98.4799994 -0.7440413 
98.5199994 -0.7440413 
98.5599994 -0.7791376 
98.5999994 -0.7615589 
98.6399994 -0.7791376 
98.6799994 -0.7791376 
98.7199994 -0.7791376 
98.7599994 -0.7791376 
98.7999994 -0.7967162 
98.8399994 -0.7967162 
98.8799994 -0.7967162 
98.9199994 -0.7967162 
98.9599994 -0.8142949 
98.9999994 -0.8142949 
99.0399994 -0.8318735 
99.0799994 -0.8318735 
99.1199994 -0.8318735 
99.1599994 -0.8318735 
99.1999994 -0.8494522 
99.2399994 -0.8494522 
99.2799994 -0.8494522 
99.3199994 -0.8494522 
99.3599994 -0.8669698 
99.3999994 -0.8669698 
99.4399994 -0.8669698 
99.4799994 -0.8845485 
99.5199994 -0.8845485 
99.55999939 -0.8845485 
99.59999939 -0.8845485 
99.63999939 -0.8845485 
99.67999939 -0.9021271 
99.71999939 -0.9021271 
99.75999939 -0.9021271 
99.79999939 -0.9197058 
99.83999939 -0.9197058 
99.87999939 -0.9197058 
99.91999939 -0.9197058 
99.95999939 -0.9372845 
99.99999939 -0.9372845 
100.03999939 -0.9372845 
100.07999939 -0.9548021 
100.11999939 -0.9548021 
100.15999939 -0.9723808 
100.19999939 -0.9723808 
100.23999939 -0.9723808 
100.27999939 -0.9723808 
100.31999939 -0.9723808 
100.35999939 -0.9899594 
100.39999939 -0.9899594 
100.43999939 -0.9899594 
100.47999939 -0.9899594 
100.51999939 -1.007538 
100.55999939 -1.007538 
100.59999939 -1.007538 
100.63999939 -1.025117 
100.67999939 -1.025117 
100.71999939 -1.025117 
100.75999939 -1.025117 
100.79999939 -1.042634 
100.83999939 -1.060213 
100.87999939 -1.042634 
100.91999939 -1.060213 
100.95999939 -1.060213 
100.99999939 -1.060213 
101.03999939 -1.060213 
101.07999939 -1.060213 
101.11999939 -1.077792 
101.15999939 -1.077792 
101.19999938 -1.077792 
101.23999938 -1.09537 
101.27999938 -1.09537 
101.31999938 -1.112949 
101.35999938 -1.112949 
101.39999938 -1.112949 
101.43999938 -1.130528 
101.47999938 -1.112949 
101.51999938 -1.130528 
101.55999938 -1.130528 
101.59999938 -1.130528 
101.63999938 -1.130528 
101.67999938 -1.148045 
101.71999938 -1.148045 
101.75999938 -1.148045 
101.79999938 -1.165624 
101.83999938 -1.165624 
101.87999938 -1.165624 
101.91999938 -1.165624 
101.95999938 -1.165624 
101.99999938 -1.183203 
102.03999938 -1.200781 
102.07999938 -1.200781 
102.11999938 -1.200781 
102.15999938 -1.200781 
102.19999938 -1.200781 
102.23999938 -1.200781 
102.27999938 -1.21836 
102.31999938 -1.21836 
102.35999938 -1.21836 
102.39999938 -1.235878 
102.43999938 -1.235878 
102.47999938 -1.235878 
102.51999938 -1.253456 
102.55999938 -1.253456 
102.59999938 -1.253456 
102.63999938 -1.271035 
102.67999938 -1.271035 
102.71999938 -1.271035 
102.75999938 -1.271035 
102.79999938 -1.271035 
102.83999937 -1.288614 
102.87999937 -1.271035 
102.91999937 -1.288614 
102.95999937 -1.288614 
102.99999937 -1.288614 
103.03999937 -1.306192 
103.07999937 -1.306192 
103.11999937 -1.306192 
103.15999937 -1.306192 
103.19999937 -1.32371 
103.23999937 -1.32371 
103.27999937 -1.32371 
103.31999937 -1.341288 
103.35999937 -1.341288 
103.39999937 -1.341288 
103.43999937 -1.341288 
103.47999937 -1.341288 
103.51999937 -1.341288 
103.55999937 -1.358867 
103.59999937 -1.358867 
103.63999937 -1.358867 
103.67999937 -1.358867 
103.71999937 -1.376446 
103.75999937 -1.394024 
103.79999937 -1.376446 
103.83999937 -1.394024 
103.87999937 -1.411603 
103.91999937 -1.394024 
103.95999937 -1.411603 
103.99999937 -1.411603 
104.03999937 -1.411603 
104.07999937 -1.411603 
104.11999937 -1.411603 
104.15999937 -1.429121 
104.19999937 -1.429121 
104.23999937 -1.429121 
104.27999937 -1.429121 
104.31999937 -1.429121 
104.35999937 -1.446699 
104.39999937 -1.446699 
104.43999937 -1.446699 
104.47999937 -1.446699 
104.51999936 -1.446699 
104.55999936 -1.446699 
104.59999936 -1.481857 
104.63999936 -1.464278 
104.67999936 -1.481857 
104.71999936 -1.481857 
104.75999936 -1.481857 
104.79999936 -1.481857 
104.83999936 -1.481857 
104.87999936 -1.481857 
104.91999936 -1.499435 
104.95999936 -1.499435 
104.99999936 -1.499435 
105.03999936 -1.499435 
105.07999936 -1.499435 
105.11999936 -1.516953 
105.15999936 -1.516953 
105.19999936 -1.534532 
105.23999936 -1.516953 
105.27999936 -1.534532 
105.31999936 -1.534532 
105.35999936 -1.534532 
105.39999936 -1.55211 
105.43999936 -1.534532 
105.47999936 -1.55211 
105.51999936 -1.55211 
105.55999936 -1.55211 
105.59999936 -1.55211 
105.63999936 -1.55211 
105.67999936 -1.569689 
105.71999936 -1.569689 
105.75999936 -1.569689 
105.79999936 -1.569689 
105.83999936 -1.587268 
105.87999936 -1.587268 
105.91999936 -1.587268 
105.95999936 -1.587268 
105.99999936 -1.587268 
106.03999936 -1.604785 
106.07999936 -1.622364 
106.11999936 -1.604785 
106.15999935 -1.622364 
106.19999935 -1.622364 
106.23999935 -1.622364 
106.27999935 -1.622364 
106.31999935 -1.622364 
106.35999935 -1.639943 
106.39999935 -1.639943 
106.43999935 -1.639943 
106.47999935 -1.639943 
106.51999935 -1.657521 
106.55999935 -1.657521 
106.59999935 -1.657521 
106.63999935 -1.6751 
106.67999935 -1.6751 
106.71999935 -1.6751 
106.75999935 -1.6751 
106.79999935 -1.692679 
106.83999935 -1.692679 
106.87999935 -1.692679 
106.91999935 -1.692679 
106.95999935 -1.692679 
106.99999935 -1.692679 
107.03999935 -1.710196 
107.07999935 -1.710196 
107.11999935 -1.727775 
107.15999935 -1.710196 
107.19999935 -1.710196 
107.23999935 -1.727775 
107.27999935 -1.727775 
107.31999935 -1.727775 
107.35999935 -1.727775 
107.39999935 -1.745354 
107.43999935 -1.745354 
107.47999935 -1.745354 
107.51999935 -1.762932 
107.55999935 -1.762932 
107.59999935 -1.762932 
107.63999935 -1.762932 
107.67999935 -1.762932 
107.71999935 -1.780511 
107.75999935 -1.780511 
107.79999934 -1.780511 
107.83999934 -1.798028 
107.87999934 -1.798028 
107.91999934 -1.798028 
107.95999934 -1.798028 
107.99999934 -1.798028 
108.03999934 -1.815607 
108.07999934 -1.833186 
108.11999934 -1.833186 
108.15999934 -1.833186 
108.19999934 -1.833186 
108.23999934 -1.833186 
108.27999934 -1.833186 
108.31999934 -1.850765 
108.35999934 -1.850765 
108.39999934 -1.850765 
108.43999934 -1.868343 
108.47999934 -1.868343 
108.51999934 -1.868343 
108.55999934 -1.868343 
108.59999934 -1.868343 
108.63999934 -1.885861 
108.67999934 -1.885861 
108.71999934 -1.903439 
108.75999934 -1.903439 
108.79999934 -1.903439 
108.83999934 -1.903439 
108.87999934 -1.903439 
108.91999934 -1.921018 
108.95999934 -1.921018 
108.99999934 -1.921018 
109.03999934 -1.938597 
109.07999934 -1.938597 
109.11999934 -1.938597 
109.15999934 -1.956175 
109.19999934 -1.938597 
109.23999934 -1.956175 
109.27999934 -1.956175 
109.31999934 -1.956175 
109.35999934 -1.973754 
109.39999934 -1.973754 
109.43999933 -1.973754 
109.47999933 -1.991272 
109.51999933 -1.973754 
109.55999933 -1.991272 
109.59999933 -1.991272 
159.55999903 -1.991272 
159.59999903 -1.973754 
159.63999903 -1.973754 
159.67999903 -1.973754 
159.71999903 -1.973754 
159.75999903 -1.956175 
159.79999903 -1.956175 
159.83999903 -1.938597 
159.87999903 -1.938597 
159.91999903 -1.921018 
159.95999903 -1.921018 
159.99999903 -1.921018 
160.03999903 -1.903439 
160.07999903 -1.903439 
160.11999903 -1.885861 
160.15999903 -1.868343 
160.19999903 -1.868343 
160.23999903 -1.868343 
160.27999903 -1.868343 
160.31999903 -1.850765 
160.35999903 -1.850765 
160.39999903 -1.833186 
160.43999902 -1.833186 
160.47999902 -1.833186 
160.51999902 -1.815607 
160.55999902 -1.815607 
160.59999902 -1.798028 
160.63999902 -1.798028 
160.67999902 -1.780511 
160.71999902 -1.780511 
160.75999902 -1.762932 
160.79999902 -1.762932 
160.83999902 -1.762932 
160.87999902 -1.745354 
160.91999902 -1.745354 
160.95999902 -1.745354 
160.99999902 -1.727775 
161.03999902 -1.727775 
161.07999902 -1.710196 
161.11999902 -1.710196 
161.15999902 -1.692679 
161.19999902 -1.692679 
161.23999902 -1.692679 
161.27999902 -1.6751 
161.31999902 -1.657521 
161.35999902 -1.657521 
161.39999902 -1.657521 
161.43999902 -1.639943 
161.47999902 -1.639943 
161.51999902 -1.622364 
161.55999902 -1.622364 
161.59999902 -1.622364 
161.63999902 -1.622364 
161.67999902 -1.587268 
161.71999902 -1.587268 
161.75999902 -1.587268 
161.79999902 -1.587268 
161.83999902 -1.569689 
161.87999902 -1.55211 
161.91999902 -1.55211 
161.95999902 -1.55211 
161.99999902 -1.534532 
162.03999902 -1.534532 
162.07999901 -1.534532 
162.11999901 -1.534532 
162.15999901 -1.516953 
162.19999901 -1.499435 
162.23999901 -1.499435 
162.27999901 -1.481857 
162.31999901 -1.481857 
162.35999901 -1.481857 
162.39999901 -1.481857 
162.43999901 -1.464278 
162.47999901 -1.446699 
162.51999901 -1.446699 
162.55999901 -1.446699 
162.59999901 -1.429121 
162.63999901 -1.411603 
162.67999901 -1.411603 
162.71999901 -1.411603 
162.75999901 -1.411603 
162.79999901 -1.394024 
162.83999901 -1.394024 
162.87999901 -1.394024 
162.91999901 -1.376446 
162.95999901 -1.358867 
162.99999901 -1.358867 
163.03999901 -1.358867 
163.07999901 -1.341288 
163.11999901 -1.341288 
163.15999901 -1.341288 
163.19999901 -1.32371 
163.23999901 -1.306192 
163.27999901 -1.306192 
163.31999901 -1.306192 
163.35999901 -1.288614 
163.39999901 -1.288614 
163.43999901 -1.288614 
163.47999901 -1.271035 
163.51999901 -1.271035 
163.55999901 -1.253456 
163.59999901 -1.253456 
163.63999901 -1.235878 
163.67999901 -1.235878 
163.719999 -1.21836 
163.759999 -1.21836 
163.799999 -1.21836 
163.839999 -1.200781 
163.879999 -1.200781 
163.919999 -1.200781 
163.959999 -1.165624 
163.999999 -1.165624 
164.039999 -1.165624 
164.079999 -1.148045 
164.119999 -1.148045 
164.159999 -1.148045 
164.199999 -1.130528 
164.239999 -1.130528 
164.279999 -1.130528 
164.319999 -1.112949 
164.359999 -1.112949 
164.399999 -1.112949 
164.439999 -1.09537 
164.479999 -1.077792 
164.519999 -1.077792 
164.559999 -1.077792 
164.599999 -1.060213 
164.639999 -1.060213 
164.679999 -1.060213 
164.719999 -1.025117 
164.759999 -1.025117 
164.799999 -1.025117 
164.839999 -1.025117 
164.879999 -1.007538 
164.919999 -1.007538 
164.959999 -1.007538 
164.999999 -0.9899594 
165.039999 -0.9899594 
165.079999 -0.9899594 
165.119999 -0.9723808 
165.159999 -0.9548021 
165.199999 -0.9548021 
165.239999 -0.9372845 
165.279999 -0.9372845 
165.319999 -0.9197058 
165.359999 -0.9197058 
165.39999899 -0.9197058 
165.43999899 -0.9021271 
165.47999899 -0.8845485 
165.51999899 -0.8845485 
165.55999899 -0.8845485 
165.59999899 -0.8845485 
165.63999899 -0.8669698 
165.67999899 -0.8669698 
165.71999899 -0.8494522 
165.75999899 -0.8494522 
165.79999899 -0.8494522 
165.83999899 -0.8318735 
165.87999899 -0.8318735 
165.91999899 -0.8318735 
165.95999899 -0.8142949 
165.99999899 -0.7967162 
166.03999899 -0.7967162 
166.07999899 -0.7967162 
166.11999899 -0.7791376 
166.15999899 -0.7791376 
166.19999899 -0.7791376 
166.23999899 -0.7615589 
166.27999899 -0.7440413 
166.31999899 -0.7440413 
166.35999899 -0.7440413 
166.39999899 -0.7440413 
166.43999899 -0.7264626 
166.47999899 -0.7264626 
166.51999899 -0.7088839 
166.55999899 -0.7088839 
166.59999899 -0.6913053 
166.63999899 -0.6913053 
166.67999899 -0.6913053 
166.71999899 -0.6737266 
166.75999899 -0.656209 
166.79999899 -0.656209 
166.83999899 -0.656209 
166.87999899 -0.6386303 
166.91999899 -0.6386303 
166.95999899 -0.6386303 
166.99999899 -0.6210517 
167.03999898 -0.603473 
167.07999898 -0.603473 
167.11999898 -0.603473 
167.15999898 -0.5858943 
167.19999898 -0.5858943 
167.23999898 -0.5858943 
167.27999898 -0.5683767 
167.31999898 -0.5683767 
167.35999898 -0.5683767 
167.39999898 -0.5683767 
167.43999898 -0.5507981 
167.47999898 -0.5332194 
167.51999898 -0.5332194 
167.55999898 -0.5156407 
167.59999898 -0.5156407 
167.63999898 -0.4980621 
167.67999898 -0.4980621 
167.71999898 -0.4980621 
167.75999898 -0.4980621 
167.79999898 -0.4629658 
167.83999898 -0.4629658 
167.87999898 -0.4629658 
167.91999898 -0.4453871 
167.95999898 -0.4453871 
167.99999898 -0.4453871 
168.03999898 -0.4278085 
168.07999898 -0.4278085 
168.11999898 -0.4102298 
168.15999898 -0.4102298 
168.19999898 -0.4102298 
168.23999898 -0.3926511 
168.27999898 -0.3926511 
168.31999898 -0.3751335 
168.35999898 -0.3751335 
168.39999898 -0.3751335 
168.43999898 -0.3575549 
168.47999898 -0.3575549 
168.51999898 -0.3575549 
168.55999898 -0.3399762 
168.59999898 -0.3223975 
168.63999898 -0.3223975 
168.67999897 -0.3223975 
168.71999897 -0.3048189 
168.75999897 -0.3048189 
168.79999897 -0.2873012 
168.83999897 -0.2873012 
168.87999897 -0.2873012 
168.91999897 -0.2873012 
168.95999897 -0.2697226 
168.99999897 -0.2697226 
169.03999897 -0.2521439 
169.07999897 -0.2521439 
169.11999897 -0.2345653 
169.15999897 -0.2345653 
169.19999897 -0.2345653 
169.23999897 -0.2169866 
169.27999897 -0.2169866 
169.31999897 -0.2169866 
176.15999893 -0.2169866 
176.19999893 -0.2169866 
176.23999893 -0.2169866 
176.27999893 -0.2169866 
176.31999893 -0.2345653 
176.35999893 -0.2345653 
176.39999893 -0.2345653 
176.43999893 -0.2345653 
176.47999893 -0.2521439 
176.51999893 -0.2521439 
176.55999893 -0.2521439 
176.59999893 -0.2521439 
176.63999893 -0.2697226 
176.67999893 -0.2697226 
176.71999893 -0.2873012 
176.75999893 -0.2873012 
176.79999893 -0.2873012 
176.83999893 -0.2873012 
176.87999893 -0.3048189 
176.91999892 -0.3048189 
176.95999892 -0.3223975 
176.99999892 -0.3223975 
177.03999892 -0.3223975 
177.07999892 -0.3223975 
177.11999892 -0.3223975 
177.15999892 -0.3223975 
177.19999892 -0.3223975 
177.23999892 -0.3399762 
177.27999892 -0.3575549 
177.31999892 -0.3575549 
177.35999892 -0.3575549 
177.39999892 -0.3575549 
177.43999892 -0.3575549 
177.47999892 -0.3751335 
177.51999892 -0.3751335 
177.55999892 -0.3751335 
177.59999892 -0.3926511 
177.63999892 -0.3926511 
177.67999892 -0.4102298 
177.71999892 -0.3926511 
177.75999892 -0.4102298 
177.79999892 -0.4102298 
177.83999892 -0.4278085 
177.87999892 -0.4278085 
177.91999892 -0.4278085 
177.95999892 -0.4278085 
177.99999892 -0.4278085 
178.03999892 -0.4453871 
178.07999892 -0.4453871 
178.11999892 -0.4629658 
178.15999892 -0.4629658 
178.19999892 -0.4629658 
178.23999892 -0.4629658 
178.27999892 -0.4804834 
178.31999892 -0.4804834 
178.35999892 -0.4980621 
178.39999892 -0.4980621 
178.43999892 -0.4980621 
178.47999892 -0.4980621 
178.51999892 -0.5156407 
178.55999891 -0.5156407 
178.59999891 -0.5156407 
178.63999891 -0.5156407 
178.67999891 -0.5332194 
178.71999891 -0.5507981 
178.75999891 -0.5507981 
178.79999891 -0.5507981 
178.83999891 -0.5507981 
178.87999891 -0.5683767 
178.91999891 -0.5683767 
178.95999891 -0.5683767 
178.99999891 -0.5683767 
179.03999891 -0.5858943 
179.07999891 -0.5858943 
179.11999891 -0.603473 
179.15999891 -0.603473 
179.19999891 -0.603473 
179.23999891 -0.603473 
179.27999891 -0.603473 
179.31999891 -0.6210517 
179.35999891 -0.6210517 
179.39999891 -0.6386303 
179.43999891 -0.6386303 
179.47999891 -0.6386303 
179.51999891 -0.656209 
179.55999891 -0.656209 
179.59999891 -0.656209 
179.63999891 -0.656209 
179.67999891 -0.6737266 
179.71999891 -0.6737266 
179.75999891 -0.6737266 
179.79999891 -0.6737266 
179.83999891 -0.6913053 
179.87999891 -0.6913053 
179.91999891 -0.7088839 
179.95999891 -0.7088839 
179.99999891 -0.7088839 
180.03999891 -0.7088839 
180.07999891 -0.7264626 
180.11999891 -0.7264626 
180.15999891 -0.7440413 
180.1999989 -0.7440413 
180.2399989 -0.7440413 
180.2799989 -0.7440413 
180.3199989 -0.7615589 
180.3599989 -0.7615589 
180.3999989 -0.7791376 
180.4399989 -0.7791376 
180.4799989 -0.7791376 
180.5199989 -0.7791376 
180.5599989 -0.7967162 
180.5999989 -0.7967162 
180.6399989 -0.7967162 
180.6799989 -0.7967162 
180.7199989 -0.8142949 
180.7599989 -0.8142949 
180.7999989 -0.8318735 
180.8399989 -0.8142949 
180.8799989 -0.8318735 
180.9199989 -0.8494522 
180.9599989 -0.8494522 
180.9999989 -0.8494522 
181.0399989 -0.8494522 
181.0799989 -0.8669698 
181.1199989 -0.8669698 
181.1599989 -0.8845485 
181.1999989 -0.8845485 
181.2399989 -0.8845485 
181.2799989 -0.8845485 
181.3199989 -0.8845485 
181.3599989 -0.9021271 
181.3999989 -0.9197058 
181.4399989 -0.9197058 
181.4799989 -0.9197058 
181.5199989 -0.9197058 
181.5599989 -0.9372845 
181.5999989 -0.9372845 
181.6399989 -0.9372845 
181.6799989 -0.9548021 
181.7199989 -0.9548021 
181.7599989 -0.9723808 
181.7999989 -0.9723808 
181.83999889 -0.9899594 
181.87999889 -0.9723808 
181.91999889 -0.9899594 
181.95999889 -0.9899594 
181.99999889 -0.9899594 
182.03999889 -1.007538 
182.07999889 -1.007538 
182.11999889 -1.007538 
182.15999889 -1.025117 
182.19999889 -1.025117 
182.23999889 -1.025117 
182.27999889 -1.025117 
182.31999889 -1.042634 
182.35999889 -1.060213 
182.39999889 -1.060213 
182.43999889 -1.060213 
182.47999889 -1.060213 
182.51999889 -1.060213 
182.55999889 -1.077792 
182.59999889 -1.077792 
182.63999889 -1.077792 
182.67999889 -1.09537 
182.71999889 -1.09537 
182.75999889 -1.09537 
182.79999889 -1.112949 
182.83999889 -1.09537 
182.87999889 -1.130528 
182.91999889 -1.130528 
182.95999889 -1.130528 
182.99999889 -1.130528 
183.03999889 -1.148045 
183.07999889 -1.148045 
183.11999889 -1.148045 
183.15999889 -1.165624 
183.19999889 -1.165624 
183.23999889 -1.165624 
183.27999889 -1.165624 
183.31999889 -1.165624 
183.35999889 -1.183203 
183.39999889 -1.200781 
183.43999889 -1.200781 
183.47999888 -1.200781 
183.51999888 -1.21836 
183.55999888 -1.21836 
183.59999888 -1.21836 
183.63999888 -1.235878 
183.67999888 -1.235878 
183.71999888 -1.235878 
183.75999888 -1.235878 
183.79999888 -1.235878 
183.83999888 -1.235878 
183.87999888 -1.271035 
183.91999888 -1.271035 
183.95999888 -1.271035 
183.99999888 -1.288614 
184.03999888 -1.271035 
184.07999888 -1.288614 
184.11999888 -1.288614 
184.15999888 -1.306192 
184.19999888 -1.306192 
184.23999888 -1.306192 
184.27999888 -1.306192 
184.31999888 -1.32371 
184.35999888 -1.341288 
184.39999888 -1.341288 
184.43999888 -1.341288 
184.47999888 -1.341288 
184.51999888 -1.358867 
184.55999888 -1.358867 
184.59999888 -1.358867 
184.63999888 -1.376446 
184.67999888 -1.376446 
184.71999888 -1.376446 
184.75999888 -1.394024 
184.79999888 -1.376446 
184.83999888 -1.394024 
184.87999888 -1.411603 
184.91999888 -1.411603 
184.95999888 -1.411603 
184.99999888 -1.429121 
185.03999888 -1.429121 
185.07999888 -1.429121 
185.11999887 -1.446699 
185.15999887 -1.446699 
185.19999887 -1.446699 
185.23999887 -1.446699 
185.27999887 -1.446699 
185.31999887 -1.446699 
185.35999887 -1.481857 
185.39999887 -1.481857 
185.43999887 -1.481857 
185.47999887 -1.499435 
185.51999887 -1.499435 
185.55999887 -1.499435 
185.59999887 -1.499435 
185.63999887 -1.516953 
185.67999887 -1.516953 
185.71999887 -1.516953 
185.75999887 -1.534532 
185.79999887 -1.534532 
185.83999887 -1.55211 
185.87999887 -1.534532 
185.91999887 -1.55211 
185.95999887 -1.55211 
185.99999887 -1.55211 
186.03999887 -1.569689 
186.07999887 -1.569689 
186.11999887 -1.569689 
186.15999887 -1.569689 
186.19999887 -1.587268 
186.23999887 -1.587268 
186.27999887 -1.587268 
186.31999887 -1.587268 
186.35999887 -1.604785 
186.39999887 -1.622364 
186.43999887 -1.622364 
186.47999887 -1.622364 
186.51999887 -1.639943 
186.55999887 -1.639943 
186.59999887 -1.639943 
186.63999887 -1.639943 
186.67999887 -1.657521 
186.71999887 -1.657521 
186.75999886 -1.6751 
186.79999886 -1.657521 
186.83999886 -1.6751 
186.87999886 -1.6751 
186.91999886 -1.692679 
186.95999886 -1.692679 
186.99999886 -1.692679 
187.03999886 -1.692679 
187.07999886 -1.710196 
187.11999886 -1.710196 
187.15999886 -1.727775 
187.19999886 -1.727775 
187.23999886 -1.727775 
187.27999886 -1.727775 
187.31999886 -1.727775 
187.35999886 -1.745354 
187.39999886 -1.745354 
187.43999886 -1.762932 
187.47999886 -1.762932 
187.51999886 -1.762932 
187.55999886 -1.780511 
187.59999886 -1.780511 
187.63999886 -1.780511 
187.67999886 -1.780511 
187.71999886 -1.798028 
187.75999886 -1.798028 
187.79999886 -1.815607 
187.83999886 -1.815607 
187.87999886 -1.798028 
187.91999886 -1.833186 
187.95999886 -1.833186 
187.99999886 -1.833186 
188.03999886 -1.833186 
188.07999886 -1.850765 
188.11999886 -1.850765 
188.15999886 -1.850765 
188.19999886 -1.850765 
188.23999886 -1.868343 
188.27999886 -1.868343 
188.31999886 -1.868343 
188.35999886 -1.868343 
188.39999886 -1.885861 
188.43999885 -1.885861 
188.47999885 -1.903439 
188.51999885 -1.903439 
188.55999885 -1.921018 
188.59999885 -1.921018 
188.63999885 -1.921018 
188.67999885 -1.921018 
188.71999885 -1.938597 
188.75999885 -1.938597 
188.79999885 -1.938597 
188.83999885 -1.956175 
188.87999885 -1.956175 
188.91999885 -1.956175 
188.95999885 -1.973754 
188.99999885 -1.973754 
189.03999885 -1.973754 
189.07999885 -1.973754 
189.11999885 -1.973754 
189.15999885 -1.991272 
189.19999885 -1.991272 
0 0 
