114.8399993 -1.991272 
114.8799993 -1.973754 
114.9199993 -1.973754 
114.9599993 -1.973754 
114.9999993 -1.973754 
115.0399993 -1.973754 
115.0799993 -1.956175 
115.1199993 -1.956175 
115.1599993 -1.956175 
115.1999993 -1.938597 
115.2399993 -1.921018 
115.2799993 -1.921018 
115.3199993 -1.921018 
115.3599993 -1.921018 
115.3999993 -1.903439 
115.4399993 -1.903439 
115.4799993 -1.903439 
115.5199993 -1.903439 
115.5599993 -1.885861 
115.5999993 -1.868343 
115.6399993 -1.868343 
115.6799993 -1.868343 
115.7199993 -1.868343 
115.7599993 -1.850765 
115.7999993 -1.850765 
115.8399993 -1.850765 
115.8799993 -1.833186 
115.9199993 -1.833186 
115.9599993 -1.833186 
115.9999993 -1.815607 
116.03999929 -1.815607 
116.07999929 -1.815607 
116.11999929 -1.815607 
116.15999929 -1.798028 
116.19999929 -1.798028 
116.23999929 -1.780511 
116.27999929 -1.780511 
116.31999929 -1.780511 
116.35999929 -1.762932 
116.39999929 -1.762932 
116.43999929 -1.762932 
116.47999929 -1.762932 
116.51999929 -1.762932 
116.55999929 -1.762932 
116.59999929 -1.727775 
116.63999929 -1.727775 
116.67999929 -1.727775 
116.71999929 -1.727775 
116.75999929 -1.727775 
116.79999929 -1.710196 
116.83999929 -1.710196 
116.87999929 -1.710196 
116.91999929 -1.710196 
116.95999929 -1.692679 
116.99999929 -1.692679 
117.03999929 -1.692679 
117.07999929 -1.692679 
117.11999929 -1.6751 
117.15999929 -1.6751 
117.19999929 -1.6751 
117.23999929 -1.657521 
117.27999929 -1.657521 
117.31999929 -1.657521 
117.35999929 -1.657521 
117.39999929 -1.639943 
117.43999929 -1.639943 
117.47999929 -1.639943 
117.51999929 -1.622364 
117.55999929 -1.622364 
117.59999929 -1.622364 
117.63999929 -1.622364 
117.67999928 -1.622364 
117.71999928 -1.622364 
117.75999928 -1.587268 
117.79999928 -1.587268 
117.83999928 -1.587268 
117.87999928 -1.587268 
117.91999928 -1.587268 
117.95999928 -1.587268 
117.99999928 -1.569689 
118.03999928 -1.569689 
118.07999928 -1.569689 
118.11999928 -1.569689 
118.15999928 -1.55211 
118.19999928 -1.55211 
118.23999928 -1.55211 
118.27999928 -1.55211 
118.31999928 -1.55211 
118.35999928 -1.534532 
118.39999928 -1.534532 
118.43999928 -1.534532 
118.47999928 -1.516953 
118.51999928 -1.516953 
118.55999928 -1.516953 
118.59999928 -1.516953 
118.63999928 -1.516953 
118.67999928 -1.516953 
118.71999928 -1.499435 
118.75999928 -1.499435 
118.79999928 -1.499435 
118.83999928 -1.499435 
118.87999928 -1.481857 
118.91999928 -1.481857 
118.95999928 -1.481857 
118.99999928 -1.464278 
119.03999928 -1.464278 
119.07999928 -1.464278 
119.11999928 -1.446699 
119.15999928 -1.464278 
119.19999928 -1.446699 
119.23999928 -1.446699 
119.27999928 -1.446699 
119.31999927 -1.446699 
119.35999927 -1.446699 
119.39999927 -1.429121 
119.43999927 -1.446699 
119.47999927 -1.429121 
119.51999927 -1.429121 
119.55999927 -1.429121 
119.59999927 -1.411603 
119.63999927 -1.411603 
119.67999927 -1.411603 
119.71999927 -1.411603 
119.75999927 -1.411603 
119.79999927 -1.394024 
119.83999927 -1.376446 
119.87999927 -1.394024 
119.91999927 -1.376446 
119.95999927 -1.394024 
119.99999927 -1.376446 
120.03999927 -1.376446 
120.07999927 -1.376446 
120.11999927 -1.358867 
120.15999927 -1.358867 
120.19999927 -1.358867 
120.23999927 -1.341288 
120.27999927 -1.341288 
120.31999927 -1.341288 
120.35999927 -1.341288 
120.39999927 -1.341288 
120.43999927 -1.341288 
120.47999927 -1.32371 
120.51999927 -1.32371 
120.55999927 -1.341288 
120.59999927 -1.32371 
120.63999927 -1.306192 
120.67999927 -1.306192 
120.71999927 -1.306192 
120.75999927 -1.306192 
120.79999927 -1.306192 
120.83999927 -1.306192 
120.87999927 -1.288614 
120.91999927 -1.306192 
120.95999926 -1.288614 
120.99999926 -1.288614 
121.03999926 -1.288614 
121.07999926 -1.288614 
121.11999926 -1.271035 
121.15999926 -1.271035 
121.19999926 -1.271035 
121.23999926 -1.271035 
121.27999926 -1.271035 
121.31999926 -1.271035 
121.35999926 -1.271035 
121.39999926 -1.253456 
121.43999926 -1.253456 
121.47999926 -1.253456 
121.51999926 -1.235878 
121.55999926 -1.253456 
121.59999926 -1.253456 
121.63999926 -1.235878 
121.67999926 -1.235878 
121.71999926 -1.235878 
121.75999926 -1.235878 
121.79999926 -1.21836 
121.83999926 -1.21836 
121.87999926 -1.21836 
121.91999926 -1.21836 
121.95999926 -1.21836 
121.99999926 -1.21836 
122.03999926 -1.200781 
122.07999926 -1.21836 
122.11999926 -1.200781 
122.15999926 -1.200781 
122.19999926 -1.200781 
122.23999926 -1.200781 
122.27999926 -1.200781 
122.31999926 -1.200781 
122.35999926 -1.183203 
122.39999926 -1.183203 
122.43999926 -1.183203 
122.47999926 -1.183203 
122.51999926 -1.165624 
122.55999926 -1.165624 
122.59999925 -1.165624 
122.63999925 -1.165624 
122.67999925 -1.165624 
122.71999925 -1.165624 
122.75999925 -1.165624 
122.79999925 -1.165624 
122.83999925 -1.165624 
122.87999925 -1.165624 
122.91999925 -1.148045 
122.95999925 -1.148045 
122.99999925 -1.148045 
123.03999925 -1.148045 
123.07999925 -1.148045 
123.11999925 -1.148045 
123.15999925 -1.148045 
123.19999925 -1.148045 
123.23999925 -1.148045 
123.27999925 -1.130528 
123.31999925 -1.130528 
123.35999925 -1.130528 
123.39999925 -1.130528 
123.43999925 -1.130528 
123.47999925 -1.130528 
123.51999925 -1.130528 
123.55999925 -1.112949 
123.59999925 -1.112949 
123.63999925 -1.130528 
123.67999925 -1.130528 
123.71999925 -1.112949 
123.75999925 -1.112949 
123.79999925 -1.112949 
123.83999925 -1.09537 
123.87999925 -1.112949 
123.91999925 -1.112949 
123.95999925 -1.112949 
123.99999925 -1.112949 
124.03999925 -1.112949 
124.07999925 -1.112949 
124.11999925 -1.112949 
124.15999925 -1.09537 
124.19999925 -1.09537 
124.23999924 -1.09537 
124.27999924 -1.09537 
124.31999924 -1.09537 
124.35999924 -1.077792 
124.39999924 -1.09537 
124.43999924 -1.09537 
124.47999924 -1.077792 
124.51999924 -1.077792 
124.55999924 -1.077792 
124.59999924 -1.077792 
124.63999924 -1.077792 
124.67999924 -1.077792 
124.71999924 -1.077792 
124.75999924 -1.077792 
124.79999924 -1.060213 
124.83999924 -1.060213 
124.87999924 -1.077792 
124.91999924 -1.077792 
124.95999924 -1.077792 
124.99999924 -1.060213 
125.03999924 -1.060213 
125.07999924 -1.060213 
125.11999924 -1.060213 
125.15999924 -1.060213 
125.19999924 -1.060213 
125.23999924 -1.060213 
125.27999924 -1.060213 
125.31999924 -1.060213 
125.35999924 -1.060213 
125.39999924 -1.042634 
125.43999924 -1.042634 
125.47999924 -1.042634 
125.51999924 -1.042634 
125.55999924 -1.025117 
125.59999924 -1.042634 
125.63999924 -1.025117 
125.67999924 -1.025117 
125.71999924 -1.025117 
125.75999924 -1.025117 
125.79999924 -1.025117 
125.83999924 -1.025117 
125.87999923 -1.025117 
125.91999923 -1.025117 
125.95999923 -1.007538 
125.99999923 -1.007538 
126.03999923 -1.007538 
126.07999923 -1.025117 
126.11999923 -1.007538 
126.15999923 -1.007538 
126.19999923 -1.007538 
126.23999923 -1.007538 
126.27999923 -0.9899594 
126.31999923 -1.007538 
126.35999923 -1.007538 
126.39999923 -1.007538 
126.43999923 -0.9899594 
126.47999923 -0.9899594 
126.51999923 -0.9899594 
126.55999923 -0.9899594 
126.59999923 -0.9899594 
126.63999923 -0.9899594 
126.67999923 -0.9899594 
126.71999923 -0.9899594 
126.75999923 -0.9899594 
126.79999923 -0.9899594 
126.83999923 -0.9723808 
126.87999923 -0.9723808 
126.91999923 -0.9548021 
126.95999923 -0.9723808 
126.99999923 -0.9723808 
127.03999923 -0.9723808 
127.07999923 -0.9723808 
127.11999923 -0.9548021 
127.15999923 -0.9548021 
127.19999923 -0.9548021 
127.23999923 -0.9548021 
127.27999923 -0.9548021 
127.31999923 -0.9548021 
127.35999923 -0.9372845 
127.39999923 -0.9372845 
127.43999923 -0.9372845 
127.47999923 -0.9372845 
127.51999923 -0.9372845 
127.55999922 -0.9372845 
127.59999922 -0.9372845 
127.63999922 -0.9372845 
127.67999922 -0.9197058 
127.71999922 -0.9197058 
127.75999922 -0.9197058 
127.79999922 -0.9197058 
127.83999922 -0.9197058 
127.87999922 -0.9197058 
127.91999922 -0.9021271 
127.95999922 -0.9021271 
127.99999922 -0.9197058 
128.03999922 -0.9021271 
128.07999922 -0.9021271 
128.11999922 -0.8845485 
128.15999922 -0.9021271 
128.19999922 -0.8845485 
128.23999922 -0.8845485 
128.27999922 -0.8845485 
128.31999922 -0.8845485 
128.35999922 -0.8845485 
128.39999922 -0.8845485 
128.43999922 -0.8845485 
128.47999922 -0.8845485 
128.51999922 -0.8669698 
128.55999922 -0.8669698 
128.59999922 -0.8669698 
128.63999922 -0.8669698 
128.67999922 -0.8669698 
128.71999922 -0.8494522 
128.75999922 -0.8669698 
128.79999922 -0.8669698 
128.83999922 -0.8494522 
128.87999922 -0.8494522 
128.91999922 -0.8669698 
128.95999922 -0.8669698 
128.99999922 -0.8494522 
129.03999922 -0.8494522 
129.07999922 -0.8494522 
129.11999922 -0.8494522 
129.15999922 -0.8494522 
129.19999921 -0.8494522 
129.23999921 -0.8318735 
129.27999921 -0.8318735 
129.31999921 -0.8318735 
129.35999921 -0.8494522 
129.39999921 -0.8318735 
129.43999921 -0.8318735 
129.47999921 -0.8318735 
129.51999921 -0.8318735 
129.55999921 -0.8318735 
129.59999921 -0.8318735 
129.63999921 -0.8142949 
129.67999921 -0.8142949 
129.71999921 -0.8142949 
129.75999921 -0.8142949 
129.79999921 -0.8142949 
129.83999921 -0.8142949 
129.87999921 -0.8142949 
129.91999921 -0.8142949 
129.95999921 -0.8142949 
129.99999921 -0.7967162 
130.03999921 -0.7967162 
130.07999921 -0.7967162 
130.11999921 -0.7967162 
130.15999921 -0.7967162 
130.19999921 -0.7967162 
130.23999921 -0.7967162 
130.27999921 -0.7967162 
130.31999921 -0.7967162 
130.35999921 -0.7967162 
130.39999921 -0.7967162 
130.43999921 -0.7967162 
130.47999921 -0.7967162 
130.51999921 -0.7791376 
130.55999921 -0.7791376 
130.59999921 -0.7967162 
130.63999921 -0.7791376 
130.67999921 -0.7791376 
130.71999921 -0.7967162 
130.75999921 -0.7791376 
130.79999921 -0.7791376 
130.8399992 -0.7791376 
130.8799992 -0.7791376 
130.9199992 -0.7791376 
130.9599992 -0.7791376 
130.9999992 -0.7791376 
131.0399992 -0.7791376 
131.0799992 -0.7791376 
131.1199992 -0.7791376 
131.1599992 -0.7791376 
131.1999992 -0.7791376 
131.2399992 -0.7791376 
131.2799992 -0.7791376 
131.3199992 -0.7615589 
131.3599992 -0.7615589 
131.3999992 -0.7615589 
131.4399992 -0.7791376 
131.4799992 -0.7615589 
131.5199992 -0.7615589 
131.5599992 -0.7615589 
131.5999992 -0.7440413 
131.6399992 -0.7615589 
131.6799992 -0.7615589 
131.7199992 -0.7440413 
131.7599992 -0.7615589 
131.7999992 -0.7615589 
131.8399992 -0.7440413 
131.8799992 -0.7440413 
131.9199992 -0.7440413 
131.9599992 -0.7440413 
131.9999992 -0.7440413 
132.0399992 -0.7440413 
132.0799992 -0.7440413 
132.1199992 -0.7440413 
132.1599992 -0.7440413 
132.1999992 -0.7440413 
132.2399992 -0.7440413 
132.2799992 -0.7440413 
132.3199992 -0.7440413 
132.3599992 -0.7440413 
132.3999992 -0.7440413 
132.4399992 -0.7440413 
132.47999919 -0.7440413 
132.51999919 -0.7440413 
132.55999919 -0.7264626 
132.59999919 -0.7440413 
132.63999919 -0.7440413 
132.67999919 -0.7440413 
132.71999919 -0.7440413 
132.75999919 -0.7264626 
132.79999919 -0.7264626 
132.83999919 -0.7264626 
132.87999919 -0.7264626 
132.91999919 -0.7264626 
132.95999919 -0.7264626 
132.99999919 -0.7264626 
133.03999919 -0.7264626 
133.07999919 -0.7264626 
133.11999919 -0.7264626 
133.15999919 -0.7264626 
133.19999919 -0.7264626 
133.23999919 -0.7264626 
133.27999919 -0.7264626 
133.31999919 -0.7264626 
133.35999919 -0.7264626 
133.39999919 -0.7088839 
133.43999919 -0.7264626 
133.47999919 -0.7264626 
133.51999919 -0.7088839 
133.55999919 -0.7088839 
133.59999919 -0.7088839 
133.63999919 -0.7088839 
133.67999919 -0.7088839 
133.71999919 -0.7088839 
133.75999919 -0.7088839 
133.79999919 -0.7088839 
133.83999919 -0.7088839 
133.87999919 -0.7088839 
133.91999919 -0.7088839 
133.95999919 -0.7088839 
133.99999919 -0.7088839 
134.03999919 -0.7088839 
134.07999919 -0.7088839 
134.11999918 -0.7088839 
134.15999918 -0.7088839 
134.19999918 -0.6913053 
134.23999918 -0.6913053 
134.27999918 -0.6913053 
134.31999918 -0.6913053 
134.35999918 -0.6913053 
134.39999918 -0.6913053 
134.43999918 -0.6913053 
134.47999918 -0.6737266 
134.51999918 -0.6913053 
134.55999918 -0.6913053 
134.59999918 -0.6737266 
134.63999918 -0.6737266 
134.67999918 -0.6913053 
134.71999918 -0.6913053 
134.75999918 -0.6737266 
134.79999918 -0.6737266 
134.83999918 -0.6737266 
134.87999918 -0.6737266 
134.91999918 -0.6737266 
134.95999918 -0.6737266 
134.99999918 -0.6737266 
135.03999918 -0.6737266 
135.07999918 -0.656209 
135.11999918 -0.6737266 
135.15999918 -0.6737266 
135.19999918 -0.6737266 
135.23999918 -0.656209 
135.27999918 -0.656209 
135.31999918 -0.6737266 
135.35999918 -0.6737266 
135.39999918 -0.656209 
135.43999918 -0.656209 
135.47999918 -0.656209 
135.51999918 -0.6737266 
135.55999918 -0.656209 
135.59999918 -0.656209 
135.63999918 -0.656209 
135.67999918 -0.656209 
135.71999918 -0.656209 
135.75999917 -0.656209 
135.79999917 -0.656209 
135.83999917 -0.656209 
135.87999917 -0.656209 
135.91999917 -0.656209 
135.95999917 -0.656209 
135.99999917 -0.656209 
136.03999917 -0.656209 
136.07999917 -0.656209 
136.11999917 -0.656209 
136.15999917 -0.6386303 
136.19999917 -0.6386303 
136.23999917 -0.656209 
136.27999917 -0.6386303 
136.31999917 -0.6386303 
136.35999917 -0.6386303 
136.39999917 -0.6386303 
136.43999917 -0.6386303 
136.47999917 -0.6386303 
136.51999917 -0.6386303 
136.55999917 -0.6386303 
136.59999917 -0.6386303 
136.63999917 -0.6386303 
136.67999917 -0.6386303 
136.71999917 -0.6386303 
136.75999917 -0.6386303 
136.79999917 -0.6386303 
136.83999917 -0.6386303 
136.87999917 -0.6386303 
136.91999917 -0.6386303 
136.95999917 -0.6386303 
136.99999917 -0.6386303 
137.03999917 -0.6386303 
137.07999917 -0.6210517 
137.11999917 -0.6210517 
137.15999917 -0.603473 
137.19999917 -0.603473 
137.23999917 -0.6386303 
137.27999917 -0.603473 
137.31999917 -0.603473 
137.35999917 -0.603473 
137.39999916 -0.6210517 
137.43999916 -0.603473 
137.47999916 -0.603473 
137.51999916 -0.603473 
137.55999916 -0.603473 
137.59999916 -0.603473 
137.63999916 -0.603473 
137.67999916 -0.603473 
137.71999916 -0.603473 
137.75999916 -0.603473 
137.79999916 -0.603473 
137.83999916 -0.603473 
137.87999916 -0.5858943 
137.91999916 -0.5858943 
137.95999916 -0.5858943 
137.99999916 -0.5858943 
138.03999916 -0.603473 
138.07999916 -0.5858943 
138.11999916 -0.5858943 
138.15999916 -0.5858943 
138.19999916 -0.5858943 
138.23999916 -0.5858943 
138.27999916 -0.5858943 
138.31999916 -0.5858943 
138.35999916 -0.5858943 
138.39999916 -0.5858943 
138.43999916 -0.5858943 
138.47999916 -0.5858943 
138.51999916 -0.5858943 
138.55999916 -0.5683767 
138.59999916 -0.5683767 
138.63999916 -0.5683767 
138.67999916 -0.5683767 
138.71999916 -0.5858943 
138.75999916 -0.5683767 
138.79999916 -0.5683767 
138.83999916 -0.5683767 
138.87999916 -0.5683767 
138.91999916 -0.5683767 
138.95999916 -0.5683767 
138.99999916 -0.5507981 
139.03999915 -0.5683767 
139.07999915 -0.5683767 
139.11999915 -0.5683767 
139.15999915 -0.5683767 
139.19999915 -0.5683767 
139.23999915 -0.5507981 
139.27999915 -0.5683767 
139.31999915 -0.5683767 
139.35999915 -0.5507981 
139.39999915 -0.5507981 
139.43999915 -0.5507981 
139.47999915 -0.5507981 
139.51999915 -0.5683767 
139.55999915 -0.5507981 
139.59999915 -0.5507981 
139.63999915 -0.5507981 
139.67999915 -0.5507981 
139.71999915 -0.5507981 
139.75999915 -0.5507981 
139.79999915 -0.5507981 
139.83999915 -0.5507981 
139.87999915 -0.5332194 
139.91999915 -0.5507981 
139.95999915 -0.5507981 
139.99999915 -0.5507981 
140.03999915 -0.5507981 
140.07999915 -0.5332194 
140.11999915 -0.5332194 
140.15999915 -0.5332194 
140.19999915 -0.5332194 
140.23999915 -0.5332194 
140.27999915 -0.5156407 
140.31999915 -0.5156407 
140.35999915 -0.5332194 
140.39999915 -0.5156407 
140.43999915 -0.5156407 
140.47999915 -0.5156407 
140.51999915 -0.5332194 
140.55999915 -0.5156407 
140.59999915 -0.5156407 
140.63999915 -0.5156407 
140.67999915 -0.5156407 
140.71999914 -0.5156407 
140.75999914 -0.5156407 
140.79999914 -0.5156407 
140.83999914 -0.5156407 
140.87999914 -0.5156407 
140.91999914 -0.5156407 
140.95999914 -0.5156407 
140.99999914 -0.5156407 
141.03999914 -0.5156407 
141.07999914 -0.4980621 
141.11999914 -0.5156407 
141.15999914 -0.4980621 
141.19999914 -0.4980621 
141.23999914 -0.5156407 
141.27999914 -0.5156407 
141.31999914 -0.4980621 
141.35999914 -0.4980621 
141.39999914 -0.4980621 
141.43999914 -0.4980621 
141.47999914 -0.4980621 
141.51999914 -0.4980621 
141.55999914 -0.4980621 
141.59999914 -0.4980621 
141.63999914 -0.4980621 
141.67999914 -0.4980621 
141.71999914 -0.4980621 
141.75999914 -0.4980621 
141.79999914 -0.4980621 
141.83999914 -0.4980621 
141.87999914 -0.4804834 
141.91999914 -0.4980621 
141.95999914 -0.4980621 
141.99999914 -0.4804834 
142.03999914 -0.4804834 
142.07999914 -0.4980621 
142.11999914 -0.4629658 
142.15999914 -0.4804834 
142.19999914 -0.4804834 
142.23999914 -0.4804834 
142.27999914 -0.4629658 
142.31999914 -0.4629658 
142.35999913 -0.4804834 
142.39999913 -0.4629658 
142.43999913 -0.4629658 
142.47999913 -0.4629658 
142.51999913 -0.4629658 
142.55999913 -0.4629658 
142.59999913 -0.4629658 
142.63999913 -0.4629658 
142.67999913 -0.4629658 
142.71999913 -0.4453871 
142.75999913 -0.4453871 
142.79999913 -0.4629658 
142.83999913 -0.4453871 
142.87999913 -0.4453871 
142.91999913 -0.4629658 
142.95999913 -0.4453871 
142.99999913 -0.4453871 
143.03999913 -0.4629658 
143.07999913 -0.4453871 
143.11999913 -0.4453871 
143.15999913 -0.4453871 
143.19999913 -0.4453871 
143.23999913 -0.4453871 
143.27999913 -0.4453871 
143.31999913 -0.4453871 
143.35999913 -0.4278085 
143.39999913 -0.4453871 
143.43999913 -0.4278085 
143.47999913 -0.4278085 
143.51999913 -0.4278085 
143.55999913 -0.4278085 
143.59999913 -0.4278085 
143.63999913 -0.4278085 
143.67999913 -0.4278085 
143.71999913 -0.4278085 
143.75999913 -0.4278085 
143.79999913 -0.4278085 
143.83999913 -0.4278085 
143.87999913 -0.4278085 
143.91999913 -0.4278085 
143.95999913 -0.4278085 
143.99999912 -0.4102298 
144.03999912 -0.4102298 
144.07999912 -0.4102298 
144.11999912 -0.4102298 
144.15999912 -0.4102298 
144.19999912 -0.3926511 
144.23999912 -0.4102298 
144.27999912 -0.4102298 
144.31999912 -0.4102298 
144.35999912 -0.4102298 
144.39999912 -0.3926511 
144.43999912 -0.3926511 
144.47999912 -0.4102298 
144.51999912 -0.3926511 
144.55999912 -0.3926511 
144.59999912 -0.3926511 
144.63999912 -0.3926511 
144.67999912 -0.3926511 
144.71999912 -0.3751335 
144.75999912 -0.3926511 
144.79999912 -0.3926511 
144.83999912 -0.3751335 
144.87999912 -0.3926511 
144.91999912 -0.3751335 
144.95999912 -0.3751335 
144.99999912 -0.3751335 
145.03999912 -0.3751335 
145.07999912 -0.3751335 
145.11999912 -0.3751335 
145.15999912 -0.3751335 
145.19999912 -0.3751335 
145.23999912 -0.3751335 
145.27999912 -0.3751335 
145.31999912 -0.3575549 
145.35999912 -0.3575549 
145.39999912 -0.3575549 
145.43999912 -0.3575549 
145.47999912 -0.3751335 
145.51999912 -0.3575549 
145.55999912 -0.3575549 
145.59999912 -0.3575549 
145.63999911 -0.3575549 
145.67999911 -0.3751335 
145.71999911 -0.3575549 
145.75999911 -0.3575549 
145.79999911 -0.3575549 
145.83999911 -0.3575549 
145.87999911 -0.3575549 
145.91999911 -0.3575549 
145.95999911 -0.3575549 
145.99999911 -0.3575549 
146.03999911 -0.3575549 
146.07999911 -0.3575549 
146.11999911 -0.3223975 
146.15999911 -0.3399762 
146.19999911 -0.3575549 
146.23999911 -0.3575549 
146.27999911 -0.3399762 
146.31999911 -0.3399762 
146.35999911 -0.3223975 
146.39999911 -0.3575549 
146.43999911 -0.3399762 
146.47999911 -0.3399762 
146.51999911 -0.3399762 
146.55999911 -0.3223975 
146.59999911 -0.3223975 
146.63999911 -0.3223975 
146.67999911 -0.3399762 
146.71999911 -0.3223975 
146.75999911 -0.3399762 
146.79999911 -0.3223975 
146.83999911 -0.3223975 
146.87999911 -0.3223975 
146.91999911 -0.3223975 
146.95999911 -0.3223975 
146.99999911 -0.3223975 
147.03999911 -0.3223975 
147.07999911 -0.3223975 
147.11999911 -0.3223975 
147.15999911 -0.3223975 
147.19999911 -0.3223975 
147.23999911 -0.3223975 
147.2799991 -0.3223975 
147.3199991 -0.3223975 
147.3599991 -0.3048189 
147.3999991 -0.3223975 
147.4399991 -0.3223975 
147.4799991 -0.3223975 
147.5199991 -0.3223975 
147.5599991 -0.3223975 
147.5999991 -0.3223975 
147.6399991 -0.3048189 
147.6799991 -0.3048189 
147.7199991 -0.3048189 
147.7599991 -0.3223975 
147.7999991 -0.3223975 
147.8399991 -0.3048189 
147.8799991 -0.3048189 
147.9199991 -0.3048189 
147.9599991 -0.3223975 
147.9999991 -0.3223975 
148.0399991 -0.3223975 
148.0799991 -0.3223975 
148.1199991 -0.3223975 
148.1599991 -0.3223975 
148.1999991 -0.3048189 
148.2399991 -0.3223975 
148.2799991 -0.3048189 
148.3199991 -0.3048189 
148.3599991 -0.3048189 
148.3999991 -0.3048189 
148.4399991 -0.3048189 
148.4799991 -0.3048189 
148.5199991 -0.3048189 
148.5599991 -0.3048189 
148.5999991 -0.3048189 
148.6399991 -0.3048189 
148.6799991 -0.3048189 
148.7199991 -0.3048189 
148.7599991 -0.3048189 
148.7999991 -0.3048189 
148.8399991 -0.2873012 
148.8799991 -0.2873012 
148.91999909 -0.3048189 
148.95999909 -0.3048189 
148.99999909 -0.3048189 
149.03999909 -0.3048189 
149.07999909 -0.3048189 
149.11999909 -0.3048189 
149.15999909 -0.3048189 
149.19999909 -0.3048189 
149.23999909 -0.3048189 
149.27999909 -0.3048189 
149.31999909 -0.2873012 
149.35999909 -0.3048189 
149.39999909 -0.2873012 
149.43999909 -0.3048189 
149.47999909 -0.3048189 
149.51999909 -0.2873012 
149.55999909 -0.2873012 
149.59999909 -0.2873012 
149.63999909 -0.2873012 
149.67999909 -0.2873012 
149.71999909 -0.2873012 
149.75999909 -0.2873012 
149.79999909 -0.2873012 
149.83999909 -0.2873012 
149.87999909 -0.2873012 
149.91999909 -0.2873012 
149.95999909 -0.2873012 
149.99999909 -0.2873012 
150.03999909 -0.2873012 
150.07999909 -0.2873012 
150.11999909 -0.2873012 
150.15999909 -0.2873012 
150.19999909 -0.2873012 
150.23999909 -0.2873012 
150.27999909 -0.2873012 
150.31999909 -0.2873012 
150.35999909 -0.2873012 
150.39999909 -0.2873012 
150.43999909 -0.2873012 
150.47999909 -0.2873012 
150.51999909 -0.2873012 
150.55999908 -0.2873012 
150.59999908 -0.2873012 
150.63999908 -0.2873012 
150.67999908 -0.2873012 
150.71999908 -0.2873012 
150.75999908 -0.2873012 
150.79999908 -0.2697226 
150.83999908 -0.2873012 
150.87999908 -0.2697226 
150.91999908 -0.2873012 
150.95999908 -0.2873012 
150.99999908 -0.2873012 
151.03999908 -0.2873012 
151.07999908 -0.2697226 
151.11999908 -0.2873012 
151.15999908 -0.2697226 
151.19999908 -0.2697226 
151.23999908 -0.2697226 
151.27999908 -0.2697226 
151.31999908 -0.2873012 
151.35999908 -0.2697226 
151.39999908 -0.2873012 
151.43999908 -0.2697226 
151.47999908 -0.2697226 
151.51999908 -0.2697226 
151.55999908 -0.2697226 
151.59999908 -0.2697226 
151.63999908 -0.2697226 
151.67999908 -0.2697226 
151.71999908 -0.2697226 
151.75999908 -0.2873012 
151.79999908 -0.2697226 
151.83999908 -0.2697226 
151.87999908 -0.2697226 
151.91999908 -0.2697226 
151.95999908 -0.2873012 
151.99999908 -0.2873012 
152.03999908 -0.2697226 
152.07999908 -0.2873012 
152.11999908 -0.2697226 
152.15999908 -0.2697226 
152.19999908 -0.2697226 
152.23999907 -0.2697226 
152.27999907 -0.2697226 
152.31999907 -0.2873012 
152.35999907 -0.2697226 
152.39999907 -0.2521439 
152.43999907 -0.2697226 
152.47999907 -0.2697226 
152.51999907 -0.2697226 
152.55999907 -0.2697226 
152.59999907 -0.2873012 
152.63999907 -0.2873012 
152.67999907 -0.2697226 
152.71999907 -0.2873012 
152.75999907 -0.2697226 
152.79999907 -0.2521439 
152.83999907 -0.2697226 
152.87999907 -0.2873012 
152.91999907 -0.2697226 
152.95999907 -0.2697226 
152.99999907 -0.2873012 
153.03999907 -0.2697226 
153.07999907 -0.2697226 
153.11999907 -0.2873012 
153.15999907 -0.2873012 
153.19999907 -0.2873012 
153.23999907 -0.2873012 
153.27999907 -0.2873012 
153.31999907 -0.2873012 
153.35999907 -0.2873012 
153.39999907 -0.2873012 
153.43999907 -0.2873012 
153.47999907 -0.2873012 
153.51999907 -0.2873012 
153.55999907 -0.2873012 
153.59999907 -0.2873012 
153.63999907 -0.2873012 
153.67999907 -0.2873012 
153.71999907 -0.2873012 
153.75999907 -0.2697226 
153.79999907 -0.2873012 
153.83999907 -0.2873012 
153.87999906 -0.2873012 
153.91999906 -0.2873012 
153.95999906 -0.2873012 
153.99999906 -0.2873012 
154.03999906 -0.2873012 
154.07999906 -0.2873012 
154.11999906 -0.2873012 
154.15999906 -0.2873012 
154.19999906 -0.2873012 
154.23999906 -0.2873012 
154.27999906 -0.2873012 
154.31999906 -0.2873012 
154.35999906 -0.2873012 
154.39999906 -0.2873012 
154.43999906 -0.2873012 
154.47999906 -0.2873012 
154.51999906 -0.2873012 
154.55999906 -0.2873012 
154.59999906 -0.2873012 
154.63999906 -0.2873012 
154.67999906 -0.2873012 
154.71999906 -0.2873012 
154.75999906 -0.2873012 
154.79999906 -0.2873012 
154.83999906 -0.2873012 
154.87999906 -0.2873012 
154.91999906 -0.2873012 
154.95999906 -0.2873012 
154.99999906 -0.2873012 
155.03999906 -0.2873012 
155.07999906 -0.2873012 
155.11999906 -0.2873012 
155.15999906 -0.2873012 
155.19999906 -0.2873012 
155.23999906 -0.2873012 
155.27999906 -0.2873012 
155.31999906 -0.2873012 
155.35999906 -0.2873012 
155.39999906 -0.2873012 
155.43999906 -0.2873012 
155.47999906 -0.2873012 
155.51999905 -0.2873012 
155.55999905 -0.3048189 
155.59999905 -0.2873012 
155.63999905 -0.3048189 
155.67999905 -0.2873012 
155.71999905 -0.3048189 
155.75999905 -0.2873012 
155.79999905 -0.2873012 
155.83999905 -0.3048189 
155.87999905 -0.3048189 
155.91999905 -0.3048189 
155.95999905 -0.2873012 
155.99999905 -0.3048189 
156.03999905 -0.3048189 
156.07999905 -0.3048189 
156.11999905 -0.3048189 
156.15999905 -0.3048189 
156.19999905 -0.3048189 
156.23999905 -0.3048189 
156.27999905 -0.3048189 
156.31999905 -0.3048189 
156.35999905 -0.3048189 
156.39999905 -0.3048189 
156.43999905 -0.3048189 
156.47999905 -0.3048189 
156.51999905 -0.3048189 
156.55999905 -0.3048189 
156.59999905 -0.3048189 
156.63999905 -0.3048189 
156.67999905 -0.3048189 
156.71999905 -0.3223975 
156.75999905 -0.3223975 
156.79999905 -0.3223975 
156.83999905 -0.3223975 
156.87999905 -0.3048189 
156.91999905 -0.3223975 
156.95999905 -0.3223975 
156.99999905 -0.3223975 
157.03999905 -0.3223975 
157.07999905 -0.3223975 
157.11999905 -0.3223975 
157.15999904 -0.3223975 
157.19999904 -0.3223975 
157.23999904 -0.3223975 
157.27999904 -0.3223975 
157.31999904 -0.3223975 
157.35999904 -0.3223975 
157.39999904 -0.3223975 
157.43999904 -0.3223975 
157.47999904 -0.3223975 
157.51999904 -0.3223975 
157.55999904 -0.3223975 
157.59999904 -0.3223975 
157.63999904 -0.3223975 
157.67999904 -0.3223975 
157.71999904 -0.3223975 
157.75999904 -0.3223975 
157.79999904 -0.3399762 
157.83999904 -0.3223975 
157.87999904 -0.3399762 
157.91999904 -0.3223975 
157.95999904 -0.3399762 
157.99999904 -0.3575549 
158.03999904 -0.3399762 
158.07999904 -0.3575549 
158.11999904 -0.3399762 
158.15999904 -0.3399762 
158.19999904 -0.3399762 
158.23999904 -0.3575549 
158.27999904 -0.3575549 
158.31999904 -0.3575549 
158.35999904 -0.3575549 
158.39999904 -0.3575549 
158.43999904 -0.3575549 
158.47999904 -0.3575549 
158.51999904 -0.3575549 
158.55999904 -0.3575549 
158.59999904 -0.3575549 
158.63999904 -0.3575549 
158.67999904 -0.3575549 
158.71999904 -0.3575549 
158.75999904 -0.3575549 
158.79999903 -0.3575549 
158.83999903 -0.3575549 
158.87999903 -0.3575549 
158.91999903 -0.3575549 
158.95999903 -0.3575549 
158.99999903 -0.3575549 
159.03999903 -0.3575549 
159.07999903 -0.3575549 
159.11999903 -0.3751335 
159.15999903 -0.3751335 
159.19999903 -0.3751335 
159.23999903 -0.3575549 
159.27999903 -0.3751335 
159.31999903 -0.3751335 
159.35999903 -0.3575549 
159.39999903 -0.3575549 
159.43999903 -0.3751335 
159.47999903 -0.3751335 
159.51999903 -0.3751335 
159.55999903 -0.3751335 
159.59999903 -0.3926511 
159.63999903 -0.3751335 
159.67999903 -0.3751335 
159.71999903 -0.3751335 
159.75999903 -0.3751335 
159.79999903 -0.3751335 
159.83999903 -0.3751335 
159.87999903 -0.3751335 
159.91999903 -0.3751335 
159.95999903 -0.3751335 
159.99999903 -0.3751335 
160.03999903 -0.3751335 
160.07999903 -0.3751335 
160.11999903 -0.3926511 
160.15999903 -0.3926511 
160.19999903 -0.3926511 
160.23999903 -0.3926511 
160.27999903 -0.3926511 
160.31999903 -0.3926511 
160.35999903 -0.3926511 
160.39999903 -0.3926511 
160.43999902 -0.3926511 
160.47999902 -0.3926511 
160.51999902 -0.4102298 
160.55999902 -0.4102298 
160.59999902 -0.3926511 
160.63999902 -0.4102298 
160.67999902 -0.4102298 
160.71999902 -0.4102298 
160.75999902 -0.4102298 
160.79999902 -0.4102298 
160.83999902 -0.4102298 
160.87999902 -0.4102298 
160.91999902 -0.4102298 
160.95999902 -0.4102298 
160.99999902 -0.4102298 
161.03999902 -0.4102298 
161.07999902 -0.4102298 
161.11999902 -0.4102298 
161.15999902 -0.4102298 
161.19999902 -0.4102298 
161.23999902 -0.4102298 
161.27999902 -0.4102298 
161.31999902 -0.4102298 
161.35999902 -0.4278085 
161.39999902 -0.4278085 
161.43999902 -0.4278085 
161.47999902 -0.4278085 
161.51999902 -0.4278085 
161.55999902 -0.4278085 
161.59999902 -0.4278085 
161.63999902 -0.4278085 
161.67999902 -0.4278085 
161.71999902 -0.4278085 
161.75999902 -0.4278085 
161.79999902 -0.4278085 
161.83999902 -0.4278085 
161.87999902 -0.4453871 
161.91999902 -0.4278085 
161.95999902 -0.4278085 
161.99999902 -0.4278085 
162.03999902 -0.4278085 
162.07999901 -0.4278085 
162.11999901 -0.4453871 
162.15999901 -0.4453871 
162.19999901 -0.4453871 
162.23999901 -0.4453871 
162.27999901 -0.4453871 
162.31999901 -0.4453871 
162.35999901 -0.4453871 
162.39999901 -0.4453871 
162.43999901 -0.4453871 
162.47999901 -0.4453871 
162.51999901 -0.4453871 
162.55999901 -0.4453871 
162.59999901 -0.4453871 
162.63999901 -0.4453871 
162.67999901 -0.4453871 
162.71999901 -0.4629658 
162.75999901 -0.4629658 
162.79999901 -0.4629658 
162.83999901 -0.4453871 
162.87999901 -0.4629658 
162.91999901 -0.4629658 
162.95999901 -0.4629658 
162.99999901 -0.4629658 
163.03999901 -0.4629658 
163.07999901 -0.4629658 
163.11999901 -0.4629658 
163.15999901 -0.4629658 
163.19999901 -0.4629658 
163.23999901 -0.4629658 
163.27999901 -0.4629658 
163.31999901 -0.4629658 
163.35999901 -0.4629658 
163.39999901 -0.4629658 
163.43999901 -0.4629658 
163.47999901 -0.4629658 
163.51999901 -0.4804834 
163.55999901 -0.4629658 
163.59999901 -0.4804834 
163.63999901 -0.4629658 
163.67999901 -0.4629658 
163.719999 -0.4804834 
163.759999 -0.4629658 
163.799999 -0.4804834 
163.839999 -0.4980621 
163.879999 -0.4629658 
163.919999 -0.4804834 
163.959999 -0.4980621 
163.999999 -0.4980621 
164.039999 -0.4804834 
164.079999 -0.4980621 
164.119999 -0.4980621 
164.159999 -0.4980621 
164.199999 -0.4980621 
164.239999 -0.4980621 
164.279999 -0.4980621 
164.319999 -0.4980621 
164.359999 -0.4980621 
164.399999 -0.4980621 
164.439999 -0.4980621 
164.479999 -0.4980621 
164.519999 -0.4980621 
164.559999 -0.4980621 
164.599999 -0.4980621 
164.639999 -0.4980621 
164.679999 -0.5156407 
164.719999 -0.4980621 
164.759999 -0.4980621 
164.799999 -0.4980621 
164.839999 -0.4980621 
164.879999 -0.5156407 
164.919999 -0.4980621 
164.959999 -0.5156407 
164.999999 -0.5156407 
165.039999 -0.5156407 
165.079999 -0.5156407 
165.119999 -0.5156407 
165.159999 -0.5156407 
165.199999 -0.5156407 
165.239999 -0.5156407 
165.279999 -0.5156407 
165.319999 -0.5156407 
165.359999 -0.5156407 
165.39999899 -0.5156407 
165.43999899 -0.5156407 
165.47999899 -0.5156407 
165.51999899 -0.5156407 
165.55999899 -0.5156407 
165.59999899 -0.5156407 
165.63999899 -0.5156407 
165.67999899 -0.5156407 
165.71999899 -0.5156407 
165.75999899 -0.5156407 
165.79999899 -0.5332194 
165.83999899 -0.5156407 
165.87999899 -0.5332194 
165.91999899 -0.5332194 
165.95999899 -0.5332194 
165.99999899 -0.5332194 
166.03999899 -0.5332194 
166.07999899 -0.5332194 
166.11999899 -0.5332194 
166.15999899 -0.5507981 
166.19999899 -0.5507981 
166.23999899 -0.5332194 
166.27999899 -0.5332194 
166.31999899 -0.5507981 
166.35999899 -0.5332194 
166.39999899 -0.5332194 
166.43999899 -0.5507981 
166.47999899 -0.5507981 
166.51999899 -0.5507981 
166.55999899 -0.5507981 
166.59999899 -0.5507981 
166.63999899 -0.5507981 
166.67999899 -0.5507981 
166.71999899 -0.5507981 
166.75999899 -0.5507981 
166.79999899 -0.5507981 
166.83999899 -0.5683767 
166.87999899 -0.5507981 
166.91999899 -0.5683767 
166.95999899 -0.5507981 
166.99999899 -0.5507981 
167.03999898 -0.5507981 
167.07999898 -0.5683767 
167.11999898 -0.5683767 
167.15999898 -0.5683767 
167.19999898 -0.5683767 
167.23999898 -0.5507981 
167.27999898 -0.5683767 
167.31999898 -0.5683767 
167.35999898 -0.5683767 
167.39999898 -0.5683767 
167.43999898 -0.5683767 
167.47999898 -0.5683767 
167.51999898 -0.5683767 
167.55999898 -0.5683767 
167.59999898 -0.5683767 
167.63999898 -0.5858943 
167.67999898 -0.5683767 
167.71999898 -0.5683767 
167.75999898 -0.5683767 
167.79999898 -0.5683767 
167.83999898 -0.5858943 
167.87999898 -0.5858943 
167.91999898 -0.5683767 
167.95999898 -0.5683767 
167.99999898 -0.5858943 
168.03999898 -0.5858943 
168.07999898 -0.5683767 
168.11999898 -0.5858943 
168.15999898 -0.5858943 
168.19999898 -0.5858943 
168.23999898 -0.5858943 
168.27999898 -0.5858943 
168.31999898 -0.5858943 
168.35999898 -0.5858943 
168.39999898 -0.5858943 
168.43999898 -0.603473 
168.47999898 -0.5858943 
168.51999898 -0.5858943 
168.55999898 -0.603473 
168.59999898 -0.603473 
168.63999898 -0.5858943 
168.67999897 -0.603473 
168.71999897 -0.603473 
168.75999897 -0.603473 
168.79999897 -0.603473 
168.83999897 -0.603473 
168.87999897 -0.603473 
168.91999897 -0.603473 
168.95999897 -0.603473 
168.99999897 -0.603473 
169.03999897 -0.603473 
169.07999897 -0.603473 
169.11999897 -0.603473 
169.15999897 -0.603473 
169.19999897 -0.603473 
169.23999897 -0.603473 
169.27999897 -0.603473 
169.31999897 -0.603473 
169.35999897 -0.603473 
169.39999897 -0.603473 
169.43999897 -0.603473 
169.47999897 -0.6210517 
169.51999897 -0.603473 
169.55999897 -0.603473 
169.59999897 -0.6210517 
169.63999897 -0.6210517 
169.67999897 -0.6210517 
169.71999897 -0.6210517 
169.75999897 -0.6386303 
169.79999897 -0.6210517 
169.83999897 -0.6386303 
169.87999897 -0.6386303 
169.91999897 -0.6386303 
169.95999897 -0.6386303 
169.99999897 -0.6386303 
170.03999897 -0.6386303 
170.07999897 -0.6386303 
170.11999897 -0.6386303 
170.15999897 -0.6386303 
170.19999897 -0.6386303 
170.23999897 -0.6386303 
170.27999897 -0.6386303 
170.31999896 -0.6386303 
170.35999896 -0.6386303 
170.39999896 -0.6386303 
170.43999896 -0.6386303 
170.47999896 -0.6386303 
170.51999896 -0.6386303 
170.55999896 -0.6386303 
170.59999896 -0.6386303 
170.63999896 -0.6386303 
170.67999896 -0.656209 
170.71999896 -0.656209 
170.75999896 -0.656209 
170.79999896 -0.656209 
170.83999896 -0.6386303 
170.87999896 -0.656209 
170.91999896 -0.656209 
170.95999896 -0.656209 
170.99999896 -0.656209 
171.03999896 -0.656209 
171.07999896 -0.656209 
171.11999896 -0.656209 
171.15999896 -0.656209 
171.19999896 -0.656209 
171.23999896 -0.656209 
171.27999896 -0.656209 
171.31999896 -0.656209 
171.35999896 -0.656209 
171.39999896 -0.656209 
171.43999896 -0.656209 
171.47999896 -0.656209 
171.51999896 -0.656209 
171.55999896 -0.656209 
171.59999896 -0.656209 
171.63999896 -0.6737266 
171.67999896 -0.6737266 
171.71999896 -0.656209 
171.75999896 -0.6737266 
171.79999896 -0.6737266 
171.83999896 -0.6737266 
171.87999896 -0.6737266 
171.91999896 -0.6737266 
171.95999895 -0.6737266 
171.99999895 -0.6737266 
172.03999895 -0.6737266 
172.07999895 -0.6737266 
172.11999895 -0.6737266 
172.15999895 -0.6913053 
172.19999895 -0.6737266 
172.23999895 -0.6737266 
172.27999895 -0.6913053 
172.31999895 -0.6913053 
172.35999895 -0.6913053 
172.39999895 -0.6913053 
172.43999895 -0.6913053 
172.47999895 -0.6737266 
172.51999895 -0.6913053 
172.55999895 -0.6913053 
172.59999895 -0.6913053 
172.63999895 -0.7088839 
172.67999895 -0.6913053 
172.71999895 -0.7088839 
172.75999895 -0.6913053 
172.79999895 -0.6913053 
172.83999895 -0.7088839 
172.87999895 -0.7088839 
172.91999895 -0.6913053 
172.95999895 -0.7088839 
172.99999895 -0.6913053 
173.03999895 -0.7088839 
173.07999895 -0.7088839 
173.11999895 -0.7088839 
173.15999895 -0.7088839 
173.19999895 -0.7088839 
173.23999895 -0.7088839 
173.27999895 -0.7088839 
173.31999895 -0.7088839 
173.35999895 -0.7088839 
173.39999895 -0.7088839 
173.43999895 -0.7088839 
173.47999895 -0.7088839 
173.51999895 -0.7088839 
173.55999895 -0.7088839 
173.59999894 -0.7088839 
173.63999894 -0.7264626 
173.67999894 -0.7088839 
173.71999894 -0.7264626 
173.75999894 -0.7264626 
173.79999894 -0.7264626 
173.83999894 -0.7264626 
173.87999894 -0.7264626 
173.91999894 -0.7264626 
173.95999894 -0.7264626 
173.99999894 -0.7264626 
174.03999894 -0.7264626 
174.07999894 -0.7264626 
174.11999894 -0.7264626 
174.15999894 -0.7264626 
174.19999894 -0.7264626 
174.23999894 -0.7264626 
174.27999894 -0.7440413 
174.31999894 -0.7440413 
174.35999894 -0.7440413 
174.39999894 -0.7440413 
174.43999894 -0.7264626 
174.47999894 -0.7440413 
174.51999894 -0.7440413 
174.55999894 -0.7440413 
174.59999894 -0.7440413 
174.63999894 -0.7440413 
174.67999894 -0.7440413 
174.71999894 -0.7440413 
174.75999894 -0.7440413 
174.79999894 -0.7440413 
174.83999894 -0.7440413 
174.87999894 -0.7440413 
174.91999894 -0.7440413 
174.95999894 -0.7440413 
174.99999894 -0.7440413 
175.03999894 -0.7440413 
175.07999894 -0.7440413 
175.11999894 -0.7440413 
175.15999894 -0.7440413 
175.19999894 -0.7615589 
175.23999893 -0.7440413 
175.27999893 -0.7440413 
175.31999893 -0.7440413 
175.35999893 -0.7440413 
175.39999893 -0.7440413 
175.43999893 -0.7615589 
175.47999893 -0.7440413 
175.51999893 -0.7615589 
175.55999893 -0.7615589 
175.59999893 -0.7615589 
175.63999893 -0.7615589 
175.67999893 -0.7615589 
175.71999893 -0.7615589 
175.75999893 -0.7440413 
175.79999893 -0.7791376 
175.83999893 -0.7615589 
175.87999893 -0.7615589 
175.91999893 -0.7615589 
175.95999893 -0.7791376 
175.99999893 -0.7615589 
176.03999893 -0.7791376 
176.07999893 -0.7791376 
176.11999893 -0.7791376 
176.15999893 -0.7791376 
176.19999893 -0.7791376 
176.23999893 -0.7791376 
176.27999893 -0.7791376 
176.31999893 -0.7791376 
176.35999893 -0.7791376 
176.39999893 -0.7791376 
176.43999893 -0.7791376 
176.47999893 -0.7791376 
176.51999893 -0.7791376 
176.55999893 -0.7791376 
176.59999893 -0.7791376 
176.63999893 -0.7791376 
176.67999893 -0.7791376 
176.71999893 -0.7791376 
176.75999893 -0.7791376 
176.79999893 -0.7791376 
176.83999893 -0.7791376 
176.87999893 -0.7791376 
176.91999892 -0.7791376 
176.95999892 -0.7791376 
176.99999892 -0.7967162 
177.03999892 -0.7791376 
177.07999892 -0.7791376 
177.11999892 -0.7967162 
177.15999892 -0.7967162 
177.19999892 -0.7967162 
177.23999892 -0.7967162 
177.27999892 -0.7967162 
177.31999892 -0.7967162 
177.35999892 -0.7967162 
177.39999892 -0.7967162 
177.43999892 -0.7967162 
177.47999892 -0.7967162 
177.51999892 -0.7967162 
177.55999892 -0.7967162 
177.59999892 -0.7967162 
177.63999892 -0.7967162 
177.67999892 -0.7967162 
177.71999892 -0.7967162 
177.75999892 -0.7967162 
177.79999892 -0.7967162 
177.83999892 -0.7967162 
177.87999892 -0.7967162 
177.91999892 -0.7967162 
177.95999892 -0.7967162 
177.99999892 -0.7967162 
178.03999892 -0.7967162 
178.07999892 -0.7967162 
178.11999892 -0.7967162 
178.15999892 -0.7967162 
178.19999892 -0.7967162 
178.23999892 -0.7967162 
178.27999892 -0.7967162 
178.31999892 -0.7967162 
178.35999892 -0.7967162 
178.39999892 -0.8142949 
178.43999892 -0.7967162 
178.47999892 -0.7967162 
178.51999892 -0.7967162 
178.55999891 -0.7967162 
178.59999891 -0.7967162 
178.63999891 -0.8142949 
178.67999891 -0.8142949 
178.71999891 -0.8142949 
178.75999891 -0.8142949 
178.79999891 -0.8142949 
178.83999891 -0.7967162 
178.87999891 -0.8142949 
178.91999891 -0.8142949 
178.95999891 -0.8142949 
178.99999891 -0.8142949 
179.03999891 -0.8318735 
179.07999891 -0.8142949 
179.11999891 -0.8142949 
179.15999891 -0.8142949 
179.19999891 -0.8318735 
179.23999891 -0.8318735 
179.27999891 -0.8142949 
179.31999891 -0.8318735 
179.35999891 -0.8142949 
179.39999891 -0.8318735 
179.43999891 -0.8142949 
179.47999891 -0.8318735 
179.51999891 -0.8318735 
179.55999891 -0.8142949 
179.59999891 -0.8142949 
179.63999891 -0.8318735 
179.67999891 -0.8318735 
179.71999891 -0.8318735 
179.75999891 -0.8318735 
179.79999891 -0.8318735 
179.83999891 -0.8318735 
179.87999891 -0.8142949 
179.91999891 -0.8142949 
179.95999891 -0.8318735 
179.99999891 -0.8142949 
180.03999891 -0.8318735 
180.07999891 -0.8142949 
180.11999891 -0.8318735 
180.15999891 -0.8318735 
180.1999989 -0.8318735 
180.2399989 -0.8318735 
180.2799989 -0.8494522 
180.3199989 -0.8318735 
180.3599989 -0.8318735 
180.3999989 -0.8318735 
180.4399989 -0.8318735 
180.4799989 -0.8318735 
180.5199989 -0.8318735 
180.5599989 -0.8318735 
180.5999989 -0.8318735 
180.6399989 -0.8494522 
180.6799989 -0.8494522 
180.7199989 -0.8494522 
180.7599989 -0.8494522 
180.7999989 -0.8494522 
180.8399989 -0.8494522 
180.8799989 -0.8494522 
180.9199989 -0.8494522 
180.9599989 -0.8494522 
180.9999989 -0.8494522 
181.0399989 -0.8494522 
181.0799989 -0.8494522 
181.1199989 -0.8494522 
181.1599989 -0.8494522 
181.1999989 -0.8494522 
181.2399989 -0.8494522 
181.2799989 -0.8494522 
181.3199989 -0.8494522 
181.3599989 -0.8494522 
181.3999989 -0.8494522 
181.4399989 -0.8494522 
181.4799989 -0.8494522 
181.5199989 -0.8494522 
181.5599989 -0.8494522 
181.5999989 -0.8669698 
181.6399989 -0.8669698 
181.6799989 -0.8669698 
181.7199989 -0.8669698 
181.7599989 -0.8669698 
181.7999989 -0.8494522 
181.83999889 -0.8669698 
181.87999889 -0.8669698 
181.91999889 -0.8669698 
181.95999889 -0.8669698 
181.99999889 -0.8669698 
182.03999889 -0.8669698 
182.07999889 -0.8669698 
182.11999889 -0.8669698 
182.15999889 -0.8669698 
182.19999889 -0.8669698 
182.23999889 -0.8669698 
182.27999889 -0.8669698 
182.31999889 -0.8669698 
182.35999889 -0.8669698 
182.39999889 -0.8669698 
182.43999889 -0.8669698 
182.47999889 -0.8669698 
182.51999889 -0.8669698 
182.55999889 -0.8669698 
182.59999889 -0.8669698 
182.63999889 -0.8845485 
182.67999889 -0.8669698 
182.71999889 -0.8845485 
182.75999889 -0.8669698 
182.79999889 -0.8669698 
182.83999889 -0.8669698 
182.87999889 -0.8669698 
182.91999889 -0.8669698 
182.95999889 -0.8669698 
182.99999889 -0.8845485 
183.03999889 -0.8845485 
183.07999889 -0.8845485 
183.11999889 -0.8845485 
183.15999889 -0.8845485 
183.19999889 -0.8845485 
183.23999889 -0.8845485 
183.27999889 -0.8845485 
183.31999889 -0.8845485 
183.35999889 -0.8845485 
183.39999889 -0.8845485 
183.43999889 -0.8845485 
183.47999888 -0.8845485 
183.51999888 -0.8845485 
183.55999888 -0.8845485 
183.59999888 -0.8845485 
183.63999888 -0.8845485 
183.67999888 -0.8845485 
183.71999888 -0.8845485 
183.75999888 -0.8845485 
183.79999888 -0.8845485 
183.83999888 -0.8845485 
183.87999888 -0.8845485 
183.91999888 -0.8845485 
183.95999888 -0.8845485 
183.99999888 -0.8845485 
184.03999888 -0.8845485 
184.07999888 -0.8845485 
184.11999888 -0.8845485 
184.15999888 -0.8845485 
184.19999888 -0.8845485 
184.23999888 -0.8845485 
184.27999888 -0.8845485 
184.31999888 -0.8845485 
184.35999888 -0.8845485 
184.39999888 -0.8845485 
184.43999888 -0.8845485 
184.47999888 -0.9021271 
184.51999888 -0.9021271 
184.55999888 -0.9021271 
184.59999888 -0.9021271 
184.63999888 -0.8845485 
184.67999888 -0.9021271 
184.71999888 -0.9021271 
184.75999888 -0.8845485 
184.79999888 -0.9021271 
184.83999888 -0.9197058 
184.87999888 -0.9197058 
184.91999888 -0.9021271 
184.95999888 -0.9197058 
184.99999888 -0.9021271 
185.03999888 -0.9021271 
185.07999888 -0.9197058 
185.11999887 -0.9197058 
185.15999887 -0.9197058 
185.19999887 -0.9197058 
185.23999887 -0.8845485 
185.27999887 -0.9197058 
185.31999887 -0.9197058 
185.35999887 -0.9197058 
185.39999887 -0.9197058 
185.43999887 -0.9197058 
185.47999887 -0.9021271 
185.51999887 -0.9197058 
185.55999887 -0.9197058 
185.59999887 -0.9197058 
185.63999887 -0.9197058 
185.67999887 -0.9197058 
185.71999887 -0.9197058 
185.75999887 -0.9197058 
185.79999887 -0.9197058 
185.83999887 -0.9197058 
185.87999887 -0.9197058 
185.91999887 -0.9197058 
185.95999887 -0.9197058 
185.99999887 -0.9197058 
186.03999887 -0.9197058 
186.07999887 -0.9372845 
186.11999887 -0.9197058 
186.15999887 -0.9372845 
186.19999887 -0.9197058 
186.23999887 -0.9197058 
186.27999887 -0.9197058 
186.31999887 -0.9197058 
186.35999887 -0.9197058 
186.39999887 -0.9197058 
186.43999887 -0.9197058 
186.47999887 -0.9197058 
186.51999887 -0.9197058 
186.55999887 -0.9197058 
186.59999887 -0.9197058 
186.63999887 -0.9372845 
186.67999887 -0.9372845 
186.71999887 -0.9372845 
186.75999886 -0.9372845 
186.79999886 -0.9372845 
186.83999886 -0.9372845 
186.87999886 -0.9372845 
186.91999886 -0.9197058 
186.95999886 -0.9197058 
186.99999886 -0.9372845 
187.03999886 -0.9372845 
187.07999886 -0.9197058 
187.11999886 -0.9372845 
187.15999886 -0.9372845 
187.19999886 -0.9372845 
187.23999886 -0.9372845 
187.27999886 -0.9372845 
187.31999886 -0.9372845 
187.35999886 -0.9372845 
187.39999886 -0.9372845 
187.43999886 -0.9372845 
187.47999886 -0.9372845 
187.51999886 -0.9372845 
187.55999886 -0.9372845 
187.59999886 -0.9372845 
187.63999886 -0.9372845 
187.67999886 -0.9372845 
187.71999886 -0.9372845 
187.75999886 -0.9372845 
187.79999886 -0.9372845 
187.83999886 -0.9372845 
187.87999886 -0.9372845 
187.91999886 -0.9372845 
187.95999886 -0.9548021 
187.99999886 -0.9548021 
188.03999886 -0.9548021 
188.07999886 -0.9372845 
188.11999886 -0.9548021 
188.15999886 -0.9548021 
188.19999886 -0.9548021 
188.23999886 -0.9372845 
188.27999886 -0.9372845 
188.31999886 -0.9548021 
188.35999886 -0.9548021 
188.39999886 -0.9548021 
188.43999885 -0.9372845 
188.47999885 -0.9548021 
188.51999885 -0.9548021 
188.55999885 -0.9372845 
188.59999885 -0.9548021 
188.63999885 -0.9548021 
188.67999885 -0.9548021 
188.71999885 -0.9548021 
188.75999885 -0.9548021 
188.79999885 -0.9548021 
188.83999885 -0.9548021 
188.87999885 -0.9548021 
188.91999885 -0.9548021 
188.95999885 -0.9548021 
188.99999885 -0.9548021 
189.03999885 -0.9548021 
189.07999885 -0.9723808 
189.11999885 -0.9723808 
189.15999885 -0.9723808 
189.19999885 -0.9723808 
189.23999885 -0.9723808 
189.27999885 -0.9723808 
189.31999885 -0.9723808 
189.35999885 -0.9548021 
189.39999885 -0.9723808 
189.43999885 -0.9548021 
189.47999885 -0.9723808 
189.51999885 -0.9723808 
189.55999885 -0.9723808 
189.59999885 -0.9723808 
189.63999885 -0.9723808 
189.67999885 -0.9548021 
189.71999885 -0.9723808 
189.75999885 -0.9723808 
189.79999885 -0.9723808 
189.83999885 -0.9548021 
189.87999885 -0.9723808 
189.91999885 -0.9723808 
189.95999885 -0.9723808 
189.99999885 -0.9899594 
190.03999885 -0.9899594 
190.07999884 -0.9723808 
190.11999884 -0.9899594 
190.15999884 -0.9899594 
190.19999884 -0.9723808 
190.23999884 -0.9899594 
190.27999884 -0.9723808 
190.31999884 -0.9899594 
190.35999884 -0.9723808 
190.39999884 -0.9899594 
190.43999884 -0.9899594 
190.47999884 -0.9899594 
190.51999884 -0.9899594 
190.55999884 -0.9899594 
190.59999884 -0.9899594 
190.63999884 -0.9899594 
190.67999884 -0.9899594 
190.71999884 -0.9899594 
190.75999884 -0.9899594 
190.79999884 -0.9899594 
190.83999884 -0.9899594 
190.87999884 -0.9899594 
190.91999884 -0.9899594 
190.95999884 -0.9899594 
190.99999884 -0.9899594 
191.03999884 -0.9899594 
191.07999884 -0.9899594 
191.11999884 -0.9899594 
191.15999884 -0.9899594 
191.19999884 -0.9899594 
191.23999884 -0.9899594 
191.27999884 -1.007538 
191.31999884 -0.9899594 
191.35999884 -0.9899594 
191.39999884 -0.9899594 
191.43999884 -0.9899594 
191.47999884 -0.9899594 
191.51999884 -0.9899594 
191.55999884 -0.9899594 
191.59999884 -0.9899594 
191.63999884 -0.9899594 
191.67999884 -0.9899594 
191.71999883 -0.9899594 
191.75999883 -0.9899594 
191.79999883 -1.007538 
191.83999883 -0.9899594 
191.87999883 -1.007538 
191.91999883 -1.007538 
191.95999883 -1.007538 
191.99999883 -1.007538 
192.03999883 -1.007538 
192.07999883 -1.007538 
192.11999883 -1.007538 
192.15999883 -1.007538 
192.19999883 -1.007538 
192.23999883 -1.007538 
192.27999883 -1.007538 
192.31999883 -1.007538 
192.35999883 -1.007538 
192.39999883 -1.007538 
192.43999883 -1.007538 
192.47999883 -1.007538 
192.51999883 -1.007538 
192.55999883 -1.025117 
192.59999883 -1.025117 
192.63999883 -1.025117 
192.67999883 -1.007538 
192.71999883 -1.007538 
192.75999883 -1.025117 
192.79999883 -1.007538 
192.83999883 -1.025117 
192.87999883 -1.025117 
192.91999883 -1.025117 
192.95999883 -1.025117 
192.99999883 -1.025117 
193.03999883 -1.025117 
193.07999883 -1.025117 
193.11999883 -1.025117 
193.15999883 -1.025117 
193.19999883 -1.025117 
193.23999883 -1.025117 
193.27999883 -1.025117 
193.31999883 -1.025117 
193.35999882 -1.025117 
193.39999882 -1.025117 
193.43999882 -1.025117 
193.47999882 -1.025117 
193.51999882 -1.025117 
193.55999882 -1.025117 
193.59999882 -1.025117 
193.63999882 -1.025117 
193.67999882 -1.025117 
193.71999882 -1.025117 
193.75999882 -1.042634 
193.79999882 -1.025117 
193.83999882 -1.042634 
193.87999882 -1.025117 
193.91999882 -1.025117 
193.95999882 -1.025117 
193.99999882 -1.025117 
194.03999882 -1.042634 
194.07999882 -1.025117 
194.11999882 -1.025117 
194.15999882 -1.042634 
194.19999882 -1.025117 
194.23999882 -1.025117 
194.27999882 -1.042634 
194.31999882 -1.025117 
194.35999882 -1.025117 
194.39999882 -1.042634 
194.43999882 -1.042634 
194.47999882 -1.042634 
194.51999882 -1.025117 
194.55999882 -1.025117 
194.59999882 -1.025117 
194.63999882 -1.025117 
194.67999882 -1.025117 
194.71999882 -1.042634 
194.75999882 -1.025117 
194.79999882 -1.025117 
194.83999882 -1.025117 
194.87999882 -1.025117 
194.91999882 -1.025117 
194.95999882 -1.042634 
194.99999881 -1.042634 
195.03999881 -1.025117 
195.07999881 -1.025117 
195.11999881 -1.042634 
195.15999881 -1.025117 
195.19999881 -1.025117 
195.23999881 -1.042634 
195.27999881 -1.025117 
195.31999881 -1.025117 
195.35999881 -1.060213 
195.39999881 -1.042634 
195.43999881 -1.042634 
195.47999881 -1.025117 
195.51999881 -1.025117 
195.55999881 -1.025117 
195.59999881 -1.025117 
195.63999881 -1.025117 
195.67999881 -1.042634 
195.71999881 -1.025117 
195.75999881 -1.042634 
195.79999881 -1.025117 
195.83999881 -1.042634 
195.87999881 -1.042634 
195.91999881 -1.025117 
195.95999881 -1.042634 
195.99999881 -1.042634 
196.03999881 -1.042634 
196.07999881 -1.025117 
196.11999881 -1.025117 
196.15999881 -1.025117 
196.19999881 -1.042634 
196.23999881 -1.025117 
196.27999881 -1.042634 
196.31999881 -1.025117 
196.35999881 -1.025117 
196.39999881 -1.025117 
196.43999881 -1.042634 
196.47999881 -1.025117 
196.51999881 -1.042634 
196.55999881 -1.042634 
196.59999881 -1.025117 
196.6399988 -1.042634 
196.6799988 -1.042634 
196.7199988 -1.025117 
196.7599988 -1.025117 
196.7999988 -1.042634 
196.8399988 -1.025117 
196.8799988 -1.025117 
196.9199988 -1.025117 
196.9599988 -1.042634 
196.9999988 -1.025117 
197.0399988 -1.025117 
197.0799988 -1.025117 
197.1199988 -1.025117 
197.1599988 -1.025117 
197.1999988 -1.025117 
197.2399988 -1.025117 
197.2799988 -1.025117 
197.3199988 -1.025117 
197.3599988 -1.025117 
197.3999988 -1.025117 
197.4399988 -1.025117 
197.4799988 -1.025117 
197.5199988 -1.025117 
197.5599988 -1.025117 
197.5999988 -1.025117 
197.6399988 -1.025117 
197.6799988 -1.025117 
197.7199988 -1.025117 
197.7599988 -1.025117 
197.7999988 -1.025117 
197.8399988 -1.025117 
197.8799988 -1.025117 
197.9199988 -1.025117 
197.9599988 -1.025117 
197.9999988 -1.025117 
198.0399988 -1.025117 
198.0799988 -1.025117 
198.1199988 -1.025117 
198.1599988 -1.025117 
198.1999988 -1.025117 
198.2399988 -1.025117 
198.27999879 -1.025117 
198.31999879 -1.025117 
198.35999879 -1.025117 
198.39999879 -1.025117 
198.43999879 -1.025117 
198.47999879 -1.025117 
198.51999879 -1.025117 
198.55999879 -1.025117 
198.59999879 -1.025117 
198.63999879 -1.025117 
198.67999879 -1.025117 
198.71999879 -1.007538 
198.75999879 -1.025117 
198.79999879 -1.025117 
198.83999879 -1.025117 
198.87999879 -1.025117 
198.91999879 -1.025117 
198.95999879 -1.007538 
198.99999879 -1.025117 
199.03999879 -1.025117 
199.07999879 -1.025117 
199.11999879 -1.007538 
199.15999879 -1.025117 
199.19999879 -1.025117 
199.23999879 -1.025117 
199.27999879 -1.025117 
199.31999879 -1.007538 
199.35999879 -1.007538 
199.39999879 -1.007538 
199.43999879 -1.007538 
199.47999879 -1.007538 
199.51999879 -1.025117 
199.55999879 -1.007538 
199.59999879 -1.007538 
199.63999879 -1.007538 
199.67999879 -1.025117 
199.71999879 -1.007538 
199.75999879 -1.007538 
199.79999879 -1.007538 
199.83999879 -1.007538 
199.87999879 -1.007538 
199.91999878 -1.007538 
199.95999878 -1.007538 
199.99999878 -1.007538 
200.03999878 -1.007538 
200.07999878 -1.007538 
200.11999878 -1.007538 
0 0 
