6.63999996 -0.4989776 
6.67999996 -0.4989776 
6.71999996 -0.4989776 
6.75999996 -0.941496 
6.79999996 -0.941496 
6.83999996 -0.941496 
6.87999996 -0.941496 
6.91999996 -0.941496 
6.95999996 -0.941496 
6.99999996 -1.825007 
7.03999996 -0.941496 
7.07999996 -1.825007 
7.11999996 -1.825007 
7.15999996 -1.825007 
7.19999996 -1.825007 
7.23999996 -2.267525 
7.27999996 -2.267525 
7.31999996 -2.267525 
7.35999996 -2.267525 
7.39999996 -2.267525 
7.43999995 -2.267525 
7.47999995 -2.708518 
7.51999995 -2.267525 
7.55999995 -2.708518 
7.59999995 -2.708518 
7.63999995 -2.708518 
7.67999995 -3.151036 
7.71999995 -3.151036 
7.75999995 -3.151036 
7.79999995 -3.151036 
7.83999995 -3.151036 
7.87999995 -3.593554 
7.91999995 -3.593554 
7.95999995 -3.151036 
7.99999995 -3.593554 
8.03999995 -3.593554 
8.07999995 -3.593554 
8.11999995 -3.593554 
8.15999995 -3.593554 
8.19999995 -3.593554 
8.23999995 -3.593554 
8.27999995 -3.593554 
8.31999995 -3.593554 
8.35999995 -3.151036 
8.39999995 -3.593554 
8.43999995 -3.151036 
8.47999995 -3.151036 
8.51999995 -3.151036 
8.55999995 -3.593554 
8.59999995 -3.151036 
8.63999995 -3.151036 
8.67999995 -3.151036 
8.71999995 -3.151036 
8.75999995 -3.151036 
8.79999995 -3.151036 
8.83999995 -2.708518 
8.87999995 -2.708518 
8.91999995 -2.708518 
8.95999995 -2.708518 
8.99999995 -2.267525 
9.03999995 -2.267525 
9.07999994 -2.267525 
9.11999994 -2.267525 
9.15999994 -3.151036 
9.19999994 -2.708518 
9.23999994 -1.825007 
9.27999994 -1.825007 
9.31999994 -1.825007 
9.35999994 -1.825007 
9.39999994 -1.825007 
9.43999994 -1.382488 
9.47999994 -1.825007 
9.51999994 -1.382488 
9.55999994 -1.382488 
9.59999994 -1.382488 
9.63999994 -0.941496 
9.67999994 -0.941496 
9.71999994 -0.941496 
9.75999994 -0.941496 
9.79999994 -0.941496 
9.83999994 -0.4989776 
9.87999994 -0.941496 
9.91999994 -0.4989776 
9.95999994 -0.4989776 
9.99999994 -0.4989776 
10.03999994 -0.4989776 
10.11999994 -0.4989776 
10.15999994 -0.4989776 
12.19999993 -0.4989776 
12.23999993 -0.4989776 
12.27999993 -0.4989776 
12.31999993 -0.4989776 
12.35999992 -0.941496 
12.39999992 -0.4989776 
12.43999992 -0.941496 
12.47999992 -0.4989776 
12.51999992 -0.941496 
12.55999992 -0.941496 
12.59999992 -0.941496 
12.63999992 -0.941496 
12.67999992 -0.941496 
12.71999992 -0.941496 
12.75999992 -0.941496 
12.79999992 -0.941496 
12.83999992 -0.941496 
12.87999992 -0.941496 
12.91999992 -0.941496 
12.95999992 -0.941496 
12.99999992 -0.941496 
13.03999992 -0.941496 
13.07999992 -0.941496 
13.11999992 -0.941496 
13.15999992 -0.941496 
13.19999992 -0.941496 
13.23999992 -0.941496 
13.27999992 -0.941496 
13.31999992 -0.941496 
13.35999992 -0.941496 
13.39999992 -0.941496 
13.43999992 -0.941496 
13.47999992 -0.941496 
13.51999992 -0.941496 
13.55999992 -0.941496 
13.59999992 -0.941496 
13.63999992 -0.941496 
13.67999992 -0.941496 
13.71999992 -0.941496 
13.75999992 -0.941496 
13.79999992 -0.941496 
13.83999992 -0.4989776 
13.87999992 -0.4989776 
13.91999992 -0.4989776 
13.95999992 -0.4989776 
13.99999991 -0.4989776 
14.03999991 -0.4989776 
14.07999991 -0.4989776 
14.15999991 -0.4989776 
19.23999988 -0.4989776 
19.31999988 -0.4989776 
19.47999988 -0.4989776 
19.67999988 -1.382488 
19.79999988 -0.4989776 
19.83999988 -0.941496 
19.95999988 -0.4989776 
20.15999988 -0.4989776 
20.19999988 -0.941496 
20.47999988 -0.4989776 
24.03999985 -0.4989776 
24.11999985 -0.4989776 
24.15999985 -0.4989776 
24.19999985 -0.4989776 
24.23999985 -0.4989776 
24.27999985 -0.4989776 
24.31999985 -0.4989776 
24.35999985 -0.4989776 
24.39999985 -0.4989776 
24.43999985 -0.4989776 
24.47999985 -0.4989776 
24.51999985 -0.4989776 
24.55999985 -0.4989776 
24.59999985 -0.4989776 
24.63999985 -0.4989776 
24.67999985 -0.4989776 
24.71999985 -0.4989776 
24.75999985 -0.4989776 
29.83999982 -0.4989776 
30.19999982 -0.4989776 
30.27999982 -0.4989776 
30.31999982 -0.4989776 
30.39999982 -0.4989776 
30.47999981 -0.4989776 
30.51999981 -0.4989776 
30.55999981 -0.4989776 
30.59999981 -0.4989776 
30.63999981 -0.4989776 
30.75999981 -0.4989776 
30.79999981 -0.4989776 
30.83999981 -0.4989776 
30.87999981 -0.4989776 
30.91999981 -0.4989776 
30.95999981 -0.4989776 
30.99999981 -0.4989776 
31.03999981 -0.4989776 
31.07999981 -0.4989776 
31.11999981 -0.4989776 
31.15999981 -0.4989776 
31.19999981 -0.4989776 
31.23999981 -0.4989776 
31.27999981 -0.4989776 
31.31999981 -0.4989776 
31.35999981 -0.4989776 
31.39999981 -0.4989776 
31.43999981 -0.4989776 
31.47999981 -0.4989776 
31.51999981 -0.4989776 
31.55999981 -0.4989776 
31.59999981 -0.4989776 
31.63999981 -0.4989776 
31.67999981 -0.4989776 
31.71999981 -0.4989776 
31.75999981 -0.4989776 
31.83999981 -0.4989776 
31.87999981 -0.4989776 
31.91999981 -0.4989776 
31.99999981 -0.4989776 
32.03999981 -0.4989776 
32.07999981 -0.4989776 
32.1599998 -0.4989776 
33.1199998 -0.4989776 
33.2399998 -0.4989776 
33.3999998 -0.4989776 
33.4399998 -0.4989776 
33.4799998 -0.4989776 
33.5199998 -0.4989776 
33.5599998 -0.4989776 
33.5999998 -0.4989776 
33.6399998 -0.4989776 
33.6799998 -0.4989776 
33.7199998 -0.941496 
33.75999979 -0.941496 
33.79999979 -0.941496 
33.83999979 -0.941496 
33.87999979 -0.941496 
33.91999979 -0.941496 
33.95999979 -0.941496 
33.99999979 -0.941496 
34.03999979 -0.941496 
34.07999979 -0.941496 
34.11999979 -0.941496 
34.15999979 -0.941496 
34.19999979 -0.941496 
34.23999979 -0.941496 
34.27999979 -0.941496 
34.31999979 -0.941496 
34.35999979 -1.382488 
34.39999979 -1.825007 
34.43999979 -1.825007 
34.47999979 -1.825007 
34.51999979 -1.382488 
34.55999979 -1.825007 
34.59999979 -1.825007 
34.63999979 -1.825007 
34.67999979 -1.825007 
34.71999979 -1.382488 
34.75999979 -1.825007 
34.79999979 -1.825007 
34.83999979 -1.825007 
34.87999979 -1.825007 
34.91999979 -1.825007 
34.95999979 -1.825007 
34.99999979 -1.825007 
35.03999979 -1.825007 
35.07999979 -1.825007 
35.11999979 -1.825007 
35.15999979 -1.825007 
35.19999979 -1.825007 
35.23999979 -1.825007 
35.27999979 -1.825007 
35.31999979 -1.825007 
35.35999979 -1.825007 
35.39999978 -1.825007 
35.43999978 -1.825007 
35.47999978 -2.267525 
35.51999978 -0.941496 
35.55999978 -1.825007 
35.59999978 -1.825007 
35.63999978 -1.382488 
35.67999978 -1.825007 
35.71999978 -1.825007 
35.75999978 -1.382488 
35.79999978 -1.825007 
35.83999978 -1.382488 
35.87999978 -1.382488 
35.91999978 -1.382488 
35.95999978 -1.382488 
35.99999978 -0.941496 
36.03999978 -1.382488 
36.07999978 -0.941496 
36.11999978 -0.941496 
36.15999978 -0.941496 
36.19999978 -0.941496 
36.23999978 -0.941496 
36.27999978 -0.941496 
36.31999978 -0.941496 
36.35999978 -0.941496 
36.39999978 -0.941496 
36.43999978 -0.941496 
36.47999978 -0.941496 
36.51999978 -0.941496 
36.55999978 -0.941496 
36.59999978 -0.941496 
36.63999978 -0.941496 
36.67999978 -0.941496 
36.71999978 -0.941496 
36.75999978 -0.941496 
36.79999978 -0.941496 
36.83999978 -0.941496 
36.87999978 -0.941496 
36.91999978 -0.4989776 
36.95999978 -0.4989776 
36.99999978 -0.4989776 
37.03999977 -0.4989776 
37.07999977 -0.4989776 
37.11999977 -0.4989776 
37.15999977 -0.4989776 
41.63999975 -0.4989776 
41.75999975 -0.4989776 
44.83999973 -0.4989776 
44.91999973 -0.4989776 
44.95999973 -0.4989776 
44.99999973 -0.4989776 
45.03999973 -0.941496 
45.07999973 -0.4989776 
45.11999973 -0.4989776 
45.15999973 -0.941496 
45.19999973 -0.4989776 
45.23999973 -0.4989776 
45.27999972 -0.941496 
45.31999972 -0.4989776 
45.35999972 -0.941496 
45.39999972 -0.941496 
45.43999972 -0.941496 
45.47999972 -0.941496 
45.51999972 -0.941496 
45.55999972 -0.941496 
45.59999972 -0.941496 
45.63999972 -0.941496 
45.67999972 -0.941496 
45.71999972 -0.941496 
45.75999972 -0.941496 
45.79999972 -1.382488 
45.83999972 -0.941496 
45.87999972 -0.941496 
45.91999972 -2.267525 
45.95999972 -0.941496 
46.03999972 -1.825007 
46.07999972 -1.825007 
46.11999972 -0.941496 
46.15999972 -0.941496 
46.19999972 -1.382488 
46.23999972 -0.941496 
46.27999972 -0.941496 
46.31999972 -0.941496 
46.35999972 -0.4989776 
46.39999972 -1.825007 
46.43999972 -2.267525 
46.51999972 -0.4989776 
46.55999972 -0.941496 
46.59999972 -0.941496 
46.63999972 -0.4989776 
46.67999972 -0.941496 
46.71999972 -1.825007 
46.75999972 -0.941496 
46.79999972 -0.4989776 
46.83999972 -0.941496 
46.87999972 -1.382488 
46.91999971 -0.4989776 
46.95999971 -0.4989776 
46.99999971 -0.4989776 
47.03999971 -0.941496 
47.07999971 -0.941496 
47.11999971 -0.4989776 
47.19999971 -0.4989776 
47.23999971 -0.4989776 
55.99999966 -0.4989776 
56.07999966 -0.4989776 
56.11999966 -0.4989776 
56.15999966 -0.4989776 
56.19999966 -0.941496 
56.23999966 -0.941496 
56.27999966 -0.941496 
56.31999966 -0.941496 
56.35999966 -0.941496 
56.39999966 -0.941496 
56.43999966 -0.941496 
56.47999966 -0.941496 
56.51999966 -0.941496 
56.55999966 -1.382488 
56.59999966 -1.825007 
56.63999966 -1.825007 
56.67999966 -1.825007 
56.71999966 -1.825007 
56.75999966 -1.825007 
56.79999965 -1.825007 
56.83999965 -1.825007 
56.87999965 -1.825007 
56.91999965 -1.825007 
56.95999965 -1.825007 
56.99999965 -1.825007 
57.03999965 -1.825007 
57.07999965 -2.267525 
57.11999965 -1.825007 
57.15999965 -1.825007 
57.19999965 -2.267525 
57.23999965 -1.825007 
57.27999965 -1.825007 
57.31999965 -1.825007 
57.35999965 -2.267525 
57.39999965 -1.825007 
57.43999965 -1.825007 
57.47999965 -2.267525 
57.51999965 -1.825007 
57.55999965 -1.825007 
57.59999965 -1.825007 
57.63999965 -1.825007 
57.67999965 -2.267525 
57.71999965 -1.825007 
57.75999965 -1.825007 
57.79999965 -1.825007 
57.83999965 -1.825007 
57.87999965 -1.825007 
57.91999965 -1.825007 
57.95999965 -1.825007 
57.99999965 -1.825007 
58.03999965 -1.825007 
58.07999965 -1.825007 
58.11999965 -1.382488 
58.15999965 -1.382488 
58.19999965 -0.941496 
58.23999965 -0.941496 
58.27999965 -0.941496 
58.31999965 -0.941496 
58.35999965 -0.941496 
58.39999965 -0.941496 
58.43999964 -0.941496 
58.47999964 -0.941496 
58.51999964 -0.4989776 
58.55999964 -0.941496 
58.59999964 -0.941496 
58.63999964 -0.4989776 
58.67999964 -0.4989776 
58.71999964 -0.4989776 
58.75999964 -0.4989776 
58.79999964 -0.4989776 
58.83999964 -0.4989776 
61.19999963 -0.4989776 
61.27999963 -0.4989776 
61.31999963 -0.4989776 
61.35999963 -0.4989776 
61.39999963 -0.4989776 
61.43999963 -0.4989776 
61.47999963 -0.941496 
61.51999963 -0.941496 
61.55999963 -0.941496 
61.59999963 -0.941496 
61.63999963 -0.941496 
61.67999963 -0.941496 
61.71999962 -0.941496 
61.75999962 -0.941496 
61.79999962 -0.941496 
61.87999962 -1.382488 
61.91999962 -1.382488 
61.95999962 -1.382488 
61.99999962 -0.941496 
62.03999962 -1.825007 
62.07999962 -1.382488 
62.11999962 -0.941496 
62.15999962 -0.941496 
62.19999962 -1.825007 
62.23999962 -1.382488 
62.27999962 -1.382488 
62.31999962 -1.382488 
62.35999962 -0.941496 
62.39999962 -0.941496 
62.43999962 -0.941496 
62.47999962 -0.941496 
62.51999962 -0.941496 
62.55999962 -0.941496 
62.59999962 -0.941496 
62.63999962 -0.941496 
62.67999962 -0.941496 
62.71999962 -0.941496 
62.75999962 -0.941496 
62.79999962 -0.941496 
62.83999962 -0.941496 
62.87999962 -0.4989776 
62.91999962 -0.4989776 
62.95999962 -0.941496 
62.99999962 -0.4989776 
63.03999962 -0.941496 
63.07999962 -0.4989776 
63.11999962 -0.4989776 
63.15999962 -0.4989776 
63.19999962 -0.4989776 
63.27999962 -0.4989776 
67.63999959 -0.4989776 
67.75999959 -0.4989776 
67.79999959 -0.941496 
67.83999959 -0.4989776 
67.87999959 -0.4989776 
67.91999959 -0.941496 
67.95999959 -0.941496 
67.99999959 -0.4989776 
68.03999959 -0.941496 
68.07999959 -0.941496 
68.11999959 -0.4989776 
68.15999959 -0.941496 
68.19999959 -0.941496 
68.23999959 -0.941496 
68.27999959 -0.941496 
68.31999958 -0.941496 
68.35999958 -0.941496 
68.39999958 -0.941496 
68.43999958 -0.941496 
68.47999958 -0.941496 
68.51999958 -0.941496 
68.55999958 -0.941496 
68.59999958 -0.941496 
68.63999958 -0.941496 
68.67999958 -0.941496 
68.71999958 -1.382488 
68.75999958 -0.941496 
68.79999958 -0.941496 
68.83999958 -0.941496 
68.87999958 -0.941496 
68.91999958 -0.941496 
68.95999958 -0.941496 
68.99999958 -0.941496 
69.03999958 -0.941496 
69.07999958 -0.941496 
69.11999958 -0.941496 
69.15999958 -0.941496 
69.19999958 -0.941496 
69.23999958 -0.941496 
69.27999958 -0.941496 
69.31999958 -0.4989776 
69.35999958 -0.941496 
69.39999958 -0.941496 
69.43999958 -0.941496 
69.47999958 -0.941496 
69.51999958 -0.4989776 
69.55999958 -0.941496 
69.59999958 -0.941496 
69.63999958 -0.4989776 
69.67999958 -0.4989776 
69.71999958 -0.4989776 
69.75999958 -0.4989776 
69.79999958 -0.4989776 
69.83999958 -0.4989776 
69.87999958 -0.4989776 
69.91999958 -0.4989776 
69.95999957 -0.4989776 
70.03999957 -0.4989776 
70.27999957 -0.4989776 
72.03999956 -0.4989776 
72.07999956 -0.941496 
72.19999956 -0.4989776 
72.23999956 -0.941496 
72.27999956 -0.4989776 
72.35999956 -0.941496 
72.39999956 -0.4989776 
72.47999956 -0.4989776 
72.55999956 -1.382488 
72.59999956 -1.825007 
72.63999956 -0.941496 
72.71999956 -0.4989776 
72.75999956 -0.941496 
72.79999956 -0.4989776 
72.83999956 -0.4989776 
72.87999956 -1.825007 
72.91999956 -0.941496 
72.99999956 -0.4989776 
73.03999956 -1.825007 
73.07999956 -0.941496 
73.11999956 -0.941496 
73.15999956 -0.941496 
73.19999956 -0.941496 
73.23999955 -1.382488 
73.27999955 -0.941496 
73.31999955 -0.941496 
73.35999955 -0.941496 
73.39999955 -1.382488 
73.43999955 -0.941496 
73.47999955 -0.941496 
73.51999955 -0.941496 
73.55999955 -0.941496 
73.59999955 -0.941496 
73.63999955 -0.941496 
73.67999955 -0.941496 
73.71999955 -0.941496 
73.75999955 -0.941496 
73.79999955 -0.941496 
73.83999955 -0.941496 
73.87999955 -0.941496 
73.91999955 -0.941496 
73.95999955 -0.941496 
73.99999955 -0.941496 
74.03999955 -0.941496 
74.07999955 -0.941496 
74.11999955 -0.941496 
74.15999955 -0.941496 
74.19999955 -0.4989776 
74.23999955 -0.4989776 
74.27999955 -0.4989776 
74.31999955 -0.4989776 
74.35999955 -0.4989776 
74.39999955 -0.4989776 
83.35999949 -0.4989776 
83.39999949 -0.4989776 
83.47999949 -0.4989776 
83.51999949 -0.4989776 
83.55999949 -0.4989776 
83.59999949 -0.4989776 
83.63999949 -0.4989776 
83.67999949 -0.941496 
83.71999949 -0.941496 
83.75999949 -0.941496 
83.79999949 -0.941496 
83.83999949 -0.941496 
83.87999949 -0.941496 
83.91999949 -0.941496 
83.95999949 -0.941496 
83.99999949 -0.941496 
84.03999949 -0.941496 
84.07999949 -0.941496 
84.11999949 -0.941496 
84.15999949 -0.941496 
84.19999949 -0.941496 
84.23999949 -0.941496 
84.27999949 -0.941496 
84.31999949 -0.941496 
84.35999949 -0.941496 
84.39999949 -0.941496 
84.43999949 -1.382488 
84.47999949 -1.825007 
84.51999949 -0.941496 
84.55999949 -0.941496 
84.59999949 -0.941496 
84.63999949 -1.382488 
84.67999949 -0.941496 
84.71999949 -0.941496 
84.75999948 -0.941496 
84.79999948 -1.382488 
84.83999948 -1.382488 
84.87999948 -0.941496 
84.91999948 -0.941496 
84.95999948 -0.941496 
84.99999948 -0.941496 
85.03999948 -0.941496 
85.07999948 -0.941496 
85.11999948 -0.941496 
85.15999948 -0.941496 
85.19999948 -0.941496 
85.23999948 -0.941496 
85.27999948 -0.941496 
85.31999948 -1.825007 
85.35999948 -0.4989776 
85.39999948 -0.941496 
85.43999948 -0.941496 
85.47999948 -0.941496 
85.51999948 -0.941496 
85.55999948 -0.941496 
85.59999948 -0.941496 
85.63999948 -0.941496 
85.67999948 -0.941496 
85.71999948 -0.4989776 
85.75999948 -0.4989776 
85.79999948 -0.4989776 
85.83999948 -0.4989776 
85.87999948 -0.4989776 
85.91999948 -0.4989776 
85.99999948 -0.4989776 
86.03999948 -0.4989776 
89.43999946 -0.4989776 
89.47999946 -0.4989776 
89.51999946 -0.4989776 
89.55999946 -0.4989776 
89.59999946 -0.4989776 
89.63999946 -0.4989776 
89.67999945 -0.4989776 
89.71999945 -0.941496 
89.75999945 -0.941496 
89.79999945 -0.941496 
89.83999945 -0.941496 
89.87999945 -0.941496 
89.91999945 -0.941496 
89.95999945 -0.941496 
89.99999945 -0.941496 
90.03999945 -0.941496 
90.07999945 -0.941496 
90.11999945 -0.941496 
90.15999945 -0.941496 
90.19999945 -0.941496 
90.23999945 -0.941496 
90.27999945 -0.941496 
90.31999945 -0.941496 
90.35999945 -1.382488 
90.39999945 -1.382488 
90.43999945 -1.382488 
90.47999945 -1.382488 
90.51999945 -1.382488 
90.55999945 -1.825007 
90.59999945 -0.941496 
90.63999945 -0.941496 
90.67999945 -0.941496 
90.71999945 -0.941496 
90.75999945 -0.941496 
90.79999945 -0.941496 
90.83999945 -0.941496 
90.87999945 -0.941496 
90.91999945 -1.382488 
90.95999945 -0.941496 
90.99999945 -0.941496 
91.03999945 -0.941496 
91.07999945 -0.941496 
91.11999945 -0.941496 
91.15999945 -0.941496 
91.19999945 -0.941496 
91.23999945 -0.941496 
91.27999945 -0.941496 
91.31999945 -0.941496 
91.35999944 -0.941496 
91.39999944 -0.4989776 
91.43999944 -0.941496 
91.47999944 -0.941496 
91.51999944 -0.4989776 
91.55999944 -0.4989776 
91.63999944 -0.4989776 
91.67999944 -0.4989776 
91.71999944 -0.4989776 
91.75999944 -0.4989776 
91.79999944 -0.4989776 
93.71999943 -0.4989776 
93.75999943 -0.4989776 
93.79999943 -0.4989776 
93.83999943 -0.4989776 
93.87999943 -0.4989776 
93.91999943 -0.4989776 
93.95999943 -0.941496 
93.99999943 -0.941496 
94.03999943 -0.941496 
94.07999943 -0.941496 
94.11999943 -0.941496 
94.15999943 -0.941496 
94.19999943 -0.941496 
94.23999943 -1.825007 
94.27999943 -1.382488 
94.31999943 -0.941496 
94.35999943 -1.382488 
94.39999943 -1.825007 
94.43999943 -1.382488 
94.47999943 -1.825007 
94.51999943 -1.825007 
94.55999943 -1.825007 
94.59999943 -1.825007 
94.63999942 -1.825007 
94.67999942 -2.267525 
94.71999942 -1.825007 
94.75999942 -2.267525 
94.79999942 -2.267525 
94.83999942 -2.267525 
94.87999942 -2.267525 
94.91999942 -2.267525 
94.95999942 -2.267525 
94.99999942 -2.267525 
95.03999942 -2.708518 
95.07999942 -2.708518 
95.11999942 -2.708518 
95.15999942 -2.708518 
95.19999942 -2.708518 
95.23999942 -2.708518 
95.27999942 -3.151036 
95.31999942 -2.708518 
95.35999942 -3.151036 
95.39999942 -3.151036 
95.43999942 -2.708518 
95.47999942 -2.708518 
95.51999942 -2.708518 
95.55999942 -3.151036 
95.59999942 -3.151036 
95.63999942 -3.151036 
95.67999942 -2.708518 
95.71999942 -2.708518 
95.75999942 -2.708518 
95.79999942 -2.708518 
95.83999942 -3.151036 
95.87999942 -2.708518 
95.91999942 -2.708518 
95.95999942 -2.708518 
95.99999942 -2.708518 
96.03999942 -2.708518 
96.07999942 -2.708518 
96.11999942 -2.708518 
96.15999942 -2.267525 
96.19999942 -2.708518 
96.23999942 -2.267525 
96.27999941 -2.267525 
96.31999941 -1.825007 
96.35999941 -2.267525 
96.39999941 -1.825007 
96.43999941 -1.825007 
96.47999941 -1.825007 
96.51999941 -1.825007 
96.55999941 -1.825007 
96.59999941 -1.825007 
96.63999941 -1.382488 
96.67999941 -1.825007 
96.71999941 -0.941496 
96.75999941 -0.941496 
96.79999941 -0.941496 
96.83999941 -0.941496 
96.87999941 -0.941496 
96.91999941 -0.941496 
96.95999941 -0.941496 
96.99999941 -0.941496 
97.03999941 -0.4989776 
97.07999941 -0.4989776 
97.11999941 -0.4989776 
97.15999941 -0.4989776 
106.07999936 -0.4989776 
106.11999936 -0.4989776 
106.15999935 -0.4989776 
106.19999935 -0.4989776 
106.23999935 -0.4989776 
106.27999935 -0.4989776 
106.31999935 -0.941496 
106.35999935 -0.941496 
106.39999935 -0.941496 
106.43999935 -0.941496 
106.47999935 -0.941496 
106.51999935 -0.941496 
106.55999935 -0.941496 
106.59999935 -1.382488 
106.63999935 -1.382488 
106.67999935 -1.825007 
106.71999935 -1.382488 
106.75999935 -1.825007 
106.79999935 -1.825007 
106.83999935 -1.825007 
106.87999935 -1.825007 
106.91999935 -1.382488 
106.95999935 -1.825007 
106.99999935 -1.825007 
107.03999935 -1.825007 
107.07999935 -1.825007 
107.11999935 -1.825007 
107.15999935 -1.825007 
107.19999935 -1.825007 
107.23999935 -1.825007 
107.27999935 -1.825007 
107.31999935 -1.825007 
107.35999935 -1.825007 
107.39999935 -1.825007 
107.43999935 -1.825007 
107.47999935 -1.825007 
107.51999935 -1.825007 
107.55999935 -1.825007 
107.59999935 -1.825007 
107.63999935 -1.825007 
107.67999935 -1.382488 
107.71999935 -1.825007 
107.75999935 -1.825007 
107.79999934 -1.825007 
107.83999934 -0.941496 
107.87999934 -0.941496 
107.91999934 -0.941496 
107.95999934 -0.941496 
107.99999934 -0.941496 
108.03999934 -0.941496 
108.07999934 -0.941496 
108.11999934 -0.941496 
108.15999934 -0.941496 
108.19999934 -0.4989776 
108.23999934 -0.941496 
108.27999934 -0.4989776 
108.31999934 -0.4989776 
108.35999934 -0.4989776 
108.39999934 -0.4989776 
108.43999934 -0.4989776 
108.47999934 -0.4989776 
111.47999932 -0.4989776 
111.91999932 -0.4989776 
111.95999932 -0.4989776 
112.03999932 -0.4989776 
112.07999932 -0.4989776 
112.15999932 -0.4989776 
112.23999932 -0.4989776 
116.99999929 -0.4989776 
117.03999929 -0.4989776 
117.07999929 -0.4989776 
117.11999929 -0.941496 
117.15999929 -0.941496 
117.19999929 -0.941496 
117.23999929 -0.941496 
117.27999929 -0.941496 
117.31999929 -0.941496 
117.35999929 -0.941496 
117.39999929 -1.382488 
117.43999929 -1.382488 
117.47999929 -1.825007 
117.51999929 -1.825007 
117.55999929 -1.825007 
117.59999929 -1.825007 
117.63999929 -1.825007 
117.67999928 -2.267525 
117.71999928 -1.825007 
117.75999928 -2.267525 
117.79999928 -2.267525 
117.83999928 -1.825007 
117.87999928 -2.267525 
117.91999928 -2.267525 
117.95999928 -2.267525 
117.99999928 -2.267525 
118.03999928 -2.267525 
118.07999928 -2.267525 
118.11999928 -2.267525 
118.15999928 -2.708518 
118.19999928 -2.708518 
118.23999928 -2.708518 
118.27999928 -2.708518 
118.31999928 -2.708518 
118.35999928 -2.708518 
118.39999928 -2.708518 
118.43999928 -2.708518 
118.47999928 -2.708518 
118.51999928 -2.708518 
118.55999928 -2.708518 
118.59999928 -2.708518 
118.63999928 -2.708518 
118.67999928 -2.708518 
118.71999928 -2.708518 
118.75999928 -2.708518 
118.79999928 -2.267525 
118.83999928 -2.708518 
118.87999928 -2.708518 
118.91999928 -2.708518 
118.95999928 -2.267525 
118.99999928 -2.708518 
119.03999928 -2.708518 
119.07999928 -2.267525 
119.11999928 -2.267525 
119.15999928 -2.267525 
119.19999928 -2.267525 
119.23999928 -2.267525 
119.27999928 -2.267525 
119.31999927 -1.825007 
119.35999927 -2.267525 
119.39999927 -2.267525 
119.43999927 -1.825007 
119.47999927 -1.825007 
119.51999927 -2.267525 
119.55999927 -1.825007 
119.59999927 -1.825007 
119.63999927 -1.825007 
119.67999927 -1.825007 
119.71999927 -1.825007 
119.75999927 -1.825007 
119.79999927 -1.382488 
119.83999927 -0.941496 
119.87999927 -0.941496 
119.91999927 -1.382488 
119.95999927 -0.941496 
119.99999927 -0.941496 
120.03999927 -0.941496 
120.07999927 -0.941496 
120.11999927 -0.941496 
120.15999927 -0.941496 
120.19999927 -0.941496 
120.23999927 -0.941496 
120.27999927 -0.4989776 
120.31999927 -0.4989776 
120.39999927 -0.4989776 
120.43999927 -0.4989776 
120.47999927 -0.4989776 
120.59999927 -0.4989776 
122.39999926 -0.4989776 
122.43999926 -0.4989776 
122.51999926 -0.4989776 
122.55999926 -0.4989776 
122.59999925 -0.4989776 
122.63999925 -0.4989776 
122.67999925 -0.4989776 
122.71999925 -0.4989776 
122.75999925 -0.4989776 
122.79999925 -0.941496 
122.83999925 -0.941496 
122.87999925 -0.941496 
122.91999925 -0.941496 
122.95999925 -0.941496 
122.99999925 -0.941496 
123.03999925 -0.941496 
123.07999925 -0.941496 
123.11999925 -0.941496 
123.15999925 -1.382488 
123.19999925 -0.941496 
123.23999925 -0.941496 
123.27999925 -0.941496 
123.31999925 -0.941496 
123.35999925 -0.941496 
123.39999925 -0.941496 
123.43999925 -1.382488 
123.47999925 -0.941496 
123.51999925 -0.941496 
123.55999925 -0.941496 
123.59999925 -0.941496 
123.63999925 -1.382488 
123.67999925 -0.941496 
123.71999925 -0.941496 
123.75999925 -0.941496 
123.79999925 -0.941496 
123.83999925 -0.941496 
123.87999925 -0.941496 
123.91999925 -0.941496 
123.95999925 -0.941496 
123.99999925 -0.941496 
124.03999925 -0.941496 
124.07999925 -0.4989776 
124.11999925 -0.941496 
124.15999925 -0.4989776 
124.19999925 -0.4989776 
124.23999924 -0.4989776 
124.27999924 -0.941496 
124.31999924 -0.4989776 
124.35999924 -0.4989776 
124.39999924 -0.4989776 
124.51999924 -0.4989776 
134.27999918 -0.4989776 
134.39999918 -0.4989776 
134.55999918 -0.4989776 
134.67999918 -0.4989776 
134.79999918 -0.4989776 
140.79999914 -0.4989776 
143.55999913 -0.4989776 
143.59999913 -0.4989776 
143.63999913 -0.4989776 
143.67999913 -0.941496 
143.71999913 -0.941496 
143.75999913 -0.941496 
143.79999913 -0.941496 
143.83999913 -0.941496 
143.87999913 -0.941496 
143.91999913 -1.382488 
143.95999913 -1.382488 
143.99999912 -0.941496 
144.03999912 -1.825007 
144.07999912 -1.825007 
144.11999912 -1.825007 
144.15999912 -1.825007 
144.19999912 -1.825007 
144.23999912 -1.825007 
144.27999912 -1.825007 
144.31999912 -1.825007 
144.35999912 -1.825007 
144.39999912 -1.825007 
144.43999912 -2.267525 
144.47999912 -2.267525 
144.51999912 -1.825007 
144.55999912 -2.267525 
144.59999912 -2.267525 
144.63999912 -2.267525 
144.67999912 -2.267525 
144.71999912 -2.267525 
144.75999912 -2.267525 
144.79999912 -1.825007 
144.83999912 -2.267525 
144.87999912 -2.267525 
144.91999912 -2.267525 
144.95999912 -2.267525 
144.99999912 -2.267525 
145.03999912 -2.267525 
145.07999912 -2.267525 
145.11999912 -2.267525 
145.15999912 -2.267525 
145.19999912 -2.267525 
145.23999912 -2.267525 
145.27999912 -2.267525 
145.31999912 -2.267525 
145.35999912 -2.267525 
145.39999912 -2.267525 
145.43999912 -2.267525 
145.47999912 -2.267525 
145.51999912 -2.267525 
145.55999912 -2.267525 
145.59999912 -2.267525 
145.63999911 -2.267525 
145.67999911 -2.267525 
145.71999911 -1.825007 
145.75999911 -2.267525 
145.79999911 -1.825007 
145.83999911 -1.825007 
145.87999911 -1.825007 
145.91999911 -1.825007 
145.95999911 -1.825007 
145.99999911 -1.825007 
146.03999911 -1.825007 
146.07999911 -1.382488 
146.11999911 -1.382488 
146.15999911 -1.825007 
146.19999911 -1.382488 
146.23999911 -1.825007 
146.27999911 -0.941496 
146.31999911 -0.941496 
146.35999911 -0.941496 
146.39999911 -0.941496 
146.43999911 -0.941496 
146.47999911 -0.941496 
146.51999911 -0.941496 
146.55999911 -0.941496 
146.59999911 -0.4989776 
146.63999911 -0.941496 
146.67999911 -0.941496 
146.71999911 -0.941496 
146.75999911 -0.4989776 
146.79999911 -0.4989776 
146.83999911 -0.4989776 
146.87999911 -0.4989776 
146.95999911 -0.4989776 
146.99999911 -0.4989776 
147.11999911 -0.4989776 
150.87999908 -0.4989776 
150.91999908 -0.4989776 
150.99999908 -0.941496 
151.15999908 -0.4989776 
151.47999908 -0.4989776 
151.51999908 -0.4989776 
155.03999906 -0.4989776 
155.07999906 -0.4989776 
155.11999906 -0.4989776 
155.15999906 -0.4989776 
155.19999906 -0.4989776 
155.23999906 -0.941496 
155.27999906 -0.941496 
155.31999906 -0.941496 
155.35999906 -0.941496 
155.39999906 -0.941496 
155.43999906 -0.941496 
155.47999906 -0.941496 
155.51999905 -0.941496 
155.55999905 -1.825007 
155.59999905 -1.825007 
155.63999905 -1.825007 
155.67999905 -1.825007 
155.71999905 -1.382488 
155.75999905 -1.825007 
155.79999905 -1.825007 
155.83999905 -1.825007 
155.87999905 -1.825007 
155.91999905 -1.825007 
155.95999905 -1.825007 
155.99999905 -1.825007 
156.03999905 -1.825007 
156.07999905 -1.825007 
156.11999905 -2.267525 
156.15999905 -1.825007 
156.19999905 -2.267525 
156.23999905 -2.267525 
156.27999905 -1.825007 
156.31999905 -2.267525 
156.35999905 -1.825007 
156.39999905 -1.825007 
156.43999905 -1.825007 
156.47999905 -2.267525 
156.51999905 -2.267525 
156.55999905 -1.825007 
156.59999905 -1.825007 
156.63999905 -2.267525 
156.67999905 -2.267525 
156.71999905 -1.825007 
156.75999905 -1.825007 
156.79999905 -1.825007 
156.83999905 -1.825007 
156.87999905 -1.825007 
156.91999905 -1.825007 
156.95999905 -1.825007 
156.99999905 -1.825007 
157.03999905 -1.825007 
157.07999905 -1.382488 
157.11999905 -0.941496 
157.15999904 -1.382488 
157.19999904 -1.382488 
157.23999904 -0.941496 
157.27999904 -0.941496 
157.31999904 -0.941496 
157.35999904 -0.941496 
157.39999904 -0.941496 
157.43999904 -0.4989776 
157.47999904 -0.4989776 
157.51999904 -0.4989776 
157.55999904 -0.4989776 
157.59999904 -0.4989776 
157.67999904 -0.4989776 
157.71999904 -0.4989776 
166.63999899 -0.4989776 
166.79999899 -0.4989776 
166.83999899 -0.4989776 
166.87999899 -0.4989776 
166.91999899 -0.941496 
166.95999899 -0.941496 
166.99999899 -0.4989776 
167.03999898 -0.4989776 
167.07999898 -0.941496 
167.11999898 -0.941496 
167.19999898 -0.941496 
167.23999898 -0.941496 
167.27999898 -0.4989776 
167.31999898 -0.941496 
167.35999898 -0.941496 
167.39999898 -0.941496 
167.43999898 -0.941496 
167.47999898 -0.941496 
167.51999898 -0.941496 
167.55999898 -0.941496 
167.59999898 -0.941496 
167.63999898 -0.941496 
167.67999898 -0.941496 
167.71999898 -0.941496 
167.75999898 -0.941496 
167.79999898 -0.941496 
167.83999898 -0.941496 
167.87999898 -0.941496 
167.91999898 -0.941496 
167.95999898 -0.941496 
167.99999898 -0.941496 
168.03999898 -0.941496 
168.07999898 -0.941496 
168.11999898 -0.941496 
168.15999898 -0.941496 
168.19999898 -0.941496 
168.23999898 -0.941496 
168.27999898 -0.941496 
168.31999898 -0.941496 
168.35999898 -0.941496 
168.39999898 -0.941496 
168.43999898 -0.941496 
168.47999898 -0.941496 
168.51999898 -0.4989776 
168.55999898 -0.4989776 
168.59999898 -0.941496 
168.63999898 -0.4989776 
168.67999897 -0.4989776 
168.71999897 -0.4989776 
168.75999897 -0.4989776 
168.79999897 -0.4989776 
168.83999897 -0.4989776 
168.87999897 -0.4989776 
168.91999897 -0.4989776 
171.11999896 -0.4989776 
171.19999896 -0.4989776 
171.23999896 -0.4989776 
171.27999896 -0.4989776 
171.31999896 -0.4989776 
171.35999896 -0.4989776 
171.39999896 -0.4989776 
171.43999896 -0.941496 
171.47999896 -0.941496 
171.51999896 -0.941496 
171.55999896 -0.941496 
171.59999896 -0.941496 
171.63999896 -0.941496 
171.67999896 -1.382488 
171.71999896 -0.941496 
171.75999896 -1.382488 
171.79999896 -1.825007 
171.83999896 -1.382488 
171.87999896 -1.825007 
171.91999896 -1.825007 
171.95999895 -1.382488 
171.99999895 -1.825007 
172.03999895 -1.825007 
172.07999895 -1.825007 
172.11999895 -1.825007 
172.15999895 -2.267525 
172.19999895 -1.825007 
172.23999895 -2.267525 
172.27999895 -1.825007 
172.31999895 -1.825007 
172.35999895 -1.825007 
172.39999895 -1.825007 
172.43999895 -1.825007 
172.47999895 -2.267525 
172.51999895 -1.825007 
172.55999895 -1.825007 
172.59999895 -1.825007 
172.63999895 -2.267525 
172.67999895 -1.825007 
172.71999895 -1.825007 
172.75999895 -2.267525 
172.79999895 -1.825007 
172.83999895 -1.825007 
172.87999895 -1.825007 
172.91999895 -1.825007 
172.95999895 -1.825007 
172.99999895 -1.825007 
173.03999895 -1.825007 
173.07999895 -1.825007 
173.11999895 -1.825007 
173.15999895 -0.941496 
173.19999895 -0.941496 
173.23999895 -0.941496 
173.27999895 -1.382488 
173.31999895 -0.941496 
173.35999895 -0.941496 
173.39999895 -0.941496 
173.43999895 -0.941496 
173.47999895 -0.941496 
173.51999895 -0.4989776 
173.55999895 -0.941496 
173.59999894 -0.941496 
173.63999894 -0.4989776 
173.67999894 -0.4989776 
173.71999894 -0.4989776 
173.75999894 -0.941496 
173.79999894 -0.4989776 
177.27999892 -0.941496 
177.31999892 -0.4989776 
177.43999892 -0.4989776 
177.55999892 -0.941496 
177.59999892 -0.4989776 
177.71999892 -0.941496 
177.75999892 -0.4989776 
177.83999892 -0.4989776 
177.87999892 -0.941496 
177.91999892 -0.4989776 
177.95999892 -0.4989776 
177.99999892 -0.4989776 
178.03999892 -0.4989776 
178.07999892 -0.941496 
178.11999892 -0.4989776 
178.15999892 -0.4989776 
178.19999892 -0.941496 
178.23999892 -0.4989776 
178.27999892 -0.4989776 
178.31999892 -0.4989776 
178.35999892 -0.941496 
178.39999892 -0.941496 
178.43999892 -0.941496 
178.47999892 -0.4989776 
178.51999892 -0.4989776 
178.55999891 -0.941496 
178.59999891 -0.4989776 
178.63999891 -0.4989776 
178.67999891 -0.941496 
178.71999891 -0.941496 
178.75999891 -0.941496 
178.79999891 -0.4989776 
178.83999891 -0.4989776 
178.87999891 -0.4989776 
178.91999891 -0.4989776 
178.95999891 -0.4989776 
178.99999891 -0.4989776 
179.03999891 -0.941496 
179.07999891 -0.4989776 
179.11999891 -0.4989776 
179.15999891 -0.4989776 
179.19999891 -0.4989776 
179.23999891 -0.4989776 
179.27999891 -0.4989776 
179.31999891 -0.4989776 
179.39999891 -0.4989776 
182.47999889 -0.4989776 
182.51999889 -0.4989776 
182.55999889 -0.4989776 
182.59999889 -0.4989776 
182.63999889 -0.4989776 
182.67999889 -0.4989776 
182.71999889 -0.4989776 
182.75999889 -0.941496 
182.79999889 -0.4989776 
182.83999889 -0.941496 
182.87999889 -0.941496 
182.91999889 -0.941496 
182.95999889 -0.4989776 
182.99999889 -0.941496 
183.03999889 -0.941496 
183.07999889 -0.941496 
183.11999889 -0.941496 
183.15999889 -0.941496 
183.19999889 -0.941496 
183.23999889 -0.941496 
183.27999889 -0.941496 
183.31999889 -0.941496 
183.35999889 -1.382488 
183.39999889 -0.941496 
183.43999889 -0.941496 
183.47999888 -0.941496 
183.51999888 -0.941496 
183.55999888 -1.382488 
183.59999888 -0.941496 
183.63999888 -0.941496 
183.67999888 -0.941496 
183.71999888 -1.382488 
183.75999888 -1.382488 
183.79999888 -0.941496 
183.83999888 -1.382488 
183.87999888 -0.941496 
183.91999888 -1.382488 
183.95999888 -1.382488 
183.99999888 -1.382488 
184.03999888 -0.941496 
184.07999888 -0.941496 
184.11999888 -0.941496 
184.15999888 -0.941496 
184.19999888 -0.941496 
184.23999888 -0.941496 
184.27999888 -0.941496 
184.31999888 -0.941496 
184.35999888 -1.382488 
184.39999888 -0.941496 
184.43999888 -0.941496 
184.47999888 -0.941496 
184.51999888 -0.941496 
184.55999888 -0.4989776 
184.59999888 -0.941496 
184.63999888 -0.4989776 
184.67999888 -0.4989776 
184.71999888 -0.4989776 
184.75999888 -0.4989776 
184.79999888 -0.4989776 
193.51999882 -0.4989776 
193.59999882 -0.4989776 
193.63999882 -0.941496 
193.67999882 -0.941496 
193.71999882 -0.941496 
193.75999882 -0.941496 
193.79999882 -0.941496 
193.83999882 -0.941496 
193.87999882 -0.941496 
193.91999882 -0.941496 
193.95999882 -0.941496 
193.99999882 -0.941496 
194.03999882 -1.382488 
194.07999882 -1.382488 
194.11999882 -1.825007 
194.15999882 -0.941496 
194.19999882 -1.825007 
194.23999882 -1.825007 
194.27999882 -1.825007 
194.31999882 -1.825007 
194.35999882 -1.825007 
194.39999882 -1.825007 
194.43999882 -1.825007 
194.47999882 -1.825007 
194.51999882 -1.825007 
194.55999882 -2.267525 
194.59999882 -1.825007 
194.63999882 -2.267525 
194.67999882 -1.825007 
194.71999882 -1.825007 
194.75999882 -1.825007 
194.79999882 -1.825007 
194.83999882 -2.267525 
194.87999882 -1.825007 
194.91999882 -1.825007 
194.95999882 -2.267525 
194.99999881 -2.267525 
195.03999881 -1.825007 
195.07999881 -1.825007 
195.11999881 -2.267525 
195.15999881 -1.825007 
195.19999881 -1.825007 
195.23999881 -1.825007 
195.27999881 -1.825007 
195.31999881 -1.825007 
195.35999881 -1.825007 
195.39999881 -1.825007 
195.43999881 -1.825007 
195.47999881 -1.825007 
195.51999881 -1.825007 
195.55999881 -1.825007 
195.59999881 -1.825007 
195.63999881 -1.382488 
195.67999881 -1.382488 
195.71999881 -1.382488 
195.75999881 -0.941496 
195.79999881 -0.941496 
195.83999881 -0.941496 
195.87999881 -0.941496 
195.91999881 -0.941496 
195.95999881 -0.941496 
195.99999881 -0.941496 
196.03999881 -0.941496 
196.07999881 -0.941496 
196.11999881 -0.4989776 
196.15999881 -0.4989776 
196.19999881 -0.4989776 
196.23999881 -0.4989776 
196.27999881 -0.4989776 
196.31999881 -0.4989776 
196.35999881 -0.4989776 
196.39999881 -0.4989776 
199.87999879 -0.4989776 
199.99999878 -0.4989776 
200.03999878 -0.4989776 
200.07999878 -0.4989776 
200.11999878 -0.4989776 
0 0 
