2.59999998 -0.4989776 
2.63999998 -0.4989776 
2.67999998 -0.4989776 
2.71999998 -0.4989776 
2.75999998 -0.4989776 
2.79999998 -0.4989776 
2.83999998 -0.4989776 
2.87999998 -0.4989776 
2.91999998 -1.825007 
2.95999998 -0.4989776 
3.03999998 -0.4989776 
3.07999998 -0.941496 
3.15999998 -0.4989776 
3.19999998 -0.941496 
3.23999998 -0.4989776 
3.27999998 -0.4989776 
3.31999998 -0.4989776 
3.39999998 -0.941496 
3.43999998 -1.825007 
3.47999998 -0.941496 
3.55999998 -0.941496 
3.59999998 -0.941496 
3.67999998 -0.941496 
3.71999998 -1.825007 
3.75999998 -0.941496 
3.83999998 -0.4989776 
3.87999998 -0.941496 
3.91999998 -0.4989776 
3.95999998 -0.4989776 
3.99999998 -0.4989776 
4.03999998 -0.4989776 
4.23999997 -0.4989776 
7.15999996 -0.4989776 
7.19999996 -0.4989776 
7.23999996 -0.4989776 
7.27999996 -0.4989776 
7.31999996 -0.4989776 
7.35999996 -0.4989776 
7.39999996 -0.4989776 
7.43999995 -0.4989776 
7.47999995 -0.941496 
7.51999995 -0.941496 
7.55999995 -0.941496 
7.59999995 -0.941496 
7.63999995 -0.941496 
7.67999995 -0.941496 
7.71999995 -0.941496 
7.75999995 -0.941496 
7.79999995 -0.941496 
7.83999995 -0.941496 
7.87999995 -1.382488 
7.91999995 -0.941496 
7.95999995 -0.941496 
7.99999995 -0.941496 
8.03999995 -0.941496 
8.07999995 -0.941496 
8.11999995 -0.941496 
8.15999995 -0.941496 
8.19999995 -0.941496 
8.23999995 -0.941496 
8.27999995 -0.941496 
8.31999995 -0.941496 
8.35999995 -0.941496 
8.39999995 -0.941496 
8.43999995 -0.941496 
8.47999995 -0.941496 
8.51999995 -0.941496 
8.55999995 -0.941496 
8.59999995 -0.941496 
8.63999995 -0.941496 
8.67999995 -0.941496 
8.71999995 -0.941496 
8.75999995 -0.941496 
8.79999995 -0.941496 
8.83999995 -0.941496 
8.87999995 -0.4989776 
8.91999995 -0.4989776 
8.95999995 -0.941496 
8.99999995 -0.4989776 
9.03999995 -0.4989776 
9.07999994 -0.4989776 
9.11999994 -0.4989776 
13.23999992 -0.4989776 
13.31999992 -0.4989776 
13.39999992 -0.4989776 
13.43999992 -0.4989776 
13.47999992 -0.941496 
13.51999992 -0.4989776 
13.55999992 -0.941496 
13.59999992 -0.941496 
13.63999992 -0.941496 
13.67999992 -0.941496 
13.71999992 -0.941496 
13.75999992 -0.941496 
13.79999992 -1.382488 
13.83999992 -1.382488 
13.87999992 -1.382488 
13.91999992 -1.382488 
13.95999992 -0.941496 
13.99999991 -1.382488 
14.03999991 -1.382488 
14.07999991 -0.941496 
14.11999991 -1.825007 
14.15999991 -1.825007 
14.19999991 -1.825007 
14.23999991 -1.825007 
14.27999991 -1.825007 
14.31999991 -1.825007 
14.35999991 -1.825007 
14.39999991 -1.825007 
14.43999991 -1.825007 
14.47999991 -1.825007 
14.51999991 -1.825007 
14.55999991 -1.825007 
14.59999991 -1.825007 
14.63999991 -1.825007 
14.67999991 -1.825007 
14.71999991 -1.382488 
14.75999991 -1.825007 
14.79999991 -1.825007 
14.83999991 -1.825007 
14.87999991 -1.825007 
14.91999991 -1.825007 
14.95999991 -1.825007 
14.99999991 -1.825007 
15.03999991 -1.825007 
15.07999991 -1.825007 
15.11999991 -1.825007 
15.15999991 -1.825007 
15.19999991 -1.382488 
15.23999991 -1.825007 
15.27999991 -1.382488 
15.31999991 -1.382488 
15.35999991 -0.941496 
15.39999991 -1.825007 
15.43999991 -1.825007 
15.47999991 -1.382488 
15.51999991 -0.941496 
15.55999991 -1.382488 
15.59999991 -0.941496 
15.6399999 -0.941496 
15.6799999 -1.382488 
15.7199999 -1.382488 
15.7599999 -1.382488 
15.7999999 -0.941496 
15.8399999 -0.941496 
15.8799999 -0.941496 
15.9199999 -0.941496 
15.9599999 -0.941496 
15.9999999 -0.941496 
16.0399999 -0.941496 
16.0799999 -0.941496 
16.1199999 -0.941496 
16.1599999 -0.941496 
16.1999999 -0.941496 
16.2399999 -0.941496 
16.2799999 -0.941496 
16.3199999 -0.941496 
16.3599999 -0.4989776 
16.3999999 -0.941496 
16.4399999 -0.941496 
16.4799999 -0.941496 
16.5199999 -0.4989776 
16.5599999 -0.4989776 
16.5999999 -0.941496 
16.6399999 -0.941496 
16.6799999 -0.4989776 
16.7199999 -0.4989776 
16.7599999 -0.4989776 
16.7999999 -0.4989776 
16.8399999 -0.4989776 
16.8799999 -0.4989776 
16.9199999 -0.4989776 
16.9599999 -0.4989776 
16.9999999 -0.4989776 
17.0399999 -0.4989776 
17.0799999 -0.4989776 
17.1199999 -0.941496 
17.1599999 -0.4989776 
17.1999999 -0.4989776 
17.2399999 -0.4989776 
17.27999989 -0.4989776 
17.31999989 -0.4989776 
17.35999989 -0.941496 
17.39999989 -0.941496 
17.43999989 -0.4989776 
17.47999989 -0.4989776 
17.51999989 -0.941496 
17.55999989 -0.4989776 
17.59999989 -0.941496 
17.63999989 -0.941496 
17.67999989 -0.941496 
17.71999989 -0.941496 
17.75999989 -0.941496 
17.79999989 -0.941496 
17.83999989 -0.941496 
17.87999989 -0.941496 
17.91999989 -0.941496 
17.95999989 -0.941496 
17.99999989 -1.382488 
18.03999989 -1.382488 
18.07999989 -0.941496 
18.11999989 -1.382488 
18.15999989 -1.825007 
18.19999989 -1.382488 
18.23999989 -1.382488 
18.27999989 -1.382488 
18.31999989 -1.382488 
18.35999989 -1.825007 
18.39999989 -1.825007 
18.43999989 -1.825007 
18.47999989 -1.825007 
18.51999989 -1.825007 
18.55999989 -1.825007 
18.59999989 -1.825007 
18.63999989 -1.825007 
18.67999989 -1.825007 
18.71999989 -1.825007 
18.75999989 -1.825007 
18.79999989 -1.825007 
18.83999989 -2.267525 
18.87999989 -1.825007 
18.91999989 -1.825007 
18.95999988 -1.825007 
18.99999988 -1.825007 
19.03999988 -1.825007 
19.07999988 -1.825007 
19.11999988 -1.825007 
19.15999988 -2.708518 
19.19999988 -1.825007 
19.23999988 -2.267525 
19.27999988 -2.267525 
19.31999988 -1.825007 
19.35999988 -1.382488 
19.39999988 -1.825007 
19.43999988 -1.825007 
19.47999988 -1.825007 
19.51999988 -1.825007 
19.55999988 -1.825007 
19.59999988 -1.825007 
19.63999988 -1.825007 
19.67999988 -1.825007 
19.71999988 -1.825007 
19.75999988 -1.825007 
19.79999988 -1.825007 
19.83999988 -1.825007 
19.87999988 -1.825007 
19.91999988 -1.382488 
19.95999988 -1.825007 
19.99999988 -1.382488 
20.03999988 -1.382488 
20.07999988 -0.941496 
20.11999988 -1.382488 
20.15999988 -1.382488 
20.19999988 -0.941496 
20.23999988 -1.382488 
20.27999988 -1.382488 
20.31999988 -0.941496 
20.35999988 -0.941496 
20.39999988 -0.941496 
20.43999988 -0.941496 
20.47999988 -0.941496 
20.51999988 -0.941496 
20.55999988 -0.941496 
20.59999987 -0.941496 
20.63999987 -0.941496 
20.67999987 -0.941496 
20.71999987 -0.941496 
20.75999987 -0.4989776 
20.79999987 -0.4989776 
20.83999987 -0.941496 
20.87999987 -0.4989776 
20.91999987 -0.941496 
20.95999987 -0.941496 
20.99999987 -0.4989776 
21.03999987 -0.4989776 
21.07999987 -0.4989776 
21.11999987 -0.4989776 
21.15999987 -0.4989776 
21.19999987 -0.4989776 
21.23999987 -0.4989776 
21.35999987 -0.4989776 
24.51999985 -0.4989776 
24.63999985 -0.4989776 
24.67999985 -0.4989776 
24.71999985 -0.4989776 
24.75999985 -0.4989776 
24.79999985 -0.4989776 
24.83999985 -0.4989776 
24.87999985 -0.4989776 
24.91999985 -0.4989776 
24.95999985 -0.4989776 
24.99999985 -0.4989776 
25.03999985 -0.4989776 
25.07999985 -0.4989776 
25.11999985 -0.4989776 
25.15999985 -0.4989776 
25.19999985 -0.4989776 
25.27999985 -0.4989776 
25.31999985 -0.4989776 
25.39999985 -0.4989776 
25.43999985 -0.4989776 
25.51999984 -0.4989776 
28.95999982 -0.4989776 
28.99999982 -0.4989776 
29.03999982 -0.4989776 
29.11999982 -0.4989776 
29.15999982 -0.941496 
29.19999982 -0.941496 
29.23999982 -0.941496 
29.27999982 -0.941496 
29.31999982 -0.941496 
29.35999982 -0.941496 
29.39999982 -1.825007 
29.43999982 -1.825007 
29.47999982 -1.382488 
29.51999982 -1.825007 
29.55999982 -2.267525 
29.59999982 -1.825007 
29.63999982 -1.825007 
29.67999982 -2.267525 
29.71999982 -2.267525 
29.75999982 -1.825007 
29.79999982 -1.825007 
29.83999982 -1.382488 
29.87999982 -1.825007 
29.91999982 -3.593554 
29.95999982 -3.151036 
29.99999982 -1.825007 
30.03999982 -1.825007 
30.07999982 -3.151036 
30.11999982 -2.267525 
30.15999982 -1.825007 
30.19999982 -3.593554 
30.23999982 -3.593554 
30.27999982 -1.825007 
30.31999982 -2.267525 
30.35999982 -2.708518 
30.39999982 -3.151036 
30.43999982 -2.708518 
30.47999981 -2.267525 
30.51999981 -2.708518 
30.55999981 -2.708518 
30.59999981 -2.708518 
30.63999981 -2.267525 
30.67999981 -2.267525 
30.71999981 -2.708518 
30.75999981 -2.708518 
30.79999981 -2.267525 
30.83999981 -2.267525 
30.87999981 -2.708518 
30.91999981 -2.708518 
30.95999981 -2.267525 
30.99999981 -2.267525 
31.03999981 -2.267525 
31.07999981 -2.267525 
31.11999981 -2.267525 
31.15999981 -2.267525 
31.19999981 -1.825007 
31.23999981 -1.825007 
31.27999981 -1.825007 
31.31999981 -1.825007 
31.35999981 -1.825007 
31.39999981 -1.825007 
31.43999981 -1.825007 
31.47999981 -0.941496 
31.51999981 -1.382488 
31.55999981 -1.382488 
31.59999981 -0.941496 
31.63999981 -0.941496 
31.67999981 -0.941496 
31.71999981 -0.941496 
31.75999981 -0.941496 
31.79999981 -0.941496 
31.83999981 -0.4989776 
31.91999981 -0.4989776 
40.03999976 -0.4989776 
40.07999976 -0.4989776 
40.11999976 -0.4989776 
40.15999976 -0.4989776 
40.19999976 -0.941496 
40.23999976 -0.941496 
40.27999976 -0.941496 
40.31999975 -0.941496 
40.35999975 -0.941496 
40.39999975 -0.941496 
40.43999975 -0.941496 
40.47999975 -1.825007 
40.51999975 -1.382488 
40.55999975 -1.825007 
40.59999975 -1.825007 
40.63999975 -1.825007 
40.67999975 -1.825007 
40.71999975 -1.825007 
40.75999975 -1.825007 
40.79999975 -1.825007 
40.83999975 -1.825007 
40.87999975 -1.825007 
40.91999975 -2.267525 
40.95999975 -1.825007 
40.99999975 -2.267525 
41.03999975 -2.267525 
41.07999975 -2.267525 
41.11999975 -2.267525 
41.15999975 -2.267525 
41.19999975 -2.267525 
41.23999975 -2.267525 
41.27999975 -2.267525 
41.31999975 -2.267525 
41.35999975 -2.267525 
41.39999975 -2.708518 
41.43999975 -2.267525 
41.47999975 -2.267525 
41.51999975 -2.708518 
41.55999975 -2.267525 
41.59999975 -2.267525 
41.63999975 -2.267525 
41.67999975 -2.267525 
41.71999975 -2.267525 
41.75999975 -2.267525 
41.79999975 -2.267525 
41.83999975 -2.267525 
41.87999975 -2.267525 
41.91999975 -2.267525 
41.95999974 -2.267525 
41.99999974 -2.267525 
42.03999974 -2.267525 
42.07999974 -2.267525 
42.11999974 -2.267525 
42.15999974 -2.267525 
42.19999974 -1.825007 
42.23999974 -2.267525 
42.27999974 -2.267525 
42.31999974 -1.825007 
42.35999974 -1.382488 
42.39999974 -1.825007 
42.43999974 -1.825007 
42.47999974 -1.825007 
42.51999974 -1.382488 
42.55999974 -1.825007 
42.59999974 -1.382488 
42.63999974 -1.382488 
42.67999974 -0.941496 
42.71999974 -0.941496 
42.75999974 -0.941496 
42.79999974 -0.941496 
42.83999974 -0.941496 
42.87999974 -0.941496 
42.91999974 -0.941496 
42.95999974 -0.941496 
42.99999974 -0.4989776 
43.03999974 -0.4989776 
43.07999974 -0.4989776 
43.11999974 -0.4989776 
43.15999974 -0.4989776 
45.23999973 -0.4989776 
45.31999972 -0.941496 
45.35999972 -0.4989776 
45.39999972 -0.941496 
45.43999972 -0.941496 
45.47999972 -0.941496 
45.51999972 -0.941496 
45.55999972 -0.941496 
45.59999972 -0.941496 
45.63999972 -1.382488 
45.67999972 -1.825007 
45.71999972 -1.382488 
45.75999972 -1.825007 
45.79999972 -1.825007 
45.83999972 -1.382488 
45.87999972 -1.825007 
45.91999972 -2.267525 
45.95999972 -1.825007 
45.99999972 -1.825007 
46.03999972 -1.825007 
46.07999972 -1.825007 
46.11999972 -2.267525 
46.15999972 -2.267525 
46.19999972 -2.267525 
46.23999972 -1.825007 
46.27999972 -2.267525 
46.31999972 -2.267525 
46.35999972 -2.267525 
46.39999972 -2.267525 
46.43999972 -2.267525 
46.47999972 -2.267525 
46.51999972 -2.267525 
46.55999972 -2.267525 
46.59999972 -2.267525 
46.63999972 -2.267525 
46.67999972 -2.267525 
46.71999972 -1.825007 
46.75999972 -1.825007 
46.79999972 -2.267525 
46.83999972 -2.267525 
46.87999972 -2.267525 
46.91999971 -2.267525 
46.95999971 -1.825007 
46.99999971 -2.267525 
47.03999971 -1.825007 
47.07999971 -1.825007 
47.11999971 -1.825007 
47.15999971 -1.825007 
47.19999971 -1.825007 
47.23999971 -1.825007 
47.27999971 -1.382488 
47.31999971 -1.825007 
47.35999971 -1.382488 
47.39999971 -1.382488 
47.43999971 -0.941496 
47.47999971 -0.941496 
47.51999971 -0.941496 
47.55999971 -0.941496 
47.59999971 -0.941496 
47.63999971 -0.941496 
47.67999971 -0.941496 
47.71999971 -0.941496 
47.75999971 -0.941496 
47.79999971 -0.4989776 
47.83999971 -0.4989776 
47.87999971 -0.4989776 
47.91999971 -0.4989776 
47.95999971 -0.4989776 
51.51999969 -0.941496 
51.63999969 -0.4989776 
51.67999969 -0.4989776 
51.75999969 -0.4989776 
51.79999969 -0.941496 
51.83999968 -0.4989776 
51.87999968 -0.4989776 
51.91999968 -0.941496 
51.95999968 -0.4989776 
51.99999968 -0.4989776 
52.03999968 -0.941496 
52.07999968 -0.941496 
52.11999968 -0.941496 
52.15999968 -0.941496 
52.19999968 -0.941496 
52.23999968 -0.941496 
52.27999968 -0.941496 
52.31999968 -0.941496 
52.35999968 -0.941496 
52.39999968 -0.941496 
52.43999968 -0.941496 
52.47999968 -0.941496 
52.51999968 -0.941496 
52.55999968 -0.941496 
52.59999968 -0.941496 
52.63999968 -1.382488 
52.67999968 -1.382488 
52.71999968 -1.825007 
52.75999968 -1.382488 
52.79999968 -1.382488 
52.83999968 -1.382488 
52.87999968 -1.382488 
52.91999968 -1.382488 
52.95999968 -1.382488 
52.99999968 -1.382488 
53.03999968 -1.825007 
53.07999968 -1.382488 
53.11999968 -1.825007 
53.15999968 -1.825007 
53.19999968 -1.825007 
53.23999968 -1.382488 
53.27999968 -1.382488 
53.31999968 -1.382488 
53.35999968 -1.825007 
53.39999968 -1.382488 
53.43999968 -1.825007 
53.47999967 -1.382488 
53.51999967 -1.825007 
53.55999967 -1.825007 
53.59999967 -1.382488 
53.63999967 -1.825007 
53.67999967 -1.825007 
53.71999967 -1.825007 
53.75999967 -1.825007 
53.79999967 -1.382488 
53.83999967 -1.825007 
53.87999967 -0.941496 
53.91999967 -0.941496 
53.95999967 -0.941496 
53.99999967 -1.382488 
54.03999967 -1.382488 
54.07999967 -0.941496 
54.11999967 -0.941496 
54.15999967 -0.941496 
54.19999967 -0.941496 
54.23999967 -0.941496 
54.27999967 -0.941496 
54.31999967 -0.941496 
54.35999967 -0.941496 
54.39999967 -0.941496 
54.43999967 -0.941496 
54.47999967 -0.941496 
54.51999967 -0.941496 
54.55999967 -0.941496 
54.59999967 -0.941496 
54.63999967 -0.4989776 
54.67999967 -0.941496 
54.71999967 -0.941496 
54.75999967 -0.4989776 
54.79999967 -0.941496 
54.83999967 -0.4989776 
54.87999967 -0.941496 
54.91999967 -0.941496 
54.95999967 -0.4989776 
54.99999967 -0.4989776 
55.03999967 -0.4989776 
55.07999967 -0.941496 
55.11999967 -0.4989776 
55.15999966 -0.4989776 
55.19999966 -0.4989776 
55.23999966 -0.4989776 
55.27999966 -0.4989776 
55.31999966 -0.4989776 
55.35999966 -0.4989776 
55.39999966 -0.4989776 
55.43999966 -0.4989776 
55.47999966 -0.4989776 
55.51999966 -0.4989776 
55.55999966 -0.4989776 
55.59999966 -0.4989776 
55.63999966 -0.4989776 
55.67999966 -0.941496 
55.75999966 -0.4989776 
55.79999966 -0.941496 
55.83999966 -0.4989776 
55.91999966 -0.4989776 
55.95999966 -0.4989776 
56.15999966 -0.941496 
56.19999966 -0.941496 
56.31999966 -0.941496 
56.43999966 -0.941496 
56.47999966 -0.941496 
56.59999966 -0.4989776 
56.63999966 -0.4989776 
56.75999966 -0.4989776 
56.79999965 -0.4989776 
56.83999965 -0.4989776 
56.91999965 -0.4989776 
56.95999965 -0.941496 
56.99999965 -0.4989776 
57.11999965 -0.941496 
57.15999965 -0.4989776 
57.19999965 -0.4989776 
57.23999965 -0.4989776 
57.27999965 -0.4989776 
57.31999965 -0.4989776 
57.35999965 -0.941496 
57.39999965 -0.4989776 
57.43999965 -0.4989776 
57.47999965 -0.941496 
57.51999965 -0.941496 
57.55999965 -0.4989776 
57.59999965 -0.941496 
57.63999965 -0.941496 
57.67999965 -0.941496 
57.71999965 -0.941496 
57.75999965 -0.941496 
57.79999965 -0.941496 
57.83999965 -0.941496 
57.87999965 -0.941496 
57.91999965 -0.941496 
57.95999965 -0.941496 
57.99999965 -0.941496 
58.03999965 -1.382488 
58.07999965 -0.941496 
58.11999965 -0.941496 
58.15999965 -0.941496 
58.19999965 -0.941496 
58.23999965 -0.4989776 
58.27999965 -0.4989776 
58.31999965 -0.4989776 
58.35999965 -0.4989776 
58.39999965 -0.4989776 
58.43999964 -0.4989776 
58.47999964 -0.4989776 
58.51999964 -0.4989776 
58.55999964 -0.4989776 
58.59999964 -0.4989776 
58.63999964 -0.4989776 
62.39999962 -0.4989776 
62.51999962 -0.4989776 
62.55999962 -0.4989776 
62.59999962 -0.4989776 
62.63999962 -0.4989776 
62.71999962 -0.4989776 
62.75999962 -0.941496 
62.79999962 -0.4989776 
62.83999962 -0.941496 
62.87999962 -0.941496 
62.91999962 -0.941496 
62.95999962 -0.941496 
62.99999962 -0.941496 
63.03999962 -0.941496 
63.07999962 -0.4989776 
63.11999962 -0.941496 
63.15999962 -0.941496 
63.19999962 -0.4989776 
63.23999962 -0.941496 
63.27999962 -0.941496 
63.31999962 -0.941496 
63.35999961 -0.4989776 
63.39999961 -0.4989776 
63.43999961 -0.4989776 
63.47999961 -0.941496 
63.51999961 -0.941496 
63.55999961 -0.941496 
63.59999961 -0.941496 
63.63999961 -0.941496 
63.67999961 -0.941496 
63.71999961 -0.4989776 
63.75999961 -0.4989776 
63.79999961 -0.4989776 
63.87999961 -0.4989776 
66.99999959 -0.4989776 
67.03999959 -0.4989776 
67.07999959 -0.4989776 
67.11999959 -0.4989776 
67.15999959 -0.4989776 
67.19999959 -0.4989776 
67.23999959 -0.4989776 
67.27999959 -0.4989776 
67.31999959 -0.941496 
67.35999959 -0.941496 
67.39999959 -0.941496 
67.43999959 -0.941496 
67.47999959 -0.941496 
67.51999959 -0.941496 
67.55999959 -0.941496 
67.59999959 -0.941496 
67.63999959 -0.941496 
67.67999959 -0.941496 
67.71999959 -0.941496 
67.75999959 -0.941496 
67.79999959 -0.941496 
67.83999959 -1.825007 
67.87999959 -1.825007 
67.91999959 -1.825007 
67.95999959 -1.825007 
67.99999959 -1.825007 
68.03999959 -1.825007 
68.07999959 -1.825007 
68.11999959 -1.825007 
68.15999959 -1.382488 
68.19999959 -1.382488 
68.23999959 -1.825007 
68.27999959 -1.825007 
68.31999958 -1.382488 
68.35999958 -1.825007 
68.39999958 -1.825007 
68.43999958 -1.825007 
68.47999958 -1.825007 
68.51999958 -1.825007 
68.55999958 -1.825007 
68.59999958 -1.825007 
68.63999958 -1.825007 
68.67999958 -1.825007 
68.71999958 -1.825007 
68.75999958 -1.825007 
68.79999958 -1.825007 
68.83999958 -1.825007 
68.87999958 -1.825007 
68.91999958 -1.825007 
68.95999958 -1.382488 
68.99999958 -1.825007 
69.03999958 -1.825007 
69.07999958 -1.382488 
69.11999958 -1.825007 
69.15999958 -1.825007 
69.19999958 -1.382488 
69.23999958 -1.825007 
69.27999958 -1.382488 
69.31999958 -1.382488 
69.35999958 -0.941496 
69.39999958 -1.825007 
69.43999958 -1.382488 
69.47999958 -0.941496 
69.51999958 -0.941496 
69.55999958 -0.941496 
69.59999958 -0.941496 
69.63999958 -0.941496 
69.67999958 -0.941496 
69.71999958 -0.941496 
69.75999958 -0.941496 
69.79999958 -0.941496 
69.83999958 -0.941496 
69.87999958 -0.941496 
69.91999958 -0.941496 
69.95999957 -0.941496 
69.99999957 -0.4989776 
70.03999957 -0.941496 
70.07999957 -0.941496 
70.11999957 -0.4989776 
70.15999957 -0.4989776 
70.19999957 -0.4989776 
70.23999957 -0.4989776 
70.27999957 -0.4989776 
70.39999957 -0.4989776 
70.43999957 -0.4989776 
74.07999955 -0.4989776 
74.11999955 -0.4989776 
74.15999955 -0.4989776 
74.19999955 -0.4989776 
74.23999955 -0.4989776 
74.27999955 -0.4989776 
74.31999955 -0.4989776 
74.35999955 -0.4989776 
74.39999955 -0.4989776 
74.43999955 -0.941496 
74.47999955 -0.941496 
74.51999955 -0.4989776 
74.55999955 -0.4989776 
74.59999955 -0.4989776 
74.63999955 -0.4989776 
74.67999955 -0.4989776 
74.71999955 -0.941496 
74.75999955 -0.4989776 
74.79999955 -0.4989776 
74.83999955 -0.941496 
74.87999954 -0.4989776 
74.91999954 -0.4989776 
74.95999954 -0.4989776 
74.99999954 -0.941496 
75.03999954 -0.4989776 
75.07999954 -0.4989776 
75.11999954 -0.4989776 
75.15999954 -0.4989776 
75.19999954 -0.4989776 
75.23999954 -0.4989776 
75.27999954 -0.4989776 
75.31999954 -0.4989776 
75.35999954 -0.4989776 
77.67999953 -0.4989776 
77.71999953 -0.941496 
77.75999953 -0.4989776 
77.79999953 -0.4989776 
77.83999953 -0.941496 
77.87999953 -0.941496 
77.91999953 -0.941496 
77.95999953 -0.941496 
77.99999953 -1.382488 
78.03999953 -0.941496 
78.07999953 -1.382488 
78.11999953 -1.825007 
78.15999952 -1.825007 
78.19999952 -1.825007 
78.23999952 -2.267525 
78.27999952 -2.267525 
78.31999952 -2.267525 
78.35999952 -2.267525 
78.39999952 -2.708518 
78.43999952 -2.708518 
78.47999952 -2.708518 
78.51999952 -3.151036 
78.55999952 -3.151036 
78.59999952 -2.708518 
78.63999952 -3.593554 
78.67999952 -3.593554 
78.71999952 -3.151036 
78.75999952 -3.593554 
78.79999952 -3.593554 
78.83999952 -3.593554 
78.87999952 -3.593554 
78.91999952 -3.593554 
78.95999952 -3.593554 
78.99999952 -4.034547 
79.03999952 -4.477065 
79.07999952 -4.034547 
79.11999952 -4.034547 
79.15999952 -4.477065 
79.19999952 -4.477065 
79.23999952 -4.477065 
79.27999952 -4.477065 
79.31999952 -4.477065 
79.35999952 -4.477065 
79.39999952 -4.477065 
79.43999952 -4.477065 
79.47999952 -4.477065 
79.51999952 -4.477065 
79.55999952 -4.919584 
79.59999952 -4.919584 
79.63999952 -4.919584 
79.67999952 -4.477065 
79.71999952 -5.360576 
79.75999952 -4.919584 
79.79999952 -4.919584 
79.83999951 -4.919584 
79.87999951 -4.919584 
79.91999951 -4.919584 
79.95999951 -4.919584 
79.99999951 -4.477065 
80.03999951 -4.919584 
80.07999951 -4.477065 
80.11999951 -4.477065 
80.15999951 -4.919584 
80.19999951 -4.477065 
80.23999951 -4.919584 
80.27999951 -4.477065 
80.31999951 -4.477065 
80.35999951 -4.477065 
80.39999951 -4.477065 
80.43999951 -4.477065 
80.47999951 -4.034547 
80.51999951 -4.034547 
80.55999951 -4.034547 
80.59999951 -4.034547 
80.63999951 -3.593554 
80.67999951 -3.593554 
80.71999951 -3.593554 
80.75999951 -3.593554 
80.79999951 -3.593554 
80.83999951 -3.593554 
80.87999951 -3.151036 
80.91999951 -3.151036 
80.95999951 -3.151036 
80.99999951 -3.151036 
81.03999951 -2.267525 
81.07999951 -2.267525 
81.11999951 -2.267525 
81.15999951 -2.267525 
81.19999951 -1.825007 
81.23999951 -1.825007 
81.27999951 -1.825007 
81.31999951 -1.825007 
81.35999951 -1.825007 
81.39999951 -1.825007 
81.43999951 -1.825007 
81.4799995 -1.382488 
81.5199995 -0.941496 
81.5599995 -0.941496 
81.5999995 -0.941496 
81.6399995 -0.941496 
81.6799995 -0.941496 
81.7199995 -0.4989776 
81.7599995 -0.4989776 
81.7999995 -0.4989776 
81.8399995 -0.4989776 
81.8799995 -0.941496 
81.9999995 -0.4989776 
86.03999948 -0.4989776 
90.59999945 -0.4989776 
90.71999945 -0.4989776 
90.75999945 -0.4989776 
90.79999945 -0.941496 
90.83999945 -0.4989776 
90.87999945 -0.4989776 
90.91999945 -0.4989776 
90.95999945 -0.4989776 
90.99999945 -0.941496 
91.03999945 -0.941496 
91.07999945 -0.941496 
91.11999945 -0.941496 
91.15999945 -0.941496 
91.19999945 -0.941496 
91.23999945 -0.941496 
91.27999945 -0.941496 
91.31999945 -0.941496 
91.35999944 -0.941496 
91.39999944 -0.941496 
91.43999944 -0.941496 
91.47999944 -0.941496 
91.51999944 -0.941496 
91.55999944 -0.941496 
91.59999944 -0.941496 
91.63999944 -0.941496 
91.67999944 -0.941496 
91.71999944 -0.941496 
91.75999944 -0.941496 
91.79999944 -0.941496 
91.83999944 -0.941496 
91.87999944 -0.941496 
91.91999944 -0.941496 
91.95999944 -0.941496 
91.99999944 -0.941496 
92.03999944 -0.941496 
92.07999944 -0.4989776 
92.11999944 -0.941496 
92.15999944 -0.4989776 
92.19999944 -0.4989776 
92.23999944 -0.4989776 
92.27999944 -0.4989776 
92.31999944 -0.4989776 
92.35999944 -0.4989776 
95.27999942 -0.4989776 
95.39999942 -0.4989776 
95.47999942 -0.4989776 
95.51999942 -0.4989776 
95.55999942 -0.4989776 
95.59999942 -0.4989776 
95.63999942 -0.4989776 
95.67999942 -0.4989776 
95.71999942 -0.4989776 
95.75999942 -0.4989776 
95.79999942 -0.4989776 
95.83999942 -0.4989776 
95.87999942 -0.4989776 
95.91999942 -0.941496 
95.95999942 -0.4989776 
95.99999942 -0.941496 
96.03999942 -0.941496 
96.07999942 -0.941496 
96.11999942 -0.941496 
96.15999942 -0.4989776 
96.19999942 -0.941496 
96.23999942 -0.941496 
96.27999941 -0.941496 
96.31999941 -0.941496 
96.35999941 -0.941496 
96.39999941 -0.941496 
96.43999941 -0.941496 
96.47999941 -0.941496 
96.51999941 -0.941496 
96.55999941 -0.941496 
96.59999941 -0.4989776 
96.63999941 -0.941496 
96.67999941 -0.4989776 
96.71999941 -0.4989776 
96.75999941 -0.4989776 
96.79999941 -0.4989776 
96.83999941 -0.4989776 
96.87999941 -0.4989776 
96.91999941 -0.4989776 
96.95999941 -0.4989776 
96.99999941 -0.4989776 
97.03999941 -0.4989776 
97.07999941 -0.4989776 
97.15999941 -0.4989776 
97.19999941 -0.4989776 
97.27999941 -0.4989776 
97.39999941 -0.4989776 
97.47999941 -0.941496 
97.51999941 -0.4989776 
100.83999939 -0.4989776 
100.91999939 -0.4989776 
100.95999939 -0.4989776 
100.99999939 -0.4989776 
101.03999939 -0.4989776 
101.07999939 -0.4989776 
101.11999939 -0.941496 
101.15999939 -0.4989776 
101.19999938 -1.382488 
101.23999938 -0.4989776 
101.27999938 -0.941496 
101.31999938 -0.4989776 
101.35999938 -0.941496 
101.39999938 -0.941496 
101.43999938 -0.941496 
101.47999938 -0.941496 
101.51999938 -0.941496 
101.55999938 -1.382488 
101.59999938 -1.382488 
101.63999938 -1.825007 
101.67999938 -1.382488 
101.71999938 -1.825007 
101.75999938 -1.825007 
101.79999938 -1.382488 
101.83999938 -1.825007 
101.87999938 -1.825007 
101.91999938 -2.267525 
101.95999938 -1.825007 
101.99999938 -1.825007 
102.03999938 -1.825007 
102.07999938 -2.267525 
102.11999938 -1.825007 
102.15999938 -2.267525 
102.19999938 -2.267525 
102.23999938 -2.267525 
102.27999938 -2.708518 
102.31999938 -2.708518 
102.35999938 -2.267525 
102.39999938 -2.267525 
102.43999938 -3.151036 
102.47999938 -2.267525 
102.51999938 -2.708518 
102.55999938 -2.267525 
102.59999938 -2.267525 
102.63999938 -2.267525 
102.67999938 -2.708518 
102.71999938 -2.267525 
102.75999938 -2.708518 
102.79999938 -2.708518 
102.83999937 -2.708518 
102.87999937 -2.708518 
102.91999937 -2.267525 
102.95999937 -2.708518 
102.99999937 -2.708518 
103.03999937 -2.708518 
103.07999937 -2.708518 
103.11999937 -2.708518 
103.15999937 -2.708518 
103.19999937 -2.267525 
103.23999937 -2.708518 
103.27999937 -2.708518 
103.31999937 -2.708518 
103.35999937 -2.708518 
103.39999937 -2.267525 
103.43999937 -2.708518 
103.47999937 -2.708518 
103.51999937 -2.267525 
103.55999937 -2.267525 
103.59999937 -2.267525 
103.63999937 -2.267525 
103.67999937 -2.267525 
103.71999937 -1.825007 
103.75999937 -2.267525 
103.79999937 -2.708518 
103.83999937 -2.267525 
103.87999937 -2.267525 
103.91999937 -2.267525 
103.95999937 -1.825007 
103.99999937 -1.825007 
104.03999937 -2.267525 
104.07999937 -1.825007 
104.11999937 -1.825007 
104.15999937 -2.267525 
104.19999937 -1.825007 
104.23999937 -1.825007 
104.27999937 -1.825007 
104.31999937 -1.825007 
104.35999937 -1.825007 
104.39999937 -1.825007 
104.43999937 -1.825007 
104.47999937 -1.825007 
104.51999936 -1.825007 
104.55999936 -1.825007 
104.59999936 -1.825007 
104.63999936 -1.825007 
104.67999936 -1.825007 
104.71999936 -1.382488 
104.75999936 -1.382488 
104.79999936 -1.825007 
104.83999936 -0.941496 
104.87999936 -1.825007 
104.91999936 -1.382488 
104.95999936 -0.941496 
104.99999936 -0.941496 
105.03999936 -0.941496 
105.07999936 -0.941496 
105.11999936 -0.941496 
105.15999936 -0.941496 
105.19999936 -0.941496 
105.23999936 -0.941496 
105.27999936 -0.941496 
105.31999936 -0.941496 
105.35999936 -0.941496 
105.39999936 -0.941496 
105.43999936 -0.941496 
105.47999936 -0.941496 
105.51999936 -0.941496 
105.55999936 -0.941496 
105.59999936 -0.941496 
105.63999936 -0.941496 
105.67999936 -0.941496 
105.71999936 -0.941496 
105.75999936 -0.941496 
105.79999936 -0.941496 
105.83999936 -0.941496 
105.87999936 -0.941496 
105.91999936 -0.941496 
105.95999936 -0.941496 
105.99999936 -0.941496 
106.03999936 -0.941496 
106.07999936 -0.941496 
106.11999936 -0.941496 
106.15999935 -0.941496 
106.19999935 -0.941496 
106.23999935 -0.941496 
106.27999935 -0.941496 
106.31999935 -0.941496 
106.35999935 -0.941496 
106.39999935 -0.941496 
106.43999935 -0.941496 
106.47999935 -0.941496 
106.51999935 -0.941496 
106.55999935 -0.941496 
106.59999935 -0.941496 
106.63999935 -0.941496 
106.67999935 -0.941496 
106.71999935 -0.941496 
106.75999935 -0.941496 
106.79999935 -0.941496 
106.83999935 -0.941496 
106.87999935 -0.941496 
106.91999935 -0.941496 
106.95999935 -0.941496 
106.99999935 -0.941496 
107.03999935 -0.941496 
107.07999935 -0.941496 
107.11999935 -0.941496 
107.15999935 -0.941496 
107.19999935 -0.941496 
107.23999935 -0.941496 
107.27999935 -0.941496 
107.31999935 -0.941496 
107.35999935 -1.382488 
107.39999935 -0.941496 
107.43999935 -1.382488 
107.47999935 -0.941496 
107.51999935 -0.941496 
107.55999935 -0.941496 
107.59999935 -0.941496 
107.63999935 -0.941496 
107.67999935 -0.941496 
107.71999935 -0.941496 
107.75999935 -0.941496 
107.79999934 -0.941496 
107.83999934 -0.941496 
107.87999934 -0.4989776 
107.91999934 -1.825007 
107.95999934 -0.4989776 
108.03999934 -0.941496 
108.07999934 -0.941496 
108.39999934 -0.4989776 
108.43999934 -0.4989776 
112.23999932 -0.4989776 
112.27999932 -0.4989776 
112.31999932 -0.4989776 
112.35999932 -0.4989776 
112.39999932 -0.4989776 
112.43999932 -0.941496 
112.47999932 -0.941496 
112.51999932 -0.941496 
112.55999932 -0.941496 
112.59999932 -0.941496 
112.63999932 -0.941496 
112.67999932 -0.4989776 
112.71999931 -0.4989776 
112.75999931 -0.941496 
112.79999931 -0.941496 
112.83999931 -0.941496 
112.87999931 -0.941496 
112.91999931 -0.941496 
112.95999931 -0.941496 
112.99999931 -0.941496 
113.03999931 -0.941496 
113.07999931 -0.941496 
113.11999931 -0.941496 
113.15999931 -0.941496 
113.19999931 -0.941496 
113.23999931 -0.941496 
113.27999931 -0.941496 
113.31999931 -0.941496 
113.35999931 -0.941496 
113.39999931 -0.4989776 
113.43999931 -0.941496 
113.47999931 -0.4989776 
113.51999931 -0.4989776 
113.55999931 -0.4989776 
113.59999931 -0.4989776 
113.63999931 -0.4989776 
113.67999931 -0.4989776 
113.75999931 -0.4989776 
113.79999931 -0.4989776 
113.83999931 -0.4989776 
116.83999929 -0.4989776 
116.91999929 -0.4989776 
117.03999929 -0.4989776 
117.07999929 -0.4989776 
117.11999929 -0.4989776 
117.15999929 -0.4989776 
117.19999929 -0.4989776 
117.23999929 -0.4989776 
117.27999929 -0.4989776 
117.31999929 -0.941496 
117.35999929 -0.941496 
117.39999929 -0.4989776 
117.43999929 -0.4989776 
117.47999929 -0.941496 
117.51999929 -0.941496 
117.55999929 -0.4989776 
117.59999929 -0.941496 
117.63999929 -0.4989776 
117.67999928 -0.941496 
117.71999928 -0.941496 
117.75999928 -0.941496 
117.79999928 -0.941496 
117.83999928 -0.941496 
117.87999928 -0.4989776 
117.91999928 -0.941496 
117.95999928 -0.4989776 
117.99999928 -0.941496 
118.03999928 -0.941496 
118.07999928 -0.941496 
118.11999928 -0.941496 
118.15999928 -0.941496 
118.19999928 -0.941496 
118.23999928 -0.941496 
118.27999928 -0.941496 
118.31999928 -0.941496 
118.35999928 -0.941496 
118.39999928 -0.941496 
118.43999928 -0.4989776 
118.47999928 -0.941496 
118.51999928 -0.4989776 
118.55999928 -0.941496 
118.59999928 -0.4989776 
118.63999928 -0.941496 
118.67999928 -0.941496 
118.71999928 -0.4989776 
118.75999928 -0.4989776 
118.79999928 -0.4989776 
118.83999928 -0.4989776 
118.87999928 -0.4989776 
118.91999928 -0.4989776 
118.95999928 -0.4989776 
118.99999928 -0.4989776 
119.03999928 -0.4989776 
119.07999928 -0.4989776 
119.11999928 -0.4989776 
119.15999928 -0.4989776 
119.19999928 -0.4989776 
119.23999928 -0.4989776 
119.27999928 -0.4989776 
119.43999927 -0.4989776 
119.47999927 -0.4989776 
119.51999927 -0.4989776 
119.55999927 -0.4989776 
127.07999923 -0.4989776 
127.11999923 -0.4989776 
127.15999923 -0.4989776 
127.19999923 -0.4989776 
127.23999923 -0.4989776 
127.27999923 -0.4989776 
127.31999923 -0.941496 
127.35999923 -0.4989776 
127.39999923 -0.941496 
127.43999923 -0.941496 
127.47999923 -0.941496 
127.51999923 -0.941496 
127.55999922 -0.941496 
127.59999922 -1.382488 
127.63999922 -1.825007 
127.67999922 -1.825007 
127.71999922 -1.825007 
127.75999922 -1.825007 
127.79999922 -1.825007 
127.83999922 -2.267525 
127.87999922 -2.267525 
127.91999922 -2.267525 
127.95999922 -2.708518 
127.99999922 -2.708518 
128.03999922 -2.708518 
128.07999922 -2.708518 
128.11999922 -2.708518 
128.15999922 -3.151036 
128.19999922 -2.708518 
128.23999922 -3.151036 
128.27999922 -3.593554 
128.31999922 -3.593554 
128.35999922 -3.593554 
128.39999922 -3.593554 
128.43999922 -3.593554 
128.47999922 -3.593554 
128.51999922 -4.034547 
128.55999922 -4.034547 
128.59999922 -4.034547 
128.63999922 -4.034547 
128.67999922 -4.034547 
128.71999922 -4.034547 
128.75999922 -4.477065 
128.79999922 -3.593554 
128.83999922 -4.477065 
128.87999922 -4.477065 
128.91999922 -4.034547 
128.95999922 -4.034547 
128.99999922 -4.477065 
129.03999922 -4.034547 
129.07999922 -4.034547 
129.11999922 -4.034547 
129.15999922 -4.477065 
129.19999921 -4.477065 
129.23999921 -4.034547 
129.27999921 -4.034547 
129.31999921 -4.034547 
129.35999921 -4.034547 
129.39999921 -4.034547 
129.43999921 -4.034547 
129.47999921 -4.034547 
129.51999921 -4.034547 
129.55999921 -4.034547 
129.59999921 -4.034547 
129.63999921 -4.034547 
129.67999921 -3.593554 
129.71999921 -3.593554 
129.75999921 -3.151036 
129.79999921 -3.593554 
129.83999921 -3.593554 
129.87999921 -3.593554 
129.91999921 -3.593554 
129.95999921 -3.151036 
129.99999921 -3.151036 
130.03999921 -2.708518 
130.07999921 -3.151036 
130.11999921 -3.151036 
130.15999921 -2.708518 
130.19999921 -2.267525 
130.23999921 -3.151036 
130.27999921 -2.708518 
130.31999921 -1.825007 
130.35999921 -2.267525 
130.39999921 -2.267525 
130.43999921 -1.825007 
130.47999921 -1.825007 
130.51999921 -1.825007 
130.55999921 -1.825007 
130.59999921 -1.825007 
130.63999921 -1.382488 
130.67999921 -0.941496 
130.71999921 -0.941496 
130.75999921 -0.941496 
130.79999921 -0.941496 
130.8399992 -0.941496 
130.8799992 -0.4989776 
130.9199992 -0.4989776 
130.9599992 -0.4989776 
130.9999992 -0.4989776 
131.0399992 -0.4989776 
131.0799992 -0.4989776 
131.1199992 -0.4989776 
131.2399992 -0.4989776 
134.23999918 -0.4989776 
134.35999918 -0.4989776 
134.39999918 -0.4989776 
134.51999918 -0.4989776 
134.75999918 -1.382488 
134.79999918 -0.941496 
134.91999918 -0.4989776 
135.03999918 -0.941496 
135.07999918 -0.941496 
135.19999918 -0.4989776 
135.23999918 -0.4989776 
135.27999918 -0.4989776 
135.31999918 -0.4989776 
135.35999918 -0.4989776 
135.39999918 -0.4989776 
135.43999918 -0.4989776 
135.51999918 -0.4989776 
135.55999918 -0.4989776 
135.59999918 -0.4989776 
139.31999915 -0.4989776 
139.47999915 -0.4989776 
139.51999915 -0.4989776 
139.55999915 -0.4989776 
139.59999915 -0.4989776 
139.63999915 -0.4989776 
139.67999915 -0.941496 
139.71999915 -0.941496 
139.75999915 -0.941496 
139.79999915 -0.941496 
139.83999915 -0.941496 
139.87999915 -0.941496 
139.91999915 -0.941496 
139.95999915 -0.941496 
139.99999915 -0.941496 
140.03999915 -0.941496 
140.07999915 -1.382488 
140.11999915 -1.382488 
140.15999915 -1.382488 
140.19999915 -1.825007 
140.23999915 -1.825007 
140.27999915 -1.825007 
140.31999915 -1.825007 
140.35999915 -1.825007 
140.39999915 -1.825007 
140.43999915 -1.825007 
140.47999915 -1.825007 
140.51999915 -1.825007 
140.55999915 -1.825007 
140.59999915 -1.825007 
140.63999915 -1.825007 
140.67999915 -1.825007 
140.71999914 -2.267525 
140.75999914 -1.825007 
140.79999914 -1.825007 
140.83999914 -1.825007 
140.87999914 -1.825007 
140.91999914 -1.825007 
140.95999914 -1.825007 
140.99999914 -1.825007 
141.03999914 -1.825007 
141.07999914 -1.825007 
141.11999914 -1.825007 
141.15999914 -1.825007 
141.19999914 -1.825007 
141.23999914 -1.825007 
141.27999914 -1.825007 
141.31999914 -1.825007 
141.35999914 -1.382488 
141.39999914 -1.382488 
141.43999914 -1.382488 
141.47999914 -0.941496 
141.51999914 -0.941496 
141.55999914 -0.941496 
141.59999914 -0.941496 
141.63999914 -1.382488 
141.67999914 -0.941496 
141.71999914 -0.4989776 
141.75999914 -0.941496 
141.79999914 -0.941496 
141.83999914 -0.4989776 
141.87999914 -0.4989776 
141.91999914 -0.4989776 
142.03999914 -0.4989776 
144.91999912 -0.4989776 
144.99999912 -0.4989776 
145.03999912 -0.4989776 
145.19999912 -0.4989776 
145.23999912 -0.4989776 
145.27999912 -0.4989776 
145.31999912 -0.4989776 
145.35999912 -0.4989776 
145.43999912 -0.4989776 
145.47999912 -0.4989776 
145.51999912 -0.4989776 
145.55999912 -0.4989776 
145.59999912 -0.4989776 
145.67999911 -0.4989776 
150.91999908 -0.4989776 
151.03999908 -0.4989776 
151.07999908 -0.4989776 
151.11999908 -0.4989776 
151.15999908 -0.4989776 
151.19999908 -0.4989776 
151.23999908 -0.4989776 
151.27999908 -0.4989776 
151.31999908 -0.4989776 
151.35999908 -0.4989776 
151.39999908 -0.4989776 
151.43999908 -0.941496 
151.47999908 -0.941496 
151.51999908 -0.4989776 
151.55999908 -0.941496 
151.59999908 -0.941496 
151.63999908 -0.941496 
151.67999908 -0.941496 
151.71999908 -0.941496 
151.75999908 -1.382488 
151.79999908 -0.941496 
151.83999908 -0.941496 
151.87999908 -1.382488 
151.91999908 -1.382488 
151.95999908 -1.825007 
151.99999908 -0.941496 
152.03999908 -1.825007 
152.07999908 -1.382488 
152.11999908 -1.382488 
152.15999908 -0.941496 
152.19999908 -0.941496 
152.23999907 -1.825007 
152.27999907 -1.825007 
152.31999907 -1.825007 
152.35999907 -1.382488 
152.39999907 -1.382488 
152.43999907 -1.382488 
152.47999907 -1.825007 
152.51999907 -1.382488 
152.55999907 -0.941496 
152.59999907 -1.382488 
152.63999907 -1.825007 
152.67999907 -1.825007 
152.71999907 -1.382488 
152.75999907 -1.382488 
152.79999907 -1.382488 
152.83999907 -1.825007 
152.87999907 -1.382488 
152.91999907 -1.825007 
152.95999907 -1.382488 
152.99999907 -1.825007 
153.03999907 -1.825007 
153.07999907 -0.941496 
153.11999907 -1.825007 
153.15999907 -1.825007 
153.19999907 -0.941496 
153.23999907 -1.382488 
153.27999907 -1.382488 
153.31999907 -1.825007 
153.35999907 -1.382488 
153.39999907 -0.941496 
153.43999907 -0.941496 
153.47999907 -0.941496 
153.51999907 -0.941496 
153.55999907 -0.941496 
153.59999907 -0.941496 
153.63999907 -0.941496 
153.67999907 -0.941496 
153.71999907 -0.941496 
153.75999907 -0.941496 
153.79999907 -0.941496 
153.83999907 -0.941496 
153.87999906 -0.941496 
153.91999906 -0.941496 
153.95999906 -0.4989776 
153.99999906 -0.4989776 
154.03999906 -0.941496 
154.07999906 -0.941496 
154.11999906 -0.4989776 
154.15999906 -0.4989776 
154.19999906 -0.941496 
154.23999906 -0.4989776 
154.27999906 -0.4989776 
154.31999906 -0.4989776 
154.35999906 -0.4989776 
154.39999906 -0.4989776 
154.43999906 -0.4989776 
154.47999906 -0.4989776 
154.51999906 -0.4989776 
154.55999906 -0.4989776 
154.59999906 -0.4989776 
154.63999906 -0.4989776 
154.67999906 -0.4989776 
154.71999906 -0.4989776 
154.75999906 -0.4989776 
154.79999906 -0.4989776 
154.83999906 -0.4989776 
154.87999906 -0.4989776 
154.91999906 -0.4989776 
154.95999906 -0.4989776 
154.99999906 -0.4989776 
155.03999906 -0.4989776 
155.07999906 -0.941496 
155.15999906 -0.4989776 
155.19999906 -0.4989776 
155.23999906 -0.4989776 
155.27999906 -0.941496 
155.31999906 -0.941496 
155.35999906 -0.941496 
155.39999906 -0.941496 
155.43999906 -0.941496 
155.47999906 -0.941496 
155.51999905 -0.4989776 
155.55999905 -0.941496 
155.59999905 -0.941496 
155.63999905 -0.941496 
155.67999905 -0.941496 
155.71999905 -0.941496 
155.75999905 -0.941496 
155.79999905 -0.941496 
155.83999905 -0.941496 
155.87999905 -1.382488 
155.91999905 -0.941496 
155.95999905 -0.941496 
155.99999905 -0.941496 
156.03999905 -1.382488 
156.07999905 -1.382488 
156.11999905 -1.382488 
156.15999905 -1.382488 
156.19999905 -1.382488 
156.23999905 -1.382488 
156.27999905 -0.941496 
156.31999905 -1.825007 
156.35999905 -1.382488 
156.39999905 -1.825007 
156.43999905 -1.825007 
156.47999905 -1.825007 
156.51999905 -1.825007 
156.55999905 -1.825007 
156.59999905 -1.825007 
156.63999905 -1.825007 
156.67999905 -1.825007 
156.71999905 -1.825007 
156.75999905 -1.825007 
156.79999905 -1.825007 
156.83999905 -1.825007 
156.87999905 -1.825007 
156.91999905 -1.825007 
156.95999905 -1.825007 
156.99999905 -1.825007 
157.03999905 -1.825007 
157.07999905 -1.825007 
157.11999905 -1.825007 
157.15999904 -1.825007 
157.19999904 -1.825007 
157.23999904 -1.825007 
157.27999904 -1.382488 
157.31999904 -1.825007 
157.35999904 -1.825007 
157.39999904 -1.825007 
157.43999904 -1.382488 
157.47999904 -0.941496 
157.51999904 -0.941496 
157.55999904 -0.941496 
157.59999904 -0.941496 
157.63999904 -0.941496 
157.67999904 -0.941496 
157.71999904 -0.941496 
157.75999904 -0.941496 
157.79999904 -0.941496 
157.83999904 -0.941496 
157.87999904 -0.4989776 
157.91999904 -0.4989776 
157.95999904 -0.4989776 
158.03999904 -0.4989776 
160.91999902 -0.4989776 
161.03999902 -0.4989776 
161.23999902 -0.4989776 
161.27999902 -0.941496 
161.31999902 -0.4989776 
161.39999902 -0.4989776 
161.43999902 -0.941496 
161.51999902 -0.4989776 
161.55999902 -2.267525 
161.59999902 -0.4989776 
161.67999902 -0.4989776 
161.71999902 -0.941496 
161.75999902 -0.941496 
161.79999902 -0.941496 
161.83999902 -0.941496 
161.87999902 -0.941496 
161.91999902 -1.825007 
161.95999902 -1.382488 
161.99999902 -0.941496 
162.03999902 -1.825007 
162.07999901 -1.825007 
162.11999901 -0.941496 
162.15999901 -1.382488 
162.19999901 -1.825007 
162.23999901 -1.825007 
162.27999901 -1.825007 
162.31999901 -1.382488 
162.35999901 -1.825007 
162.39999901 -1.825007 
162.43999901 -1.825007 
162.47999901 -0.941496 
162.51999901 -1.382488 
162.55999901 -1.382488 
162.59999901 -0.941496 
162.63999901 -1.382488 
162.67999901 -1.382488 
162.71999901 -1.382488 
162.75999901 -1.825007 
162.79999901 -1.382488 
162.83999901 -0.941496 
162.87999901 -0.941496 
162.91999901 -1.382488 
162.95999901 -0.941496 
162.99999901 -1.382488 
163.03999901 -0.941496 
163.07999901 -0.941496 
163.11999901 -1.382488 
163.15999901 -0.941496 
163.19999901 -0.941496 
163.23999901 -0.941496 
163.27999901 -0.941496 
163.31999901 -0.941496 
163.35999901 -0.941496 
163.39999901 -0.941496 
163.43999901 -0.941496 
163.47999901 -0.941496 
163.51999901 -0.941496 
163.55999901 -0.941496 
163.59999901 -0.941496 
163.63999901 -0.4989776 
163.67999901 -0.941496 
163.719999 -0.941496 
163.759999 -0.941496 
163.799999 -0.941496 
163.839999 -0.941496 
163.879999 -0.941496 
163.919999 -0.4989776 
163.959999 -0.941496 
163.999999 -0.4989776 
164.039999 -0.4989776 
164.079999 -0.4989776 
164.119999 -0.4989776 
164.159999 -0.4989776 
164.199999 -0.4989776 
164.239999 -0.4989776 
164.279999 -0.4989776 
164.319999 -0.4989776 
164.359999 -0.4989776 
164.439999 -0.4989776 
164.479999 -0.4989776 
164.519999 -0.4989776 
164.559999 -0.4989776 
164.599999 -0.4989776 
164.639999 -0.4989776 
164.679999 -0.4989776 
164.719999 -0.4989776 
164.759999 -0.4989776 
164.799999 -0.4989776 
164.919999 -0.4989776 
164.959999 -0.4989776 
165.039999 -0.4989776 
165.159999 -0.4989776 
165.239999 -0.4989776 
165.279999 -0.4989776 
165.359999 -0.4989776 
165.39999899 -0.4989776 
165.43999899 -0.4989776 
165.51999899 -0.4989776 
165.59999899 -0.4989776 
165.63999899 -0.4989776 
165.67999899 -0.4989776 
165.71999899 -0.4989776 
165.75999899 -0.4989776 
165.79999899 -0.4989776 
165.83999899 -0.4989776 
165.87999899 -0.4989776 
165.91999899 -0.4989776 
165.95999899 -0.4989776 
165.99999899 -0.4989776 
166.03999899 -0.941496 
166.07999899 -0.4989776 
166.11999899 -0.4989776 
166.15999899 -0.941496 
166.19999899 -0.941496 
166.23999899 -0.941496 
166.27999899 -0.4989776 
166.31999899 -0.941496 
166.35999899 -0.941496 
166.39999899 -0.941496 
166.43999899 -0.941496 
166.47999899 -0.941496 
166.51999899 -0.941496 
166.55999899 -0.941496 
166.59999899 -0.941496 
166.63999899 -0.941496 
166.67999899 -0.941496 
166.71999899 -0.941496 
166.75999899 -0.941496 
166.79999899 -1.382488 
166.83999899 -1.382488 
166.87999899 -1.382488 
166.91999899 -1.382488 
166.95999899 -1.382488 
166.99999899 -1.825007 
167.03999898 -1.825007 
167.07999898 -1.825007 
167.11999898 -1.825007 
167.15999898 -1.825007 
167.19999898 -1.382488 
167.23999898 -1.825007 
167.27999898 -1.825007 
167.31999898 -1.825007 
167.35999898 -1.382488 
167.39999898 -1.382488 
167.43999898 -1.825007 
167.47999898 -1.825007 
167.51999898 -1.825007 
167.55999898 -1.825007 
167.59999898 -1.825007 
167.63999898 -1.825007 
167.67999898 -1.825007 
167.71999898 -1.825007 
167.75999898 -1.825007 
167.79999898 -1.825007 
167.83999898 -1.825007 
167.87999898 -1.825007 
167.91999898 -1.825007 
167.95999898 -1.825007 
167.99999898 -0.941496 
168.03999898 -1.825007 
168.07999898 -1.825007 
168.11999898 -1.825007 
168.15999898 -1.825007 
168.19999898 -1.825007 
168.23999898 -1.825007 
168.27999898 -1.825007 
168.31999898 -1.382488 
168.35999898 -1.825007 
168.39999898 -1.825007 
168.43999898 -1.382488 
168.47999898 -1.382488 
168.51999898 -1.382488 
168.55999898 -0.941496 
168.59999898 -0.941496 
168.63999898 -0.941496 
168.67999897 -1.382488 
168.71999897 -0.941496 
168.75999897 -0.941496 
168.79999897 -0.941496 
168.83999897 -0.941496 
168.87999897 -0.941496 
168.91999897 -0.941496 
168.95999897 -0.941496 
168.99999897 -0.4989776 
169.03999897 -0.4989776 
169.07999897 -0.4989776 
169.11999897 -0.4989776 
169.15999897 -0.4989776 
176.79999893 -0.4989776 
176.83999893 -0.4989776 
176.95999892 -0.4989776 
176.99999892 -0.4989776 
177.03999892 -0.941496 
177.07999892 -0.941496 
177.11999892 -0.4989776 
177.15999892 -0.941496 
177.19999892 -0.941496 
177.23999892 -0.4989776 
177.27999892 -0.941496 
177.31999892 -0.941496 
177.35999892 -0.941496 
177.39999892 -0.941496 
177.43999892 -1.382488 
177.47999892 -1.382488 
177.51999892 -1.382488 
177.55999892 -1.382488 
177.59999892 -1.825007 
177.63999892 -1.825007 
177.67999892 -1.825007 
177.71999892 -1.825007 
177.75999892 -1.825007 
177.79999892 -1.825007 
177.83999892 -1.825007 
177.87999892 -1.825007 
177.91999892 -1.825007 
177.95999892 -1.825007 
177.99999892 -1.825007 
178.03999892 -2.267525 
178.07999892 -2.267525 
178.11999892 -1.825007 
178.15999892 -1.825007 
178.19999892 -1.825007 
178.23999892 -1.825007 
178.27999892 -1.825007 
178.31999892 -1.825007 
178.35999892 -2.267525 
178.39999892 -1.825007 
178.43999892 -2.267525 
178.47999892 -1.825007 
178.51999892 -2.267525 
178.55999891 -2.267525 
178.59999891 -1.825007 
178.63999891 -2.267525 
178.67999891 -2.267525 
178.71999891 -1.825007 
178.75999891 -1.825007 
178.79999891 -2.267525 
178.83999891 -1.825007 
178.87999891 -1.825007 
178.91999891 -1.825007 
178.95999891 -1.825007 
178.99999891 -1.825007 
179.03999891 -1.825007 
179.07999891 -1.825007 
179.11999891 -1.382488 
179.15999891 -1.825007 
179.19999891 -1.825007 
179.23999891 -1.825007 
179.27999891 -1.825007 
179.31999891 -1.382488 
179.35999891 -1.825007 
179.39999891 -1.825007 
179.43999891 -1.382488 
179.47999891 -1.382488 
179.51999891 -0.941496 
179.55999891 -0.941496 
179.59999891 -0.941496 
179.63999891 -0.941496 
179.67999891 -0.941496 
179.71999891 -0.941496 
179.75999891 -0.941496 
179.79999891 -0.941496 
179.83999891 -0.941496 
179.87999891 -0.941496 
179.91999891 -0.941496 
179.95999891 -0.4989776 
179.99999891 -0.4989776 
180.03999891 -0.4989776 
180.07999891 -0.4989776 
180.11999891 -0.4989776 
180.15999891 -0.4989776 
180.1999989 -0.4989776 
183.31999889 -0.4989776 
183.35999889 -0.4989776 
183.39999889 -0.4989776 
183.47999888 -0.4989776 
183.51999888 -0.941496 
183.55999888 -0.4989776 
183.59999888 -0.4989776 
183.63999888 -0.4989776 
183.67999888 -0.4989776 
183.71999888 -0.4989776 
183.75999888 -0.941496 
183.79999888 -0.941496 
183.83999888 -0.941496 
183.87999888 -0.941496 
183.91999888 -0.941496 
183.95999888 -0.941496 
183.99999888 -0.4989776 
184.03999888 -0.941496 
184.07999888 -0.941496 
184.11999888 -0.941496 
184.15999888 -0.941496 
184.19999888 -0.4989776 
184.23999888 -0.941496 
184.27999888 -0.941496 
184.31999888 -0.941496 
184.35999888 -0.941496 
184.39999888 -0.941496 
184.43999888 -0.941496 
184.47999888 -0.941496 
184.51999888 -0.941496 
184.55999888 -0.941496 
184.59999888 -0.941496 
184.63999888 -0.941496 
184.67999888 -0.4989776 
184.71999888 -0.941496 
184.75999888 -0.941496 
184.79999888 -1.825007 
184.83999888 -0.941496 
184.87999888 -0.4989776 
184.91999888 -0.941496 
184.95999888 -0.941496 
184.99999888 -0.941496 
185.03999888 -0.941496 
185.07999888 -0.941496 
185.11999887 -0.4989776 
185.15999887 -0.941496 
185.19999887 -0.4989776 
185.23999887 -0.4989776 
185.27999887 -0.4989776 
185.31999887 -0.4989776 
185.35999887 -0.4989776 
185.39999887 -0.4989776 
185.43999887 -0.4989776 
185.47999887 -0.4989776 
185.51999887 -0.4989776 
185.67999887 -0.4989776 
188.07999886 -0.941496 
188.11999886 -0.4989776 
188.23999886 -0.4989776 
188.35999886 -0.941496 
188.39999886 -0.941496 
188.51999885 -0.4989776 
188.55999885 -0.941496 
188.59999885 -0.941496 
188.63999885 -0.4989776 
188.67999885 -0.4989776 
188.71999885 -0.941496 
188.75999885 -0.941496 
188.79999885 -0.941496 
188.83999885 -0.941496 
188.87999885 -0.941496 
188.91999885 -1.382488 
188.95999885 -0.941496 
188.99999885 -0.941496 
189.03999885 -1.825007 
189.07999885 -1.825007 
189.11999885 -1.825007 
189.15999885 -1.825007 
189.19999885 -1.825007 
189.23999885 -1.825007 
189.27999885 -1.825007 
189.31999885 -2.267525 
189.35999885 -2.267525 
189.39999885 -2.267525 
189.43999885 -2.267525 
189.47999885 -2.267525 
189.51999885 -2.267525 
189.55999885 -2.267525 
189.59999885 -2.267525 
189.63999885 -2.267525 
189.67999885 -2.267525 
189.71999885 -2.267525 
189.75999885 -2.267525 
189.79999885 -2.708518 
189.83999885 -2.708518 
189.87999885 -2.708518 
189.91999885 -2.708518 
189.95999885 -2.708518 
189.99999885 -2.708518 
190.03999885 -3.151036 
190.07999884 -2.708518 
190.11999884 -2.708518 
190.15999884 -2.708518 
190.19999884 -2.708518 
190.23999884 -2.708518 
190.27999884 -2.708518 
190.31999884 -2.708518 
190.35999884 -2.708518 
190.39999884 -2.708518 
190.43999884 -2.708518 
190.47999884 -2.708518 
190.51999884 -2.708518 
190.55999884 -2.708518 
190.59999884 -2.708518 
190.63999884 -2.708518 
190.67999884 -2.267525 
190.71999884 -2.708518 
190.75999884 -2.267525 
190.79999884 -2.267525 
190.83999884 -2.267525 
190.87999884 -2.267525 
190.91999884 -2.267525 
190.95999884 -2.267525 
190.99999884 -2.267525 
191.03999884 -2.267525 
191.07999884 -2.267525 
191.11999884 -1.825007 
191.15999884 -1.825007 
191.19999884 -1.825007 
191.23999884 -1.825007 
191.27999884 -1.825007 
191.31999884 -1.825007 
191.35999884 -1.825007 
191.39999884 -1.825007 
191.43999884 -1.382488 
191.47999884 -1.825007 
191.51999884 -0.941496 
191.55999884 -1.382488 
191.59999884 -0.941496 
191.63999884 -0.941496 
191.67999884 -0.941496 
191.71999883 -0.941496 
191.75999883 -0.941496 
191.79999883 -0.941496 
191.83999883 -0.4989776 
191.87999883 -0.4989776 
191.91999883 -0.4989776 
191.95999883 -0.4989776 
191.99999883 -0.4989776 
192.07999883 -0.4989776 
192.15999883 -0.4989776 
194.07999882 -0.4989776 
194.23999882 -0.4989776 
194.35999882 -0.4989776 
194.39999882 -0.4989776 
194.47999882 -0.4989776 
194.51999882 -0.4989776 
194.67999882 -0.4989776 
194.71999882 -0.4989776 
194.75999882 -0.4989776 
194.83999882 -0.4989776 
194.91999882 -0.4989776 
194.95999882 -0.4989776 
194.99999881 -0.4989776 
195.07999881 -0.4989776 
195.11999881 -0.4989776 
195.15999881 -0.4989776 
0 0 
