0.0 -0.4989776 
0.04 -0.4989776 
0.08 -0.4989776 
0.12 -0.4989776 
0.16 -0.4989776 
0.24 -0.4989776 
5.07999997 -0.4989776 
5.35999997 -0.4989776 
5.43999997 -0.4989776 
5.47999997 -0.4989776 
5.51999997 -0.4989776 
5.59999997 -0.4989776 
5.63999997 -0.4989776 
5.67999997 -0.4989776 
5.71999997 -0.4989776 
5.79999996 -0.4989776 
5.83999996 -0.4989776 
5.87999996 -0.4989776 
5.91999996 -0.4989776 
5.95999996 -0.4989776 
9.07999994 -0.4989776 
9.11999994 -0.4989776 
9.15999994 -0.4989776 
9.19999994 -0.941496 
9.23999994 -0.941496 
9.27999994 -0.941496 
9.31999994 -0.941496 
9.35999994 -0.941496 
9.39999994 -0.941496 
9.43999994 -0.941496 
9.47999994 -1.825007 
9.51999994 -1.825007 
9.55999994 -1.825007 
9.59999994 -1.825007 
9.63999994 -1.825007 
9.67999994 -2.267525 
9.71999994 -2.267525 
9.75999994 -2.267525 
9.79999994 -2.267525 
9.83999994 -2.708518 
9.87999994 -2.708518 
9.91999994 -2.267525 
9.95999994 -2.708518 
9.99999994 -2.708518 
10.03999994 -3.151036 
10.07999994 -3.151036 
10.11999994 -3.151036 
10.15999994 -3.151036 
10.19999994 -3.151036 
10.23999994 -3.151036 
10.27999994 -2.708518 
10.31999994 -3.151036 
10.35999994 -3.151036 
10.39999994 -3.593554 
10.43999994 -3.151036 
10.47999994 -3.593554 
10.51999994 -3.151036 
10.55999994 -3.593554 
10.59999994 -3.151036 
10.63999994 -3.593554 
10.67999994 -3.593554 
10.71999993 -3.593554 
10.75999993 -3.151036 
10.79999993 -3.593554 
10.83999993 -3.151036 
10.87999993 -3.151036 
10.91999993 -3.151036 
10.95999993 -3.151036 
10.99999993 -3.151036 
11.03999993 -3.151036 
11.07999993 -3.151036 
11.11999993 -3.151036 
11.15999993 -3.151036 
11.19999993 -3.151036 
11.23999993 -3.151036 
11.27999993 -2.708518 
11.31999993 -2.708518 
11.35999993 -3.151036 
11.39999993 -2.708518 
11.43999993 -2.708518 
11.47999993 -2.267525 
11.51999993 -2.267525 
11.55999993 -2.267525 
11.59999993 -2.267525 
11.63999993 -2.267525 
11.67999993 -2.267525 
11.71999993 -2.267525 
11.75999993 -2.267525 
11.79999993 -2.267525 
11.83999993 -1.825007 
11.87999993 -1.825007 
11.91999993 -1.825007 
11.95999993 -1.825007 
11.99999993 -1.825007 
12.03999993 -1.382488 
12.07999993 -1.825007 
12.11999993 -1.825007 
12.15999993 -1.825007 
12.19999993 -1.382488 
12.23999993 -0.941496 
12.27999993 -0.941496 
12.31999993 -0.941496 
12.35999992 -0.941496 
12.39999992 -0.941496 
12.43999992 -0.941496 
12.47999992 -0.941496 
12.51999992 -0.941496 
12.55999992 -0.941496 
12.59999992 -0.4989776 
12.63999992 -0.4989776 
12.67999992 -0.4989776 
12.71999992 -0.4989776 
12.75999992 -0.4989776 
12.79999992 -0.4989776 
12.83999992 -0.4989776 
12.87999992 -0.4989776 
12.91999992 -0.4989776 
12.99999992 -0.4989776 
13.07999992 -0.4989776 
13.15999992 -0.4989776 
13.39999992 -0.4989776 
13.71999992 -0.4989776 
20.23999988 -0.4989776 
20.27999988 -0.4989776 
20.31999988 -0.4989776 
20.35999988 -0.4989776 
20.39999988 -0.941496 
20.43999988 -0.941496 
20.47999988 -0.941496 
20.51999988 -0.941496 
20.55999988 -0.941496 
20.59999987 -0.941496 
20.63999987 -1.382488 
20.67999987 -1.382488 
20.71999987 -0.941496 
20.75999987 -1.825007 
20.79999987 -1.825007 
20.83999987 -1.825007 
20.87999987 -1.825007 
20.91999987 -1.825007 
20.95999987 -1.825007 
20.99999987 -2.267525 
21.03999987 -2.267525 
21.07999987 -2.267525 
21.11999987 -2.267525 
21.15999987 -2.708518 
21.19999987 -2.267525 
21.23999987 -2.708518 
21.27999987 -2.708518 
21.31999987 -2.708518 
21.35999987 -2.708518 
21.39999987 -2.708518 
21.43999987 -3.151036 
21.47999987 -3.151036 
21.51999987 -2.708518 
21.55999987 -2.708518 
21.59999987 -2.708518 
21.63999987 -3.593554 
21.67999987 -3.151036 
21.71999987 -3.151036 
21.75999987 -3.151036 
21.79999987 -3.151036 
21.83999987 -3.151036 
21.87999987 -3.151036 
21.91999987 -2.708518 
21.95999987 -2.708518 
21.99999987 -2.708518 
22.03999987 -2.708518 
22.07999987 -3.151036 
22.11999987 -2.708518 
22.15999987 -2.708518 
22.19999987 -2.708518 
22.23999986 -2.267525 
22.27999986 -2.708518 
22.31999986 -2.267525 
22.35999986 -2.267525 
22.39999986 -1.825007 
22.43999986 -2.267525 
22.47999986 -2.267525 
22.51999986 -1.825007 
22.55999986 -1.825007 
22.59999986 -1.825007 
22.63999986 -1.382488 
22.67999986 -1.382488 
22.71999986 -0.941496 
22.75999986 -0.941496 
22.79999986 -0.941496 
22.83999986 -0.941496 
22.87999986 -0.941496 
22.91999986 -0.941496 
22.95999986 -0.4989776 
22.99999986 -0.4989776 
32.2799998 -0.4989776 
32.3199998 -0.4989776 
32.3599998 -0.4989776 
32.3999998 -0.941496 
32.4399998 -0.4989776 
32.4799998 -0.4989776 
32.5199998 -0.941496 
32.5599998 -0.941496 
32.5999998 -0.941496 
32.6399998 -0.941496 
32.6799998 -0.941496 
32.7199998 -0.941496 
32.7599998 -0.941496 
32.7999998 -0.941496 
32.8399998 -0.941496 
32.8799998 -0.941496 
32.9199998 -1.382488 
32.9599998 -0.941496 
32.9999998 -1.382488 
33.0399998 -1.382488 
33.0799998 -1.825007 
33.1199998 -1.825007 
33.1599998 -1.382488 
33.1999998 -1.825007 
33.2399998 -1.382488 
33.2799998 -1.825007 
33.3199998 -1.825007 
33.3599998 -1.825007 
33.3999998 -1.825007 
33.4399998 -1.825007 
33.4799998 -1.825007 
33.5199998 -1.825007 
33.5599998 -1.825007 
33.5999998 -1.825007 
33.6399998 -1.825007 
33.6799998 -1.825007 
33.7199998 -1.825007 
33.75999979 -1.825007 
33.79999979 -1.825007 
33.83999979 -1.825007 
33.87999979 -1.825007 
33.91999979 -1.825007 
33.95999979 -1.825007 
33.99999979 -1.825007 
34.03999979 -1.382488 
34.07999979 -1.382488 
34.11999979 -1.825007 
34.15999979 -1.825007 
34.19999979 -1.825007 
34.23999979 -1.382488 
34.27999979 -1.382488 
34.31999979 -1.825007 
34.35999979 -1.825007 
34.39999979 -1.382488 
34.43999979 -0.941496 
34.47999979 -1.382488 
34.51999979 -0.941496 
34.55999979 -0.941496 
34.59999979 -1.382488 
34.63999979 -0.941496 
34.67999979 -0.941496 
34.71999979 -0.941496 
34.75999979 -0.941496 
34.79999979 -0.941496 
34.83999979 -0.941496 
34.87999979 -0.941496 
34.91999979 -0.941496 
34.95999979 -0.941496 
34.99999979 -0.941496 
35.03999979 -0.941496 
35.07999979 -0.941496 
35.11999979 -0.4989776 
35.15999979 -0.4989776 
35.19999979 -0.941496 
35.23999979 -0.4989776 
35.27999979 -0.4989776 
35.31999979 -0.4989776 
35.35999979 -0.4989776 
35.39999978 -0.941496 
35.43999978 -0.4989776 
35.47999978 -0.4989776 
35.51999978 -0.4989776 
35.55999978 -0.4989776 
35.59999978 -0.4989776 
35.63999978 -0.4989776 
35.67999978 -0.4989776 
35.71999978 -0.4989776 
35.75999978 -0.4989776 
35.79999978 -0.4989776 
35.83999978 -0.4989776 
35.87999978 -0.4989776 
35.91999978 -0.941496 
35.95999978 -0.4989776 
35.99999978 -0.941496 
36.03999978 -0.941496 
36.07999978 -0.941496 
36.11999978 -0.4989776 
36.15999978 -0.941496 
36.19999978 -0.941496 
36.23999978 -0.941496 
36.27999978 -0.941496 
36.31999978 -0.941496 
36.35999978 -0.941496 
36.39999978 -0.941496 
36.43999978 -1.382488 
36.47999978 -1.382488 
36.51999978 -1.382488 
36.55999978 -1.825007 
36.59999978 -1.825007 
36.63999978 -1.825007 
36.67999978 -1.825007 
36.71999978 -1.825007 
36.75999978 -1.825007 
36.79999978 -1.825007 
36.83999978 -2.267525 
36.87999978 -2.267525 
36.91999978 -2.267525 
36.95999978 -2.267525 
36.99999978 -2.267525 
37.03999977 -2.267525 
37.07999977 -2.708518 
37.11999977 -2.708518 
37.15999977 -2.267525 
37.19999977 -2.708518 
37.23999977 -2.708518 
37.27999977 -2.708518 
37.31999977 -3.151036 
37.35999977 -2.708518 
37.39999977 -2.708518 
37.43999977 -3.151036 
37.47999977 -2.708518 
37.51999977 -3.151036 
37.55999977 -3.151036 
37.59999977 -3.151036 
37.63999977 -2.708518 
37.67999977 -3.593554 
37.71999977 -3.151036 
37.75999977 -3.151036 
37.79999977 -3.593554 
37.83999977 -3.151036 
37.87999977 -3.151036 
37.91999977 -3.593554 
37.95999977 -3.593554 
37.99999977 -3.151036 
38.03999977 -3.593554 
38.07999977 -3.593554 
38.11999977 -3.151036 
38.15999977 -3.593554 
38.19999977 -3.151036 
38.23999977 -3.151036 
38.27999977 -3.151036 
38.31999977 -3.593554 
38.35999977 -2.708518 
38.39999977 -3.593554 
38.43999977 -3.151036 
38.47999977 -2.708518 
38.51999977 -3.151036 
38.55999977 -3.151036 
38.59999977 -2.708518 
38.63999977 -2.708518 
38.67999976 -2.708518 
38.71999976 -2.708518 
38.75999976 -2.267525 
38.79999976 -2.267525 
38.83999976 -2.267525 
38.87999976 -2.267525 
38.91999976 -2.267525 
38.95999976 -1.825007 
38.99999976 -1.825007 
39.03999976 -2.267525 
39.07999976 -1.825007 
39.11999976 -1.825007 
39.15999976 -1.382488 
39.19999976 -0.941496 
39.23999976 -0.941496 
39.27999976 -0.941496 
39.31999976 -0.941496 
39.35999976 -0.941496 
39.39999976 -0.941496 
39.43999976 -0.941496 
39.47999976 -0.4989776 
39.51999976 -0.941496 
39.55999976 -0.941496 
42.95999974 -0.4989776 
42.99999974 -0.4989776 
43.03999974 -0.4989776 
43.07999974 -0.4989776 
43.11999974 -0.4989776 
43.15999974 -0.4989776 
43.19999974 -0.941496 
43.23999974 -0.4989776 
43.27999974 -0.941496 
43.31999974 -0.4989776 
43.35999974 -0.4989776 
43.39999974 -0.4989776 
43.43999974 -0.941496 
43.47999974 -0.4989776 
43.51999974 -0.941496 
43.55999974 -0.941496 
43.59999974 -0.4989776 
43.63999973 -0.941496 
43.67999973 -0.941496 
43.71999973 -0.4989776 
43.75999973 -0.4989776 
43.79999973 -0.941496 
43.83999973 -0.941496 
43.87999973 -0.4989776 
43.91999973 -0.4989776 
43.95999973 -0.941496 
43.99999973 -0.4989776 
44.03999973 -0.4989776 
44.07999973 -0.4989776 
44.11999973 -0.4989776 
44.15999973 -0.4989776 
47.63999971 -0.4989776 
47.87999971 -0.4989776 
47.91999971 -0.4989776 
47.99999971 -0.4989776 
48.03999971 -0.4989776 
48.07999971 -0.4989776 
48.11999971 -0.4989776 
48.15999971 -0.4989776 
48.19999971 -0.4989776 
48.23999971 -0.941496 
48.27999971 -0.4989776 
48.31999971 -0.4989776 
48.35999971 -0.4989776 
48.39999971 -0.4989776 
48.43999971 -0.4989776 
48.47999971 -0.941496 
48.51999971 -0.941496 
48.5599997 -0.4989776 
48.5999997 -0.941496 
48.6399997 -0.941496 
48.6799997 -0.941496 
48.7199997 -0.941496 
48.7599997 -0.941496 
48.7999997 -0.941496 
48.8399997 -0.941496 
48.8799997 -0.941496 
48.9199997 -0.941496 
48.9599997 -0.941496 
48.9999997 -0.4989776 
49.0399997 -0.4989776 
49.0799997 -0.941496 
49.1199997 -0.4989776 
49.1599997 -0.4989776 
49.1999997 -0.941496 
49.2399997 -0.4989776 
49.2799997 -0.4989776 
49.3199997 -0.4989776 
49.3599997 -0.4989776 
49.3999997 -0.4989776 
49.4399997 -0.4989776 
49.4799997 -0.4989776 
49.5199997 -0.4989776 
49.5999997 -0.4989776 
58.43999964 -0.941496 
58.47999964 -0.941496 
58.59999964 -0.941496 
58.63999964 -0.941496 
58.71999964 -0.941496 
58.75999964 -1.825007 
58.79999964 -0.941496 
58.83999964 -0.941496 
58.87999964 -1.825007 
58.91999964 -1.825007 
58.95999964 -1.825007 
58.99999964 -1.382488 
59.03999964 -1.825007 
59.07999964 -1.825007 
59.11999964 -2.267525 
59.15999964 -1.825007 
59.19999964 -1.825007 
59.23999964 -2.267525 
59.27999964 -2.708518 
59.31999964 -2.267525 
59.35999964 -2.267525 
59.39999964 -2.708518 
59.43999964 -3.151036 
59.47999964 -2.708518 
59.51999964 -2.708518 
59.55999964 -2.708518 
59.59999964 -3.151036 
59.63999964 -2.708518 
59.67999964 -3.151036 
59.71999964 -2.708518 
59.75999964 -2.708518 
59.79999964 -3.151036 
59.83999964 -3.593554 
59.87999964 -3.593554 
59.91999964 -3.151036 
59.95999964 -3.593554 
59.99999964 -2.708518 
60.03999964 -3.151036 
60.07999963 -3.151036 
60.11999963 -2.708518 
60.15999963 -3.151036 
60.19999963 -3.593554 
60.23999963 -3.593554 
60.27999963 -2.708518 
60.31999963 -3.151036 
60.35999963 -3.151036 
60.39999963 -3.151036 
60.43999963 -3.151036 
60.47999963 -3.151036 
60.51999963 -2.708518 
60.55999963 -3.151036 
60.59999963 -2.708518 
60.63999963 -2.708518 
60.67999963 -2.708518 
60.71999963 -2.267525 
60.75999963 -2.708518 
60.79999963 -2.267525 
60.83999963 -2.267525 
60.87999963 -2.267525 
60.91999963 -2.267525 
60.95999963 -1.825007 
60.99999963 -1.825007 
61.03999963 -1.825007 
61.07999963 -1.825007 
61.11999963 -1.825007 
61.15999963 -1.825007 
61.19999963 -1.825007 
61.23999963 -1.382488 
61.27999963 -1.825007 
61.31999963 -0.941496 
61.35999963 -0.941496 
61.39999963 -0.941496 
61.43999963 -0.941496 
61.47999963 -0.941496 
61.51999963 -0.4989776 
61.55999963 -0.4989776 
61.59999963 -0.4989776 
65.1999996 -0.4989776 
65.2399996 -0.4989776 
65.2799996 -0.4989776 
65.3199996 -0.4989776 
65.3599996 -0.4989776 
65.3999996 -0.4989776 
65.4399996 -0.4989776 
65.4799996 -0.941496 
65.5199996 -0.4989776 
65.5599996 -0.941496 
65.5999996 -0.941496 
65.6799996 -0.4989776 
65.7199996 -0.4989776 
65.7599996 -0.941496 
65.7999996 -0.4989776 
65.8399996 -0.4989776 
65.8799996 -0.4989776 
65.9199996 -0.4989776 
65.9599996 -0.4989776 
65.9999996 -0.941496 
66.0399996 -0.4989776 
66.0799996 -0.4989776 
66.1199996 -0.4989776 
66.1599996 -0.941496 
66.1999996 -0.4989776 
66.2399996 -0.4989776 
66.2799996 -0.4989776 
66.3199996 -0.4989776 
66.3599996 -0.4989776 
66.3999996 -0.4989776 
66.4399996 -0.4989776 
66.4799996 -0.4989776 
66.63999959 -0.4989776 
66.67999959 -0.4989776 
69.83999958 -0.4989776 
69.87999958 -0.4989776 
69.95999957 -0.4989776 
69.99999957 -0.4989776 
70.03999957 -0.941496 
70.07999957 -0.941496 
70.11999957 -0.941496 
70.15999957 -0.941496 
70.19999957 -0.941496 
70.23999957 -0.941496 
70.27999957 -0.941496 
70.31999957 -1.382488 
70.35999957 -1.825007 
70.39999957 -1.825007 
70.43999957 -1.825007 
70.47999957 -1.825007 
70.51999957 -1.825007 
70.55999957 -1.825007 
70.59999957 -2.267525 
70.63999957 -2.267525 
70.67999957 -2.267525 
70.71999957 -2.267525 
70.75999957 -2.708518 
70.79999957 -2.708518 
70.83999957 -2.708518 
70.87999957 -2.708518 
70.91999957 -2.708518 
70.95999957 -2.708518 
70.99999957 -3.151036 
71.03999957 -3.151036 
71.07999957 -3.151036 
71.11999957 -3.151036 
71.15999957 -3.593554 
71.19999957 -3.151036 
71.23999957 -3.151036 
71.27999957 -3.593554 
71.31999957 -3.151036 
71.35999957 -3.593554 
71.39999957 -3.593554 
71.43999957 -3.593554 
71.47999957 -3.593554 
71.51999957 -3.593554 
71.55999957 -3.593554 
71.59999956 -3.593554 
71.63999956 -3.593554 
71.67999956 -3.593554 
71.71999956 -3.593554 
71.75999956 -3.593554 
71.79999956 -3.593554 
71.83999956 -3.151036 
71.87999956 -2.708518 
71.91999956 -3.151036 
71.95999956 -3.151036 
71.99999956 -3.151036 
72.03999956 -3.151036 
72.07999956 -3.151036 
72.11999956 -3.151036 
72.15999956 -2.708518 
72.19999956 -2.708518 
72.23999956 -2.708518 
72.27999956 -2.708518 
72.31999956 -2.708518 
72.35999956 -2.708518 
72.39999956 -2.267525 
72.43999956 -2.267525 
72.47999956 -2.267525 
72.51999956 -2.267525 
72.55999956 -1.825007 
72.59999956 -2.267525 
72.63999956 -2.267525 
72.67999956 -1.825007 
72.71999956 -1.825007 
72.75999956 -1.825007 
72.79999956 -1.825007 
72.83999956 -1.382488 
72.87999956 -1.382488 
72.91999956 -0.941496 
72.95999956 -0.941496 
72.99999956 -0.941496 
73.03999956 -0.941496 
73.07999956 -0.941496 
73.11999956 -0.941496 
73.15999956 -0.4989776 
73.19999956 -0.941496 
73.23999955 -0.941496 
73.27999955 -0.4989776 
73.31999955 -0.4989776 
85.55999948 -0.941496 
85.71999948 -0.4989776 
86.03999948 -0.4989776 
86.07999948 -0.941496 
86.23999948 -0.4989776 
86.35999948 -0.941496 
86.51999947 -0.941496 
86.55999947 -0.4989776 
86.67999947 -0.4989776 
86.71999947 -0.941496 
86.75999947 -0.4989776 
86.83999947 -0.4989776 
86.87999947 -0.4989776 
86.91999947 -0.4989776 
86.95999947 -0.4989776 
86.99999947 -0.941496 
87.03999947 -0.941496 
87.07999947 -0.4989776 
87.11999947 -0.4989776 
87.15999947 -0.4989776 
87.19999947 -0.941496 
87.23999947 -0.941496 
87.27999947 -0.941496 
87.31999947 -0.941496 
87.35999947 -0.941496 
87.39999947 -0.941496 
87.43999947 -0.941496 
87.47999947 -0.941496 
87.51999947 -0.941496 
87.55999947 -0.941496 
87.59999947 -0.941496 
87.63999947 -0.941496 
87.67999947 -0.941496 
87.71999947 -0.941496 
87.75999947 -0.941496 
87.79999947 -0.941496 
87.83999947 -0.941496 
87.87999947 -0.941496 
87.91999947 -0.4989776 
87.95999947 -0.4989776 
87.99999947 -0.941496 
88.03999946 -0.4989776 
88.07999946 -0.4989776 
88.11999946 -0.4989776 
88.15999946 -0.4989776 
88.19999946 -0.4989776 
92.27999944 -0.4989776 
92.31999944 -0.4989776 
92.35999944 -0.4989776 
92.39999944 -0.4989776 
92.43999944 -0.941496 
92.47999944 -0.941496 
92.51999944 -0.941496 
92.55999944 -0.941496 
92.59999944 -0.941496 
92.63999944 -0.941496 
92.67999944 -0.941496 
92.71999944 -0.941496 
92.75999944 -1.382488 
92.79999944 -0.941496 
92.83999944 -0.941496 
92.87999944 -1.825007 
92.91999944 -1.825007 
92.95999944 -1.825007 
92.99999943 -1.825007 
93.03999943 -1.382488 
93.07999943 -1.825007 
93.11999943 -1.825007 
93.15999943 -1.825007 
93.19999943 -1.825007 
93.23999943 -1.825007 
93.27999943 -1.825007 
93.31999943 -1.825007 
93.35999943 -1.825007 
93.39999943 -1.825007 
93.43999943 -1.825007 
93.47999943 -1.382488 
93.51999943 -1.825007 
93.55999943 -1.825007 
93.59999943 -1.825007 
93.63999943 -1.825007 
93.67999943 -1.382488 
93.71999943 -1.825007 
93.75999943 -1.382488 
93.79999943 -1.825007 
93.83999943 -1.825007 
93.87999943 -1.382488 
93.91999943 -1.382488 
93.95999943 -1.825007 
93.99999943 -0.941496 
94.03999943 -0.941496 
94.07999943 -0.941496 
94.11999943 -1.382488 
94.15999943 -1.825007 
94.19999943 -1.382488 
94.23999943 -0.941496 
94.27999943 -0.941496 
94.31999943 -1.382488 
94.35999943 -0.941496 
94.39999943 -0.941496 
94.43999943 -1.382488 
94.47999943 -0.941496 
94.51999943 -0.941496 
94.55999943 -0.941496 
94.59999943 -0.941496 
94.63999942 -0.941496 
94.67999942 -1.382488 
94.71999942 -0.941496 
94.75999942 -0.941496 
94.79999942 -1.382488 
94.83999942 -0.941496 
94.87999942 -0.941496 
94.91999942 -0.941496 
94.95999942 -0.941496 
94.99999942 -0.941496 
95.03999942 -0.941496 
95.07999942 -0.941496 
95.11999942 -0.941496 
95.15999942 -0.941496 
95.19999942 -0.941496 
95.23999942 -0.941496 
95.27999942 -0.941496 
95.31999942 -0.941496 
95.35999942 -0.941496 
95.39999942 -0.941496 
95.43999942 -0.941496 
95.47999942 -0.941496 
95.51999942 -0.941496 
95.55999942 -0.941496 
95.59999942 -0.941496 
95.63999942 -0.941496 
95.67999942 -0.941496 
95.71999942 -0.941496 
95.75999942 -0.941496 
95.79999942 -0.941496 
95.83999942 -0.941496 
95.87999942 -0.941496 
95.91999942 -0.941496 
95.99999942 -0.941496 
96.03999942 -1.825007 
96.07999942 -0.941496 
96.11999942 -0.941496 
96.15999942 -1.382488 
96.19999942 -1.382488 
96.23999942 -1.382488 
96.27999941 -0.941496 
96.31999941 -1.382488 
96.35999941 -1.382488 
96.39999941 -1.382488 
96.43999941 -1.825007 
96.47999941 -1.382488 
96.51999941 -0.941496 
96.55999941 -1.825007 
96.59999941 -1.825007 
96.63999941 -1.825007 
96.67999941 -1.825007 
96.71999941 -1.825007 
96.75999941 -1.825007 
96.79999941 -1.825007 
96.83999941 -1.825007 
96.87999941 -1.825007 
96.91999941 -1.825007 
96.95999941 -1.825007 
96.99999941 -1.825007 
97.03999941 -1.825007 
97.07999941 -1.825007 
97.11999941 -1.825007 
97.15999941 -2.267525 
97.19999941 -1.825007 
97.23999941 -1.825007 
97.27999941 -2.267525 
97.31999941 -2.267525 
97.35999941 -2.267525 
97.39999941 -2.267525 
97.43999941 -2.267525 
97.47999941 -2.267525 
97.51999941 -2.267525 
97.55999941 -2.267525 
97.59999941 -2.267525 
97.63999941 -2.267525 
97.67999941 -2.267525 
97.71999941 -2.267525 
97.75999941 -2.267525 
97.79999941 -2.708518 
97.83999941 -2.267525 
97.87999941 -2.267525 
97.9199994 -2.267525 
97.9599994 -2.267525 
97.9999994 -2.267525 
98.0399994 -2.267525 
98.0799994 -2.267525 
98.1199994 -2.267525 
98.1599994 -2.708518 
98.1999994 -2.267525 
98.2399994 -2.267525 
98.2799994 -2.267525 
98.3199994 -2.267525 
98.3599994 -2.267525 
98.3999994 -2.267525 
98.4399994 -2.267525 
98.4799994 -2.267525 
98.5199994 -2.267525 
98.5599994 -2.267525 
98.5999994 -2.267525 
98.6399994 -2.267525 
98.6799994 -2.267525 
98.7199994 -2.267525 
98.7599994 -2.267525 
98.7999994 -2.267525 
98.8399994 -1.825007 
98.8799994 -2.267525 
98.9199994 -1.825007 
98.9599994 -1.825007 
98.9999994 -1.825007 
99.0399994 -1.825007 
99.0799994 -1.825007 
99.1199994 -1.825007 
99.1599994 -1.825007 
99.1999994 -1.825007 
99.2399994 -1.825007 
99.2799994 -1.382488 
99.3199994 -1.825007 
99.3599994 -1.382488 
99.3999994 -1.825007 
99.4399994 -0.941496 
99.4799994 -0.941496 
99.5199994 -0.941496 
99.55999939 -0.941496 
99.59999939 -0.941496 
99.63999939 -0.941496 
99.67999939 -0.941496 
99.71999939 -0.941496 
99.75999939 -0.941496 
99.79999939 -0.4989776 
99.83999939 -0.4989776 
99.87999939 -0.4989776 
99.91999939 -0.4989776 
99.95999939 -0.4989776 
99.99999939 -0.4989776 
109.15999934 -0.4989776 
109.27999934 -0.4989776 
109.31999934 -0.4989776 
109.35999934 -0.4989776 
109.39999934 -0.4989776 
109.43999933 -0.941496 
109.51999933 -0.4989776 
109.55999933 -0.4989776 
109.59999933 -0.4989776 
109.63999933 -0.4989776 
109.67999933 -0.4989776 
109.71999933 -0.4989776 
109.75999933 -0.4989776 
109.79999933 -0.4989776 
109.83999933 -0.4989776 
109.87999933 -0.4989776 
109.91999933 -0.4989776 
109.95999933 -0.4989776 
110.03999933 -0.4989776 
110.07999933 -0.4989776 
119.07999928 -0.4989776 
119.11999928 -0.4989776 
119.15999928 -0.4989776 
119.19999928 -0.4989776 
119.23999928 -0.941496 
119.27999928 -0.941496 
119.31999927 -0.941496 
119.35999927 -0.941496 
119.39999927 -0.941496 
119.43999927 -0.941496 
119.47999927 -1.382488 
119.51999927 -1.825007 
119.55999927 -1.825007 
119.59999927 -1.825007 
119.63999927 -2.267525 
119.67999927 -2.267525 
119.71999927 -2.267525 
119.75999927 -2.267525 
119.79999927 -2.267525 
119.83999927 -2.708518 
119.87999927 -2.267525 
119.91999927 -2.267525 
119.95999927 -2.708518 
119.99999927 -3.151036 
120.03999927 -2.708518 
120.07999927 -3.151036 
120.11999927 -3.151036 
120.15999927 -3.151036 
120.19999927 -3.151036 
120.23999927 -3.593554 
120.27999927 -3.593554 
120.31999927 -3.593554 
120.35999927 -3.593554 
120.39999927 -4.034547 
120.43999927 -3.593554 
120.47999927 -3.593554 
120.51999927 -3.593554 
120.55999927 -3.593554 
120.59999927 -3.593554 
120.63999927 -3.593554 
120.67999927 -3.593554 
120.71999927 -4.034547 
120.75999927 -4.034547 
120.79999927 -4.034547 
120.83999927 -4.034547 
120.87999927 -4.034547 
120.91999927 -3.593554 
120.95999926 -3.593554 
120.99999926 -3.593554 
121.03999926 -3.593554 
121.07999926 -3.593554 
121.11999926 -3.593554 
121.15999926 -3.593554 
121.19999926 -3.593554 
121.23999926 -3.593554 
121.27999926 -3.593554 
121.31999926 -3.593554 
121.35999926 -3.151036 
121.39999926 -3.593554 
121.43999926 -3.151036 
121.47999926 -3.151036 
121.51999926 -3.151036 
121.55999926 -3.151036 
121.59999926 -3.151036 
121.63999926 -2.708518 
121.67999926 -2.708518 
121.71999926 -2.708518 
121.75999926 -2.708518 
121.79999926 -2.267525 
121.83999926 -2.708518 
121.87999926 -2.267525 
121.91999926 -2.267525 
121.95999926 -2.267525 
121.99999926 -2.267525 
122.03999926 -2.267525 
122.07999926 -2.267525 
122.11999926 -1.825007 
122.15999926 -1.825007 
122.19999926 -1.825007 
122.23999926 -1.825007 
122.27999926 -0.4989776 
122.31999926 -1.825007 
122.35999926 -1.382488 
122.39999926 -0.941496 
122.43999926 -0.941496 
122.47999926 -1.382488 
122.51999926 -0.941496 
122.55999926 -0.941496 
122.59999925 -0.941496 
122.63999925 -0.941496 
122.67999925 -0.941496 
122.71999925 -0.941496 
122.75999925 -0.941496 
122.79999925 -0.4989776 
122.83999925 -0.4989776 
122.87999925 -0.4989776 
122.91999925 -0.4989776 
122.95999925 -0.4989776 
122.99999925 -0.4989776 
124.51999924 -0.4989776 
124.63999924 -0.4989776 
124.71999924 -0.4989776 
124.75999924 -0.4989776 
124.79999924 -0.4989776 
124.83999924 -0.4989776 
124.87999924 -0.4989776 
124.91999924 -0.4989776 
124.95999924 -0.941496 
124.99999924 -0.941496 
125.03999924 -0.4989776 
125.07999924 -0.4989776 
125.11999924 -0.4989776 
125.15999924 -0.4989776 
125.19999924 -0.941496 
125.23999924 -0.941496 
125.27999924 -0.4989776 
125.31999924 -0.4989776 
125.35999924 -0.4989776 
125.39999924 -0.4989776 
125.43999924 -0.941496 
125.47999924 -0.941496 
125.51999924 -0.4989776 
125.55999924 -0.4989776 
125.59999924 -0.941496 
125.63999924 -0.4989776 
125.67999924 -0.4989776 
125.71999924 -0.941496 
125.75999924 -0.4989776 
125.79999924 -0.941496 
125.83999924 -0.4989776 
125.87999923 -0.4989776 
125.91999923 -0.4989776 
125.95999923 -0.4989776 
125.99999923 -0.4989776 
126.07999923 -0.4989776 
126.11999923 -0.4989776 
131.1599992 -0.941496 
131.1999992 -0.4989776 
131.2399992 -0.4989776 
131.2799992 -0.4989776 
131.3599992 -0.4989776 
131.3999992 -0.4989776 
131.4399992 -0.4989776 
131.4799992 -0.4989776 
131.5199992 -0.4989776 
131.5599992 -0.4989776 
131.5999992 -0.941496 
131.6399992 -0.4989776 
131.6799992 -0.4989776 
131.7199992 -0.4989776 
131.7599992 -0.941496 
131.7999992 -0.941496 
131.8399992 -0.941496 
131.8799992 -0.941496 
131.9199992 -0.941496 
131.9599992 -0.941496 
131.9999992 -0.941496 
132.0399992 -0.941496 
132.0799992 -0.941496 
132.1199992 -0.941496 
132.1599992 -0.941496 
132.1999992 -0.941496 
132.2399992 -1.382488 
132.2799992 -0.941496 
132.3199992 -0.941496 
132.3599992 -0.941496 
132.3999992 -0.941496 
132.4399992 -0.941496 
132.47999919 -0.941496 
132.51999919 -0.941496 
132.55999919 -0.941496 
132.59999919 -0.941496 
132.63999919 -0.941496 
132.67999919 -0.941496 
132.71999919 -0.4989776 
132.75999919 -0.4989776 
132.79999919 -0.4989776 
132.83999919 -0.4989776 
132.87999919 -0.4989776 
132.91999919 -0.4989776 
132.95999919 -0.4989776 
132.99999919 -0.4989776 
133.03999919 -0.4989776 
133.07999919 -0.4989776 
133.11999919 -0.4989776 
133.15999919 -0.4989776 
141.63999914 -0.4989776 
141.79999914 -0.4989776 
141.99999914 -0.4989776 
142.03999914 -0.4989776 
142.15999914 -0.4989776 
142.19999914 -0.941496 
142.27999914 -0.4989776 
142.31999914 -0.941496 
142.35999913 -0.941496 
142.39999913 -0.941496 
142.43999913 -0.4989776 
142.47999913 -0.4989776 
142.51999913 -0.941496 
142.55999913 -0.4989776 
142.59999913 -0.941496 
142.63999913 -0.4989776 
142.67999913 -0.941496 
142.71999913 -0.4989776 
142.75999913 -0.4989776 
142.79999913 -0.4989776 
142.83999913 -0.4989776 
142.87999913 -0.4989776 
142.91999913 -0.4989776 
142.95999913 -0.941496 
142.99999913 -0.4989776 
143.03999913 -0.4989776 
143.07999913 -0.4989776 
143.11999913 -0.4989776 
143.15999913 -0.4989776 
145.83999911 -0.4989776 
145.91999911 -0.4989776 
145.95999911 -0.4989776 
145.99999911 -0.4989776 
146.03999911 -0.941496 
146.07999911 -0.941496 
146.11999911 -0.941496 
146.15999911 -0.941496 
146.19999911 -0.941496 
146.23999911 -0.941496 
146.27999911 -1.382488 
146.31999911 -1.382488 
146.35999911 -1.382488 
146.39999911 -1.825007 
146.43999911 -1.825007 
146.47999911 -2.267525 
146.51999911 -2.267525 
146.55999911 -2.267525 
146.59999911 -2.267525 
146.63999911 -2.267525 
146.67999911 -2.267525 
146.71999911 -2.708518 
146.75999911 -3.151036 
146.79999911 -2.708518 
146.83999911 -2.708518 
146.87999911 -3.151036 
146.91999911 -3.593554 
146.95999911 -3.151036 
146.99999911 -3.151036 
147.03999911 -3.593554 
147.07999911 -3.593554 
147.11999911 -3.593554 
147.15999911 -3.593554 
147.19999911 -3.593554 
147.23999911 -3.593554 
147.2799991 -4.034547 
147.3199991 -3.593554 
147.3599991 -3.593554 
147.3999991 -4.034547 
147.4399991 -4.034547 
147.4799991 -4.034547 
147.5199991 -4.034547 
147.5599991 -4.034547 
147.5999991 -4.034547 
147.6399991 -4.034547 
147.6799991 -4.034547 
147.7199991 -3.593554 
147.7599991 -4.034547 
147.7999991 -4.034547 
147.8399991 -4.034547 
147.8799991 -4.034547 
147.9199991 -4.034547 
147.9599991 -4.477065 
147.9999991 -4.477065 
148.0399991 -3.593554 
148.0799991 -4.034547 
148.1199991 -3.593554 
148.1599991 -4.034547 
148.1999991 -4.034547 
148.2399991 -3.593554 
148.2799991 -3.593554 
148.3199991 -3.593554 
148.3599991 -3.593554 
148.3999991 -3.593554 
148.4399991 -3.151036 
148.4799991 -3.593554 
148.5199991 -3.593554 
148.5599991 -3.593554 
148.5999991 -3.593554 
148.6399991 -3.593554 
148.6799991 -2.708518 
148.7199991 -3.151036 
148.7599991 -2.708518 
148.7999991 -2.708518 
148.8399991 -2.708518 
148.8799991 -3.151036 
148.91999909 -2.708518 
148.95999909 -2.267525 
148.99999909 -2.267525 
149.03999909 -2.267525 
149.07999909 -2.267525 
149.11999909 -2.267525 
149.15999909 -2.267525 
149.19999909 -2.267525 
149.23999909 -1.825007 
149.27999909 -1.825007 
149.31999909 -1.825007 
149.35999909 -1.825007 
149.39999909 -1.825007 
149.43999909 -0.941496 
149.47999909 -0.941496 
149.51999909 -0.941496 
149.55999909 -0.941496 
149.59999909 -0.941496 
149.63999909 -0.941496 
149.67999909 -0.941496 
149.71999909 -0.941496 
149.75999909 -0.4989776 
149.79999909 -0.4989776 
149.83999909 -0.4989776 
149.87999909 -0.4989776 
152.87999907 -0.4989776 
152.95999907 -0.4989776 
152.99999907 -0.4989776 
153.03999907 -0.4989776 
153.07999907 -0.4989776 
153.11999907 -0.4989776 
153.15999907 -0.4989776 
153.19999907 -0.941496 
153.23999907 -0.941496 
153.27999907 -0.941496 
153.31999907 -0.941496 
153.35999907 -0.941496 
153.39999907 -0.941496 
153.43999907 -0.941496 
153.47999907 -0.941496 
153.51999907 -0.941496 
153.55999907 -0.941496 
153.59999907 -0.941496 
153.63999907 -0.941496 
153.67999907 -0.941496 
153.71999907 -1.382488 
153.75999907 -0.941496 
153.79999907 -0.941496 
153.83999907 -0.941496 
153.87999906 -0.941496 
153.91999906 -0.941496 
153.95999906 -0.941496 
153.99999906 -0.941496 
154.03999906 -0.941496 
154.07999906 -0.941496 
154.11999906 -0.941496 
154.15999906 -1.382488 
154.19999906 -0.941496 
154.23999906 -0.4989776 
154.27999906 -0.941496 
154.31999906 -0.941496 
154.35999906 -0.4989776 
154.39999906 -0.4989776 
154.43999906 -0.4989776 
154.47999906 -0.4989776 
154.51999906 -0.4989776 
154.55999906 -0.4989776 
154.59999906 -0.4989776 
154.63999906 -0.4989776 
157.99999904 -0.4989776 
158.03999904 -0.4989776 
158.07999904 -0.4989776 
158.11999904 -0.941496 
158.15999904 -0.941496 
158.19999904 -0.4989776 
158.23999904 -0.941496 
158.27999904 -0.941496 
158.31999904 -0.941496 
158.35999904 -1.382488 
158.39999904 -0.941496 
158.43999904 -0.941496 
158.47999904 -1.825007 
158.51999904 -1.825007 
158.55999904 -1.825007 
158.59999904 -1.825007 
158.63999904 -1.825007 
158.67999904 -1.825007 
158.71999904 -1.825007 
158.75999904 -1.825007 
158.79999903 -1.825007 
158.83999903 -1.825007 
158.87999903 -2.267525 
158.91999903 -2.267525 
158.95999903 -1.825007 
158.99999903 -1.825007 
159.03999903 -2.267525 
159.07999903 -1.825007 
159.11999903 -1.825007 
159.15999903 -1.825007 
159.19999903 -2.267525 
159.23999903 -2.267525 
159.27999903 -2.267525 
159.31999903 -2.267525 
159.35999903 -2.267525 
159.39999903 -1.825007 
159.43999903 -1.825007 
159.47999903 -1.825007 
159.51999903 -1.825007 
159.55999903 -1.825007 
159.59999903 -1.825007 
159.63999903 -1.825007 
159.67999903 -1.825007 
159.71999903 -1.825007 
159.75999903 -1.382488 
159.79999903 -1.382488 
159.83999903 -0.941496 
159.87999903 -0.941496 
159.91999903 -0.941496 
159.95999903 -0.941496 
159.99999903 -0.4989776 
160.03999903 -0.941496 
160.07999903 -0.941496 
160.11999903 -0.4989776 
160.15999903 -0.4989776 
168.95999897 -0.4989776 
169.15999897 -1.825007 
169.19999897 -1.825007 
169.27999897 -0.4989776 
169.31999897 -1.825007 
169.35999897 -0.941496 
169.39999897 -0.4989776 
169.43999897 -1.825007 
169.47999897 -2.267525 
169.51999897 -0.941496 
169.55999897 -0.941496 
169.59999897 -1.825007 
169.63999897 -2.267525 
169.67999897 -1.825007 
169.71999897 -1.825007 
169.75999897 -1.825007 
169.79999897 -2.267525 
169.83999897 -2.267525 
169.87999897 -1.825007 
169.91999897 -1.825007 
169.95999897 -2.267525 
169.99999897 -2.267525 
170.03999897 -2.267525 
170.07999897 -2.267525 
170.11999897 -2.267525 
170.15999897 -2.708518 
170.19999897 -2.708518 
170.23999897 -2.267525 
170.27999897 -2.708518 
170.31999896 -2.708518 
170.35999896 -2.708518 
170.39999896 -2.267525 
170.43999896 -2.708518 
170.47999896 -2.708518 
170.51999896 -3.151036 
170.55999896 -2.708518 
170.59999896 -2.708518 
170.63999896 -2.708518 
170.67999896 -2.708518 
170.71999896 -2.708518 
170.75999896 -3.151036 
170.79999896 -2.708518 
170.83999896 -2.708518 
170.87999896 -2.708518 
170.91999896 -2.708518 
170.95999896 -2.708518 
170.99999896 -2.267525 
171.03999896 -2.708518 
171.07999896 -2.708518 
171.11999896 -2.267525 
171.15999896 -2.267525 
171.19999896 -2.267525 
171.23999896 -2.267525 
171.27999896 -2.267525 
171.31999896 -2.267525 
171.35999896 -1.825007 
171.39999896 -2.267525 
171.43999896 -2.267525 
171.47999896 -1.825007 
171.51999896 -1.825007 
171.55999896 -1.825007 
171.59999896 -1.825007 
171.63999896 -1.382488 
171.67999896 -1.825007 
171.71999896 -1.825007 
171.75999896 -1.825007 
171.79999896 -1.382488 
171.83999896 -0.941496 
171.87999896 -1.382488 
171.91999896 -0.941496 
171.95999895 -0.941496 
171.99999895 -0.941496 
172.03999895 -0.941496 
172.07999895 -0.941496 
172.11999895 -0.941496 
172.15999895 -0.4989776 
172.19999895 -0.4989776 
172.23999895 -0.4989776 
172.27999895 -0.4989776 
172.31999895 -0.4989776 
172.35999895 -0.4989776 
172.43999895 -0.4989776 
173.67999894 -0.4989776 
173.71999894 -0.4989776 
173.75999894 -0.4989776 
173.79999894 -0.941496 
173.83999894 -0.4989776 
173.87999894 -0.941496 
173.91999894 -0.941496 
173.95999894 -0.941496 
173.99999894 -0.941496 
174.03999894 -0.941496 
174.07999894 -0.941496 
174.11999894 -0.941496 
174.15999894 -1.382488 
174.19999894 -0.941496 
174.23999894 -1.382488 
174.27999894 -1.382488 
174.31999894 -1.382488 
174.35999894 -1.382488 
174.39999894 -1.825007 
174.43999894 -1.825007 
174.47999894 -1.382488 
174.51999894 -1.825007 
174.55999894 -1.825007 
174.59999894 -1.825007 
174.63999894 -1.825007 
174.67999894 -1.825007 
174.71999894 -1.825007 
174.75999894 -1.825007 
174.79999894 -1.825007 
174.83999894 -1.825007 
174.87999894 -1.825007 
174.91999894 -2.267525 
174.95999894 -2.267525 
174.99999894 -1.825007 
175.03999894 -1.825007 
175.07999894 -1.825007 
175.11999894 -1.825007 
175.15999894 -1.825007 
175.19999894 -2.267525 
175.23999893 -1.825007 
175.27999893 -1.825007 
175.31999893 -1.825007 
175.35999893 -1.825007 
175.39999893 -1.825007 
175.43999893 -1.825007 
175.47999893 -1.825007 
175.51999893 -1.825007 
175.55999893 -1.825007 
175.59999893 -1.825007 
175.63999893 -1.825007 
175.67999893 -1.825007 
175.71999893 -0.941496 
175.75999893 -0.941496 
175.79999893 -1.825007 
175.83999893 -0.941496 
175.87999893 -0.941496 
175.91999893 -0.941496 
175.95999893 -0.941496 
175.99999893 -0.941496 
176.03999893 -0.941496 
176.07999893 -0.941496 
176.11999893 -0.941496 
176.15999893 -0.941496 
176.19999893 -0.4989776 
176.23999893 -0.941496 
176.27999893 -0.4989776 
176.31999893 -0.4989776 
176.35999893 -0.4989776 
176.39999893 -0.4989776 
176.43999893 -0.4989776 
176.51999893 -0.4989776 
180.3199989 -0.4989776 
180.3599989 -0.4989776 
180.4399989 -0.4989776 
180.4799989 -0.4989776 
180.5199989 -0.4989776 
180.5599989 -0.4989776 
180.5999989 -0.941496 
180.6399989 -0.941496 
180.6799989 -0.941496 
180.7199989 -0.941496 
180.7599989 -0.941496 
180.7999989 -0.941496 
180.8399989 -0.941496 
180.8799989 -0.941496 
180.9199989 -0.941496 
180.9599989 -0.941496 
180.9999989 -0.941496 
181.0399989 -1.382488 
181.0799989 -1.382488 
181.1199989 -0.941496 
181.1599989 -1.382488 
181.1999989 -1.825007 
181.2399989 -1.382488 
181.2799989 -1.825007 
181.3199989 -1.825007 
181.3599989 -1.825007 
181.3999989 -1.825007 
181.4399989 -1.382488 
181.4799989 -1.382488 
181.5199989 -1.825007 
181.5599989 -1.825007 
181.5999989 -1.825007 
181.6399989 -1.825007 
181.6799989 -1.825007 
181.7199989 -1.825007 
181.7599989 -1.825007 
181.7999989 -1.825007 
181.83999889 -1.825007 
181.87999889 -1.825007 
181.91999889 -1.825007 
181.95999889 -1.825007 
181.99999889 -1.382488 
182.03999889 -1.382488 
182.07999889 -1.382488 
182.11999889 -1.825007 
182.15999889 -1.382488 
182.19999889 -1.382488 
182.23999889 -1.825007 
182.27999889 -0.941496 
182.31999889 -0.941496 
182.35999889 -0.941496 
182.39999889 -0.941496 
182.43999889 -0.941496 
182.47999889 -0.941496 
182.51999889 -0.941496 
182.55999889 -0.941496 
182.59999889 -0.941496 
182.63999889 -0.941496 
182.67999889 -0.941496 
182.71999889 -0.941496 
182.75999889 -0.941496 
182.79999889 -0.941496 
182.83999889 -0.4989776 
182.87999889 -0.4989776 
182.91999889 -0.4989776 
182.95999889 -0.4989776 
182.99999889 -0.4989776 
183.03999889 -0.4989776 
183.07999889 -0.4989776 
183.11999889 -0.4989776 
183.15999889 -0.4989776 
183.35999889 -0.941496 
186.11999887 -0.4989776 
186.19999887 -0.4989776 
186.27999887 -0.4989776 
186.31999887 -0.4989776 
186.35999887 -0.4989776 
186.39999887 -0.4989776 
186.43999887 -0.4989776 
186.47999887 -0.4989776 
186.51999887 -0.4989776 
186.55999887 -0.4989776 
186.59999887 -0.4989776 
186.63999887 -0.4989776 
186.67999887 -0.4989776 
186.71999887 -0.4989776 
186.75999886 -0.4989776 
186.79999886 -0.4989776 
196.19999881 -0.4989776 
196.27999881 -0.4989776 
196.35999881 -0.4989776 
196.39999881 -0.4989776 
196.43999881 -0.4989776 
196.47999881 -0.4989776 
196.51999881 -0.4989776 
196.55999881 -0.941496 
196.59999881 -0.941496 
196.6399988 -0.941496 
196.6799988 -0.4989776 
196.7199988 -0.941496 
196.7599988 -0.4989776 
196.7999988 -0.941496 
196.8399988 -0.941496 
196.8799988 -1.825007 
196.9199988 -0.941496 
196.9999988 -0.941496 
197.0399988 -0.941496 
197.0799988 -0.941496 
197.1199988 -0.941496 
197.1599988 -1.382488 
197.1999988 -0.941496 
197.2399988 -0.941496 
197.2799988 -0.941496 
197.3199988 -0.941496 
197.3599988 -0.941496 
197.3999988 -2.267525 
197.4399988 -1.825007 
197.4799988 -0.4989776 
197.5199988 -0.941496 
197.5599988 -1.825007 
197.5999988 -0.941496 
197.6399988 -0.4989776 
197.6799988 -1.825007 
197.7199988 -1.825007 
197.7599988 -0.4989776 
197.7999988 -0.4989776 
197.8399988 -0.941496 
197.8799988 -1.382488 
197.9199988 -0.941496 
197.9599988 -0.941496 
197.9999988 -0.941496 
198.0399988 -0.941496 
198.0799988 -1.382488 
198.1199988 -0.941496 
198.1599988 -0.4989776 
198.1999988 -0.941496 
198.2399988 -0.941496 
198.27999879 -0.941496 
198.31999879 -0.941496 
198.35999879 -0.941496 
198.39999879 -0.941496 
198.43999879 -0.4989776 
198.47999879 -0.4989776 
198.51999879 -0.4989776 
198.55999879 -0.4989776 
198.59999879 -0.4989776 
198.63999879 -0.4989776 
198.67999879 -0.4989776 
198.71999879 -0.4989776 
198.75999879 -0.4989776 
198.83999879 -0.4989776 
0 0 
