53.43999968 -8.881496 
53.47999967 -8.881496 
53.51999967 -8.881496 
53.55999967 -8.881496 
53.59999967 -8.881496 
53.63999967 -8.881496 
53.67999967 -8.707541 
53.71999967 -8.707541 
53.75999967 -8.707541 
53.79999967 -8.881496 
53.83999967 -8.707541 
53.87999967 -8.881496 
53.91999967 -8.707541 
53.95999967 -8.707541 
53.99999967 -8.707541 
54.03999967 -8.707541 
54.07999967 -8.707541 
54.11999967 -8.707541 
54.15999967 -8.707541 
54.19999967 -8.707541 
54.23999967 -8.707541 
54.27999967 -8.707541 
54.31999967 -8.707541 
54.35999967 -8.707541 
54.39999967 -8.707541 
54.43999967 -8.707541 
54.47999967 -8.707541 
54.51999967 -8.707541 
54.55999967 -8.707541 
54.59999967 -8.707541 
54.63999967 -8.707541 
54.67999967 -8.707541 
54.71999967 -8.707541 
54.75999967 -8.707541 
54.79999967 -8.707541 
54.83999967 -8.707541 
54.87999967 -8.707541 
54.91999967 -8.707541 
54.95999967 -8.707541 
54.99999967 -8.707541 
55.03999967 -8.707541 
55.07999967 -8.707541 
55.11999967 -8.533586 
55.15999966 -8.533586 
55.19999966 -8.707541 
55.23999966 -8.533586 
55.27999966 -8.533586 
55.31999966 -8.707541 
55.35999966 -8.533586 
55.39999966 -8.533586 
55.43999966 -8.533586 
55.47999966 -8.533586 
55.51999966 -8.533586 
55.55999966 -8.533586 
55.59999966 -8.533586 
55.63999966 -8.533586 
55.67999966 -8.533586 
55.71999966 -8.533586 
55.75999966 -8.533586 
55.79999966 -8.533586 
55.83999966 -8.533586 
55.87999966 -8.533586 
55.91999966 -8.359631 
55.95999966 -8.533586 
55.99999966 -8.533586 
56.03999966 -8.533586 
56.07999966 -8.359631 
56.11999966 -8.359631 
56.15999966 -8.359631 
56.19999966 -8.359631 
56.23999966 -8.359631 
56.27999966 -8.359631 
56.31999966 -8.359631 
56.35999966 -8.359631 
56.39999966 -8.359631 
56.43999966 -8.359631 
56.47999966 -8.359631 
56.51999966 -8.359631 
56.55999966 -8.359631 
56.59999966 -8.359631 
56.63999966 -8.359631 
56.67999966 -8.359631 
56.71999966 -8.359631 
56.75999966 -8.359631 
56.79999965 -8.359631 
56.83999965 -8.359631 
56.87999965 -8.359631 
56.91999965 -8.359631 
56.95999965 -8.185064 
56.99999965 -8.359631 
57.03999965 -8.359631 
57.07999965 -8.185064 
57.11999965 -8.185064 
57.15999965 -8.185064 
57.19999965 -8.359631 
57.23999965 -8.185064 
57.27999965 -8.011108 
57.31999965 -8.185064 
57.35999965 -8.185064 
57.39999965 -8.185064 
57.43999965 -8.185064 
57.47999965 -8.185064 
57.51999965 -8.185064 
57.55999965 -8.011108 
57.59999965 -8.185064 
57.63999965 -8.185064 
57.67999965 -8.185064 
57.71999965 -8.185064 
57.75999965 -8.185064 
57.79999965 -8.011108 
57.83999965 -8.185064 
57.87999965 -8.011108 
57.91999965 -8.185064 
57.95999965 -8.185064 
57.99999965 -8.011108 
58.03999965 -8.185064 
58.07999965 -8.185064 
58.11999965 -8.185064 
58.15999965 -8.011108 
58.19999965 -8.011108 
58.23999965 -8.185064 
58.27999965 -8.185064 
58.31999965 -8.011108 
58.35999965 -8.011108 
58.39999965 -8.011108 
58.43999964 -8.011108 
58.47999964 -8.011108 
58.51999964 -8.011108 
58.55999964 -7.837153 
58.59999964 -8.011108 
58.63999964 -7.837153 
58.67999964 -8.011108 
58.71999964 -8.011108 
58.75999964 -8.011108 
58.79999964 -8.011108 
58.83999964 -8.011108 
58.87999964 -7.837153 
58.91999964 -8.011108 
58.95999964 -8.011108 
58.99999964 -8.011108 
59.03999964 -7.837153 
59.07999964 -7.837153 
59.11999964 -7.837153 
59.15999964 -7.837153 
59.19999964 -7.837153 
59.23999964 -7.837153 
59.27999964 -7.837153 
59.31999964 -7.837153 
59.35999964 -7.837153 
59.39999964 -7.837153 
59.43999964 -7.837153 
59.47999964 -7.837153 
59.51999964 -7.837153 
59.55999964 -7.837153 
59.59999964 -7.837153 
59.63999964 -7.837153 
59.67999964 -7.837153 
59.71999964 -7.837153 
59.75999964 -7.837153 
59.79999964 -7.837153 
59.83999964 -7.663198 
59.87999964 -7.663198 
59.91999964 -7.837153 
59.95999964 -7.663198 
59.99999964 -7.663198 
60.03999964 -7.837153 
60.07999963 -7.663198 
60.11999963 -7.663198 
60.15999963 -7.663198 
60.19999963 -7.663198 
60.23999963 -7.663198 
60.27999963 -7.663198 
60.31999963 -7.663198 
60.35999963 -7.663198 
60.39999963 -7.663198 
60.43999963 -7.663198 
60.47999963 -7.663198 
60.51999963 -7.663198 
60.55999963 -7.663198 
60.59999963 -7.663198 
60.63999963 -7.663198 
60.67999963 -7.663198 
60.71999963 -7.488632 
60.75999963 -7.663198 
60.79999963 -7.663198 
60.83999963 -7.663198 
60.87999963 -7.663198 
60.91999963 -7.488632 
60.95999963 -7.488632 
60.99999963 -7.488632 
61.03999963 -7.488632 
61.07999963 -7.488632 
61.11999963 -7.488632 
61.15999963 -7.663198 
61.19999963 -7.663198 
61.23999963 -7.488632 
61.27999963 -7.663198 
61.31999963 -7.314676 
61.35999963 -7.488632 
61.39999963 -7.314676 
61.43999963 -7.488632 
61.47999963 -7.488632 
61.51999963 -7.314676 
61.55999963 -7.314676 
61.59999963 -7.488632 
61.63999963 -7.314676 
61.67999963 -7.314676 
61.71999962 -7.314676 
61.75999962 -7.314676 
61.79999962 -7.314676 
61.83999962 -7.314676 
61.87999962 -7.314676 
61.91999962 -7.314676 
61.95999962 -7.314676 
61.99999962 -7.314676 
62.03999962 -7.314676 
62.07999962 -7.314676 
62.11999962 -7.314676 
62.15999962 -7.314676 
62.19999962 -7.314676 
62.23999962 -7.314676 
62.27999962 -7.314676 
62.31999962 -7.314676 
62.35999962 -7.314676 
62.39999962 -7.314676 
62.43999962 -7.314676 
62.47999962 -7.314676 
62.51999962 -7.314676 
62.55999962 -7.314676 
62.59999962 -7.140721 
62.63999962 -7.314676 
62.67999962 -7.314676 
62.71999962 -7.314676 
62.75999962 -7.140721 
62.79999962 -7.140721 
62.83999962 -7.314676 
62.87999962 -7.140721 
62.91999962 -7.140721 
62.95999962 -7.140721 
62.99999962 -7.140721 
63.03999962 -7.140721 
63.07999962 -7.140721 
63.11999962 -7.140721 
63.15999962 -7.140721 
63.19999962 -7.140721 
63.23999962 -7.140721 
63.27999962 -7.140721 
63.31999962 -7.140721 
63.35999961 -7.140721 
63.39999961 -7.140721 
63.43999961 -6.966765 
63.47999961 -7.140721 
63.51999961 -7.140721 
63.55999961 -7.140721 
63.59999961 -7.140721 
63.63999961 -7.140721 
63.67999961 -7.140721 
63.71999961 -7.140721 
63.75999961 -6.966765 
63.79999961 -6.966765 
63.83999961 -7.140721 
63.87999961 -7.140721 
63.91999961 -6.966765 
63.95999961 -6.966765 
63.99999961 -6.966765 
64.03999961 -6.966765 
64.07999961 -6.966765 
64.11999961 -6.966765 
64.15999961 -6.966765 
64.19999961 -6.966765 
64.23999961 -6.966765 
64.27999961 -6.966765 
64.31999961 -6.966765 
64.35999961 -6.966765 
64.39999961 -6.966765 
64.43999961 -6.7922 
64.47999961 -6.966765 
64.51999961 -6.966765 
64.55999961 -6.966765 
64.59999961 -6.966765 
64.63999961 -6.966765 
64.67999961 -6.966765 
64.71999961 -6.966765 
64.75999961 -6.7922 
64.79999961 -6.966765 
64.83999961 -6.966765 
64.87999961 -6.7922 
64.91999961 -6.966765 
64.95999961 -6.7922 
64.9999996 -6.7922 
65.0399996 -6.7922 
65.0799996 -6.966765 
65.1199996 -6.7922 
65.1599996 -6.7922 
65.1999996 -6.7922 
65.2399996 -6.7922 
65.2799996 -6.7922 
65.3199996 -6.7922 
65.3599996 -6.618244 
65.3999996 -6.7922 
65.4399996 -6.7922 
65.4799996 -6.618244 
65.5199996 -6.7922 
65.5599996 -6.7922 
65.5999996 -6.7922 
65.6399996 -6.618244 
65.6799996 -6.618244 
65.7199996 -6.618244 
65.7599996 -6.618244 
65.7999996 -6.618244 
65.8399996 -6.618244 
65.8799996 -6.618244 
65.9199996 -6.618244 
65.9599996 -6.618244 
65.9999996 -6.618244 
66.0399996 -6.618244 
66.0799996 -6.618244 
66.1199996 -6.618244 
66.1599996 -6.618244 
66.1999996 -6.444288 
66.2399996 -6.618244 
66.2799996 -6.444288 
66.3199996 -6.444288 
66.3599996 -6.444288 
66.3999996 -6.444288 
66.4399996 -6.444288 
66.4799996 -6.444288 
66.5199996 -6.444288 
66.5599996 -6.618244 
66.5999996 -6.444288 
66.63999959 -6.444288 
66.67999959 -6.444288 
66.71999959 -6.444288 
66.75999959 -6.444288 
66.79999959 -6.444288 
66.83999959 -6.444288 
66.87999959 -6.444288 
66.91999959 -6.444288 
66.95999959 -6.444288 
66.99999959 -6.444288 
67.03999959 -6.444288 
67.07999959 -6.444288 
67.11999959 -6.444288 
67.15999959 -6.444288 
67.19999959 -6.444288 
67.23999959 -6.444288 
67.27999959 -6.444288 
67.31999959 -6.444288 
67.35999959 -6.444288 
67.39999959 -6.444288 
67.43999959 -6.444288 
67.47999959 -6.270333 
67.51999959 -6.444288 
67.55999959 -6.270333 
67.59999959 -6.270333 
67.63999959 -6.270333 
67.67999959 -6.270333 
67.71999959 -6.270333 
67.75999959 -6.270333 
67.79999959 -6.270333 
67.83999959 -6.270333 
67.87999959 -6.270333 
67.91999959 -6.270333 
67.95999959 -6.270333 
67.99999959 -6.270333 
68.03999959 -6.270333 
68.07999959 -6.270333 
68.11999959 -6.270333 
68.15999959 -6.270333 
68.19999959 -6.270333 
68.23999959 -6.270333 
68.27999959 -6.270333 
68.31999958 -6.270333 
68.35999958 -6.270333 
68.39999958 -6.095767 
68.43999958 -6.270333 
68.47999958 -6.270333 
68.51999958 -6.270333 
68.55999958 -6.095767 
68.59999958 -6.270333 
68.63999958 -6.270333 
68.67999958 -6.095767 
68.71999958 -6.095767 
68.75999958 -6.270333 
68.79999958 -5.921812 
68.83999958 -6.095767 
68.87999958 -5.921812 
68.91999958 -5.921812 
68.95999958 -6.095767 
68.99999958 -6.095767 
69.03999958 -5.921812 
69.07999958 -5.921812 
69.11999958 -5.921812 
69.15999958 -5.921812 
69.19999958 -5.921812 
69.23999958 -5.921812 
69.27999958 -5.921812 
69.31999958 -5.921812 
69.35999958 -5.921812 
69.39999958 -5.921812 
69.43999958 -5.921812 
69.47999958 -5.921812 
69.51999958 -5.921812 
69.55999958 -5.921812 
69.59999958 -5.921812 
69.63999958 -5.921812 
69.67999958 -5.921812 
69.71999958 -5.921812 
69.75999958 -5.921812 
69.79999958 -5.921812 
69.83999958 -5.921812 
69.87999958 -5.921812 
69.91999958 -5.921812 
69.95999957 -5.921812 
69.99999957 -5.921812 
70.03999957 -5.921812 
70.07999957 -5.921812 
70.11999957 -5.747856 
70.15999957 -5.921812 
70.19999957 -5.921812 
70.23999957 -5.747856 
70.27999957 -5.747856 
70.31999957 -5.747856 
70.35999957 -5.747856 
70.39999957 -5.747856 
70.43999957 -5.747856 
70.47999957 -5.747856 
70.51999957 -5.747856 
70.55999957 -5.747856 
70.59999957 -5.747856 
70.63999957 -5.747856 
70.67999957 -5.747856 
70.71999957 -5.747856 
70.75999957 -5.747856 
70.79999957 -5.747856 
70.83999957 -5.747856 
70.87999957 -5.747856 
70.91999957 -5.747856 
70.95999957 -5.747856 
70.99999957 -5.747856 
71.03999957 -5.747856 
71.07999957 -5.747856 
71.11999957 -5.747856 
71.15999957 -5.747856 
71.19999957 -5.747856 
71.23999957 -5.747856 
71.27999957 -5.747856 
71.31999957 -5.747856 
71.35999957 -5.747856 
71.39999957 -5.747856 
71.43999957 -5.573901 
71.47999957 -5.747856 
71.51999957 -5.573901 
71.55999957 -5.573901 
71.59999956 -5.573901 
71.63999956 -5.573901 
71.67999956 -5.573901 
71.71999956 -5.573901 
71.75999956 -5.573901 
71.79999956 -5.573901 
71.83999956 -5.573901 
71.87999956 -5.573901 
71.91999956 -5.573901 
71.95999956 -5.573901 
71.99999956 -5.573901 
72.03999956 -5.399335 
72.07999956 -5.573901 
72.11999956 -5.573901 
72.15999956 -5.573901 
72.19999956 -5.573901 
72.23999956 -5.399335 
72.27999956 -5.573901 
72.31999956 -5.573901 
72.35999956 -5.573901 
72.39999956 -5.399335 
72.43999956 -5.399335 
72.47999956 -5.399335 
72.51999956 -5.399335 
72.55999956 -5.399335 
72.59999956 -5.399335 
72.63999956 -5.399335 
72.67999956 -5.399335 
72.71999956 -5.225379 
72.75999956 -5.399335 
72.79999956 -5.399335 
72.83999956 -5.399335 
72.87999956 -5.399335 
72.91999956 -5.399335 
72.95999956 -5.399335 
72.99999956 -5.399335 
73.03999956 -5.399335 
73.07999956 -5.399335 
73.11999956 -5.225379 
73.15999956 -5.399335 
73.19999956 -5.399335 
73.23999955 -5.399335 
73.27999955 -5.399335 
73.31999955 -5.399335 
73.35999955 -5.225379 
73.39999955 -5.399335 
73.43999955 -5.399335 
73.47999955 -5.225379 
73.51999955 -5.225379 
73.55999955 -5.225379 
73.59999955 -5.225379 
73.63999955 -5.225379 
73.67999955 -5.225379 
73.71999955 -5.051424 
73.75999955 -5.225379 
73.79999955 -5.051424 
73.83999955 -5.051424 
73.87999955 -5.225379 
73.91999955 -5.225379 
73.95999955 -5.225379 
73.99999955 -5.225379 
74.03999955 -5.225379 
74.07999955 -5.051424 
74.11999955 -5.225379 
74.15999955 -5.051424 
74.19999955 -5.051424 
74.23999955 -5.051424 
74.27999955 -5.051424 
74.31999955 -5.051424 
74.35999955 -5.051424 
74.39999955 -5.051424 
74.43999955 -5.051424 
74.47999955 -5.051424 
74.51999955 -5.051424 
74.55999955 -5.051424 
74.59999955 -5.051424 
74.63999955 -5.051424 
74.67999955 -5.051424 
74.71999955 -5.051424 
74.75999955 -5.051424 
74.79999955 -5.051424 
74.83999955 -5.051424 
74.87999954 -5.051424 
74.91999954 -4.877468 
74.95999954 -4.877468 
74.99999954 -4.877468 
75.03999954 -5.051424 
75.07999954 -5.051424 
75.11999954 -4.877468 
75.15999954 -5.051424 
75.19999954 -4.877468 
75.23999954 -4.877468 
75.27999954 -4.877468 
75.31999954 -4.877468 
75.35999954 -4.877468 
75.39999954 -4.877468 
75.43999954 -4.877468 
75.47999954 -4.877468 
75.51999954 -4.877468 
75.55999954 -4.877468 
75.59999954 -4.877468 
75.63999954 -4.877468 
75.67999954 -4.877468 
75.71999954 -4.877468 
75.75999954 -4.877468 
75.79999954 -4.877468 
75.83999954 -4.877468 
75.87999954 -4.877468 
75.91999954 -4.877468 
75.95999954 -4.877468 
75.99999954 -4.877468 
76.03999954 -4.877468 
76.07999954 -4.877468 
76.11999954 -4.702902 
76.15999954 -4.877468 
76.19999954 -4.702902 
76.23999954 -4.877468 
76.27999954 -4.877468 
76.31999954 -4.528947 
76.35999954 -4.702902 
76.39999954 -4.702902 
76.43999954 -4.702902 
76.47999954 -4.528947 
76.51999953 -4.528947 
76.55999953 -4.702902 
76.59999953 -4.528947 
76.63999953 -4.702902 
76.67999953 -4.528947 
76.71999953 -4.702902 
76.75999953 -4.528947 
76.79999953 -4.528947 
76.83999953 -4.528947 
76.87999953 -4.528947 
76.91999953 -4.528947 
76.95999953 -4.528947 
76.99999953 -4.528947 
77.03999953 -4.528947 
77.07999953 -4.528947 
77.11999953 -4.528947 
77.15999953 -4.528947 
77.19999953 -4.528947 
77.23999953 -4.528947 
77.27999953 -4.528947 
77.31999953 -4.528947 
77.35999953 -4.528947 
77.39999953 -4.528947 
77.43999953 -4.528947 
77.47999953 -4.528947 
77.51999953 -4.528947 
77.55999953 -4.528947 
77.59999953 -4.528947 
77.63999953 -4.354991 
77.67999953 -4.528947 
77.71999953 -4.528947 
77.75999953 -4.528947 
77.79999953 -4.528947 
77.83999953 -4.354991 
77.87999953 -4.354991 
77.91999953 -4.354991 
77.95999953 -4.354991 
77.99999953 -4.354991 
78.03999953 -4.354991 
78.07999953 -4.354991 
78.11999953 -4.354991 
78.15999952 -4.354991 
78.19999952 -4.354991 
78.23999952 -4.354991 
78.27999952 -4.181036 
78.31999952 -4.354991 
78.35999952 -4.354991 
78.39999952 -4.354991 
78.43999952 -4.354991 
78.47999952 -4.354991 
78.51999952 -4.354991 
78.55999952 -4.354991 
78.59999952 -4.181036 
78.63999952 -4.181036 
78.67999952 -4.354991 
78.71999952 -4.181036 
78.75999952 -4.354991 
78.79999952 -4.181036 
78.83999952 -4.181036 
78.87999952 -4.181036 
78.91999952 -4.181036 
78.95999952 -4.181036 
78.99999952 -4.181036 
79.03999952 -4.181036 
79.07999952 -4.181036 
79.11999952 -4.181036 
79.15999952 -4.181036 
79.19999952 -4.181036 
79.23999952 -4.181036 
79.27999952 -4.181036 
79.31999952 -4.181036 
79.35999952 -4.181036 
79.39999952 -4.181036 
79.43999952 -4.181036 
79.47999952 -4.181036 
79.51999952 -4.181036 
79.55999952 -4.181036 
79.59999952 -4.181036 
79.63999952 -4.181036 
79.67999952 -4.181036 
79.71999952 -4.181036 
79.75999952 -4.00647 
79.79999952 -4.181036 
79.83999951 -4.181036 
79.87999951 -4.181036 
79.91999951 -4.00647 
79.95999951 -4.00647 
79.99999951 -4.00647 
80.03999951 -4.181036 
80.07999951 -4.00647 
80.11999951 -4.00647 
80.15999951 -4.00647 
80.19999951 -3.832515 
80.23999951 -4.00647 
80.27999951 -3.832515 
80.31999951 -4.00647 
80.35999951 -3.832515 
80.39999951 -4.00647 
80.43999951 -3.832515 
80.47999951 -4.00647 
80.51999951 -4.00647 
80.55999951 -4.00647 
80.59999951 -4.00647 
80.63999951 -4.00647 
80.67999951 -3.832515 
80.71999951 -3.832515 
80.75999951 -4.00647 
80.79999951 -4.00647 
80.83999951 -4.00647 
80.87999951 -3.832515 
80.91999951 -3.832515 
80.95999951 -3.832515 
80.99999951 -3.832515 
81.03999951 -3.832515 
81.07999951 -3.832515 
81.11999951 -3.832515 
81.15999951 -3.832515 
81.19999951 -3.832515 
81.23999951 -3.832515 
81.27999951 -3.832515 
81.31999951 -3.658559 
81.35999951 -3.658559 
81.39999951 -3.658559 
81.43999951 -3.658559 
81.4799995 -3.658559 
81.5199995 -3.832515 
81.5599995 -3.658559 
81.5999995 -3.658559 
81.6399995 -3.658559 
81.6799995 -3.658559 
81.7199995 -3.658559 
81.7599995 -3.658559 
81.7999995 -3.658559 
81.8399995 -3.658559 
81.8799995 -3.658559 
81.9199995 -3.658559 
81.9599995 -3.658559 
81.9999995 -3.658559 
82.0399995 -3.658559 
82.0799995 -3.658559 
82.1199995 -3.658559 
82.1599995 -3.658559 
82.1999995 -3.658559 
82.2399995 -3.658559 
82.2799995 -3.658559 
82.3199995 -3.658559 
82.3599995 -3.658559 
82.3999995 -3.658559 
82.4399995 -3.658559 
82.4799995 -3.658559 
82.5199995 -3.658559 
82.5599995 -3.484603 
82.5999995 -3.658559 
82.6399995 -3.484603 
82.6799995 -3.484603 
82.7199995 -3.484603 
82.7599995 -3.484603 
82.7999995 -3.484603 
82.8399995 -3.484603 
82.8799995 -3.484603 
82.9199995 -3.484603 
82.9599995 -3.484603 
82.9999995 -3.484603 
83.0399995 -3.484603 
83.0799995 -3.484603 
83.11999949 -3.484603 
83.15999949 -3.484603 
83.19999949 -3.484603 
83.23999949 -3.484603 
83.27999949 -3.484603 
83.31999949 -3.484603 
83.35999949 -3.484603 
83.39999949 -3.484603 
83.43999949 -3.484603 
83.47999949 -3.484603 
83.51999949 -3.484603 
83.55999949 -3.484603 
83.59999949 -3.310038 
83.63999949 -3.484603 
83.67999949 -3.484603 
83.71999949 -3.310038 
83.75999949 -3.484603 
83.79999949 -3.310038 
83.83999949 -3.310038 
83.87999949 -3.310038 
83.91999949 -3.484603 
83.95999949 -3.310038 
83.99999949 -3.310038 
84.03999949 -3.310038 
84.07999949 -3.136082 
84.11999949 -3.136082 
84.15999949 -3.136082 
84.19999949 -3.136082 
84.23999949 -3.136082 
84.27999949 -3.136082 
84.31999949 -3.310038 
84.35999949 -3.136082 
84.39999949 -3.136082 
84.43999949 -3.136082 
84.47999949 -3.136082 
84.51999949 -3.136082 
84.55999949 -3.136082 
84.59999949 -3.136082 
84.63999949 -3.136082 
84.67999949 -3.136082 
84.71999949 -3.136082 
84.75999948 -3.136082 
84.79999948 -3.136082 
84.83999948 -3.136082 
84.87999948 -3.136082 
84.91999948 -3.136082 
84.95999948 -3.136082 
84.99999948 -3.136082 
85.03999948 -3.136082 
85.07999948 -3.136082 
85.11999948 -3.136082 
85.15999948 -2.962126 
85.19999948 -3.136082 
85.23999948 -3.136082 
85.27999948 -3.136082 
85.31999948 -3.136082 
85.35999948 -3.136082 
85.39999948 -3.136082 
85.43999948 -3.136082 
85.47999948 -2.962126 
85.51999948 -3.136082 
85.55999948 -2.962126 
85.59999948 -2.962126 
85.63999948 -2.962126 
85.67999948 -2.962126 
85.71999948 -2.962126 
85.75999948 -2.962126 
85.79999948 -2.962126 
85.83999948 -2.962126 
85.87999948 -2.962126 
85.91999948 -2.962126 
85.95999948 -2.962126 
85.99999948 -2.962126 
86.03999948 -2.962126 
86.07999948 -2.962126 
86.11999948 -2.962126 
86.15999948 -2.962126 
86.19999948 -2.962126 
86.23999948 -2.788171 
86.27999948 -2.788171 
86.31999948 -2.788171 
86.35999948 -2.962126 
86.39999947 -2.788171 
86.43999947 -2.788171 
86.47999947 -2.788171 
86.51999947 -2.788171 
86.55999947 -2.788171 
86.59999947 -2.788171 
86.63999947 -2.788171 
86.67999947 -2.788171 
86.71999947 -2.788171 
86.75999947 -2.788171 
86.79999947 -2.788171 
86.83999947 -2.788171 
86.87999947 -2.788171 
86.91999947 -2.788171 
86.95999947 -2.788171 
86.99999947 -2.788171 
87.03999947 -2.788171 
87.07999947 -2.788171 
87.11999947 -2.788171 
87.15999947 -2.788171 
87.19999947 -2.788171 
87.23999947 -2.788171 
87.27999947 -2.788171 
87.31999947 -2.613605 
87.35999947 -2.788171 
87.39999947 -2.613605 
87.43999947 -2.788171 
87.47999947 -2.613605 
87.51999947 -2.613605 
87.55999947 -2.613605 
87.59999947 -2.613605 
87.63999947 -2.613605 
87.67999947 -2.613605 
87.71999947 -2.613605 
87.75999947 -2.613605 
87.79999947 -2.613605 
87.83999947 -2.613605 
87.87999947 -2.613605 
87.91999947 -2.613605 
87.95999947 -2.43965 
87.99999947 -2.43965 
88.03999946 -2.613605 
88.07999946 -2.613605 
88.11999946 -2.613605 
88.15999946 -2.613605 
88.19999946 -2.613605 
88.23999946 -2.613605 
88.27999946 -2.43965 
88.31999946 -2.43965 
88.35999946 -2.43965 
88.39999946 -2.43965 
88.43999946 -2.613605 
88.47999946 -2.43965 
88.51999946 -2.43965 
88.55999946 -2.43965 
88.59999946 -2.613605 
88.63999946 -2.43965 
88.67999946 -2.43965 
88.71999946 -2.43965 
88.75999946 -2.43965 
88.79999946 -2.43965 
88.83999946 -2.43965 
88.87999946 -2.43965 
88.91999946 -2.43965 
88.95999946 -2.265694 
88.99999946 -2.265694 
89.03999946 -2.43965 
89.07999946 -2.265694 
89.11999946 -2.43965 
89.15999946 -2.265694 
89.19999946 -2.265694 
89.23999946 -2.265694 
89.27999946 -2.265694 
89.31999946 -2.265694 
89.35999946 -2.265694 
89.39999946 -2.265694 
89.43999946 -2.265694 
89.47999946 -2.265694 
89.51999946 -2.265694 
89.55999946 -2.265694 
89.59999946 -2.265694 
89.63999946 -2.265694 
89.67999945 -2.265694 
89.71999945 -2.265694 
89.75999945 -2.091739 
89.79999945 -2.265694 
89.83999945 -2.265694 
89.87999945 -2.091739 
89.91999945 -2.091739 
89.95999945 -2.265694 
89.99999945 -2.265694 
90.03999945 -2.091739 
90.07999945 -2.091739 
90.11999945 -2.091739 
90.15999945 -2.091739 
90.19999945 -2.265694 
90.23999945 -2.091739 
90.27999945 -2.091739 
90.31999945 -2.091739 
90.35999945 -2.091739 
90.39999945 -2.091739 
90.43999945 -2.265694 
90.47999945 -2.091739 
90.51999945 -2.091739 
90.55999945 -2.091739 
90.59999945 -2.091739 
90.63999945 -2.091739 
90.67999945 -2.091739 
90.71999945 -2.091739 
90.75999945 -2.091739 
90.79999945 -2.091739 
90.83999945 -2.091739 
90.87999945 -2.091739 
90.91999945 -2.091739 
90.95999945 -2.091739 
90.99999945 -2.091739 
91.03999945 -2.091739 
91.07999945 -2.091739 
91.11999945 -2.091739 
91.15999945 -1.917173 
91.19999945 -1.917173 
91.23999945 -1.917173 
91.27999945 -1.917173 
91.31999945 -1.917173 
91.35999944 -1.917173 
91.39999944 -1.917173 
91.43999944 -1.917173 
91.47999944 -1.743217 
91.51999944 -1.917173 
91.55999944 -1.917173 
91.59999944 -1.917173 
91.63999944 -1.743217 
91.67999944 -1.743217 
91.71999944 -1.743217 
91.75999944 -1.743217 
91.79999944 -1.743217 
91.83999944 -1.743217 
91.87999944 -1.743217 
91.91999944 -1.743217 
91.95999944 -1.743217 
91.99999944 -1.743217 
92.03999944 -1.743217 
92.07999944 -1.743217 
92.11999944 -1.743217 
92.15999944 -1.743217 
92.19999944 -1.743217 
92.23999944 -1.743217 
92.27999944 -1.743217 
92.31999944 -1.743217 
92.35999944 -1.743217 
92.39999944 -1.743217 
92.43999944 -1.743217 
92.47999944 -1.743217 
92.51999944 -1.743217 
92.55999944 -1.743217 
92.59999944 -1.743217 
92.63999944 -1.743217 
92.67999944 -1.743217 
92.71999944 -1.743217 
92.75999944 -1.743217 
92.79999944 -1.569262 
92.83999944 -1.743217 
92.87999944 -1.569262 
92.91999944 -1.743217 
92.95999944 -1.569262 
92.99999943 -1.569262 
93.03999943 -1.743217 
93.07999943 -1.569262 
93.11999943 -1.569262 
93.15999943 -1.569262 
93.19999943 -1.569262 
93.23999943 -1.569262 
93.27999943 -1.569262 
93.31999943 -1.569262 
93.35999943 -1.569262 
93.39999943 -1.569262 
93.43999943 -1.569262 
93.47999943 -1.569262 
93.51999943 -1.569262 
93.55999943 -1.569262 
93.59999943 -1.569262 
93.63999943 -1.569262 
93.67999943 -1.569262 
93.71999943 -1.569262 
93.75999943 -1.395306 
93.79999943 -1.395306 
93.83999943 -1.569262 
93.87999943 -1.569262 
93.91999943 -1.569262 
93.95999943 -1.569262 
93.99999943 -1.395306 
94.03999943 -1.395306 
94.07999943 -1.569262 
94.11999943 -1.395306 
94.15999943 -1.395306 
94.19999943 -1.395306 
94.23999943 -1.395306 
94.27999943 -1.395306 
94.31999943 -1.395306 
94.35999943 -1.395306 
94.39999943 -1.395306 
94.43999943 -1.395306 
94.47999943 -1.395306 
94.51999943 -1.395306 
94.55999943 -1.395306 
94.59999943 -1.395306 
94.63999942 -1.395306 
94.67999942 -1.395306 
94.71999942 -1.395306 
94.75999942 -1.395306 
94.79999942 -1.395306 
94.83999942 -1.395306 
94.87999942 -1.395306 
94.91999942 -1.395306 
94.95999942 -1.22074 
94.99999942 -1.22074 
95.03999942 -1.046785 
95.07999942 -1.22074 
95.11999942 -1.22074 
95.15999942 -1.395306 
95.19999942 -1.22074 
95.23999942 -1.22074 
95.27999942 -1.046785 
95.31999942 -1.22074 
95.35999942 -1.22074 
95.39999942 -1.22074 
95.43999942 -1.22074 
95.47999942 -1.22074 
95.51999942 -1.22074 
95.55999942 -1.046785 
95.59999942 -1.22074 
95.63999942 -1.22074 
95.67999942 -1.22074 
95.71999942 -1.22074 
95.75999942 -1.046785 
95.79999942 -1.046785 
95.83999942 -1.046785 
95.87999942 -1.22074 
95.91999942 -1.046785 
95.95999942 -1.046785 
95.99999942 -1.046785 
96.03999942 -1.046785 
96.07999942 -1.046785 
96.11999942 -1.046785 
96.15999942 -1.046785 
96.19999942 -1.046785 
96.23999942 -1.046785 
96.27999941 -1.046785 
96.31999941 -1.046785 
96.35999941 -1.046785 
96.39999941 -1.046785 
96.43999941 -0.8728294 
96.47999941 -1.046785 
96.51999941 -0.8728294 
96.55999941 -0.8728294 
96.59999941 -0.8728294 
96.63999941 -0.8728294 
96.67999941 -0.8728294 
96.71999941 -0.8728294 
96.75999941 -0.8728294 
96.79999941 -0.8728294 
96.83999941 -0.8728294 
96.87999941 -0.8728294 
96.91999941 -0.8728294 
96.95999941 -0.8728294 
96.99999941 -0.8728294 
97.03999941 -0.8728294 
97.07999941 -0.8728294 
97.11999941 -0.8728294 
97.15999941 -0.8728294 
97.19999941 -0.8728294 
97.23999941 -0.8728294 
97.27999941 -0.8728294 
97.31999941 -0.8728294 
97.35999941 -0.8728294 
97.39999941 -0.8728294 
97.43999941 -0.6988739 
97.47999941 -0.6988739 
97.51999941 -0.6988739 
97.55999941 -0.8728294 
97.59999941 -0.6988739 
97.63999941 -0.6988739 
97.67999941 -0.6988739 
97.71999941 -0.6988739 
97.75999941 -0.6988739 
97.79999941 -0.6988739 
97.83999941 -0.6988739 
97.87999941 -0.6988739 
97.9199994 -0.6988739 
97.9599994 -0.6988739 
97.9999994 -0.6988739 
98.0399994 -0.6988739 
98.0799994 -0.6988739 
98.1199994 -0.6988739 
98.1599994 -0.6988739 
98.1999994 -0.6988739 
98.2399994 -0.6988739 
98.2799994 -0.6988739 
98.3199994 -0.6988739 
98.3599994 -0.6988739 
98.3999994 -0.6988739 
98.4399994 -0.6988739 
98.4799994 -0.6988739 
98.5199994 -0.6988739 
98.5599994 -0.6988739 
98.5999994 -0.6988739 
98.6399994 -0.6988739 
98.6799994 -0.6988739 
98.7199994 -0.524308 
98.7599994 -0.524308 
98.7999994 -0.6988739 
98.8399994 -0.3503525 
98.8799994 -0.524308 
98.9199994 -0.524308 
98.9599994 -0.524308 
98.9999994 -0.524308 
99.0399994 -0.3503525 
99.0799994 -0.3503525 
99.1199994 -0.524308 
99.1599994 -0.524308 
99.1999994 -0.3503525 
99.2399994 -0.3503525 
99.2799994 -0.3503525 
99.3199994 -0.3503525 
99.3599994 -0.3503525 
99.3999994 -0.3503525 
99.4399994 -0.3503525 
99.4799994 -0.3503525 
99.5199994 -0.3503525 
99.55999939 -0.3503525 
99.59999939 -0.3503525 
99.63999939 -0.3503525 
99.67999939 -0.3503525 
99.71999939 -0.3503525 
99.75999939 -0.3503525 
99.79999939 -0.3503525 
99.83999939 -0.3503525 
99.87999939 -0.3503525 
99.91999939 -0.3503525 
99.95999939 -0.3503525 
99.99999939 -0.3503525 
100.03999939 -0.3503525 
100.07999939 -0.3503525 
100.11999939 -0.3503525 
100.19999939 -0.3503525 
100.27999939 -0.3503525 
100.31999939 -0.3503525 
100.35999939 -0.3503525 
100.39999939 -0.3503525 
100.43999939 -0.3503525 
100.55999939 -0.3503525 
0 0 
