0.0 -1.339762 
0.04 -1.339762 
0.08 -1.339762 
0.12 -1.339762 
0.16 -1.339762 
0.2 -1.339762 
0.24 -1.339762 
0.28 -1.339762 
0.32 -1.339762 
0.36 -0.4577776 
0.4 -0.4577776 
0.44 -1.339762 
0.48 -1.339762 
0.52 -1.339762 
0.56 -1.339762 
0.6 -0.4577776 
0.64 -1.339762 
0.68 -0.4577776 
0.72 -0.4577776 
0.76 -0.4577776 
0.8 -0.4577776 
0.83999999 -0.4577776 
0.87999999 -0.4577776 
0.91999999 -0.4577776 
0.95999999 -0.4577776 
0.99999999 -0.4577776 
1.03999999 -0.4577776 
1.07999999 -0.4577776 
1.11999999 -0.4577776 
1.15999999 -0.4577776 
1.19999999 -0.4577776 
1.35999999 -0.4577776 
1.39999999 -0.4577776 
1.43999999 -0.4577776 
1.51999999 -0.4577776 
2.67999998 -0.4577776 
2.91999998 -0.4577776 
2.95999998 -0.4577776 
2.99999998 -0.4577776 
3.03999998 -0.4577776 
3.07999998 -0.4577776 
3.11999998 -0.4577776 
3.15999998 -0.4577776 
3.19999998 -0.4577776 
3.23999998 -0.4577776 
3.27999998 -0.4577776 
3.31999998 -1.339762 
3.35999998 -0.4577776 
3.39999998 -0.4577776 
3.43999998 -1.339762 
3.47999998 -1.339762 
3.51999998 -1.339762 
3.55999998 -1.339762 
3.59999998 -1.339762 
3.63999998 -1.339762 
3.67999998 -1.339762 
3.71999998 -1.339762 
3.75999998 -2.224799 
3.79999998 -1.339762 
3.83999998 -2.224799 
3.87999998 -2.224799 
3.91999998 -2.224799 
3.95999998 -2.224799 
3.99999998 -2.224799 
4.03999998 -2.224799 
4.07999998 -2.224799 
4.11999997 -2.224799 
4.15999997 -2.224799 
4.19999997 -2.224799 
4.23999997 -2.224799 
4.27999997 -2.224799 
4.31999997 -3.109836 
4.35999997 -2.224799 
4.39999997 -2.224799 
4.43999997 -3.109836 
4.47999997 -3.109836 
4.51999997 -3.994873 
4.55999997 -3.109836 
4.59999997 -3.994873 
4.63999997 -3.109836 
4.67999997 -3.109836 
4.71999997 -3.109836 
4.75999997 -2.224799 
4.79999997 -2.224799 
4.83999997 -3.109836 
4.87999997 -3.994873 
4.91999997 -3.994873 
4.95999997 -3.994873 
4.99999997 -3.109836 
5.03999997 -3.109836 
5.07999997 -3.109836 
5.11999997 -3.109836 
5.15999997 -2.224799 
5.19999997 -2.224799 
5.23999997 -2.224799 
5.27999997 -2.224799 
5.31999997 -2.224799 
5.35999997 -2.224799 
5.39999997 -2.224799 
5.43999997 -2.224799 
5.47999997 -2.224799 
5.51999997 -2.224799 
5.55999997 -2.224799 
5.59999997 -2.224799 
5.63999997 -2.224799 
5.67999997 -2.224799 
5.71999997 -2.224799 
5.75999996 -2.224799 
5.79999996 -1.339762 
5.83999996 -2.224799 
5.87999996 -1.339762 
5.91999996 -1.339762 
5.95999996 -1.339762 
5.99999996 -1.339762 
6.03999996 -0.4577776 
6.07999996 -1.339762 
6.11999996 -0.4577776 
6.15999996 -0.4577776 
6.19999996 -1.339762 
6.23999996 -0.4577776 
6.27999996 -0.4577776 
6.31999996 -0.4577776 
6.35999996 -0.4577776 
6.51999996 -0.4577776 
8.95999995 -0.4577776 
8.99999995 -0.4577776 
9.03999995 -0.4577776 
9.07999994 -0.4577776 
9.11999994 -0.4577776 
9.15999994 -0.4577776 
9.19999994 -0.4577776 
9.23999994 -0.4577776 
9.31999994 -0.4577776 
9.35999994 -0.4577776 
9.39999994 -0.4577776 
9.43999994 -0.4577776 
9.47999994 -0.4577776 
9.51999994 -0.4577776 
9.55999994 -0.4577776 
9.59999994 -1.339762 
9.63999994 -0.4577776 
9.67999994 -1.339762 
9.71999994 -1.339762 
9.75999994 -1.339762 
9.79999994 -1.339762 
9.83999994 -1.339762 
9.87999994 -1.339762 
9.91999994 -2.224799 
9.95999994 -1.339762 
9.99999994 -1.339762 
10.03999994 -1.339762 
10.07999994 -1.339762 
10.11999994 -1.339762 
10.15999994 -2.224799 
10.19999994 -2.224799 
10.23999994 -2.224799 
10.27999994 -2.224799 
10.31999994 -2.224799 
10.35999994 -2.224799 
10.39999994 -1.339762 
10.43999994 -2.224799 
10.47999994 -2.224799 
10.51999994 -2.224799 
10.55999994 -2.224799 
10.59999994 -2.224799 
10.63999994 -2.224799 
10.67999994 -1.339762 
10.71999993 -1.339762 
10.75999993 -1.339762 
10.79999993 -1.339762 
10.83999993 -1.339762 
10.87999993 -1.339762 
10.91999993 -1.339762 
10.95999993 -1.339762 
10.99999993 -1.339762 
11.03999993 -1.339762 
11.07999993 -1.339762 
11.11999993 -1.339762 
11.15999993 -0.4577776 
11.19999993 -1.339762 
11.23999993 -1.339762 
11.27999993 -0.4577776 
11.31999993 -1.339762 
11.35999993 -1.339762 
11.39999993 -0.4577776 
11.43999993 -1.339762 
11.47999993 -0.4577776 
11.51999993 -0.4577776 
11.55999993 -1.339762 
11.59999993 -0.4577776 
11.63999993 -0.4577776 
11.67999993 -0.4577776 
11.71999993 -0.4577776 
11.75999993 -0.4577776 
11.79999993 -0.4577776 
11.83999993 -0.4577776 
11.87999993 -0.4577776 
11.91999993 -0.4577776 
11.95999993 -0.4577776 
11.99999993 -0.4577776 
12.03999993 -0.4577776 
12.07999993 -0.4577776 
14.27999991 -0.4577776 
14.35999991 -0.4577776 
14.43999991 -0.4577776 
14.51999991 -0.4577776 
14.55999991 -0.4577776 
14.59999991 -0.4577776 
14.63999991 -0.4577776 
14.67999991 -0.4577776 
14.71999991 -0.4577776 
14.75999991 -0.4577776 
14.79999991 -0.4577776 
14.83999991 -0.4577776 
14.87999991 -0.4577776 
14.91999991 -0.4577776 
14.95999991 -0.4577776 
14.99999991 -1.339762 
15.03999991 -1.339762 
15.07999991 -1.339762 
15.11999991 -2.224799 
15.15999991 -1.339762 
15.19999991 -0.4577776 
15.23999991 -2.224799 
15.27999991 -2.224799 
15.31999991 -1.339762 
15.35999991 -1.339762 
15.39999991 -1.339762 
15.43999991 -1.339762 
15.47999991 -1.339762 
15.51999991 -1.339762 
15.55999991 -1.339762 
15.59999991 -2.224799 
15.6399999 -3.109836 
15.6799999 -1.339762 
15.7199999 -0.4577776 
15.7599999 -2.224799 
15.7999999 -2.224799 
15.8399999 -1.339762 
15.8799999 -1.339762 
15.9199999 -2.224799 
15.9599999 -2.224799 
15.9999999 -1.339762 
16.0399999 -1.339762 
16.0799999 -2.224799 
16.1199999 -2.224799 
16.1599999 -1.339762 
16.1999999 -2.224799 
16.2399999 -1.339762 
16.2799999 -2.224799 
16.3199999 -2.224799 
16.3599999 -1.339762 
16.3999999 -1.339762 
16.4399999 -1.339762 
16.4799999 -1.339762 
16.5199999 -1.339762 
16.5599999 -2.224799 
16.5999999 -1.339762 
16.6399999 -1.339762 
16.6799999 -1.339762 
16.7199999 -1.339762 
16.7599999 -1.339762 
16.7999999 -1.339762 
16.8399999 -1.339762 
16.8799999 -0.4577776 
16.9199999 -0.4577776 
16.9599999 -0.4577776 
16.9999999 -0.4577776 
17.0399999 -0.4577776 
17.0799999 -0.4577776 
17.1199999 -0.4577776 
17.1599999 -0.4577776 
22.71999986 -0.4577776 
24.99999985 -0.4577776 
25.03999985 -0.4577776 
25.07999985 -0.4577776 
25.11999985 -0.4577776 
25.15999985 -0.4577776 
25.19999985 -0.4577776 
25.23999985 -0.4577776 
25.27999985 -0.4577776 
25.31999985 -0.4577776 
25.35999985 -0.4577776 
25.39999985 -0.4577776 
25.43999985 -0.4577776 
25.47999985 -0.4577776 
25.51999984 -0.4577776 
25.55999984 -0.4577776 
25.59999984 -1.339762 
25.63999984 -2.224799 
25.67999984 -1.339762 
25.71999984 -0.4577776 
25.75999984 -1.339762 
25.79999984 -1.339762 
25.83999984 -1.339762 
25.87999984 -1.339762 
25.91999984 -1.339762 
25.95999984 -1.339762 
25.99999984 -1.339762 
26.03999984 -1.339762 
26.07999984 -1.339762 
26.11999984 -2.224799 
26.15999984 -2.224799 
26.19999984 -2.224799 
26.23999984 -2.224799 
26.27999984 -1.339762 
26.31999984 -2.224799 
26.35999984 -2.224799 
26.39999984 -2.224799 
26.43999984 -2.224799 
26.47999984 -2.224799 
26.51999984 -2.224799 
26.55999984 -2.224799 
26.59999984 -2.224799 
26.63999984 -2.224799 
26.67999984 -2.224799 
26.71999984 -2.224799 
26.75999984 -2.224799 
26.79999984 -2.224799 
26.83999984 -2.224799 
26.87999984 -2.224799 
26.91999984 -2.224799 
26.95999984 -2.224799 
26.99999984 -2.224799 
27.03999984 -2.224799 
27.07999984 -2.224799 
27.11999984 -2.224799 
27.15999983 -2.224799 
27.19999983 -2.224799 
27.23999983 -2.224799 
27.27999983 -2.224799 
27.31999983 -2.224799 
27.35999983 -2.224799 
27.39999983 -2.224799 
27.43999983 -2.224799 
27.47999983 -2.224799 
27.51999983 -2.224799 
27.55999983 -2.224799 
27.59999983 -2.224799 
27.63999983 -2.224799 
27.67999983 -2.224799 
27.71999983 -2.224799 
27.75999983 -2.224799 
27.79999983 -2.224799 
27.83999983 -2.224799 
27.87999983 -2.224799 
27.91999983 -1.339762 
27.95999983 -2.224799 
27.99999983 -2.224799 
28.03999983 -2.224799 
28.07999983 -1.339762 
28.11999983 -2.224799 
28.15999983 -2.224799 
28.19999983 -1.339762 
28.23999983 -1.339762 
28.27999983 -1.339762 
28.31999983 -1.339762 
28.35999983 -1.339762 
28.39999983 -1.339762 
28.43999983 -1.339762 
28.47999983 -1.339762 
28.51999983 -0.4577776 
28.55999983 -0.4577776 
28.59999983 -1.339762 
28.63999983 -1.339762 
28.67999983 -0.4577776 
28.71999983 -0.4577776 
28.75999983 -0.4577776 
28.79999982 -0.4577776 
28.83999982 -0.4577776 
28.87999982 -0.4577776 
28.91999982 -0.4577776 
28.95999982 -0.4577776 
28.99999982 -0.4577776 
29.03999982 -0.4577776 
29.07999982 -0.4577776 
29.11999982 -0.4577776 
29.15999982 -0.4577776 
29.19999982 -0.4577776 
29.27999982 -0.4577776 
29.31999982 -0.4577776 
29.39999982 -0.4577776 
29.47999982 -0.4577776 
29.51999982 -0.4577776 
31.35999981 -0.4577776 
31.47999981 -0.4577776 
31.51999981 -0.4577776 
31.71999981 -0.4577776 
31.75999981 -0.4577776 
31.79999981 -0.4577776 
31.83999981 -0.4577776 
31.87999981 -0.4577776 
31.91999981 -0.4577776 
31.95999981 -0.4577776 
31.99999981 -0.4577776 
32.03999981 -0.4577776 
32.07999981 -0.4577776 
32.1199998 -0.4577776 
32.1599998 -0.4577776 
32.1999998 -0.4577776 
32.2399998 -0.4577776 
32.2799998 -0.4577776 
32.3199998 -0.4577776 
32.3599998 -0.4577776 
32.3999998 -0.4577776 
32.4399998 -0.4577776 
32.4799998 -0.4577776 
32.5199998 -0.4577776 
32.5599998 -0.4577776 
32.5999998 -0.4577776 
32.6399998 -0.4577776 
32.6799998 -0.4577776 
32.7199998 -0.4577776 
32.7599998 -0.4577776 
32.7999998 -0.4577776 
32.8399998 -0.4577776 
32.8799998 -0.4577776 
32.9199998 -0.4577776 
32.9599998 -0.4577776 
32.9999998 -0.4577776 
33.0399998 -0.4577776 
33.0799998 -0.4577776 
33.1199998 -0.4577776 
33.1599998 -0.4577776 
33.1999998 -0.4577776 
33.2399998 -0.4577776 
33.2799998 -0.4577776 
33.3199998 -0.4577776 
33.3599998 -0.4577776 
33.3999998 -0.4577776 
33.4399998 -0.4577776 
33.5199998 -0.4577776 
33.5599998 -0.4577776 
33.6399998 -0.4577776 
33.7199998 -0.4577776 
33.75999979 -0.4577776 
33.87999979 -0.4577776 
33.91999979 -0.4577776 
33.95999979 -0.4577776 
33.99999979 -0.4577776 
34.03999979 -0.4577776 
34.15999979 -0.4577776 
34.63999979 -0.4577776 
35.47999978 -0.4577776 
35.75999978 -0.4577776 
35.91999978 -0.4577776 
36.07999978 -0.4577776 
36.15999978 -0.4577776 
36.19999978 -0.4577776 
36.23999978 -0.4577776 
36.27999978 -0.4577776 
36.31999978 -0.4577776 
36.35999978 -0.4577776 
36.39999978 -0.4577776 
36.43999978 -0.4577776 
36.47999978 -0.4577776 
36.51999978 -0.4577776 
36.55999978 -0.4577776 
36.59999978 -0.4577776 
36.63999978 -0.4577776 
36.67999978 -1.339762 
36.71999978 -1.339762 
36.75999978 -1.339762 
36.79999978 -1.339762 
36.83999978 -0.4577776 
36.87999978 -1.339762 
36.91999978 -1.339762 
36.95999978 -1.339762 
36.99999978 -2.224799 
37.03999977 -1.339762 
37.07999977 -1.339762 
37.11999977 -2.224799 
37.15999977 -2.224799 
37.19999977 -2.224799 
37.23999977 -2.224799 
37.27999977 -2.224799 
37.31999977 -2.224799 
37.35999977 -2.224799 
37.39999977 -2.224799 
37.43999977 -2.224799 
37.47999977 -2.224799 
37.51999977 -2.224799 
37.55999977 -2.224799 
37.59999977 -3.109836 
37.63999977 -2.224799 
37.67999977 -2.224799 
37.71999977 -2.224799 
37.75999977 -3.109836 
37.79999977 -3.109836 
37.83999977 -2.224799 
37.87999977 -3.109836 
37.91999977 -3.109836 
37.95999977 -2.224799 
37.99999977 -3.109836 
38.03999977 -2.224799 
38.07999977 -3.109836 
38.11999977 -3.109836 
38.15999977 -3.109836 
38.19999977 -3.109836 
38.23999977 -3.994873 
38.27999977 -3.109836 
38.31999977 -3.109836 
38.35999977 -3.994873 
38.39999977 -2.224799 
38.43999977 -3.109836 
38.47999977 -3.109836 
38.51999977 -3.109836 
38.55999977 -2.224799 
38.59999977 -2.224799 
38.63999977 -2.224799 
38.67999976 -3.109836 
38.71999976 -3.109836 
38.75999976 -2.224799 
38.79999976 -2.224799 
38.83999976 -2.224799 
38.87999976 -2.224799 
38.91999976 -2.224799 
38.95999976 -2.224799 
38.99999976 -0.4577776 
39.03999976 -2.224799 
39.07999976 -2.224799 
39.11999976 -2.224799 
39.15999976 -2.224799 
39.19999976 -2.224799 
39.23999976 -1.339762 
39.27999976 -2.224799 
39.31999976 -2.224799 
39.35999976 -1.339762 
39.39999976 -1.339762 
39.43999976 -1.339762 
39.47999976 -1.339762 
39.51999976 -1.339762 
39.55999976 -1.339762 
39.59999976 -1.339762 
39.63999976 -0.4577776 
39.67999976 -1.339762 
39.71999976 -0.4577776 
39.75999976 -0.4577776 
39.79999976 -0.4577776 
39.83999976 -0.4577776 
39.87999976 -0.4577776 
39.91999976 -0.4577776 
39.95999976 -0.4577776 
39.99999976 -0.4577776 
40.03999976 -0.4577776 
40.07999976 -0.4577776 
40.11999976 -0.4577776 
40.15999976 -0.4577776 
40.19999976 -0.4577776 
40.51999975 -0.4577776 
41.87999975 -0.4577776 
42.35999974 -0.4577776 
42.59999974 -0.4577776 
42.67999974 -0.4577776 
43.11999974 -0.4577776 
48.7599997 -0.4577776 
48.8799997 -0.4577776 
48.9199997 -0.4577776 
48.9599997 -0.4577776 
49.0399997 -0.4577776 
49.0799997 -0.4577776 
49.1599997 -0.4577776 
49.1999997 -0.4577776 
49.2399997 -0.4577776 
49.2799997 -0.4577776 
49.3199997 -0.4577776 
49.3599997 -0.4577776 
49.3999997 -0.4577776 
49.4399997 -0.4577776 
49.4799997 -0.4577776 
49.5199997 -0.4577776 
49.5599997 -0.4577776 
49.5999997 -0.4577776 
49.6399997 -0.4577776 
49.6799997 -0.4577776 
49.7199997 -0.4577776 
49.7599997 -0.4577776 
49.7999997 -0.4577776 
49.8399997 -0.4577776 
49.8799997 -0.4577776 
49.9199997 -0.4577776 
49.9599997 -0.4577776 
49.9999997 -0.4577776 
50.0399997 -0.4577776 
50.0799997 -0.4577776 
50.1199997 -0.4577776 
50.1599997 -0.4577776 
50.23999969 -0.4577776 
50.27999969 -0.4577776 
50.35999969 -0.4577776 
50.43999969 -0.4577776 
53.55999967 -0.4577776 
53.63999967 -0.4577776 
53.67999967 -0.4577776 
53.71999967 -0.4577776 
53.75999967 -0.4577776 
53.79999967 -0.4577776 
53.83999967 -0.4577776 
53.91999967 -0.4577776 
53.95999967 -0.4577776 
53.99999967 -0.4577776 
54.03999967 -0.4577776 
54.07999967 -0.4577776 
54.11999967 -0.4577776 
54.15999967 -0.4577776 
54.19999967 -0.4577776 
54.23999967 -0.4577776 
54.27999967 -0.4577776 
54.31999967 -0.4577776 
54.35999967 -0.4577776 
54.39999967 -0.4577776 
54.43999967 -0.4577776 
54.47999967 -0.4577776 
54.51999967 -0.4577776 
54.55999967 -0.4577776 
54.59999967 -0.4577776 
54.63999967 -0.4577776 
54.67999967 -0.4577776 
54.71999967 -0.4577776 
54.75999967 -0.4577776 
54.79999967 -0.4577776 
54.83999967 -0.4577776 
54.87999967 -0.4577776 
54.91999967 -0.4577776 
54.95999967 -0.4577776 
54.99999967 -0.4577776 
55.07999967 -0.4577776 
58.75999964 -0.4577776 
58.83999964 -0.4577776 
58.87999964 -0.4577776 
58.91999964 -0.4577776 
58.95999964 -0.4577776 
58.99999964 -0.4577776 
59.03999964 -0.4577776 
59.07999964 -0.4577776 
59.11999964 -0.4577776 
59.15999964 -0.4577776 
59.19999964 -0.4577776 
59.23999964 -1.339762 
59.27999964 -0.4577776 
59.31999964 -0.4577776 
59.35999964 -1.339762 
59.39999964 -1.339762 
59.43999964 -1.339762 
59.47999964 -1.339762 
59.51999964 -1.339762 
59.55999964 -1.339762 
59.59999964 -1.339762 
59.63999964 -1.339762 
59.67999964 -1.339762 
59.71999964 -1.339762 
59.75999964 -2.224799 
59.79999964 -1.339762 
59.83999964 -1.339762 
59.87999964 -2.224799 
59.91999964 -1.339762 
59.95999964 -1.339762 
59.99999964 -1.339762 
60.03999964 -1.339762 
60.07999963 -1.339762 
60.11999963 -1.339762 
60.15999963 -1.339762 
60.19999963 -1.339762 
60.23999963 -1.339762 
60.27999963 -1.339762 
60.31999963 -1.339762 
60.35999963 -1.339762 
60.39999963 -1.339762 
60.43999963 -1.339762 
60.47999963 -1.339762 
60.51999963 -1.339762 
60.55999963 -2.224799 
60.59999963 -1.339762 
60.63999963 -1.339762 
60.67999963 -2.224799 
60.71999963 -1.339762 
60.75999963 -1.339762 
60.79999963 -1.339762 
60.83999963 -1.339762 
60.87999963 -1.339762 
60.91999963 -1.339762 
60.95999963 -1.339762 
60.99999963 -1.339762 
61.03999963 -1.339762 
61.07999963 -1.339762 
61.11999963 -1.339762 
61.15999963 -1.339762 
61.19999963 -1.339762 
61.23999963 -1.339762 
61.27999963 -1.339762 
61.31999963 -1.339762 
61.35999963 -1.339762 
61.39999963 -1.339762 
61.43999963 -1.339762 
61.47999963 -1.339762 
61.51999963 -1.339762 
61.55999963 -1.339762 
61.59999963 -1.339762 
61.63999963 -1.339762 
61.67999963 -2.224799 
61.71999962 -1.339762 
61.75999962 -1.339762 
61.79999962 -1.339762 
61.83999962 -1.339762 
61.87999962 -1.339762 
61.91999962 -2.224799 
61.95999962 -2.224799 
61.99999962 -0.4577776 
62.03999962 -1.339762 
62.07999962 -1.339762 
62.11999962 -1.339762 
62.15999962 -1.339762 
62.19999962 -1.339762 
62.23999962 -1.339762 
62.27999962 -1.339762 
62.31999962 -1.339762 
62.35999962 -1.339762 
62.39999962 -2.224799 
62.43999962 -1.339762 
62.47999962 -1.339762 
62.51999962 -1.339762 
62.55999962 -1.339762 
62.59999962 -1.339762 
62.63999962 -1.339762 
62.67999962 -1.339762 
62.71999962 -1.339762 
62.75999962 -1.339762 
62.79999962 -2.224799 
62.83999962 -1.339762 
62.87999962 -1.339762 
62.91999962 -1.339762 
62.95999962 -1.339762 
62.99999962 -1.339762 
63.03999962 -2.224799 
63.07999962 -2.224799 
63.11999962 -1.339762 
63.15999962 -2.224799 
63.19999962 -1.339762 
63.23999962 -1.339762 
63.27999962 -2.224799 
63.31999962 -2.224799 
63.35999961 -1.339762 
63.39999961 -2.224799 
63.43999961 -2.224799 
63.47999961 -2.224799 
63.51999961 -2.224799 
63.55999961 -2.224799 
63.59999961 -2.224799 
63.63999961 -2.224799 
63.67999961 -2.224799 
63.71999961 -2.224799 
63.75999961 -2.224799 
63.79999961 -2.224799 
63.83999961 -1.339762 
63.87999961 -2.224799 
63.91999961 -2.224799 
63.95999961 -2.224799 
63.99999961 -2.224799 
64.03999961 -2.224799 
64.07999961 -2.224799 
64.11999961 -2.224799 
64.15999961 -2.224799 
64.19999961 -2.224799 
64.23999961 -2.224799 
64.27999961 -2.224799 
64.31999961 -2.224799 
64.35999961 -2.224799 
64.39999961 -2.224799 
64.43999961 -2.224799 
64.47999961 -2.224799 
64.51999961 -2.224799 
64.55999961 -2.224799 
64.59999961 -2.224799 
64.63999961 -2.224799 
64.67999961 -2.224799 
64.71999961 -2.224799 
64.75999961 -2.224799 
64.79999961 -2.224799 
64.83999961 -2.224799 
64.87999961 -2.224799 
64.91999961 -3.109836 
64.95999961 -3.109836 
64.9999996 -2.224799 
65.0399996 -3.109836 
65.0799996 -3.109836 
65.1199996 -2.224799 
65.1599996 -2.224799 
65.1999996 -2.224799 
65.2399996 -2.224799 
65.2799996 -2.224799 
65.3199996 -3.109836 
65.3599996 -2.224799 
65.3999996 -2.224799 
65.4399996 -2.224799 
65.4799996 -2.224799 
65.5199996 -2.224799 
65.5599996 -2.224799 
65.5999996 -2.224799 
65.6399996 -2.224799 
65.6799996 -2.224799 
65.7199996 -2.224799 
65.7599996 -2.224799 
65.7999996 -2.224799 
65.8399996 -2.224799 
65.8799996 -2.224799 
65.9199996 -2.224799 
65.9599996 -2.224799 
65.9999996 -2.224799 
66.0399996 -2.224799 
66.0799996 -2.224799 
66.1199996 -1.339762 
66.1599996 -1.339762 
66.1999996 -1.339762 
66.2399996 -1.339762 
66.2799996 -1.339762 
66.3199996 -1.339762 
66.3599996 -1.339762 
66.3999996 -1.339762 
66.4399996 -1.339762 
66.4799996 -1.339762 
66.5199996 -1.339762 
66.5599996 -1.339762 
66.5999996 -0.4577776 
66.63999959 -0.4577776 
66.67999959 -0.4577776 
66.71999959 -0.4577776 
66.75999959 -0.4577776 
66.79999959 -0.4577776 
66.83999959 -0.4577776 
70.87999957 -0.4577776 
70.99999957 -0.4577776 
71.03999957 -0.4577776 
71.11999957 -0.4577776 
75.11999954 -0.4577776 
75.15999954 -0.4577776 
75.19999954 -0.4577776 
75.23999954 -0.4577776 
75.27999954 -0.4577776 
75.31999954 -0.4577776 
75.35999954 -1.339762 
75.39999954 -0.4577776 
75.43999954 -0.4577776 
75.47999954 -1.339762 
75.51999954 -0.4577776 
75.55999954 -1.339762 
75.59999954 -0.4577776 
75.63999954 -1.339762 
75.67999954 -1.339762 
75.71999954 -1.339762 
75.75999954 -1.339762 
75.79999954 -1.339762 
75.83999954 -1.339762 
75.87999954 -1.339762 
75.91999954 -1.339762 
75.95999954 -1.339762 
75.99999954 -1.339762 
76.03999954 -1.339762 
76.07999954 -1.339762 
76.11999954 -1.339762 
76.15999954 -1.339762 
76.19999954 -1.339762 
76.23999954 -1.339762 
76.27999954 -2.224799 
76.31999954 -2.224799 
76.35999954 -2.224799 
76.39999954 -2.224799 
76.43999954 -1.339762 
76.47999954 -1.339762 
76.51999953 -2.224799 
76.55999953 -2.224799 
76.59999953 -1.339762 
76.63999953 -1.339762 
76.67999953 -1.339762 
76.71999953 -1.339762 
76.75999953 -2.224799 
76.79999953 -1.339762 
76.83999953 -1.339762 
76.87999953 -2.224799 
76.91999953 -1.339762 
76.95999953 -1.339762 
76.99999953 -1.339762 
77.03999953 -1.339762 
77.07999953 -1.339762 
77.11999953 -1.339762 
77.15999953 -1.339762 
77.19999953 -1.339762 
77.23999953 -1.339762 
77.27999953 -1.339762 
77.31999953 -0.4577776 
77.35999953 -0.4577776 
77.39999953 -0.4577776 
77.43999953 -1.339762 
77.47999953 -0.4577776 
77.51999953 -0.4577776 
77.55999953 -0.4577776 
77.59999953 -0.4577776 
77.63999953 -0.4577776 
77.67999953 -0.4577776 
77.71999953 -0.4577776 
77.75999953 -0.4577776 
77.79999953 -0.4577776 
77.83999953 -0.4577776 
77.91999953 -0.4577776 
85.43999948 -0.4577776 
85.47999948 -0.4577776 
85.51999948 -0.4577776 
85.55999948 -0.4577776 
85.59999948 -0.4577776 
85.63999948 -0.4577776 
85.67999948 -1.339762 
85.71999948 -0.4577776 
85.75999948 -1.339762 
85.79999948 -1.339762 
85.83999948 -1.339762 
85.87999948 -2.224799 
85.91999948 -2.224799 
85.95999948 -1.339762 
85.99999948 -2.224799 
86.03999948 -2.224799 
86.07999948 -1.339762 
86.11999948 -2.224799 
86.15999948 -2.224799 
86.19999948 -2.224799 
86.23999948 -2.224799 
86.27999948 -2.224799 
86.31999948 -2.224799 
86.35999948 -2.224799 
86.39999947 -3.109836 
86.43999947 -2.224799 
86.47999947 -3.109836 
86.51999947 -2.224799 
86.55999947 -3.109836 
86.59999947 -2.224799 
86.63999947 -3.994873 
86.67999947 -3.994873 
86.71999947 -3.109836 
86.75999947 -3.109836 
86.79999947 -3.994873 
86.83999947 -3.994873 
86.87999947 -3.994873 
86.91999947 -3.994873 
86.95999947 -3.994873 
86.99999947 -3.994873 
87.03999947 -3.994873 
87.07999947 -3.994873 
87.11999947 -3.994873 
87.15999947 -3.994873 
87.19999947 -3.994873 
87.23999947 -3.994873 
87.27999947 -3.994873 
87.31999947 -3.994873 
87.35999947 -3.994873 
87.39999947 -3.994873 
87.43999947 -3.994873 
87.47999947 -3.994873 
87.51999947 -3.994873 
87.55999947 -3.994873 
87.59999947 -3.994873 
87.63999947 -3.994873 
87.67999947 -3.994873 
87.71999947 -3.994873 
87.75999947 -3.994873 
87.79999947 -3.994873 
87.83999947 -3.994873 
87.87999947 -3.994873 
87.91999947 -3.994873 
87.95999947 -3.994873 
87.99999947 -3.994873 
88.03999946 -3.994873 
88.07999946 -3.994873 
88.11999946 -3.994873 
88.15999946 -3.994873 
88.19999946 -3.109836 
88.23999946 -3.994873 
88.27999946 -3.994873 
88.31999946 -3.109836 
88.35999946 -2.224799 
88.39999946 -2.224799 
88.43999946 -2.224799 
88.47999946 -2.224799 
88.51999946 -2.224799 
88.55999946 -2.224799 
88.59999946 -2.224799 
88.63999946 -2.224799 
88.67999946 -2.224799 
88.71999946 -2.224799 
88.75999946 -2.224799 
88.79999946 -2.224799 
88.83999946 -2.224799 
88.87999946 -2.224799 
88.91999946 -2.224799 
88.95999946 -1.339762 
88.99999946 -2.224799 
89.03999946 -1.339762 
89.07999946 -2.224799 
89.11999946 -1.339762 
89.15999946 -1.339762 
89.19999946 -1.339762 
89.23999946 -1.339762 
89.27999946 -1.339762 
89.31999946 -1.339762 
89.35999946 -0.4577776 
89.39999946 -1.339762 
89.43999946 -1.339762 
89.47999946 -0.4577776 
89.51999946 -0.4577776 
89.55999946 -0.4577776 
89.59999946 -0.4577776 
89.63999946 -0.4577776 
89.67999945 -0.4577776 
89.71999945 -0.4577776 
89.79999945 -0.4577776 
89.83999945 -0.4577776 
89.87999945 -0.4577776 
89.99999945 -0.4577776 
90.11999945 -0.4577776 
90.15999945 -0.4577776 
90.39999945 -0.4577776 
90.51999945 -0.4577776 
90.63999945 -0.4577776 
90.67999945 -0.4577776 
90.71999945 -0.4577776 
90.75999945 -0.4577776 
90.83999945 -0.4577776 
90.87999945 -0.4577776 
90.91999945 -0.4577776 
90.95999945 -0.4577776 
90.99999945 -0.4577776 
91.03999945 -0.4577776 
91.07999945 -0.4577776 
91.11999945 -0.4577776 
91.15999945 -0.4577776 
91.19999945 -0.4577776 
91.23999945 -1.339762 
91.27999945 -0.4577776 
91.31999945 -0.4577776 
91.35999944 -0.4577776 
91.39999944 -0.4577776 
91.43999944 -0.4577776 
91.47999944 -0.4577776 
91.51999944 -0.4577776 
91.55999944 -0.4577776 
91.59999944 -0.4577776 
91.63999944 -0.4577776 
91.67999944 -1.339762 
91.71999944 -0.4577776 
91.75999944 -1.339762 
91.79999944 -0.4577776 
91.83999944 -0.4577776 
91.87999944 -0.4577776 
91.91999944 -1.339762 
91.95999944 -0.4577776 
91.99999944 -0.4577776 
92.03999944 -0.4577776 
92.07999944 -0.4577776 
92.11999944 -1.339762 
92.15999944 -1.339762 
92.19999944 -1.339762 
92.23999944 -1.339762 
92.27999944 -0.4577776 
92.31999944 -1.339762 
92.35999944 -1.339762 
92.39999944 -1.339762 
92.43999944 -1.339762 
92.47999944 -0.4577776 
92.51999944 -0.4577776 
92.55999944 -1.339762 
92.59999944 -0.4577776 
92.63999944 -1.339762 
92.67999944 -1.339762 
92.71999944 -0.4577776 
92.75999944 -0.4577776 
92.79999944 -1.339762 
92.83999944 -1.339762 
92.87999944 -0.4577776 
92.91999944 -0.4577776 
92.95999944 -0.4577776 
92.99999943 -0.4577776 
93.03999943 -0.4577776 
93.07999943 -0.4577776 
93.11999943 -0.4577776 
93.15999943 -0.4577776 
93.19999943 -0.4577776 
93.23999943 -0.4577776 
93.27999943 -0.4577776 
93.31999943 -0.4577776 
93.35999943 -0.4577776 
93.39999943 -0.4577776 
93.51999943 -0.4577776 
93.55999943 -0.4577776 
93.67999943 -0.4577776 
93.71999943 -0.4577776 
93.75999943 -0.4577776 
97.75999941 -0.4577776 
97.87999941 -0.4577776 
97.9999994 -0.4577776 
98.0399994 -0.4577776 
98.0799994 -0.4577776 
98.1199994 -0.4577776 
98.1599994 -0.4577776 
98.1999994 -0.4577776 
98.2399994 -0.4577776 
98.2799994 -0.4577776 
98.3199994 -0.4577776 
98.3599994 -0.4577776 
98.3999994 -0.4577776 
98.4399994 -0.4577776 
98.4799994 -0.4577776 
98.5199994 -0.4577776 
98.5599994 -0.4577776 
98.5999994 -1.339762 
98.6399994 -1.339762 
98.6799994 -1.339762 
98.7199994 -1.339762 
98.7599994 -0.4577776 
98.7999994 -1.339762 
98.8399994 -1.339762 
98.8799994 -1.339762 
98.9199994 -1.339762 
98.9599994 -1.339762 
98.9999994 -1.339762 
99.0399994 -1.339762 
99.0799994 -1.339762 
99.1199994 -1.339762 
99.1599994 -1.339762 
99.1999994 -1.339762 
99.2399994 -1.339762 
99.2799994 -0.4577776 
99.3199994 -1.339762 
99.3599994 -1.339762 
99.3999994 -1.339762 
99.4399994 -1.339762 
99.4799994 -1.339762 
99.5199994 -0.4577776 
99.55999939 -0.4577776 
99.59999939 -0.4577776 
99.63999939 -0.4577776 
99.67999939 -0.4577776 
99.71999939 -0.4577776 
99.75999939 -0.4577776 
99.79999939 -0.4577776 
99.83999939 -0.4577776 
99.87999939 -0.4577776 
99.91999939 -0.4577776 
99.95999939 -0.4577776 
99.99999939 -0.4577776 
100.03999939 -0.4577776 
100.07999939 -0.4577776 
100.11999939 -0.4577776 
100.19999939 -0.4577776 
100.27999939 -0.4577776 
103.67999937 -0.4577776 
109.79999933 -0.4577776 
109.95999933 -0.4577776 
110.15999933 -0.4577776 
110.19999933 -0.4577776 
110.27999933 -0.4577776 
110.31999933 -0.4577776 
110.43999933 -0.4577776 
110.47999933 -0.4577776 
110.55999933 -0.4577776 
110.59999933 -0.4577776 
110.63999933 -0.4577776 
110.67999933 -0.4577776 
110.71999933 -0.4577776 
110.75999933 -0.4577776 
110.79999933 -0.4577776 
110.83999933 -0.4577776 
110.91999933 -0.4577776 
110.95999933 -0.4577776 
110.99999933 -0.4577776 
111.03999933 -0.4577776 
111.07999932 -0.4577776 
111.11999932 -0.4577776 
111.15999932 -0.4577776 
111.19999932 -0.4577776 
111.23999932 -0.4577776 
111.27999932 -0.4577776 
111.31999932 -0.4577776 
111.35999932 -0.4577776 
111.39999932 -0.4577776 
111.43999932 -0.4577776 
111.47999932 -0.4577776 
111.51999932 -0.4577776 
111.55999932 -0.4577776 
111.59999932 -0.4577776 
111.63999932 -0.4577776 
111.67999932 -0.4577776 
111.71999932 -0.4577776 
111.75999932 -0.4577776 
111.79999932 -0.4577776 
111.83999932 -0.4577776 
111.87999932 -0.4577776 
111.91999932 -0.4577776 
111.95999932 -0.4577776 
111.99999932 -0.4577776 
112.03999932 -0.4577776 
112.07999932 -0.4577776 
112.11999932 -0.4577776 
112.15999932 -0.4577776 
112.19999932 -0.4577776 
112.23999932 -0.4577776 
112.27999932 -0.4577776 
112.31999932 -0.4577776 
112.35999932 -0.4577776 
112.39999932 -0.4577776 
112.43999932 -0.4577776 
112.47999932 -0.4577776 
112.51999932 -0.4577776 
112.55999932 -0.4577776 
112.59999932 -1.339762 
112.63999932 -0.4577776 
112.67999932 -0.4577776 
112.71999931 -1.339762 
112.75999931 -1.339762 
112.79999931 -0.4577776 
112.83999931 -1.339762 
112.87999931 -1.339762 
112.91999931 -1.339762 
112.95999931 -1.339762 
112.99999931 -1.339762 
113.03999931 -1.339762 
113.07999931 -1.339762 
113.11999931 -1.339762 
113.15999931 -1.339762 
113.19999931 -1.339762 
113.23999931 -1.339762 
113.27999931 -2.224799 
113.31999931 -1.339762 
113.35999931 -1.339762 
113.39999931 -2.224799 
113.43999931 -2.224799 
113.47999931 -2.224799 
113.51999931 -2.224799 
113.55999931 -2.224799 
113.59999931 -1.339762 
113.63999931 -2.224799 
113.67999931 -2.224799 
113.71999931 -2.224799 
113.75999931 -2.224799 
113.79999931 -2.224799 
113.83999931 -2.224799 
113.87999931 -2.224799 
113.91999931 -2.224799 
113.95999931 -2.224799 
113.99999931 -2.224799 
114.03999931 -2.224799 
114.07999931 -2.224799 
114.11999931 -2.224799 
114.15999931 -2.224799 
114.19999931 -2.224799 
114.23999931 -2.224799 
114.27999931 -2.224799 
114.31999931 -2.224799 
114.3599993 -2.224799 
114.3999993 -2.224799 
114.4399993 -2.224799 
114.4799993 -2.224799 
114.5199993 -2.224799 
114.5599993 -2.224799 
114.5999993 -2.224799 
114.6399993 -2.224799 
114.6799993 -2.224799 
114.7199993 -2.224799 
114.7599993 -2.224799 
114.7999993 -2.224799 
114.8399993 -2.224799 
114.8799993 -2.224799 
114.9199993 -2.224799 
114.9599993 -2.224799 
114.9999993 -2.224799 
115.0399993 -2.224799 
115.0799993 -2.224799 
115.1199993 -2.224799 
115.1599993 -2.224799 
115.1999993 -2.224799 
115.2399993 -2.224799 
115.2799993 -2.224799 
115.3199993 -2.224799 
115.3599993 -2.224799 
115.3999993 -2.224799 
115.4399993 -1.339762 
115.4799993 -1.339762 
115.5199993 -2.224799 
115.5599993 -1.339762 
115.5999993 -1.339762 
115.6399993 -1.339762 
115.6799993 -1.339762 
115.7199993 -1.339762 
115.7599993 -1.339762 
115.7999993 -1.339762 
115.8399993 -1.339762 
115.8799993 -2.224799 
115.9199993 -1.339762 
115.9599993 -2.224799 
115.9999993 -1.339762 
116.03999929 -1.339762 
116.07999929 -1.339762 
116.11999929 -1.339762 
116.15999929 -1.339762 
116.19999929 -1.339762 
116.23999929 -1.339762 
116.27999929 -0.4577776 
116.31999929 -0.4577776 
116.35999929 -0.4577776 
116.39999929 -0.4577776 
116.43999929 -0.4577776 
116.47999929 -0.4577776 
116.51999929 -0.4577776 
116.55999929 -0.4577776 
116.59999929 -0.4577776 
116.63999929 -0.4577776 
116.67999929 -0.4577776 
116.75999929 -0.4577776 
116.79999929 -0.4577776 
116.83999929 -0.4577776 
119.55999927 -0.4577776 
119.63999927 -0.4577776 
119.67999927 -0.4577776 
119.71999927 -0.4577776 
119.75999927 -0.4577776 
119.79999927 -0.4577776 
119.83999927 -0.4577776 
119.87999927 -0.4577776 
119.91999927 -0.4577776 
119.95999927 -0.4577776 
119.99999927 -0.4577776 
120.03999927 -0.4577776 
120.07999927 -0.4577776 
120.11999927 -0.4577776 
120.15999927 -0.4577776 
120.19999927 -0.4577776 
120.23999927 -0.4577776 
120.27999927 -0.4577776 
120.31999927 -0.4577776 
120.35999927 -0.4577776 
120.39999927 -0.4577776 
120.43999927 -0.4577776 
120.47999927 -0.4577776 
120.51999927 -0.4577776 
120.55999927 -0.4577776 
120.59999927 -0.4577776 
120.63999927 -0.4577776 
120.67999927 -0.4577776 
120.71999927 -0.4577776 
120.75999927 -0.4577776 
120.79999927 -0.4577776 
120.83999927 -0.4577776 
120.87999927 -0.4577776 
120.91999927 -0.4577776 
120.95999926 -0.4577776 
121.03999926 -0.4577776 
121.07999926 -0.4577776 
121.11999926 -0.4577776 
121.15999926 -0.4577776 
121.19999926 -0.4577776 
121.23999926 -0.4577776 
121.31999926 -0.4577776 
121.39999926 -0.4577776 
123.59999925 -0.4577776 
123.71999925 -0.4577776 
123.75999925 -0.4577776 
123.79999925 -0.4577776 
123.83999925 -0.4577776 
123.87999925 -0.4577776 
123.91999925 -0.4577776 
123.95999925 -0.4577776 
123.99999925 -0.4577776 
124.03999925 -0.4577776 
124.07999925 -1.339762 
124.11999925 -1.339762 
124.15999925 -1.339762 
124.19999925 -1.339762 
124.23999924 -1.339762 
124.27999924 -1.339762 
124.31999924 -1.339762 
124.35999924 -1.339762 
124.39999924 -1.339762 
124.43999924 -1.339762 
124.47999924 -1.339762 
124.51999924 -1.339762 
124.55999924 -2.224799 
124.59999924 -1.339762 
124.63999924 -2.224799 
124.67999924 -2.224799 
124.71999924 -1.339762 
124.75999924 -2.224799 
124.79999924 -2.224799 
124.83999924 -2.224799 
124.87999924 -2.224799 
124.91999924 -2.224799 
124.95999924 -2.224799 
124.99999924 -2.224799 
125.03999924 -2.224799 
125.07999924 -2.224799 
125.11999924 -2.224799 
125.15999924 -2.224799 
125.19999924 -2.224799 
125.23999924 -2.224799 
125.27999924 -2.224799 
125.31999924 -2.224799 
125.35999924 -2.224799 
125.39999924 -2.224799 
125.43999924 -2.224799 
125.47999924 -2.224799 
125.51999924 -2.224799 
125.55999924 -2.224799 
125.59999924 -2.224799 
125.63999924 -2.224799 
125.67999924 -2.224799 
125.71999924 -2.224799 
125.75999924 -2.224799 
125.79999924 -2.224799 
125.83999924 -2.224799 
125.87999923 -2.224799 
125.91999923 -2.224799 
125.95999923 -2.224799 
125.99999923 -2.224799 
126.03999923 -2.224799 
126.07999923 -1.339762 
126.11999923 -2.224799 
126.15999923 -2.224799 
126.19999923 -2.224799 
126.23999923 -2.224799 
126.27999923 -2.224799 
126.31999923 -2.224799 
126.35999923 -2.224799 
126.39999923 -1.339762 
126.43999923 -1.339762 
126.47999923 -1.339762 
126.51999923 -1.339762 
126.55999923 -1.339762 
126.59999923 -1.339762 
126.63999923 -0.4577776 
126.67999923 -0.4577776 
126.71999923 -0.4577776 
126.75999923 -0.4577776 
126.79999923 -0.4577776 
126.83999923 -0.4577776 
126.87999923 -0.4577776 
126.91999923 -0.4577776 
126.95999923 -0.4577776 
135.79999917 -0.4577776 
135.83999917 -0.4577776 
135.87999917 -0.4577776 
135.91999917 -0.4577776 
135.95999917 -0.4577776 
135.99999917 -0.4577776 
136.03999917 -0.4577776 
136.07999917 -0.4577776 
136.11999917 -1.339762 
136.15999917 -1.339762 
136.19999917 -0.4577776 
136.23999917 -1.339762 
136.27999917 -1.339762 
136.31999917 -1.339762 
136.35999917 -1.339762 
136.39999917 -1.339762 
136.43999917 -1.339762 
136.47999917 -2.224799 
136.51999917 -2.224799 
136.55999917 -2.224799 
136.59999917 -2.224799 
136.63999917 -2.224799 
136.67999917 -2.224799 
136.71999917 -2.224799 
136.75999917 -2.224799 
136.79999917 -2.224799 
136.83999917 -2.224799 
136.87999917 -2.224799 
136.91999917 -3.109836 
136.95999917 -2.224799 
136.99999917 -2.224799 
137.03999917 -2.224799 
137.07999917 -3.109836 
137.11999917 -2.224799 
137.15999917 -3.109836 
137.19999917 -3.994873 
137.23999917 -3.109836 
137.27999917 -3.994873 
137.31999917 -2.224799 
137.35999917 -3.109836 
137.39999916 -3.109836 
137.43999916 -3.109836 
137.47999916 -3.109836 
137.51999916 -2.224799 
137.55999916 -3.109836 
137.59999916 -3.109836 
137.63999916 -2.224799 
137.67999916 -3.109836 
137.71999916 -3.109836 
137.75999916 -3.109836 
137.79999916 -3.994873 
137.83999916 -2.224799 
137.87999916 -2.224799 
137.91999916 -3.109836 
137.95999916 -3.994873 
137.99999916 -2.224799 
138.03999916 -2.224799 
138.07999916 -2.224799 
138.11999916 -2.224799 
138.15999916 -2.224799 
138.19999916 -2.224799 
138.23999916 -2.224799 
138.27999916 -2.224799 
138.31999916 -2.224799 
138.35999916 -2.224799 
138.39999916 -2.224799 
138.43999916 -2.224799 
138.47999916 -2.224799 
138.51999916 -2.224799 
138.55999916 -1.339762 
138.59999916 -2.224799 
138.63999916 -2.224799 
138.67999916 -1.339762 
138.71999916 -1.339762 
138.75999916 -1.339762 
138.79999916 -1.339762 
138.83999916 -1.339762 
138.87999916 -1.339762 
138.91999916 -1.339762 
138.95999916 -1.339762 
138.99999916 -0.4577776 
139.03999915 -0.4577776 
139.07999915 -0.4577776 
139.11999915 -1.339762 
139.15999915 -0.4577776 
139.19999915 -0.4577776 
139.23999915 -0.4577776 
139.27999915 -0.4577776 
139.31999915 -0.4577776 
139.35999915 -0.4577776 
139.39999915 -0.4577776 
139.43999915 -0.4577776 
139.51999915 -0.4577776 
139.55999915 -0.4577776 
139.59999915 -0.4577776 
139.63999915 -0.4577776 
139.71999915 -0.4577776 
139.99999915 -0.4577776 
140.31999915 -0.4577776 
140.35999915 -0.4577776 
140.39999915 -0.4577776 
140.43999915 -0.4577776 
140.47999915 -0.4577776 
140.51999915 -0.4577776 
140.55999915 -0.4577776 
140.59999915 -0.4577776 
140.63999915 -0.4577776 
140.67999915 -0.4577776 
140.71999914 -0.4577776 
140.75999914 -0.4577776 
140.79999914 -0.4577776 
140.83999914 -0.4577776 
140.87999914 -0.4577776 
140.91999914 -0.4577776 
140.95999914 -0.4577776 
140.99999914 -0.4577776 
141.03999914 -0.4577776 
141.07999914 -0.4577776 
141.11999914 -0.4577776 
141.15999914 -0.4577776 
141.19999914 -0.4577776 
141.23999914 -0.4577776 
141.27999914 -0.4577776 
141.31999914 -0.4577776 
141.35999914 -0.4577776 
141.39999914 -0.4577776 
141.43999914 -0.4577776 
141.47999914 -0.4577776 
141.51999914 -0.4577776 
141.55999914 -0.4577776 
141.59999914 -0.4577776 
141.63999914 -0.4577776 
141.67999914 -0.4577776 
141.71999914 -0.4577776 
141.75999914 -0.4577776 
141.79999914 -0.4577776 
141.83999914 -0.4577776 
141.87999914 -0.4577776 
141.91999914 -0.4577776 
141.95999914 -0.4577776 
141.99999914 -0.4577776 
142.03999914 -0.4577776 
142.07999914 -0.4577776 
142.11999914 -0.4577776 
142.15999914 -0.4577776 
142.19999914 -0.4577776 
142.23999914 -0.4577776 
142.27999914 -0.4577776 
142.31999914 -0.4577776 
142.35999913 -0.4577776 
142.39999913 -0.4577776 
142.43999913 -0.4577776 
142.47999913 -0.4577776 
142.51999913 -0.4577776 
142.55999913 -0.4577776 
142.59999913 -0.4577776 
142.63999913 -0.4577776 
142.67999913 -0.4577776 
142.71999913 -0.4577776 
142.75999913 -0.4577776 
142.79999913 -0.4577776 
142.83999913 -0.4577776 
142.87999913 -0.4577776 
142.91999913 -0.4577776 
142.95999913 -0.4577776 
142.99999913 -0.4577776 
143.03999913 -0.4577776 
143.07999913 -0.4577776 
143.15999913 -0.4577776 
143.19999913 -0.4577776 
143.23999913 -0.4577776 
143.27999913 -0.4577776 
143.31999913 -0.4577776 
143.35999913 -0.4577776 
143.39999913 -0.4577776 
143.43999913 -0.4577776 
143.47999913 -0.4577776 
143.51999913 -0.4577776 
146.27999911 -0.4577776 
146.31999911 -0.4577776 
146.43999911 -0.4577776 
146.47999911 -0.4577776 
146.51999911 -0.4577776 
146.55999911 -0.4577776 
146.59999911 -0.4577776 
146.63999911 -0.4577776 
146.67999911 -0.4577776 
146.71999911 -0.4577776 
146.79999911 -0.4577776 
146.83999911 -0.4577776 
146.87999911 -0.4577776 
146.91999911 -0.4577776 
146.95999911 -0.4577776 
146.99999911 -0.4577776 
147.03999911 -0.4577776 
147.07999911 -0.4577776 
147.11999911 -0.4577776 
147.15999911 -0.4577776 
147.19999911 -0.4577776 
147.23999911 -1.339762 
147.2799991 -1.339762 
147.3199991 -1.339762 
147.3599991 -1.339762 
147.3999991 -0.4577776 
147.4399991 -1.339762 
147.4799991 -1.339762 
147.5199991 -1.339762 
147.5599991 -1.339762 
147.5999991 -1.339762 
147.6399991 -1.339762 
147.6799991 -1.339762 
147.7199991 -1.339762 
147.7599991 -1.339762 
147.7999991 -1.339762 
147.8399991 -2.224799 
147.8799991 -1.339762 
147.9199991 -2.224799 
147.9599991 -1.339762 
147.9999991 -2.224799 
148.0399991 -2.224799 
148.0799991 -2.224799 
148.1199991 -2.224799 
148.1599991 -2.224799 
148.1999991 -2.224799 
148.2399991 -2.224799 
148.2799991 -2.224799 
148.3199991 -1.339762 
148.3599991 -2.224799 
148.3999991 -2.224799 
148.4399991 -2.224799 
148.4799991 -2.224799 
148.5199991 -2.224799 
148.5599991 -1.339762 
148.5999991 -2.224799 
148.6399991 -2.224799 
148.6799991 -1.339762 
148.7199991 -2.224799 
148.7599991 -2.224799 
148.7999991 -1.339762 
148.8399991 -1.339762 
148.8799991 -1.339762 
148.91999909 -2.224799 
148.95999909 -2.224799 
148.99999909 -2.224799 
149.03999909 -2.224799 
149.07999909 -2.224799 
149.11999909 -1.339762 
149.15999909 -1.339762 
149.19999909 -1.339762 
149.23999909 -1.339762 
149.27999909 -1.339762 
149.31999909 -1.339762 
149.35999909 -1.339762 
149.39999909 -1.339762 
149.43999909 -1.339762 
149.47999909 -1.339762 
149.51999909 -1.339762 
149.55999909 -1.339762 
149.59999909 -1.339762 
149.63999909 -1.339762 
149.67999909 -0.4577776 
149.71999909 -0.4577776 
149.75999909 -0.4577776 
149.79999909 -0.4577776 
149.83999909 -0.4577776 
149.87999909 -0.4577776 
149.91999909 -0.4577776 
149.95999909 -0.4577776 
149.99999909 -0.4577776 
150.03999909 -0.4577776 
150.07999909 -0.4577776 
150.11999909 -0.4577776 
150.15999909 -0.4577776 
150.19999909 -0.4577776 
150.23999909 -0.4577776 
150.27999909 -0.4577776 
150.31999909 -0.4577776 
150.35999909 -0.4577776 
150.43999909 -0.4577776 
150.47999909 -0.4577776 
150.55999908 -0.4577776 
150.63999908 -0.4577776 
150.67999908 -0.4577776 
150.75999908 -0.4577776 
150.79999908 -0.4577776 
152.15999908 -0.4577776 
152.19999908 -0.4577776 
152.27999907 -0.4577776 
152.35999907 -0.4577776 
152.39999907 -0.4577776 
152.43999907 -0.4577776 
152.47999907 -0.4577776 
152.59999907 -0.4577776 
152.63999907 -0.4577776 
152.67999907 -0.4577776 
152.71999907 -0.4577776 
152.75999907 -0.4577776 
152.79999907 -0.4577776 
152.83999907 -0.4577776 
152.87999907 -0.4577776 
152.91999907 -0.4577776 
152.95999907 -0.4577776 
152.99999907 -0.4577776 
153.03999907 -0.4577776 
153.07999907 -0.4577776 
153.11999907 -0.4577776 
153.15999907 -0.4577776 
153.19999907 -0.4577776 
153.23999907 -0.4577776 
153.27999907 -0.4577776 
153.31999907 -0.4577776 
153.35999907 -0.4577776 
153.39999907 -0.4577776 
153.43999907 -0.4577776 
153.47999907 -0.4577776 
153.51999907 -0.4577776 
153.55999907 -0.4577776 
153.59999907 -0.4577776 
153.63999907 -0.4577776 
153.67999907 -0.4577776 
153.71999907 -0.4577776 
153.83999907 -0.4577776 
158.03999904 -0.4577776 
162.71999901 -0.4577776 
162.75999901 -0.4577776 
162.79999901 -0.4577776 
162.87999901 -0.4577776 
162.95999901 -0.4577776 
162.99999901 -0.4577776 
163.03999901 -0.4577776 
163.07999901 -0.4577776 
163.11999901 -0.4577776 
163.15999901 -0.4577776 
163.19999901 -0.4577776 
163.23999901 -0.4577776 
163.27999901 -0.4577776 
163.31999901 -0.4577776 
163.35999901 -0.4577776 
163.39999901 -0.4577776 
163.43999901 -0.4577776 
163.47999901 -1.339762 
163.51999901 -0.4577776 
163.55999901 -0.4577776 
163.59999901 -0.4577776 
163.63999901 -0.4577776 
163.67999901 -1.339762 
163.719999 -0.4577776 
163.759999 -0.4577776 
163.799999 -1.339762 
163.839999 -1.339762 
163.879999 -1.339762 
163.919999 -1.339762 
163.959999 -1.339762 
163.999999 -1.339762 
164.039999 -1.339762 
164.079999 -0.4577776 
164.119999 -1.339762 
164.159999 -1.339762 
164.199999 -1.339762 
164.239999 -0.4577776 
164.279999 -1.339762 
164.319999 -1.339762 
164.359999 -1.339762 
164.399999 -1.339762 
164.439999 -1.339762 
164.479999 -1.339762 
164.519999 -1.339762 
164.559999 -1.339762 
164.599999 -1.339762 
164.639999 -1.339762 
164.679999 -1.339762 
164.719999 -1.339762 
164.759999 -1.339762 
164.799999 -1.339762 
164.839999 -0.4577776 
164.879999 -1.339762 
164.919999 -0.4577776 
164.959999 -1.339762 
164.999999 -0.4577776 
165.039999 -1.339762 
165.079999 -0.4577776 
165.119999 -0.4577776 
165.159999 -0.4577776 
165.199999 -1.339762 
165.239999 -1.339762 
165.279999 -0.4577776 
165.319999 -0.4577776 
165.359999 -0.4577776 
165.39999899 -0.4577776 
165.43999899 -0.4577776 
165.47999899 -0.4577776 
165.51999899 -0.4577776 
165.55999899 -0.4577776 
165.59999899 -0.4577776 
165.67999899 -0.4577776 
165.71999899 -0.4577776 
165.75999899 -0.4577776 
169.31999897 -0.4577776 
169.35999897 -0.4577776 
169.39999897 -0.4577776 
169.55999897 -0.4577776 
169.59999897 -0.4577776 
169.63999897 -0.4577776 
169.67999897 -0.4577776 
169.71999897 -0.4577776 
169.75999897 -0.4577776 
169.79999897 -0.4577776 
169.83999897 -0.4577776 
169.87999897 -0.4577776 
169.91999897 -0.4577776 
169.95999897 -1.339762 
169.99999897 -0.4577776 
170.03999897 -0.4577776 
170.07999897 -1.339762 
170.11999897 -0.4577776 
170.15999897 -1.339762 
170.19999897 -1.339762 
170.23999897 -0.4577776 
170.27999897 -0.4577776 
170.31999896 -0.4577776 
170.35999896 -0.4577776 
170.39999896 -0.4577776 
170.43999896 -0.4577776 
170.47999896 -1.339762 
170.51999896 -1.339762 
170.55999896 -1.339762 
170.59999896 -1.339762 
170.63999896 -0.4577776 
170.67999896 -0.4577776 
170.71999896 -0.4577776 
170.75999896 -0.4577776 
170.79999896 -1.339762 
170.83999896 -0.4577776 
170.87999896 -1.339762 
170.91999896 -1.339762 
170.95999896 -0.4577776 
170.99999896 -0.4577776 
171.03999896 -0.4577776 
171.07999896 -0.4577776 
171.11999896 -0.4577776 
171.15999896 -0.4577776 
171.19999896 -0.4577776 
171.23999896 -0.4577776 
171.27999896 -0.4577776 
171.31999896 -0.4577776 
171.35999896 -0.4577776 
171.39999896 -0.4577776 
171.43999896 -0.4577776 
171.47999896 -0.4577776 
171.51999896 -0.4577776 
171.55999896 -0.4577776 
171.59999896 -0.4577776 
171.63999896 -0.4577776 
171.67999896 -0.4577776 
171.71999896 -0.4577776 
171.75999896 -0.4577776 
171.79999896 -0.4577776 
171.83999896 -0.4577776 
171.87999896 -0.4577776 
171.95999895 -0.4577776 
171.99999895 -0.4577776 
172.03999895 -0.4577776 
172.07999895 -0.4577776 
172.11999895 -0.4577776 
172.19999895 -0.4577776 
172.23999895 -0.4577776 
172.27999895 -0.4577776 
172.31999895 -0.4577776 
172.35999895 -0.4577776 
172.39999895 -0.4577776 
172.43999895 -0.4577776 
172.47999895 -1.339762 
172.51999895 -0.4577776 
172.55999895 -0.4577776 
172.59999895 -0.4577776 
172.63999895 -0.4577776 
172.67999895 -0.4577776 
172.71999895 -1.339762 
172.75999895 -0.4577776 
172.79999895 -0.4577776 
172.83999895 -0.4577776 
172.87999895 -1.339762 
172.91999895 -1.339762 
172.95999895 -1.339762 
172.99999895 -1.339762 
173.03999895 -1.339762 
173.07999895 -1.339762 
173.11999895 -1.339762 
173.15999895 -2.224799 
173.19999895 -2.224799 
173.23999895 -2.224799 
173.27999895 -2.224799 
173.31999895 -2.224799 
173.35999895 -1.339762 
173.39999895 -1.339762 
173.43999895 -2.224799 
173.47999895 -2.224799 
173.51999895 -2.224799 
173.55999895 -2.224799 
173.59999894 -2.224799 
173.63999894 -2.224799 
173.67999894 -2.224799 
173.71999894 -2.224799 
173.75999894 -2.224799 
173.79999894 -2.224799 
173.83999894 -2.224799 
173.87999894 -2.224799 
173.91999894 -2.224799 
173.95999894 -3.994873 
173.99999894 -2.224799 
174.03999894 -3.994873 
174.07999894 -3.109836 
174.11999894 -3.994873 
174.15999894 -3.109836 
174.19999894 -3.109836 
174.23999894 -3.994873 
174.27999894 -3.994873 
174.31999894 -3.994873 
174.35999894 -3.994873 
174.39999894 -3.994873 
174.43999894 -3.994873 
174.47999894 -3.994873 
174.51999894 -3.994873 
174.55999894 -3.994873 
174.59999894 -3.994873 
174.63999894 -3.994873 
174.67999894 -3.994873 
174.71999894 -3.994873 
174.75999894 -3.994873 
174.79999894 -3.994873 
174.83999894 -3.994873 
174.87999894 -3.994873 
174.91999894 -3.994873 
174.95999894 -3.994873 
174.99999894 -3.994873 
175.03999894 -3.994873 
175.07999894 -3.994873 
175.11999894 -3.994873 
175.15999894 -3.994873 
175.19999894 -3.994873 
175.23999893 -3.994873 
175.27999893 -3.994873 
175.31999893 -3.994873 
175.35999893 -3.994873 
175.39999893 -3.109836 
175.43999893 -3.994873 
175.47999893 -3.994873 
175.51999893 -3.994873 
175.55999893 -3.994873 
175.59999893 -2.224799 
175.63999893 -2.224799 
175.67999893 -3.109836 
175.71999893 -2.224799 
175.75999893 -2.224799 
175.79999893 -2.224799 
175.83999893 -2.224799 
175.87999893 -2.224799 
175.91999893 -2.224799 
175.95999893 -2.224799 
175.99999893 -2.224799 
176.03999893 -2.224799 
176.07999893 -2.224799 
176.11999893 -2.224799 
176.15999893 -2.224799 
176.19999893 -2.224799 
176.23999893 -1.339762 
176.27999893 -1.339762 
176.31999893 -2.224799 
176.35999893 -1.339762 
176.39999893 -1.339762 
176.43999893 -1.339762 
176.47999893 -1.339762 
176.51999893 -1.339762 
176.55999893 -1.339762 
176.59999893 -1.339762 
176.63999893 -0.4577776 
176.67999893 -0.4577776 
176.71999893 -0.4577776 
176.75999893 -0.4577776 
176.79999893 -0.4577776 
176.83999893 -0.4577776 
176.87999893 -0.4577776 
176.91999892 -0.4577776 
176.95999892 -0.4577776 
176.99999892 -0.4577776 
177.03999892 -0.4577776 
177.07999892 -0.4577776 
177.19999892 -0.4577776 
181.1999989 -0.4577776 
185.47999887 -1.339762 
185.51999887 -0.4577776 
185.59999887 -0.4577776 
185.63999887 -0.4577776 
185.67999887 -0.4577776 
185.75999887 -0.4577776 
185.79999887 -0.4577776 
185.83999887 -0.4577776 
185.95999887 -1.339762 
185.99999887 -2.224799 
186.03999887 -0.4577776 
186.11999887 -0.4577776 
186.15999887 -1.339762 
186.19999887 -0.4577776 
186.23999887 -0.4577776 
186.27999887 -1.339762 
186.31999887 -0.4577776 
186.35999887 -0.4577776 
186.39999887 -0.4577776 
186.43999887 -0.4577776 
186.47999887 -0.4577776 
186.51999887 -0.4577776 
186.55999887 -0.4577776 
186.59999887 -0.4577776 
186.63999887 -0.4577776 
186.67999887 -0.4577776 
186.71999887 -0.4577776 
186.75999886 -0.4577776 
186.79999886 -0.4577776 
186.83999886 -0.4577776 
186.87999886 -0.4577776 
186.91999886 -0.4577776 
186.95999886 -0.4577776 
186.99999886 -0.4577776 
187.03999886 -0.4577776 
187.11999886 -0.4577776 
187.15999886 -0.4577776 
187.23999886 -0.4577776 
187.27999886 -0.4577776 
187.39999886 -0.4577776 
190.63999884 -0.4577776 
190.67999884 -0.4577776 
190.75999884 -0.4577776 
190.79999884 -0.4577776 
190.87999884 -0.4577776 
190.91999884 -0.4577776 
190.95999884 -0.4577776 
190.99999884 -0.4577776 
191.03999884 -0.4577776 
191.07999884 -0.4577776 
191.11999884 -0.4577776 
191.15999884 -0.4577776 
191.19999884 -0.4577776 
191.23999884 -0.4577776 
191.27999884 -0.4577776 
191.31999884 -0.4577776 
191.35999884 -0.4577776 
191.39999884 -0.4577776 
191.43999884 -0.4577776 
191.47999884 -0.4577776 
191.51999884 -0.4577776 
191.55999884 -0.4577776 
191.59999884 -0.4577776 
191.63999884 -0.4577776 
191.67999884 -0.4577776 
191.71999883 -0.4577776 
191.75999883 -0.4577776 
191.79999883 -0.4577776 
191.83999883 -0.4577776 
191.87999883 -0.4577776 
191.91999883 -0.4577776 
191.95999883 -0.4577776 
191.99999883 -0.4577776 
192.07999883 -0.4577776 
192.11999883 -0.4577776 
192.15999883 -0.4577776 
192.19999883 -0.4577776 
192.23999883 -0.4577776 
192.27999883 -0.4577776 
192.35999883 -0.4577776 
192.39999883 -0.4577776 
192.43999883 -0.4577776 
192.51999883 -0.4577776 
192.55999883 -0.4577776 
195.71999881 -0.4577776 
195.99999881 -0.4577776 
196.03999881 -0.4577776 
196.11999881 -0.4577776 
196.15999881 -0.4577776 
196.19999881 -0.4577776 
196.23999881 -0.4577776 
196.27999881 -0.4577776 
196.31999881 -1.339762 
196.35999881 -0.4577776 
196.39999881 -1.339762 
196.43999881 -1.339762 
196.47999881 -1.339762 
196.51999881 -1.339762 
196.55999881 -1.339762 
196.59999881 -1.339762 
196.6399988 -2.224799 
196.6799988 -2.224799 
196.7199988 -2.224799 
196.7599988 -2.224799 
196.7999988 -2.224799 
196.8399988 -2.224799 
196.8799988 -2.224799 
196.9199988 -2.224799 
196.9599988 -2.224799 
196.9999988 -2.224799 
197.0399988 -2.224799 
197.0799988 -2.224799 
197.1199988 -2.224799 
197.1599988 -3.109836 
197.1999988 -3.109836 
197.2399988 -2.224799 
197.2799988 -3.109836 
197.3199988 -3.109836 
197.3599988 -3.109836 
197.3999988 -3.994873 
197.4399988 -3.994873 
197.4799988 -3.994873 
197.5199988 -3.994873 
197.5599988 -3.994873 
197.5999988 -3.994873 
197.6399988 -3.994873 
197.6799988 -3.994873 
197.7199988 -3.994873 
197.7599988 -3.994873 
197.7999988 -3.994873 
197.8399988 -3.994873 
197.8799988 -3.994873 
197.9199988 -3.994873 
197.9599988 -3.994873 
197.9999988 -3.994873 
198.0399988 -3.994873 
198.0799988 -3.994873 
198.1199988 -3.994873 
198.1599988 -3.994873 
198.1999988 -3.994873 
198.2399988 -3.994873 
198.27999879 -3.994873 
198.31999879 -3.994873 
198.35999879 -3.994873 
198.39999879 -3.994873 
198.43999879 -3.994873 
198.47999879 -3.994873 
198.51999879 -3.994873 
198.55999879 -3.994873 
198.59999879 -3.994873 
198.63999879 -3.994873 
198.67999879 -2.224799 
198.71999879 -3.994873 
198.75999879 -3.994873 
198.79999879 -3.994873 
198.83999879 -3.994873 
198.87999879 -2.224799 
198.91999879 -3.109836 
198.95999879 -3.109836 
198.99999879 -3.109836 
199.03999879 -3.109836 
199.07999879 -3.109836 
199.11999879 -2.224799 
199.15999879 -2.224799 
199.19999879 -2.224799 
199.23999879 -2.224799 
199.27999879 -2.224799 
199.31999879 -2.224799 
199.35999879 -2.224799 
199.39999879 -2.224799 
199.43999879 -2.224799 
199.47999879 -2.224799 
199.51999879 -2.224799 
199.55999879 -2.224799 
199.59999879 -1.339762 
199.63999879 -1.339762 
199.67999879 -2.224799 
199.71999879 -2.224799 
199.75999879 -2.224799 
199.79999879 -2.224799 
199.83999879 -1.339762 
199.87999879 -1.339762 
199.91999878 -1.339762 
199.95999878 -1.339762 
199.99999878 -1.339762 
200.03999878 -1.339762 
200.07999878 -1.339762 
200.11999878 -1.339762 
0 0 
