0.0 -8.707541 
0.04 -8.707541 
0.08 -8.707541 
0.12 -8.707541 
0.16 -8.707541 
0.2 -8.707541 
0.24 -8.707541 
0.28 -8.707541 
0.32 -8.707541 
0.36 -8.707541 
0.4 -8.707541 
0.44 -8.707541 
0.48 -8.707541 
0.52 -8.707541 
0.56 -8.707541 
0.6 -8.707541 
0.64 -8.707541 
0.68 -8.707541 
0.72 -8.707541 
0.76 -8.707541 
0.8 -8.707541 
0.83999999 -8.707541 
0.87999999 -8.707541 
0.91999999 -8.707541 
0.95999999 -8.707541 
0.99999999 -8.707541 
1.03999999 -8.707541 
1.07999999 -8.707541 
1.11999999 -8.707541 
1.15999999 -8.707541 
1.19999999 -8.707541 
1.23999999 -8.707541 
1.27999999 -8.707541 
1.31999999 -8.707541 
1.35999999 -8.707541 
1.39999999 -8.533586 
1.43999999 -8.533586 
1.47999999 -8.707541 
1.51999999 -8.707541 
1.55999999 -8.533586 
1.59999999 -8.533586 
1.63999999 -8.533586 
1.67999999 -8.707541 
1.71999999 -8.533586 
1.75999999 -8.533586 
1.79999999 -8.533586 
1.83999999 -8.533586 
1.87999999 -8.533586 
1.91999999 -8.533586 
1.95999999 -8.533586 
1.99999999 -8.533586 
2.03999999 -8.533586 
2.07999999 -8.533586 
2.11999999 -8.533586 
2.15999999 -8.533586 
2.19999999 -8.533586 
2.23999999 -8.533586 
2.27999999 -8.533586 
2.31999999 -8.533586 
2.35999999 -8.533586 
2.39999999 -8.533586 
2.43999999 -8.533586 
2.47999998 -8.359631 
2.51999998 -8.533586 
2.55999998 -8.533586 
2.59999998 -8.533586 
2.63999998 -8.359631 
2.67999998 -8.533586 
2.71999998 -8.533586 
2.75999998 -8.359631 
2.79999998 -8.359631 
2.83999998 -8.359631 
2.87999998 -8.359631 
2.91999998 -8.359631 
2.95999998 -8.359631 
2.99999998 -8.359631 
3.03999998 -8.359631 
3.07999998 -8.359631 
3.11999998 -8.359631 
3.15999998 -8.359631 
3.19999998 -8.359631 
3.23999998 -8.359631 
3.27999998 -8.359631 
3.31999998 -8.359631 
3.35999998 -8.359631 
3.39999998 -8.359631 
3.43999998 -8.359631 
3.47999998 -8.359631 
3.51999998 -8.359631 
3.55999998 -8.359631 
3.59999998 -8.359631 
3.63999998 -8.359631 
3.67999998 -8.185064 
3.71999998 -8.359631 
3.75999998 -8.359631 
3.79999998 -8.359631 
3.83999998 -8.185064 
3.87999998 -8.359631 
3.91999998 -8.359631 
3.95999998 -8.185064 
3.99999998 -8.185064 
4.03999998 -8.185064 
4.07999998 -8.185064 
4.11999997 -8.185064 
4.15999997 -8.185064 
4.19999997 -8.185064 
4.23999997 -8.185064 
4.27999997 -8.185064 
4.31999997 -8.185064 
4.35999997 -8.185064 
4.39999997 -8.185064 
4.43999997 -8.185064 
4.47999997 -8.185064 
4.51999997 -8.185064 
4.55999997 -8.185064 
4.59999997 -8.185064 
4.63999997 -8.185064 
4.67999997 -8.185064 
4.71999997 -8.011108 
4.75999997 -8.185064 
4.79999997 -8.011108 
4.83999997 -8.185064 
4.87999997 -8.011108 
4.91999997 -8.185064 
4.95999997 -8.011108 
4.99999997 -8.011108 
5.03999997 -8.011108 
5.07999997 -8.011108 
5.11999997 -8.011108 
5.15999997 -8.011108 
5.19999997 -8.011108 
5.23999997 -7.837153 
5.27999997 -8.011108 
5.31999997 -7.837153 
5.35999997 -7.837153 
5.39999997 -8.011108 
5.43999997 -8.011108 
5.47999997 -7.837153 
5.51999997 -7.837153 
5.55999997 -7.837153 
5.59999997 -7.837153 
5.63999997 -8.011108 
5.67999997 -7.837153 
5.71999997 -7.837153 
5.75999996 -7.837153 
5.79999996 -7.837153 
5.83999996 -7.837153 
5.87999996 -7.837153 
5.91999996 -7.837153 
5.95999996 -7.837153 
5.99999996 -7.837153 
6.03999996 -7.837153 
6.07999996 -7.837153 
6.11999996 -7.837153 
6.15999996 -7.837153 
6.19999996 -7.837153 
6.23999996 -7.837153 
6.27999996 -7.837153 
6.31999996 -7.837153 
6.35999996 -7.837153 
6.39999996 -7.837153 
6.43999996 -7.663198 
6.47999996 -7.837153 
6.51999996 -7.837153 
6.55999996 -7.837153 
6.59999996 -7.663198 
6.63999996 -7.837153 
6.67999996 -7.663198 
6.71999996 -7.663198 
6.75999996 -7.663198 
6.79999996 -7.663198 
6.83999996 -7.663198 
6.87999996 -7.663198 
6.91999996 -7.663198 
6.95999996 -7.663198 
6.99999996 -7.663198 
7.03999996 -7.663198 
7.07999996 -7.663198 
7.11999996 -7.663198 
7.15999996 -7.663198 
7.19999996 -7.663198 
7.23999996 -7.663198 
7.27999996 -7.663198 
7.31999996 -7.663198 
7.35999996 -7.663198 
7.39999996 -7.663198 
7.43999995 -7.663198 
7.47999995 -7.663198 
7.51999995 -7.663198 
7.55999995 -7.663198 
7.59999995 -7.488632 
7.63999995 -7.663198 
7.67999995 -7.488632 
7.71999995 -7.663198 
7.75999995 -7.488632 
7.79999995 -7.488632 
7.83999995 -7.488632 
7.87999995 -7.488632 
7.91999995 -7.488632 
7.95999995 -7.488632 
7.99999995 -7.488632 
8.03999995 -7.663198 
8.07999995 -7.488632 
8.11999995 -7.488632 
8.15999995 -7.488632 
8.19999995 -7.488632 
8.23999995 -7.314676 
8.27999995 -7.314676 
8.31999995 -7.488632 
8.35999995 -7.488632 
8.39999995 -7.314676 
8.43999995 -7.314676 
8.47999995 -7.314676 
8.51999995 -7.314676 
8.55999995 -7.314676 
8.59999995 -7.314676 
8.63999995 -7.314676 
8.67999995 -7.314676 
8.71999995 -7.314676 
8.75999995 -7.314676 
8.79999995 -7.314676 
8.83999995 -7.314676 
8.87999995 -7.314676 
8.91999995 -7.314676 
8.95999995 -7.314676 
8.99999995 -7.314676 
9.03999995 -7.314676 
9.07999994 -7.314676 
9.11999994 -7.314676 
9.15999994 -7.314676 
9.19999994 -7.314676 
9.23999994 -7.314676 
9.27999994 -7.314676 
9.31999994 -7.314676 
9.35999994 -7.314676 
9.39999994 -7.314676 
9.43999994 -7.314676 
9.47999994 -7.314676 
9.51999994 -7.140721 
9.55999994 -7.314676 
9.59999994 -7.314676 
9.63999994 -7.140721 
9.67999994 -7.140721 
9.71999994 -7.140721 
9.75999994 -7.140721 
9.79999994 -7.140721 
9.83999994 -7.140721 
9.87999994 -7.140721 
9.91999994 -7.140721 
9.95999994 -7.140721 
9.99999994 -7.140721 
10.03999994 -7.140721 
10.07999994 -7.140721 
10.11999994 -7.140721 
10.15999994 -7.140721 
10.19999994 -7.140721 
10.23999994 -7.140721 
10.27999994 -7.140721 
10.31999994 -7.140721 
10.35999994 -7.140721 
10.39999994 -7.140721 
10.43999994 -6.966765 
10.47999994 -7.140721 
10.51999994 -7.140721 
10.55999994 -6.966765 
10.59999994 -6.966765 
10.63999994 -6.966765 
10.67999994 -6.966765 
10.71999993 -6.966765 
10.75999993 -6.966765 
10.79999993 -6.966765 
10.83999993 -6.966765 
10.87999993 -6.966765 
10.91999993 -6.966765 
10.95999993 -6.966765 
10.99999993 -6.966765 
11.03999993 -6.966765 
11.07999993 -6.7922 
11.11999993 -6.966765 
11.15999993 -6.966765 
11.19999993 -6.966765 
11.23999993 -6.966765 
11.27999993 -6.966765 
11.31999993 -6.7922 
11.35999993 -6.966765 
11.39999993 -6.966765 
11.43999993 -6.7922 
11.47999993 -6.966765 
11.51999993 -6.7922 
11.55999993 -6.618244 
11.59999993 -6.7922 
11.63999993 -6.966765 
11.67999993 -6.7922 
11.71999993 -6.7922 
11.75999993 -6.7922 
11.79999993 -6.7922 
11.83999993 -6.618244 
11.87999993 -6.7922 
11.91999993 -6.7922 
11.95999993 -6.7922 
11.99999993 -6.7922 
12.03999993 -6.7922 
12.07999993 -6.618244 
12.11999993 -6.7922 
12.15999993 -6.618244 
12.19999993 -6.7922 
12.23999993 -6.7922 
12.27999993 -6.618244 
12.31999993 -6.618244 
12.35999992 -6.618244 
12.39999992 -6.618244 
12.43999992 -6.618244 
12.47999992 -6.618244 
12.51999992 -6.618244 
12.55999992 -6.618244 
12.59999992 -6.618244 
12.63999992 -6.618244 
12.67999992 -6.618244 
12.71999992 -6.618244 
12.75999992 -6.444288 
12.79999992 -6.618244 
12.83999992 -6.618244 
12.87999992 -6.618244 
12.91999992 -6.444288 
12.95999992 -6.618244 
12.99999992 -6.618244 
13.03999992 -6.618244 
13.07999992 -6.444288 
13.11999992 -6.618244 
13.15999992 -6.444288 
13.19999992 -6.444288 
13.23999992 -6.444288 
13.27999992 -6.444288 
13.31999992 -6.444288 
13.35999992 -6.444288 
13.39999992 -6.444288 
13.43999992 -6.444288 
13.47999992 -6.444288 
13.51999992 -6.444288 
13.55999992 -6.444288 
13.59999992 -6.444288 
13.63999992 -6.444288 
13.67999992 -6.444288 
13.71999992 -6.444288 
13.75999992 -6.444288 
13.79999992 -6.444288 
13.83999992 -6.444288 
13.87999992 -6.270333 
13.91999992 -6.444288 
13.95999992 -6.444288 
13.99999991 -6.444288 
14.03999991 -6.270333 
14.07999991 -6.270333 
14.11999991 -6.444288 
14.15999991 -6.270333 
14.19999991 -6.270333 
14.23999991 -6.270333 
14.27999991 -6.270333 
14.31999991 -6.270333 
14.35999991 -6.270333 
14.39999991 -6.270333 
14.43999991 -6.444288 
14.47999991 -6.270333 
14.51999991 -6.270333 
14.55999991 -6.270333 
14.59999991 -6.270333 
14.63999991 -6.270333 
14.67999991 -6.270333 
14.71999991 -6.270333 
14.75999991 -6.270333 
14.79999991 -6.270333 
14.83999991 -6.270333 
14.87999991 -6.270333 
14.91999991 -6.270333 
14.95999991 -6.270333 
14.99999991 -6.270333 
15.03999991 -6.270333 
15.07999991 -6.270333 
15.11999991 -6.270333 
15.15999991 -6.270333 
15.19999991 -6.270333 
15.23999991 -6.095767 
15.27999991 -6.095767 
15.31999991 -6.270333 
15.35999991 -6.095767 
15.39999991 -6.095767 
15.43999991 -6.095767 
15.47999991 -6.095767 
15.51999991 -6.095767 
15.55999991 -6.095767 
15.59999991 -5.921812 
15.6399999 -5.921812 
15.6799999 -5.921812 
15.7199999 -5.921812 
15.7599999 -5.921812 
15.7999999 -5.921812 
15.8399999 -5.921812 
15.8799999 -5.921812 
15.9199999 -5.921812 
15.9599999 -5.921812 
15.9999999 -5.921812 
16.0399999 -5.921812 
16.0799999 -5.921812 
16.1199999 -5.921812 
16.1599999 -5.921812 
16.1999999 -5.921812 
16.2399999 -5.921812 
16.2799999 -5.921812 
16.3199999 -5.921812 
16.3599999 -5.921812 
16.3999999 -5.921812 
16.4399999 -5.921812 
16.4799999 -5.921812 
16.5199999 -5.921812 
16.5599999 -5.921812 
16.5999999 -5.921812 
16.6399999 -5.921812 
16.6799999 -5.921812 
16.7199999 -5.921812 
16.7599999 -5.747856 
16.7999999 -5.921812 
16.8399999 -5.921812 
16.8799999 -5.921812 
16.9199999 -5.747856 
16.9599999 -5.921812 
16.9999999 -5.921812 
17.0399999 -5.921812 
17.0799999 -5.747856 
17.1199999 -5.747856 
17.1599999 -5.747856 
17.1999999 -5.747856 
17.2399999 -5.747856 
17.27999989 -5.747856 
17.31999989 -5.747856 
17.35999989 -5.747856 
17.39999989 -5.747856 
17.43999989 -5.747856 
17.47999989 -5.747856 
17.51999989 -5.747856 
17.55999989 -5.747856 
17.59999989 -5.747856 
17.63999989 -5.747856 
17.67999989 -5.747856 
17.71999989 -5.747856 
17.75999989 -5.747856 
17.79999989 -5.747856 
17.83999989 -5.747856 
17.87999989 -5.747856 
17.91999989 -5.747856 
17.95999989 -5.573901 
17.99999989 -5.573901 
18.03999989 -5.573901 
18.07999989 -5.573901 
18.11999989 -5.573901 
18.15999989 -5.573901 
18.19999989 -5.573901 
18.23999989 -5.573901 
18.27999989 -5.573901 
18.31999989 -5.573901 
18.35999989 -5.573901 
18.39999989 -5.573901 
18.43999989 -5.573901 
18.47999989 -5.573901 
18.51999989 -5.573901 
18.55999989 -5.573901 
18.59999989 -5.573901 
18.63999989 -5.573901 
18.67999989 -5.573901 
18.71999989 -5.573901 
18.75999989 -5.573901 
18.79999989 -5.573901 
18.83999989 -5.399335 
18.87999989 -5.573901 
18.91999989 -5.573901 
18.95999988 -5.573901 
18.99999988 -5.573901 
19.03999988 -5.573901 
19.07999988 -5.399335 
19.11999988 -5.399335 
19.15999988 -5.399335 
19.19999988 -5.225379 
19.23999988 -5.399335 
19.27999988 -5.399335 
19.31999988 -5.225379 
19.35999988 -5.399335 
19.39999988 -5.225379 
19.43999988 -5.399335 
19.47999988 -5.399335 
19.51999988 -5.399335 
19.55999988 -5.399335 
19.59999988 -5.399335 
19.63999988 -5.225379 
19.67999988 -5.399335 
19.71999988 -5.399335 
19.75999988 -5.399335 
19.79999988 -5.399335 
19.83999988 -5.399335 
19.87999988 -5.399335 
19.91999988 -5.225379 
19.95999988 -5.399335 
19.99999988 -5.225379 
20.03999988 -5.225379 
20.07999988 -5.225379 
20.11999988 -5.225379 
20.15999988 -5.225379 
20.19999988 -5.225379 
20.23999988 -5.225379 
20.27999988 -5.225379 
20.31999988 -5.225379 
20.35999988 -5.051424 
20.39999988 -5.225379 
20.43999988 -5.051424 
20.47999988 -5.225379 
20.51999988 -5.051424 
20.55999988 -5.225379 
20.59999987 -5.051424 
20.63999987 -5.051424 
20.67999987 -5.051424 
20.71999987 -5.051424 
20.75999987 -5.051424 
20.79999987 -5.051424 
20.83999987 -5.225379 
20.87999987 -5.051424 
20.91999987 -5.051424 
20.95999987 -5.051424 
20.99999987 -5.051424 
21.03999987 -5.051424 
21.07999987 -5.051424 
21.11999987 -5.051424 
21.15999987 -5.051424 
21.19999987 -5.051424 
21.23999987 -5.051424 
21.27999987 -5.051424 
21.31999987 -5.051424 
21.35999987 -5.051424 
21.39999987 -5.051424 
21.43999987 -4.877468 
21.47999987 -5.051424 
21.51999987 -5.051424 
21.55999987 -5.051424 
21.59999987 -4.877468 
21.63999987 -4.877468 
21.67999987 -5.051424 
21.71999987 -4.877468 
21.75999987 -5.051424 
21.79999987 -4.877468 
21.83999987 -4.877468 
21.87999987 -4.877468 
21.91999987 -4.877468 
21.95999987 -4.877468 
21.99999987 -4.877468 
22.03999987 -4.877468 
22.07999987 -4.877468 
22.11999987 -4.877468 
22.15999987 -4.877468 
22.19999987 -4.877468 
22.23999986 -4.877468 
22.27999986 -4.877468 
22.31999986 -4.877468 
22.35999986 -4.877468 
22.39999986 -4.877468 
22.43999986 -4.877468 
22.47999986 -4.702902 
22.51999986 -4.877468 
22.55999986 -4.877468 
22.59999986 -4.877468 
22.63999986 -4.702902 
22.67999986 -4.702902 
22.71999986 -4.702902 
22.75999986 -4.877468 
22.79999986 -4.877468 
22.83999986 -4.702902 
22.87999986 -4.702902 
22.91999986 -4.528947 
22.95999986 -4.877468 
22.99999986 -4.702902 
23.03999986 -4.702902 
23.07999986 -4.528947 
23.11999986 -4.702902 
23.15999986 -4.702902 
23.19999986 -4.528947 
23.23999986 -4.528947 
23.27999986 -4.702902 
23.31999986 -4.702902 
23.35999986 -4.528947 
23.39999986 -4.702902 
23.43999986 -4.528947 
23.47999986 -4.702902 
23.51999986 -4.702902 
23.55999986 -4.528947 
23.59999986 -4.528947 
23.63999986 -4.528947 
23.67999986 -4.528947 
23.71999986 -4.528947 
23.75999986 -4.528947 
23.79999986 -4.528947 
23.83999986 -4.528947 
23.87999985 -4.528947 
23.91999985 -4.528947 
23.95999985 -4.528947 
23.99999985 -4.528947 
24.03999985 -4.528947 
24.07999985 -4.528947 
24.11999985 -4.528947 
24.15999985 -4.528947 
24.19999985 -4.528947 
24.23999985 -4.528947 
24.27999985 -4.528947 
24.31999985 -4.528947 
24.35999985 -4.528947 
24.39999985 -4.354991 
24.43999985 -4.528947 
24.47999985 -4.528947 
24.51999985 -4.528947 
24.55999985 -4.528947 
24.59999985 -4.354991 
24.63999985 -4.528947 
24.67999985 -4.354991 
24.71999985 -4.354991 
24.75999985 -4.354991 
24.79999985 -4.354991 
24.83999985 -4.354991 
24.87999985 -4.354991 
24.91999985 -4.354991 
24.95999985 -4.354991 
24.99999985 -4.354991 
25.03999985 -4.354991 
25.07999985 -4.354991 
25.11999985 -4.354991 
25.15999985 -4.354991 
25.19999985 -4.354991 
25.23999985 -4.354991 
25.27999985 -4.354991 
25.31999985 -4.354991 
25.35999985 -4.354991 
25.39999985 -4.354991 
25.43999985 -4.354991 
25.47999985 -4.181036 
25.51999984 -4.354991 
25.55999984 -4.181036 
25.59999984 -4.181036 
25.63999984 -4.181036 
25.67999984 -4.181036 
25.71999984 -4.181036 
25.75999984 -4.181036 
25.79999984 -4.181036 
25.83999984 -4.181036 
25.87999984 -4.181036 
25.91999984 -4.181036 
25.95999984 -4.181036 
25.99999984 -4.181036 
26.03999984 -4.181036 
26.07999984 -4.181036 
26.11999984 -4.181036 
26.15999984 -4.181036 
26.19999984 -4.181036 
26.23999984 -4.181036 
26.27999984 -4.181036 
26.31999984 -4.181036 
26.35999984 -4.181036 
26.39999984 -4.181036 
26.43999984 -4.181036 
26.47999984 -4.181036 
26.51999984 -4.181036 
26.55999984 -4.181036 
26.59999984 -4.181036 
26.63999984 -4.181036 
26.67999984 -4.181036 
26.71999984 -4.181036 
26.75999984 -4.181036 
26.79999984 -4.181036 
26.83999984 -4.181036 
26.87999984 -4.181036 
26.91999984 -4.00647 
26.95999984 -4.00647 
26.99999984 -4.181036 
27.03999984 -4.00647 
27.07999984 -4.00647 
27.11999984 -4.00647 
27.15999983 -4.00647 
27.19999983 -4.00647 
27.23999983 -4.00647 
27.27999983 -4.00647 
27.31999983 -3.832515 
27.35999983 -4.00647 
27.39999983 -4.00647 
27.43999983 -4.00647 
27.47999983 -4.00647 
27.51999983 -4.00647 
27.55999983 -4.00647 
27.59999983 -4.00647 
27.63999983 -4.00647 
27.67999983 -4.00647 
27.71999983 -4.00647 
27.75999983 -4.00647 
27.79999983 -4.00647 
27.83999983 -4.00647 
27.87999983 -4.00647 
27.91999983 -4.00647 
27.95999983 -4.00647 
27.99999983 -4.00647 
28.03999983 -4.00647 
28.07999983 -4.00647 
28.11999983 -4.00647 
28.15999983 -4.00647 
28.19999983 -4.00647 
28.23999983 -4.00647 
28.27999983 -4.00647 
28.31999983 -4.00647 
28.35999983 -4.00647 
28.39999983 -4.00647 
28.43999983 -3.832515 
28.47999983 -3.832515 
28.51999983 -4.00647 
28.55999983 -4.00647 
28.59999983 -3.832515 
28.63999983 -4.00647 
28.67999983 -4.00647 
28.71999983 -4.00647 
28.75999983 -3.832515 
28.79999982 -4.00647 
28.83999982 -3.832515 
28.87999982 -4.00647 
28.91999982 -3.832515 
28.95999982 -3.832515 
28.99999982 -4.00647 
29.03999982 -4.00647 
29.07999982 -4.00647 
29.11999982 -4.00647 
29.15999982 -4.00647 
29.19999982 -4.00647 
29.23999982 -4.00647 
29.27999982 -4.00647 
29.31999982 -3.832515 
29.35999982 -4.00647 
29.39999982 -4.00647 
29.43999982 -4.00647 
29.47999982 -4.00647 
29.51999982 -3.832515 
29.55999982 -3.832515 
29.59999982 -4.00647 
29.63999982 -4.00647 
29.67999982 -3.832515 
29.71999982 -4.00647 
29.75999982 -3.832515 
29.79999982 -3.832515 
29.83999982 -4.00647 
29.87999982 -3.832515 
29.91999982 -3.832515 
29.95999982 -3.832515 
29.99999982 -3.832515 
30.03999982 -4.00647 
30.07999982 -4.00647 
30.11999982 -4.00647 
30.15999982 -4.00647 
30.19999982 -4.00647 
30.23999982 -4.00647 
30.27999982 -3.832515 
30.31999982 -4.00647 
30.35999982 -4.00647 
30.39999982 -4.00647 
30.43999982 -4.00647 
30.47999981 -3.832515 
30.51999981 -3.832515 
30.55999981 -4.00647 
30.59999981 -4.00647 
30.63999981 -4.00647 
30.67999981 -4.00647 
30.71999981 -3.832515 
30.75999981 -4.00647 
30.79999981 -4.00647 
30.83999981 -3.832515 
30.87999981 -4.00647 
30.91999981 -4.00647 
30.95999981 -4.00647 
30.99999981 -3.832515 
31.03999981 -4.00647 
31.07999981 -4.00647 
31.11999981 -4.00647 
31.15999981 -4.00647 
31.19999981 -4.00647 
31.23999981 -4.00647 
31.27999981 -4.00647 
31.31999981 -4.00647 
31.35999981 -4.00647 
31.39999981 -3.832515 
31.43999981 -4.00647 
31.47999981 -4.00647 
31.51999981 -4.00647 
31.55999981 -4.00647 
31.59999981 -4.00647 
31.63999981 -4.00647 
31.67999981 -4.00647 
31.71999981 -4.00647 
31.75999981 -4.00647 
31.79999981 -4.00647 
31.83999981 -4.00647 
31.87999981 -4.00647 
31.91999981 -4.00647 
31.95999981 -4.00647 
31.99999981 -4.00647 
32.03999981 -4.00647 
32.07999981 -4.00647 
32.1199998 -4.00647 
32.1599998 -4.00647 
32.1999998 -4.00647 
32.2399998 -4.00647 
32.2799998 -4.00647 
32.3199998 -4.00647 
32.3599998 -4.00647 
32.3999998 -4.00647 
32.4399998 -4.00647 
32.4799998 -3.832515 
32.5199998 -4.00647 
32.5599998 -3.832515 
32.5999998 -4.00647 
32.6399998 -4.00647 
32.6799998 -4.00647 
32.7199998 -4.00647 
32.7599998 -4.00647 
32.7999998 -4.00647 
32.8399998 -4.00647 
32.8799998 -4.00647 
32.9199998 -4.00647 
32.9599998 -4.00647 
32.9999998 -4.00647 
33.0399998 -4.00647 
33.0799998 -4.00647 
33.1199998 -4.00647 
33.1599998 -4.00647 
33.1999998 -4.00647 
33.2399998 -4.00647 
33.2799998 -4.00647 
33.3199998 -4.00647 
33.3599998 -4.181036 
33.3999998 -4.00647 
33.4399998 -4.00647 
33.4799998 -4.00647 
33.5199998 -4.00647 
33.5599998 -4.00647 
33.5999998 -4.00647 
33.6399998 -4.00647 
33.6799998 -4.00647 
33.7199998 -4.00647 
33.75999979 -4.00647 
33.79999979 -4.181036 
33.83999979 -4.00647 
33.87999979 -4.181036 
33.91999979 -4.181036 
33.95999979 -4.00647 
33.99999979 -4.181036 
34.03999979 -4.00647 
34.07999979 -4.181036 
34.11999979 -4.00647 
34.15999979 -4.181036 
34.19999979 -4.181036 
34.23999979 -4.181036 
34.27999979 -4.181036 
34.31999979 -4.181036 
34.35999979 -4.181036 
34.39999979 -4.00647 
34.43999979 -4.00647 
34.47999979 -4.181036 
34.51999979 -4.00647 
34.55999979 -4.181036 
34.59999979 -4.181036 
34.63999979 -4.181036 
34.67999979 -4.181036 
34.71999979 -4.181036 
34.75999979 -4.181036 
34.79999979 -4.181036 
34.83999979 -4.181036 
34.87999979 -4.181036 
34.91999979 -4.181036 
34.95999979 -4.181036 
34.99999979 -4.181036 
35.03999979 -4.181036 
35.07999979 -4.181036 
35.11999979 -4.181036 
35.15999979 -4.181036 
35.19999979 -4.181036 
35.23999979 -4.181036 
35.27999979 -4.181036 
35.31999979 -4.181036 
35.35999979 -4.181036 
35.39999978 -4.00647 
35.43999978 -4.181036 
35.47999978 -4.181036 
35.51999978 -4.181036 
35.55999978 -4.181036 
35.59999978 -4.181036 
35.63999978 -4.181036 
35.67999978 -4.181036 
35.71999978 -4.181036 
35.75999978 -4.181036 
35.79999978 -4.181036 
35.83999978 -4.181036 
35.87999978 -4.181036 
35.91999978 -4.181036 
35.95999978 -4.181036 
35.99999978 -4.181036 
36.03999978 -4.181036 
36.07999978 -4.181036 
36.11999978 -4.181036 
36.15999978 -4.181036 
36.19999978 -4.181036 
36.23999978 -4.354991 
36.27999978 -4.181036 
36.31999978 -4.181036 
36.35999978 -4.181036 
36.39999978 -4.181036 
36.43999978 -4.181036 
36.47999978 -4.354991 
36.51999978 -4.181036 
36.55999978 -4.181036 
36.59999978 -4.354991 
36.63999978 -4.181036 
36.67999978 -4.354991 
36.71999978 -4.354991 
36.75999978 -4.354991 
36.79999978 -4.181036 
36.83999978 -4.181036 
36.87999978 -4.181036 
36.91999978 -4.181036 
36.95999978 -4.354991 
36.99999978 -4.354991 
37.03999977 -4.354991 
37.07999977 -4.354991 
37.11999977 -4.354991 
37.15999977 -4.354991 
37.19999977 -4.354991 
37.23999977 -4.354991 
37.27999977 -4.354991 
37.31999977 -4.354991 
37.35999977 -4.354991 
37.39999977 -4.354991 
37.43999977 -4.354991 
37.47999977 -4.354991 
37.51999977 -4.354991 
37.55999977 -4.354991 
37.59999977 -4.354991 
37.63999977 -4.354991 
37.67999977 -4.354991 
37.71999977 -4.354991 
37.75999977 -4.354991 
37.79999977 -4.354991 
37.83999977 -4.354991 
37.87999977 -4.354991 
37.91999977 -4.354991 
37.95999977 -4.354991 
37.99999977 -4.354991 
38.03999977 -4.354991 
38.07999977 -4.354991 
38.11999977 -4.354991 
38.15999977 -4.354991 
38.19999977 -4.354991 
38.23999977 -4.354991 
38.27999977 -4.354991 
38.31999977 -4.354991 
38.35999977 -4.354991 
38.39999977 -4.354991 
38.43999977 -4.354991 
38.47999977 -4.528947 
38.51999977 -4.354991 
38.55999977 -4.354991 
38.59999977 -4.354991 
38.63999977 -4.528947 
38.67999976 -4.354991 
38.71999976 -4.354991 
38.75999976 -4.354991 
38.79999976 -4.354991 
38.83999976 -4.354991 
38.87999976 -4.354991 
38.91999976 -4.528947 
38.95999976 -4.528947 
38.99999976 -4.528947 
39.03999976 -4.354991 
39.07999976 -4.528947 
39.11999976 -4.528947 
39.15999976 -4.528947 
39.19999976 -4.528947 
39.23999976 -4.354991 
39.27999976 -4.528947 
39.31999976 -4.528947 
39.35999976 -4.528947 
39.39999976 -4.528947 
39.43999976 -4.528947 
39.47999976 -4.528947 
39.51999976 -4.528947 
39.55999976 -4.528947 
39.59999976 -4.528947 
39.63999976 -4.528947 
39.67999976 -4.528947 
39.71999976 -4.528947 
39.75999976 -4.528947 
39.79999976 -4.528947 
39.83999976 -4.528947 
39.87999976 -4.528947 
39.91999976 -4.528947 
39.95999976 -4.528947 
39.99999976 -4.528947 
40.03999976 -4.528947 
40.07999976 -4.528947 
40.11999976 -4.528947 
40.15999976 -4.528947 
40.19999976 -4.528947 
40.23999976 -4.528947 
40.27999976 -4.528947 
40.31999975 -4.528947 
40.35999975 -4.528947 
40.39999975 -4.528947 
40.43999975 -4.528947 
40.47999975 -4.702902 
40.51999975 -4.702902 
40.55999975 -4.528947 
40.59999975 -4.528947 
40.63999975 -4.528947 
40.67999975 -4.528947 
40.71999975 -4.702902 
40.75999975 -4.528947 
40.79999975 -4.528947 
40.83999975 -4.528947 
40.87999975 -4.702902 
40.91999975 -4.528947 
40.95999975 -4.528947 
40.99999975 -4.528947 
41.03999975 -4.702902 
41.07999975 -4.528947 
41.11999975 -4.702902 
41.15999975 -4.528947 
41.19999975 -4.702902 
41.23999975 -4.528947 
41.27999975 -4.702902 
41.31999975 -4.528947 
41.35999975 -4.528947 
41.39999975 -4.528947 
41.43999975 -4.877468 
41.47999975 -4.702902 
41.51999975 -4.877468 
41.55999975 -4.702902 
41.59999975 -4.528947 
41.63999975 -4.702902 
41.67999975 -4.702902 
41.71999975 -4.877468 
41.75999975 -4.702902 
41.79999975 -4.877468 
41.83999975 -4.528947 
41.87999975 -4.702902 
41.91999975 -4.877468 
41.95999974 -4.702902 
41.99999974 -4.877468 
42.03999974 -4.877468 
42.07999974 -4.877468 
42.11999974 -4.877468 
42.15999974 -4.702902 
42.19999974 -4.877468 
42.23999974 -4.702902 
42.27999974 -4.877468 
42.31999974 -4.877468 
42.35999974 -4.877468 
42.39999974 -4.877468 
42.43999974 -4.877468 
42.47999974 -4.877468 
42.51999974 -4.877468 
42.55999974 -4.877468 
42.59999974 -4.877468 
42.63999974 -4.877468 
42.67999974 -4.877468 
42.71999974 -4.877468 
42.75999974 -4.877468 
42.79999974 -4.877468 
42.83999974 -4.877468 
42.87999974 -4.877468 
42.91999974 -4.877468 
42.95999974 -4.877468 
42.99999974 -4.877468 
43.03999974 -4.877468 
43.07999974 -4.877468 
43.11999974 -4.877468 
43.15999974 -4.877468 
43.19999974 -4.877468 
43.23999974 -4.877468 
43.27999974 -4.877468 
43.31999974 -4.877468 
43.35999974 -4.877468 
43.39999974 -4.877468 
43.43999974 -4.877468 
43.47999974 -4.877468 
43.51999974 -4.877468 
43.55999974 -4.877468 
43.59999974 -4.877468 
43.63999973 -4.877468 
43.67999973 -4.877468 
43.71999973 -4.877468 
43.75999973 -4.877468 
43.79999973 -4.877468 
43.83999973 -4.877468 
43.87999973 -4.877468 
43.91999973 -5.051424 
43.95999973 -4.877468 
43.99999973 -4.877468 
44.03999973 -4.877468 
44.07999973 -4.877468 
44.11999973 -4.877468 
44.15999973 -4.877468 
44.19999973 -4.877468 
44.23999973 -4.877468 
44.27999973 -5.051424 
44.31999973 -4.877468 
44.35999973 -4.877468 
44.39999973 -5.051424 
44.43999973 -5.051424 
44.47999973 -5.051424 
44.51999973 -5.051424 
44.55999973 -5.051424 
44.59999973 -5.051424 
44.63999973 -5.051424 
44.67999973 -5.051424 
44.71999973 -5.051424 
44.75999973 -5.051424 
44.79999973 -5.051424 
44.83999973 -5.051424 
44.87999973 -5.051424 
44.91999973 -5.051424 
44.95999973 -5.051424 
44.99999973 -5.051424 
45.03999973 -5.051424 
45.07999973 -5.051424 
45.11999973 -5.051424 
45.15999973 -5.051424 
45.19999973 -5.051424 
45.23999973 -5.051424 
45.27999972 -5.051424 
45.31999972 -5.051424 
45.35999972 -5.051424 
45.39999972 -5.051424 
45.43999972 -5.051424 
45.47999972 -5.051424 
45.51999972 -5.051424 
45.55999972 -5.051424 
45.59999972 -5.051424 
45.63999972 -5.051424 
45.67999972 -5.225379 
45.71999972 -5.051424 
45.75999972 -5.051424 
45.79999972 -5.051424 
45.83999972 -5.051424 
45.87999972 -5.051424 
45.91999972 -5.051424 
45.95999972 -5.051424 
45.99999972 -5.051424 
46.03999972 -5.051424 
46.07999972 -5.051424 
46.11999972 -5.051424 
46.15999972 -5.225379 
46.19999972 -5.051424 
46.23999972 -5.051424 
46.27999972 -5.051424 
46.31999972 -5.225379 
46.35999972 -5.225379 
46.39999972 -5.051424 
46.43999972 -5.051424 
46.47999972 -5.051424 
46.51999972 -5.225379 
46.55999972 -5.051424 
46.59999972 -5.225379 
46.63999972 -5.225379 
46.67999972 -5.051424 
46.71999972 -5.051424 
46.75999972 -5.225379 
46.79999972 -5.225379 
46.83999972 -5.225379 
46.87999972 -5.051424 
46.91999971 -5.225379 
46.95999971 -5.225379 
46.99999971 -5.225379 
47.03999971 -5.051424 
47.07999971 -5.225379 
47.11999971 -5.225379 
47.15999971 -5.225379 
47.19999971 -5.225379 
47.23999971 -5.051424 
47.27999971 -5.225379 
47.31999971 -5.225379 
47.35999971 -5.399335 
47.39999971 -5.399335 
47.43999971 -5.225379 
47.47999971 -5.225379 
47.51999971 -5.225379 
47.55999971 -5.225379 
47.59999971 -5.225379 
47.63999971 -5.225379 
47.67999971 -5.225379 
47.71999971 -5.225379 
47.75999971 -5.399335 
47.79999971 -5.225379 
47.83999971 -5.225379 
47.87999971 -5.399335 
47.91999971 -5.399335 
47.95999971 -5.399335 
47.99999971 -5.399335 
48.03999971 -5.225379 
48.07999971 -5.225379 
48.11999971 -5.399335 
48.15999971 -5.399335 
48.19999971 -5.399335 
48.23999971 -5.399335 
48.27999971 -5.399335 
48.31999971 -5.399335 
48.35999971 -5.399335 
48.39999971 -5.399335 
48.43999971 -5.399335 
48.47999971 -5.399335 
48.51999971 -5.399335 
48.5599997 -5.399335 
48.5999997 -5.399335 
48.6399997 -5.399335 
48.6799997 -5.399335 
48.7199997 -5.399335 
48.7599997 -5.399335 
48.7999997 -5.225379 
48.8399997 -5.225379 
48.8799997 -5.399335 
48.9199997 -5.399335 
48.9599997 -5.399335 
48.9999997 -5.399335 
49.0399997 -5.399335 
49.0799997 -5.225379 
49.1199997 -5.399335 
49.1599997 -5.399335 
49.1999997 -5.399335 
49.2399997 -5.399335 
49.2799997 -5.399335 
49.3199997 -5.399335 
49.3599997 -5.399335 
49.3999997 -5.399335 
49.4399997 -5.399335 
49.4799997 -5.399335 
49.5199997 -5.399335 
49.5599997 -5.399335 
49.5999997 -5.225379 
49.6399997 -5.399335 
49.6799997 -5.399335 
49.7199997 -5.573901 
49.7599997 -5.399335 
49.7999997 -5.399335 
49.8399997 -5.399335 
49.8799997 -5.573901 
49.9199997 -5.399335 
49.9599997 -5.399335 
49.9999997 -5.399335 
50.0399997 -5.399335 
50.0799997 -5.573901 
50.1199997 -5.573901 
50.1599997 -5.399335 
50.19999969 -5.399335 
50.23999969 -5.573901 
50.27999969 -5.573901 
50.31999969 -5.573901 
50.35999969 -5.573901 
50.39999969 -5.399335 
50.43999969 -5.573901 
50.47999969 -5.573901 
50.51999969 -5.399335 
50.55999969 -5.573901 
50.59999969 -5.573901 
50.63999969 -5.573901 
50.67999969 -5.573901 
50.71999969 -5.573901 
50.75999969 -5.573901 
50.79999969 -5.573901 
50.83999969 -5.573901 
50.87999969 -5.573901 
50.91999969 -5.573901 
50.95999969 -5.573901 
50.99999969 -5.573901 
51.03999969 -5.573901 
51.07999969 -5.573901 
51.11999969 -5.573901 
51.15999969 -5.573901 
51.19999969 -5.573901 
51.23999969 -5.573901 
51.27999969 -5.573901 
51.31999969 -5.573901 
51.35999969 -5.573901 
51.39999969 -5.573901 
51.43999969 -5.573901 
51.47999969 -5.573901 
51.51999969 -5.573901 
51.55999969 -5.573901 
51.59999969 -5.573901 
51.63999969 -5.573901 
51.67999969 -5.573901 
51.71999969 -5.573901 
51.75999969 -5.573901 
51.79999969 -5.573901 
51.83999968 -5.573901 
51.87999968 -5.573901 
51.91999968 -5.573901 
51.95999968 -5.573901 
51.99999968 -5.573901 
52.03999968 -5.573901 
52.07999968 -5.573901 
52.11999968 -5.573901 
52.15999968 -5.573901 
52.19999968 -5.573901 
52.23999968 -5.573901 
52.27999968 -5.573901 
52.31999968 -5.573901 
52.35999968 -5.747856 
52.39999968 -5.747856 
52.43999968 -5.573901 
52.47999968 -5.747856 
52.51999968 -5.573901 
52.55999968 -5.573901 
52.59999968 -5.747856 
52.63999968 -5.573901 
52.67999968 -5.747856 
52.71999968 -5.747856 
52.75999968 -5.747856 
52.79999968 -5.747856 
52.83999968 -5.747856 
52.87999968 -5.747856 
52.91999968 -5.747856 
52.95999968 -5.747856 
52.99999968 -5.747856 
53.03999968 -5.747856 
53.07999968 -5.747856 
53.11999968 -5.747856 
53.15999968 -5.747856 
53.19999968 -5.747856 
53.23999968 -5.747856 
53.27999968 -5.747856 
53.31999968 -5.747856 
53.35999968 -5.747856 
53.39999968 -5.747856 
53.43999968 -5.747856 
53.47999967 -5.747856 
53.51999967 -5.573901 
53.55999967 -5.747856 
53.59999967 -5.747856 
53.63999967 -5.747856 
53.67999967 -5.747856 
53.71999967 -5.747856 
53.75999967 -5.747856 
53.79999967 -5.747856 
53.83999967 -5.747856 
53.87999967 -5.747856 
53.91999967 -5.747856 
53.95999967 -5.747856 
53.99999967 -5.747856 
54.03999967 -5.747856 
54.07999967 -5.747856 
54.11999967 -5.921812 
54.15999967 -5.921812 
54.19999967 -5.921812 
54.23999967 -5.747856 
54.27999967 -5.921812 
54.31999967 -5.921812 
54.35999967 -5.921812 
54.39999967 -5.747856 
54.43999967 -5.921812 
54.47999967 -5.747856 
54.51999967 -5.747856 
54.55999967 -5.747856 
54.59999967 -5.747856 
54.63999967 -5.921812 
54.67999967 -5.747856 
54.71999967 -5.921812 
54.75999967 -5.747856 
54.79999967 -5.921812 
54.83999967 -5.921812 
54.87999967 -5.747856 
54.91999967 -5.921812 
54.95999967 -5.921812 
54.99999967 -5.921812 
55.03999967 -5.921812 
55.07999967 -5.921812 
55.11999967 -5.921812 
55.15999966 -5.921812 
55.19999966 -5.921812 
55.23999966 -5.921812 
55.27999966 -5.921812 
55.31999966 -5.921812 
55.35999966 -5.921812 
55.39999966 -5.921812 
55.43999966 -5.921812 
55.47999966 -5.921812 
55.51999966 -5.921812 
55.55999966 -5.921812 
55.59999966 -5.921812 
55.63999966 -5.921812 
55.67999966 -5.921812 
55.71999966 -5.921812 
55.75999966 -5.921812 
55.79999966 -5.921812 
55.83999966 -5.921812 
55.87999966 -5.921812 
55.91999966 -5.921812 
55.95999966 -5.921812 
55.99999966 -5.921812 
56.03999966 -5.921812 
56.07999966 -5.921812 
56.11999966 -5.921812 
56.15999966 -5.921812 
56.19999966 -5.921812 
56.23999966 -5.921812 
56.27999966 -5.921812 
56.31999966 -5.921812 
56.35999966 -5.921812 
56.39999966 -5.921812 
56.43999966 -5.921812 
56.47999966 -5.921812 
56.51999966 -5.921812 
56.55999966 -5.921812 
56.59999966 -5.921812 
56.63999966 -5.921812 
56.67999966 -5.921812 
56.71999966 -5.921812 
56.75999966 -5.921812 
56.79999965 -5.921812 
56.83999965 -5.921812 
56.87999965 -5.921812 
56.91999965 -5.921812 
56.95999965 -5.921812 
56.99999965 -5.921812 
57.03999965 -5.921812 
57.07999965 -5.921812 
57.11999965 -5.921812 
57.15999965 -5.921812 
57.19999965 -5.921812 
57.23999965 -5.921812 
57.27999965 -5.921812 
57.31999965 -5.921812 
57.35999965 -5.921812 
57.39999965 -5.921812 
57.43999965 -5.921812 
57.47999965 -5.921812 
57.51999965 -5.921812 
57.55999965 -6.095767 
57.59999965 -5.921812 
57.63999965 -5.921812 
57.67999965 -6.095767 
57.71999965 -5.921812 
57.75999965 -5.921812 
57.79999965 -5.921812 
57.83999965 -5.921812 
57.87999965 -6.095767 
57.91999965 -6.095767 
57.95999965 -5.921812 
57.99999965 -6.095767 
58.03999965 -5.921812 
58.07999965 -6.095767 
58.11999965 -5.921812 
58.15999965 -6.095767 
58.19999965 -6.095767 
58.23999965 -6.095767 
58.27999965 -5.921812 
58.31999965 -6.095767 
58.35999965 -5.921812 
58.39999965 -6.095767 
58.43999964 -5.921812 
58.47999964 -6.095767 
58.51999964 -6.095767 
58.55999964 -6.095767 
58.59999964 -6.095767 
58.63999964 -6.270333 
58.67999964 -6.095767 
58.71999964 -6.270333 
58.75999964 -6.270333 
58.79999964 -6.095767 
58.83999964 -6.270333 
58.87999964 -6.270333 
58.91999964 -6.270333 
58.95999964 -6.095767 
58.99999964 -6.095767 
59.03999964 -6.095767 
59.07999964 -6.095767 
59.11999964 -6.270333 
59.15999964 -6.095767 
59.19999964 -6.270333 
59.23999964 -6.095767 
59.27999964 -6.270333 
59.31999964 -6.270333 
59.35999964 -6.270333 
59.39999964 -6.270333 
59.43999964 -6.270333 
59.47999964 -6.270333 
59.51999964 -6.270333 
59.55999964 -6.270333 
59.59999964 -6.270333 
59.63999964 -6.270333 
59.67999964 -6.270333 
59.71999964 -6.270333 
59.75999964 -6.270333 
59.79999964 -6.270333 
59.83999964 -6.270333 
59.87999964 -6.270333 
59.91999964 -6.270333 
59.95999964 -6.270333 
59.99999964 -6.270333 
60.03999964 -6.270333 
60.07999963 -6.270333 
60.11999963 -6.270333 
60.15999963 -6.270333 
60.19999963 -6.270333 
60.23999963 -6.270333 
60.27999963 -6.270333 
60.31999963 -6.270333 
60.35999963 -6.270333 
60.39999963 -6.270333 
60.43999963 -6.270333 
60.47999963 -6.270333 
60.51999963 -6.270333 
60.55999963 -6.270333 
60.59999963 -6.270333 
60.63999963 -6.270333 
60.67999963 -6.270333 
60.71999963 -6.270333 
60.75999963 -6.270333 
60.79999963 -6.270333 
60.83999963 -6.270333 
60.87999963 -6.270333 
60.91999963 -6.270333 
60.95999963 -6.270333 
60.99999963 -6.270333 
61.03999963 -6.270333 
61.07999963 -6.270333 
61.11999963 -6.270333 
61.15999963 -6.270333 
61.19999963 -6.270333 
61.23999963 -6.270333 
61.27999963 -6.270333 
61.31999963 -6.270333 
61.35999963 -6.270333 
61.39999963 -6.270333 
61.43999963 -6.444288 
61.47999963 -6.270333 
61.51999963 -6.270333 
61.55999963 -6.270333 
61.59999963 -6.444288 
61.63999963 -6.444288 
61.67999963 -6.444288 
61.71999962 -6.444288 
61.75999962 -6.444288 
61.79999962 -6.270333 
61.83999962 -6.270333 
61.87999962 -6.270333 
61.91999962 -6.444288 
61.95999962 -6.444288 
61.99999962 -6.444288 
62.03999962 -6.270333 
62.07999962 -6.444288 
62.11999962 -6.444288 
62.15999962 -6.270333 
62.19999962 -6.444288 
62.23999962 -6.444288 
62.27999962 -6.444288 
62.31999962 -6.444288 
62.35999962 -6.444288 
62.39999962 -6.444288 
62.43999962 -6.444288 
62.47999962 -6.444288 
62.51999962 -6.444288 
62.55999962 -6.444288 
62.59999962 -6.444288 
62.63999962 -6.444288 
62.67999962 -6.444288 
62.71999962 -6.444288 
62.75999962 -6.444288 
62.79999962 -6.444288 
62.83999962 -6.444288 
62.87999962 -6.444288 
62.91999962 -6.444288 
62.95999962 -6.444288 
62.99999962 -6.444288 
63.03999962 -6.444288 
63.07999962 -6.444288 
63.11999962 -6.444288 
63.15999962 -6.444288 
63.19999962 -6.444288 
63.23999962 -6.444288 
63.27999962 -6.444288 
63.31999962 -6.444288 
63.35999961 -6.444288 
63.39999961 -6.444288 
63.43999961 -6.444288 
63.47999961 -6.444288 
63.51999961 -6.444288 
63.55999961 -6.444288 
63.59999961 -6.444288 
63.63999961 -6.444288 
63.67999961 -6.444288 
63.71999961 -6.444288 
63.75999961 -6.444288 
63.79999961 -6.444288 
63.83999961 -6.444288 
63.87999961 -6.444288 
63.91999961 -6.444288 
63.95999961 -6.444288 
63.99999961 -6.444288 
64.03999961 -6.618244 
64.07999961 -6.444288 
64.11999961 -6.444288 
64.15999961 -6.444288 
64.19999961 -6.444288 
64.23999961 -6.444288 
64.27999961 -6.618244 
64.31999961 -6.618244 
64.35999961 -6.618244 
64.39999961 -6.618244 
64.43999961 -6.618244 
64.47999961 -6.444288 
64.51999961 -6.444288 
64.55999961 -6.618244 
64.59999961 -6.444288 
64.63999961 -6.444288 
64.67999961 -6.444288 
64.71999961 -6.618244 
64.75999961 -6.618244 
64.79999961 -6.618244 
64.83999961 -6.618244 
64.87999961 -6.444288 
64.91999961 -6.618244 
64.95999961 -6.444288 
64.9999996 -6.618244 
65.0399996 -6.444288 
65.0799996 -6.444288 
65.1199996 -6.618244 
65.1599996 -6.618244 
65.1999996 -6.618244 
65.2399996 -6.618244 
65.2799996 -6.618244 
65.3199996 -6.618244 
65.3599996 -6.618244 
65.3999996 -6.618244 
65.4399996 -6.618244 
65.4799996 -6.618244 
65.5199996 -6.618244 
65.5599996 -6.618244 
65.5999996 -6.618244 
65.6399996 -6.618244 
65.6799996 -6.618244 
65.7199996 -6.618244 
65.7599996 -6.618244 
65.7999996 -6.618244 
65.8399996 -6.618244 
65.8799996 -6.618244 
65.9199996 -6.618244 
65.9599996 -6.618244 
65.9999996 -6.618244 
66.0399996 -6.618244 
66.0799996 -6.618244 
66.1199996 -6.618244 
66.1599996 -6.618244 
66.1999996 -6.7922 
66.2399996 -6.618244 
66.2799996 -6.618244 
66.3199996 -6.618244 
66.3599996 -6.618244 
66.3999996 -6.618244 
66.4399996 -6.618244 
66.4799996 -6.7922 
66.5199996 -6.618244 
66.5599996 -6.7922 
66.5999996 -6.7922 
66.63999959 -6.7922 
66.67999959 -6.618244 
66.71999959 -6.7922 
66.75999959 -6.7922 
66.79999959 -6.618244 
66.83999959 -6.7922 
66.87999959 -6.7922 
66.91999959 -6.7922 
66.95999959 -6.7922 
66.99999959 -6.618244 
67.03999959 -6.7922 
67.07999959 -6.7922 
67.11999959 -6.7922 
67.15999959 -6.7922 
67.19999959 -6.7922 
67.23999959 -6.7922 
67.27999959 -6.7922 
67.31999959 -6.7922 
67.35999959 -6.618244 
67.39999959 -6.7922 
67.43999959 -6.7922 
67.47999959 -6.7922 
67.51999959 -6.7922 
67.55999959 -6.618244 
67.59999959 -6.7922 
67.63999959 -6.7922 
67.67999959 -6.7922 
67.71999959 -6.7922 
67.75999959 -6.7922 
67.79999959 -6.7922 
67.83999959 -6.7922 
67.87999959 -6.618244 
67.91999959 -6.7922 
67.95999959 -6.7922 
67.99999959 -6.618244 
68.03999959 -6.7922 
68.07999959 -6.618244 
68.11999959 -6.7922 
68.15999959 -6.7922 
68.19999959 -6.7922 
68.23999959 -6.618244 
68.27999959 -6.7922 
68.31999958 -6.7922 
68.35999958 -6.7922 
68.39999958 -6.7922 
68.43999958 -6.966765 
68.47999958 -6.7922 
68.51999958 -6.966765 
68.55999958 -6.7922 
68.59999958 -6.7922 
68.63999958 -6.7922 
68.67999958 -6.966765 
68.71999958 -6.7922 
68.75999958 -6.966765 
68.79999958 -6.618244 
68.83999958 -6.966765 
68.87999958 -6.966765 
68.91999958 -6.966765 
68.95999958 -6.966765 
68.99999958 -6.966765 
69.03999958 -6.966765 
69.07999958 -6.966765 
69.11999958 -6.966765 
69.15999958 -6.966765 
69.19999958 -6.966765 
69.23999958 -6.7922 
69.27999958 -6.7922 
69.31999958 -6.966765 
69.35999958 -6.966765 
69.39999958 -6.966765 
69.43999958 -6.966765 
69.47999958 -6.966765 
69.51999958 -6.966765 
69.55999958 -6.7922 
69.59999958 -6.966765 
69.63999958 -6.7922 
69.67999958 -6.966765 
69.71999958 -6.966765 
69.75999958 -6.966765 
69.79999958 -6.966765 
69.83999958 -6.966765 
69.87999958 -6.966765 
69.91999958 -6.966765 
69.95999957 -6.7922 
69.99999957 -6.966765 
70.03999957 -6.966765 
70.07999957 -6.966765 
70.11999957 -6.966765 
70.15999957 -6.966765 
70.19999957 -6.966765 
70.23999957 -6.966765 
70.27999957 -6.966765 
70.31999957 -6.966765 
70.35999957 -6.966765 
70.39999957 -6.966765 
70.43999957 -6.966765 
70.47999957 -6.966765 
70.51999957 -6.966765 
70.55999957 -6.966765 
70.59999957 -6.966765 
70.63999957 -6.966765 
70.67999957 -6.966765 
70.71999957 -6.966765 
70.75999957 -6.966765 
70.79999957 -6.966765 
70.83999957 -6.966765 
70.87999957 -6.966765 
70.91999957 -6.966765 
70.95999957 -6.966765 
70.99999957 -6.966765 
71.03999957 -6.966765 
71.07999957 -6.966765 
71.11999957 -6.966765 
71.15999957 -6.966765 
71.19999957 -6.966765 
71.23999957 -6.966765 
71.27999957 -6.966765 
71.31999957 -6.966765 
71.35999957 -6.966765 
71.39999957 -6.966765 
71.43999957 -6.966765 
71.47999957 -6.966765 
71.51999957 -6.966765 
71.55999957 -7.140721 
71.59999956 -6.966765 
71.63999956 -7.140721 
71.67999956 -6.966765 
71.71999956 -6.966765 
71.75999956 -6.966765 
71.79999956 -6.966765 
71.83999956 -7.140721 
71.87999956 -7.140721 
71.91999956 -7.140721 
71.95999956 -6.966765 
71.99999956 -7.140721 
72.03999956 -6.966765 
72.07999956 -7.140721 
72.11999956 -6.966765 
72.15999956 -6.966765 
72.19999956 -7.140721 
72.23999956 -7.140721 
72.27999956 -7.140721 
72.31999956 -7.140721 
72.35999956 -7.140721 
72.39999956 -6.966765 
72.43999956 -7.140721 
72.47999956 -7.140721 
72.51999956 -7.140721 
72.55999956 -7.140721 
72.59999956 -7.140721 
72.63999956 -7.140721 
72.67999956 -7.140721 
72.71999956 -7.140721 
72.75999956 -6.966765 
72.79999956 -7.140721 
72.83999956 -7.140721 
72.87999956 -7.140721 
72.91999956 -7.140721 
72.95999956 -7.140721 
72.99999956 -7.140721 
73.03999956 -7.140721 
73.07999956 -7.140721 
73.11999956 -7.140721 
73.15999956 -7.140721 
73.19999956 -7.140721 
73.23999955 -7.140721 
73.27999955 -7.140721 
73.31999955 -7.140721 
73.35999955 -7.140721 
73.39999955 -7.140721 
73.43999955 -7.140721 
73.47999955 -7.140721 
73.51999955 -7.314676 
73.55999955 -7.140721 
73.59999955 -7.140721 
73.63999955 -7.140721 
73.67999955 -7.140721 
73.71999955 -7.140721 
73.75999955 -7.140721 
73.79999955 -7.140721 
73.83999955 -7.140721 
73.87999955 -7.140721 
73.91999955 -7.140721 
73.95999955 -7.140721 
73.99999955 -7.140721 
74.03999955 -7.140721 
74.07999955 -7.140721 
74.11999955 -7.140721 
74.15999955 -7.140721 
74.19999955 -7.140721 
74.23999955 -7.140721 
74.27999955 -7.140721 
74.31999955 -7.140721 
74.35999955 -7.140721 
74.39999955 -7.140721 
74.43999955 -7.140721 
74.47999955 -7.140721 
74.51999955 -7.140721 
74.55999955 -7.140721 
74.59999955 -7.140721 
74.63999955 -7.140721 
74.67999955 -7.140721 
74.71999955 -7.314676 
74.75999955 -7.140721 
74.79999955 -7.140721 
74.83999955 -7.314676 
74.87999954 -7.314676 
74.91999954 -7.140721 
74.95999954 -7.314676 
74.99999954 -7.314676 
75.03999954 -7.140721 
75.07999954 -7.314676 
75.11999954 -7.140721 
75.15999954 -7.314676 
75.19999954 -7.314676 
75.23999954 -7.314676 
75.27999954 -7.314676 
75.31999954 -7.140721 
75.35999954 -7.314676 
75.39999954 -7.314676 
75.43999954 -7.314676 
75.47999954 -7.140721 
75.51999954 -7.140721 
75.55999954 -7.314676 
75.59999954 -7.314676 
75.63999954 -7.140721 
75.67999954 -7.314676 
75.71999954 -7.314676 
75.75999954 -7.314676 
75.79999954 -7.314676 
75.83999954 -7.314676 
75.87999954 -7.314676 
75.91999954 -7.314676 
75.95999954 -7.314676 
75.99999954 -7.314676 
76.03999954 -7.314676 
76.07999954 -7.314676 
76.11999954 -7.140721 
76.15999954 -7.314676 
76.19999954 -7.314676 
76.23999954 -7.314676 
76.27999954 -7.314676 
76.31999954 -7.314676 
76.35999954 -7.314676 
76.39999954 -7.314676 
76.43999954 -7.314676 
76.47999954 -7.314676 
76.51999953 -7.314676 
76.55999953 -7.314676 
76.59999953 -7.314676 
76.63999953 -7.314676 
76.67999953 -7.314676 
76.71999953 -7.314676 
76.75999953 -7.314676 
76.79999953 -7.314676 
76.83999953 -7.314676 
76.87999953 -7.314676 
76.91999953 -7.314676 
76.95999953 -7.314676 
76.99999953 -7.314676 
77.03999953 -7.314676 
77.07999953 -7.314676 
77.11999953 -7.314676 
77.15999953 -7.314676 
77.19999953 -7.314676 
77.23999953 -7.314676 
77.27999953 -7.314676 
77.31999953 -7.314676 
77.35999953 -7.314676 
77.39999953 -7.314676 
77.43999953 -7.314676 
77.47999953 -7.314676 
77.51999953 -7.314676 
77.55999953 -7.314676 
77.59999953 -7.314676 
77.63999953 -7.314676 
77.67999953 -7.314676 
77.71999953 -7.314676 
77.75999953 -7.314676 
77.79999953 -7.314676 
77.83999953 -7.314676 
77.87999953 -7.314676 
77.91999953 -7.314676 
77.95999953 -7.314676 
77.99999953 -7.314676 
78.03999953 -7.314676 
78.07999953 -7.314676 
78.11999953 -7.314676 
78.15999952 -7.314676 
78.19999952 -7.314676 
78.23999952 -7.314676 
78.27999952 -7.314676 
78.31999952 -7.314676 
78.35999952 -7.314676 
78.39999952 -7.314676 
78.43999952 -7.314676 
78.47999952 -7.314676 
78.51999952 -7.314676 
78.55999952 -7.314676 
78.59999952 -7.314676 
78.63999952 -7.314676 
78.67999952 -7.314676 
78.71999952 -7.488632 
78.75999952 -7.314676 
78.79999952 -7.488632 
78.83999952 -7.314676 
78.87999952 -7.314676 
78.91999952 -7.314676 
78.95999952 -7.488632 
78.99999952 -7.314676 
79.03999952 -7.314676 
79.07999952 -7.314676 
79.11999952 -7.314676 
79.15999952 -7.314676 
79.19999952 -7.488632 
79.23999952 -7.314676 
79.27999952 -7.314676 
79.31999952 -7.314676 
79.35999952 -7.488632 
79.39999952 -7.314676 
79.43999952 -7.314676 
79.47999952 -7.314676 
79.51999952 -7.314676 
79.55999952 -7.488632 
79.59999952 -7.314676 
79.63999952 -7.488632 
79.67999952 -7.488632 
79.71999952 -7.488632 
79.75999952 -7.488632 
79.79999952 -7.488632 
79.83999951 -7.488632 
79.87999951 -7.488632 
79.91999951 -7.488632 
79.95999951 -7.314676 
79.99999951 -7.488632 
80.03999951 -7.488632 
80.07999951 -7.488632 
80.11999951 -7.488632 
80.15999951 -7.663198 
80.19999951 -7.488632 
80.23999951 -7.488632 
80.27999951 -7.314676 
80.31999951 -7.314676 
80.35999951 -7.663198 
80.39999951 -7.663198 
80.43999951 -7.488632 
80.47999951 -7.663198 
80.51999951 -7.488632 
80.55999951 -7.314676 
80.59999951 -7.663198 
80.63999951 -7.314676 
80.67999951 -7.488632 
80.71999951 -7.663198 
80.75999951 -7.488632 
80.79999951 -7.488632 
80.83999951 -7.488632 
80.87999951 -7.488632 
80.91999951 -7.488632 
80.95999951 -7.488632 
80.99999951 -7.663198 
81.03999951 -7.488632 
81.07999951 -7.488632 
81.11999951 -7.488632 
81.15999951 -7.488632 
81.19999951 -7.663198 
81.23999951 -7.488632 
81.27999951 -7.488632 
81.31999951 -7.488632 
81.35999951 -7.663198 
81.39999951 -7.488632 
81.43999951 -7.663198 
81.4799995 -7.663198 
81.5199995 -7.663198 
81.5599995 -7.488632 
81.5999995 -7.488632 
81.6399995 -7.663198 
81.6799995 -7.663198 
81.7199995 -7.663198 
81.7599995 -7.663198 
81.7999995 -7.663198 
81.8399995 -7.488632 
81.8799995 -7.663198 
81.9199995 -7.663198 
81.9599995 -7.663198 
81.9999995 -7.663198 
82.0399995 -7.663198 
82.0799995 -7.663198 
82.1199995 -7.663198 
82.1599995 -7.663198 
82.1999995 -7.663198 
82.2399995 -7.663198 
82.2799995 -7.663198 
82.3199995 -7.663198 
82.3599995 -7.663198 
82.3999995 -7.663198 
82.4399995 -7.663198 
82.4799995 -7.663198 
82.5199995 -7.663198 
82.5599995 -7.663198 
82.5999995 -7.663198 
82.6399995 -7.663198 
82.6799995 -7.663198 
82.7199995 -7.663198 
82.7599995 -7.663198 
82.7999995 -7.663198 
82.8399995 -7.663198 
82.8799995 -7.663198 
82.9199995 -7.663198 
82.9599995 -7.663198 
82.9999995 -7.663198 
83.0399995 -7.663198 
83.0799995 -7.663198 
83.11999949 -7.663198 
83.15999949 -7.663198 
83.19999949 -7.663198 
83.23999949 -7.663198 
83.27999949 -7.663198 
83.31999949 -7.663198 
83.35999949 -7.663198 
83.39999949 -7.663198 
83.43999949 -7.663198 
83.47999949 -7.663198 
83.51999949 -7.663198 
83.55999949 -7.663198 
83.59999949 -7.663198 
83.63999949 -7.663198 
83.67999949 -7.663198 
83.71999949 -7.663198 
83.75999949 -7.663198 
83.79999949 -7.663198 
83.83999949 -7.663198 
83.87999949 -7.663198 
83.91999949 -7.663198 
83.95999949 -7.663198 
83.99999949 -7.663198 
84.03999949 -7.663198 
84.07999949 -7.663198 
84.11999949 -7.663198 
84.15999949 -7.663198 
84.19999949 -7.663198 
84.23999949 -7.663198 
84.27999949 -7.663198 
84.31999949 -7.663198 
84.35999949 -7.663198 
84.39999949 -7.663198 
84.43999949 -7.663198 
84.47999949 -7.663198 
84.51999949 -7.663198 
84.55999949 -7.663198 
84.59999949 -7.663198 
84.63999949 -7.663198 
84.67999949 -7.663198 
84.71999949 -7.663198 
84.75999948 -7.663198 
84.79999948 -7.663198 
84.83999948 -7.663198 
84.87999948 -7.663198 
84.91999948 -7.663198 
84.95999948 -7.663198 
84.99999948 -7.663198 
85.03999948 -7.663198 
85.07999948 -7.663198 
85.11999948 -7.663198 
85.15999948 -7.663198 
85.19999948 -7.663198 
85.23999948 -7.663198 
85.27999948 -7.663198 
85.31999948 -7.663198 
85.35999948 -7.837153 
85.39999948 -7.663198 
85.43999948 -7.663198 
85.47999948 -7.663198 
85.51999948 -7.837153 
85.55999948 -7.837153 
85.59999948 -7.663198 
85.63999948 -7.663198 
85.67999948 -7.837153 
85.71999948 -7.837153 
85.75999948 -7.837153 
85.79999948 -7.663198 
85.83999948 -7.837153 
85.87999948 -7.663198 
85.91999948 -7.837153 
85.95999948 -7.837153 
85.99999948 -7.663198 
86.03999948 -7.837153 
86.07999948 -7.837153 
86.11999948 -7.837153 
86.15999948 -7.837153 
86.19999948 -7.837153 
86.23999948 -7.663198 
86.27999948 -7.837153 
86.31999948 -7.837153 
86.35999948 -7.837153 
86.39999947 -7.837153 
86.43999947 -7.837153 
86.47999947 -7.837153 
86.51999947 -7.837153 
86.55999947 -7.837153 
86.59999947 -7.837153 
86.63999947 -7.837153 
86.67999947 -7.663198 
86.71999947 -7.837153 
86.75999947 -7.837153 
86.79999947 -7.837153 
86.83999947 -7.837153 
86.87999947 -7.837153 
86.91999947 -7.837153 
86.95999947 -7.837153 
86.99999947 -7.837153 
87.03999947 -7.837153 
87.07999947 -7.837153 
87.11999947 -7.837153 
87.15999947 -7.837153 
87.19999947 -7.837153 
87.23999947 -7.837153 
87.27999947 -7.837153 
87.31999947 -7.663198 
87.35999947 -7.837153 
87.39999947 -7.837153 
87.43999947 -7.837153 
87.47999947 -7.837153 
87.51999947 -7.837153 
87.55999947 -7.837153 
87.59999947 -7.837153 
87.63999947 -7.837153 
87.67999947 -7.837153 
87.71999947 -7.837153 
87.75999947 -7.837153 
87.79999947 -7.837153 
87.83999947 -7.837153 
87.87999947 -7.837153 
87.91999947 -7.837153 
87.95999947 -7.837153 
87.99999947 -7.837153 
88.03999946 -7.837153 
88.07999946 -7.837153 
88.11999946 -7.837153 
88.15999946 -7.837153 
88.19999946 -7.837153 
88.23999946 -7.837153 
88.27999946 -7.837153 
88.31999946 -7.837153 
88.35999946 -7.837153 
88.39999946 -7.837153 
88.43999946 -7.837153 
88.47999946 -7.837153 
88.51999946 -7.837153 
88.55999946 -7.837153 
88.59999946 -7.837153 
88.63999946 -7.837153 
88.67999946 -7.837153 
88.71999946 -7.837153 
88.75999946 -7.837153 
88.79999946 -7.837153 
88.83999946 -7.837153 
88.87999946 -7.837153 
88.91999946 -7.837153 
88.95999946 -7.837153 
88.99999946 -7.837153 
89.03999946 -7.837153 
89.07999946 -7.837153 
89.11999946 -7.837153 
89.15999946 -7.837153 
89.19999946 -7.837153 
89.23999946 -7.837153 
89.27999946 -8.011108 
89.31999946 -7.837153 
89.35999946 -7.837153 
89.39999946 -7.837153 
89.43999946 -7.837153 
89.47999946 -7.837153 
89.51999946 -7.837153 
89.55999946 -7.837153 
89.59999946 -8.011108 
89.63999946 -7.837153 
89.67999945 -7.837153 
89.71999945 -7.837153 
89.75999945 -8.011108 
89.79999945 -8.011108 
89.83999945 -7.837153 
89.87999945 -7.837153 
89.91999945 -7.837153 
89.95999945 -7.837153 
89.99999945 -7.837153 
90.03999945 -8.011108 
90.07999945 -8.011108 
90.11999945 -7.837153 
90.15999945 -7.837153 
90.19999945 -7.837153 
90.23999945 -8.011108 
90.27999945 -8.011108 
90.31999945 -7.837153 
90.35999945 -8.011108 
90.39999945 -7.837153 
90.43999945 -7.837153 
90.47999945 -8.011108 
90.51999945 -8.011108 
90.55999945 -8.011108 
90.59999945 -8.011108 
90.63999945 -8.011108 
90.67999945 -8.011108 
90.71999945 -8.011108 
90.75999945 -8.011108 
90.79999945 -8.011108 
90.83999945 -8.011108 
90.87999945 -8.011108 
90.91999945 -7.837153 
90.95999945 -8.011108 
90.99999945 -8.011108 
91.03999945 -8.011108 
91.07999945 -8.011108 
91.11999945 -8.011108 
91.15999945 -8.011108 
91.19999945 -8.011108 
91.23999945 -8.011108 
91.27999945 -8.185064 
91.31999945 -8.011108 
91.35999944 -8.011108 
91.39999944 -8.011108 
91.43999944 -8.011108 
91.47999944 -8.011108 
91.51999944 -8.011108 
91.55999944 -8.011108 
91.59999944 -8.011108 
91.63999944 -8.011108 
91.67999944 -8.011108 
91.71999944 -8.011108 
91.75999944 -8.011108 
91.79999944 -8.011108 
91.83999944 -8.011108 
91.87999944 -8.011108 
91.91999944 -8.011108 
91.95999944 -8.185064 
91.99999944 -8.185064 
92.03999944 -8.185064 
92.07999944 -8.011108 
92.11999944 -8.185064 
92.15999944 -8.011108 
92.19999944 -8.185064 
92.23999944 -8.011108 
92.27999944 -8.185064 
92.31999944 -8.011108 
92.35999944 -8.185064 
92.39999944 -8.011108 
92.43999944 -8.011108 
92.47999944 -8.185064 
92.51999944 -8.185064 
92.55999944 -8.011108 
92.59999944 -8.011108 
92.63999944 -8.185064 
92.67999944 -8.011108 
92.71999944 -8.011108 
92.75999944 -8.185064 
92.79999944 -8.185064 
92.83999944 -8.185064 
92.87999944 -8.185064 
92.91999944 -8.011108 
92.95999944 -8.011108 
92.99999943 -8.185064 
93.03999943 -8.011108 
93.07999943 -8.185064 
93.11999943 -8.185064 
93.15999943 -8.185064 
93.19999943 -8.185064 
93.23999943 -8.011108 
93.27999943 -8.185064 
93.31999943 -8.185064 
93.35999943 -8.011108 
93.39999943 -8.185064 
93.43999943 -8.185064 
93.47999943 -8.185064 
93.51999943 -8.185064 
93.55999943 -8.185064 
93.59999943 -8.185064 
93.63999943 -8.185064 
93.67999943 -8.185064 
93.71999943 -8.185064 
93.75999943 -8.185064 
93.79999943 -8.185064 
93.83999943 -8.011108 
93.87999943 -8.185064 
93.91999943 -8.185064 
93.95999943 -8.185064 
93.99999943 -8.185064 
94.03999943 -8.185064 
94.07999943 -8.185064 
94.11999943 -8.185064 
94.15999943 -8.185064 
94.19999943 -8.185064 
94.23999943 -8.185064 
94.27999943 -8.185064 
94.31999943 -8.185064 
94.35999943 -8.011108 
94.39999943 -8.185064 
94.43999943 -8.185064 
94.47999943 -8.185064 
94.51999943 -8.185064 
94.55999943 -8.011108 
94.59999943 -8.185064 
94.63999942 -8.185064 
94.67999942 -8.185064 
94.71999942 -8.185064 
94.75999942 -8.011108 
94.79999942 -8.185064 
94.83999942 -8.011108 
94.87999942 -8.185064 
94.91999942 -8.185064 
94.95999942 -8.185064 
94.99999942 -8.185064 
95.03999942 -8.185064 
95.07999942 -8.185064 
95.11999942 -8.011108 
95.15999942 -8.185064 
95.19999942 -8.011108 
95.23999942 -8.185064 
95.27999942 -8.185064 
95.31999942 -8.185064 
95.35999942 -8.185064 
95.39999942 -8.185064 
95.43999942 -8.185064 
95.47999942 -8.185064 
95.51999942 -8.185064 
95.55999942 -8.185064 
95.59999942 -8.185064 
95.63999942 -8.185064 
95.67999942 -8.185064 
95.71999942 -8.185064 
95.75999942 -8.185064 
95.79999942 -8.185064 
95.83999942 -8.185064 
95.87999942 -8.185064 
95.91999942 -8.359631 
95.95999942 -8.185064 
95.99999942 -8.185064 
96.03999942 -8.185064 
96.07999942 -8.185064 
96.11999942 -8.185064 
96.15999942 -8.185064 
96.19999942 -8.185064 
96.23999942 -8.359631 
96.27999941 -8.185064 
96.31999941 -8.185064 
96.35999941 -8.185064 
96.39999941 -8.185064 
96.43999941 -8.359631 
96.47999941 -8.185064 
96.51999941 -8.185064 
96.55999941 -8.185064 
96.59999941 -8.185064 
96.63999941 -8.185064 
96.67999941 -8.185064 
96.71999941 -8.359631 
96.75999941 -8.359631 
96.79999941 -8.359631 
96.83999941 -8.359631 
96.87999941 -8.185064 
96.91999941 -8.359631 
96.95999941 -8.359631 
96.99999941 -8.185064 
97.03999941 -8.359631 
97.07999941 -8.185064 
97.11999941 -8.359631 
97.15999941 -8.359631 
97.19999941 -8.359631 
97.23999941 -8.359631 
97.27999941 -8.359631 
97.31999941 -8.359631 
97.35999941 -8.359631 
97.39999941 -8.359631 
97.43999941 -8.359631 
97.47999941 -8.359631 
97.51999941 -8.185064 
97.55999941 -8.359631 
97.59999941 -8.359631 
97.63999941 -8.359631 
97.67999941 -8.359631 
97.71999941 -8.359631 
97.75999941 -8.359631 
97.79999941 -8.359631 
97.83999941 -8.185064 
97.87999941 -8.359631 
97.9199994 -8.359631 
97.9599994 -8.359631 
97.9999994 -8.359631 
98.0399994 -8.359631 
98.0799994 -8.359631 
98.1199994 -8.359631 
98.1599994 -8.359631 
98.1999994 -8.359631 
98.2399994 -8.359631 
98.2799994 -8.359631 
98.3199994 -8.359631 
98.3599994 -8.359631 
98.3999994 -8.359631 
98.4399994 -8.359631 
98.4799994 -8.359631 
98.5199994 -8.359631 
98.5599994 -8.359631 
98.5999994 -8.359631 
98.6399994 -8.359631 
98.6799994 -8.359631 
98.7199994 -8.359631 
98.7599994 -8.359631 
98.7999994 -8.359631 
98.8399994 -8.359631 
98.8799994 -8.359631 
98.9199994 -8.359631 
98.9599994 -8.359631 
98.9999994 -8.359631 
99.0399994 -8.359631 
99.0799994 -8.359631 
99.1199994 -8.359631 
99.1599994 -8.359631 
99.1999994 -8.359631 
99.2399994 -8.359631 
99.2799994 -8.359631 
99.3199994 -8.359631 
99.3599994 -8.359631 
99.3999994 -8.359631 
99.4399994 -8.359631 
99.4799994 -8.359631 
99.5199994 -8.359631 
99.55999939 -8.359631 
99.59999939 -8.359631 
99.63999939 -8.359631 
99.67999939 -8.359631 
99.71999939 -8.359631 
99.75999939 -8.359631 
99.79999939 -8.359631 
99.83999939 -8.359631 
99.87999939 -8.359631 
99.91999939 -8.359631 
99.95999939 -8.359631 
99.99999939 -8.359631 
100.03999939 -8.359631 
100.07999939 -8.359631 
100.11999939 -8.359631 
100.15999939 -8.359631 
100.19999939 -8.359631 
100.23999939 -8.359631 
100.27999939 -8.359631 
100.31999939 -8.359631 
100.35999939 -8.359631 
100.39999939 -8.359631 
100.43999939 -8.359631 
100.47999939 -8.359631 
100.51999939 -8.359631 
100.55999939 -8.359631 
100.59999939 -8.359631 
100.63999939 -8.359631 
100.67999939 -8.359631 
100.71999939 -8.359631 
100.75999939 -8.359631 
100.79999939 -8.359631 
100.83999939 -8.359631 
100.87999939 -8.359631 
100.91999939 -8.359631 
100.95999939 -8.359631 
100.99999939 -8.359631 
101.03999939 -8.359631 
101.07999939 -8.359631 
101.11999939 -8.359631 
101.15999939 -8.359631 
101.19999938 -8.359631 
101.23999938 -8.359631 
101.27999938 -8.359631 
101.31999938 -8.359631 
101.35999938 -8.359631 
101.39999938 -8.359631 
101.43999938 -8.359631 
101.47999938 -8.359631 
101.51999938 -8.359631 
101.55999938 -8.359631 
101.59999938 -8.533586 
101.63999938 -8.359631 
101.67999938 -8.359631 
101.71999938 -8.533586 
101.75999938 -8.359631 
101.79999938 -8.533586 
101.83999938 -8.533586 
101.87999938 -8.359631 
101.91999938 -8.533586 
101.95999938 -8.359631 
101.99999938 -8.359631 
102.03999938 -8.359631 
102.07999938 -8.533586 
102.11999938 -8.359631 
102.15999938 -8.359631 
102.19999938 -8.359631 
102.23999938 -8.359631 
102.27999938 -8.359631 
102.31999938 -8.533586 
102.35999938 -8.359631 
102.39999938 -8.533586 
102.43999938 -8.359631 
102.47999938 -8.359631 
102.51999938 -8.359631 
102.55999938 -8.359631 
102.59999938 -8.359631 
102.63999938 -8.359631 
102.67999938 -8.533586 
102.71999938 -8.533586 
102.75999938 -8.533586 
102.79999938 -8.359631 
102.83999937 -8.533586 
102.87999937 -8.533586 
102.91999937 -8.533586 
102.95999937 -8.359631 
102.99999937 -8.533586 
103.03999937 -8.533586 
103.07999937 -8.533586 
103.11999937 -8.533586 
103.15999937 -8.359631 
103.19999937 -8.533586 
103.23999937 -8.359631 
103.27999937 -8.533586 
103.31999937 -8.359631 
103.35999937 -8.533586 
103.39999937 -8.533586 
103.43999937 -8.533586 
103.47999937 -8.533586 
103.51999937 -8.359631 
103.55999937 -8.533586 
103.59999937 -8.533586 
103.63999937 -8.533586 
103.67999937 -8.533586 
103.71999937 -8.533586 
103.75999937 -8.533586 
103.79999937 -8.533586 
103.83999937 -8.533586 
103.87999937 -8.533586 
103.91999937 -8.533586 
103.95999937 -8.533586 
103.99999937 -8.533586 
104.03999937 -8.533586 
104.07999937 -8.533586 
104.11999937 -8.533586 
104.15999937 -8.533586 
104.19999937 -8.533586 
104.23999937 -8.359631 
104.27999937 -8.359631 
104.31999937 -8.533586 
104.35999937 -8.533586 
104.39999937 -8.533586 
104.43999937 -8.533586 
104.47999937 -8.533586 
104.51999936 -8.533586 
104.55999936 -8.533586 
104.59999936 -8.533586 
104.63999936 -8.533586 
104.67999936 -8.533586 
104.71999936 -8.533586 
104.75999936 -8.533586 
104.79999936 -8.533586 
104.83999936 -8.533586 
104.87999936 -8.533586 
104.91999936 -8.533586 
104.95999936 -8.533586 
104.99999936 -8.533586 
105.03999936 -8.533586 
105.07999936 -8.533586 
105.11999936 -8.533586 
105.15999936 -8.533586 
105.19999936 -8.533586 
105.23999936 -8.533586 
105.27999936 -8.533586 
105.31999936 -8.533586 
105.35999936 -8.533586 
105.39999936 -8.533586 
105.43999936 -8.533586 
105.47999936 -8.533586 
105.51999936 -8.533586 
105.55999936 -8.533586 
105.59999936 -8.533586 
105.63999936 -8.533586 
105.67999936 -8.533586 
105.71999936 -8.533586 
105.75999936 -8.533586 
105.79999936 -8.533586 
105.83999936 -8.533586 
105.87999936 -8.533586 
105.91999936 -8.533586 
105.95999936 -8.533586 
105.99999936 -8.533586 
106.03999936 -8.533586 
106.07999936 -8.533586 
106.11999936 -8.533586 
106.15999935 -8.533586 
106.19999935 -8.533586 
106.23999935 -8.533586 
106.27999935 -8.533586 
106.31999935 -8.533586 
106.35999935 -8.533586 
106.39999935 -8.533586 
106.43999935 -8.533586 
106.47999935 -8.533586 
106.51999935 -8.533586 
106.55999935 -8.533586 
106.59999935 -8.533586 
106.63999935 -8.707541 
106.67999935 -8.533586 
106.71999935 -8.533586 
106.75999935 -8.533586 
106.79999935 -8.533586 
106.83999935 -8.707541 
106.87999935 -8.707541 
106.91999935 -8.707541 
106.95999935 -8.533586 
106.99999935 -8.533586 
107.03999935 -8.707541 
107.07999935 -8.707541 
107.11999935 -8.533586 
107.15999935 -8.533586 
107.19999935 -8.533586 
107.23999935 -8.533586 
107.27999935 -8.707541 
107.31999935 -8.533586 
107.35999935 -8.707541 
107.39999935 -8.707541 
107.43999935 -8.533586 
107.47999935 -8.533586 
107.51999935 -8.533586 
107.55999935 -8.533586 
107.59999935 -8.533586 
107.63999935 -8.533586 
107.67999935 -8.707541 
107.71999935 -8.533586 
107.75999935 -8.533586 
107.79999934 -8.533586 
107.83999934 -8.533586 
107.87999934 -8.533586 
107.91999934 -8.533586 
107.95999934 -8.707541 
107.99999934 -8.707541 
108.03999934 -8.707541 
108.07999934 -8.533586 
108.11999934 -8.533586 
108.15999934 -8.533586 
108.19999934 -8.707541 
108.23999934 -8.707541 
108.27999934 -8.707541 
108.31999934 -8.707541 
108.35999934 -8.707541 
108.39999934 -8.707541 
108.43999934 -8.533586 
108.47999934 -8.707541 
108.51999934 -8.533586 
108.55999934 -8.533586 
108.59999934 -8.707541 
108.63999934 -8.707541 
108.67999934 -8.533586 
108.71999934 -8.707541 
108.75999934 -8.707541 
108.79999934 -8.707541 
108.83999934 -8.707541 
108.87999934 -8.707541 
108.91999934 -8.707541 
108.95999934 -8.707541 
108.99999934 -8.707541 
109.03999934 -8.533586 
109.07999934 -8.533586 
109.11999934 -8.707541 
109.15999934 -8.707541 
109.19999934 -8.707541 
109.23999934 -8.707541 
109.27999934 -8.707541 
109.31999934 -8.707541 
109.35999934 -8.707541 
109.39999934 -8.707541 
109.43999933 -8.707541 
109.47999933 -8.707541 
109.51999933 -8.707541 
109.55999933 -8.707541 
109.59999933 -8.707541 
109.63999933 -8.707541 
109.67999933 -8.707541 
109.71999933 -8.707541 
109.75999933 -8.707541 
109.79999933 -8.707541 
109.83999933 -8.707541 
109.87999933 -8.707541 
109.91999933 -8.707541 
109.95999933 -8.707541 
109.99999933 -8.707541 
110.03999933 -8.707541 
110.07999933 -8.707541 
110.11999933 -8.533586 
110.15999933 -8.707541 
110.19999933 -8.707541 
110.23999933 -8.707541 
110.27999933 -8.707541 
110.31999933 -8.707541 
110.35999933 -8.707541 
110.39999933 -8.707541 
110.43999933 -8.707541 
110.47999933 -8.707541 
110.51999933 -8.707541 
110.55999933 -8.707541 
110.59999933 -8.707541 
110.63999933 -8.707541 
110.67999933 -8.707541 
110.71999933 -8.707541 
110.75999933 -8.707541 
110.79999933 -8.707541 
110.83999933 -8.707541 
110.87999933 -8.707541 
110.91999933 -8.707541 
110.95999933 -8.707541 
110.99999933 -8.707541 
111.03999933 -8.707541 
111.07999932 -8.707541 
111.11999932 -8.707541 
111.15999932 -8.707541 
111.19999932 -8.707541 
111.23999932 -8.707541 
111.27999932 -8.707541 
111.31999932 -8.707541 
111.35999932 -8.707541 
111.39999932 -8.707541 
111.43999932 -8.707541 
111.47999932 -8.707541 
111.51999932 -8.707541 
111.55999932 -8.707541 
111.59999932 -8.707541 
111.63999932 -8.707541 
111.67999932 -8.707541 
111.71999932 -8.707541 
111.75999932 -8.707541 
111.79999932 -8.707541 
111.83999932 -8.707541 
111.87999932 -8.707541 
111.91999932 -8.707541 
111.95999932 -8.707541 
111.99999932 -8.707541 
112.03999932 -8.707541 
112.07999932 -8.707541 
112.11999932 -8.707541 
112.15999932 -8.707541 
112.19999932 -8.707541 
112.23999932 -8.707541 
112.27999932 -8.707541 
112.31999932 -8.707541 
112.35999932 -8.707541 
112.39999932 -8.707541 
112.43999932 -8.707541 
112.47999932 -8.707541 
112.51999932 -8.707541 
112.55999932 -8.707541 
112.59999932 -8.707541 
112.63999932 -8.707541 
112.67999932 -8.707541 
112.71999931 -8.707541 
112.75999931 -8.707541 
112.79999931 -8.707541 
112.83999931 -8.707541 
112.87999931 -8.707541 
112.91999931 -8.707541 
112.95999931 -8.707541 
112.99999931 -8.707541 
113.03999931 -8.707541 
113.07999931 -8.707541 
113.11999931 -8.707541 
113.15999931 -8.707541 
113.19999931 -8.707541 
113.23999931 -8.707541 
113.27999931 -8.707541 
113.31999931 -8.707541 
113.35999931 -8.707541 
113.39999931 -8.707541 
113.43999931 -8.707541 
113.47999931 -8.707541 
113.51999931 -8.707541 
113.55999931 -8.707541 
113.59999931 -8.707541 
113.63999931 -8.707541 
113.67999931 -8.707541 
113.71999931 -8.707541 
113.75999931 -8.707541 
113.79999931 -8.707541 
113.83999931 -8.707541 
113.87999931 -8.707541 
113.91999931 -8.707541 
113.95999931 -8.707541 
113.99999931 -8.707541 
114.03999931 -8.707541 
114.07999931 -8.707541 
114.11999931 -8.707541 
114.15999931 -8.707541 
114.19999931 -8.707541 
114.23999931 -8.707541 
114.27999931 -8.707541 
114.31999931 -8.707541 
114.3599993 -8.707541 
114.3999993 -8.707541 
114.4399993 -8.707541 
114.4799993 -8.707541 
114.5199993 -8.707541 
114.5599993 -8.707541 
114.5999993 -8.707541 
114.6399993 -8.707541 
114.6799993 -8.707541 
114.7199993 -8.707541 
114.7599993 -8.707541 
114.7999993 -8.707541 
114.8399993 -8.707541 
114.8799993 -8.707541 
114.9199993 -8.707541 
114.9599993 -8.707541 
114.9999993 -8.707541 
115.0399993 -8.707541 
115.0799993 -8.707541 
115.1199993 -8.707541 
115.1599993 -8.707541 
115.1999993 -8.707541 
115.2399993 -8.707541 
115.2799993 -8.707541 
115.3199993 -8.707541 
115.3599993 -8.881496 
115.3999993 -8.707541 
115.4399993 -8.881496 
115.4799993 -8.707541 
115.5199993 -8.707541 
115.5599993 -8.881496 
115.5999993 -8.707541 
115.6399993 -8.707541 
115.6799993 -8.707541 
115.7199993 -8.881496 
115.7599993 -8.881496 
115.7999993 -8.881496 
115.8399993 -8.881496 
115.8799993 -8.881496 
115.9199993 -8.707541 
115.9599993 -8.881496 
115.9999993 -8.881496 
116.03999929 -8.707541 
116.07999929 -8.881496 
116.11999929 -8.881496 
116.15999929 -8.707541 
116.19999929 -8.881496 
116.23999929 -8.707541 
116.27999929 -8.707541 
116.31999929 -8.707541 
116.35999929 -8.881496 
116.39999929 -8.881496 
116.43999929 -8.881496 
116.47999929 -8.881496 
116.51999929 -8.881496 
116.55999929 -8.707541 
116.59999929 -8.881496 
116.63999929 -8.707541 
116.67999929 -8.707541 
116.71999929 -8.881496 
116.75999929 -8.707541 
116.79999929 -8.707541 
116.83999929 -8.707541 
116.87999929 -8.707541 
116.91999929 -8.881496 
116.95999929 -8.707541 
116.99999929 -8.881496 
117.03999929 -8.881496 
117.11999929 -8.881496 
117.15999929 -8.881496 
117.19999929 -8.881496 
117.23999929 -8.881496 
117.27999929 -8.881496 
117.31999929 -8.881496 
117.35999929 -8.881496 
117.43999929 -8.707541 
117.51999929 -8.881496 
117.59999929 -8.881496 
117.67999928 -8.881496 
117.71999928 -8.881496 
117.75999928 -8.881496 
117.79999928 -8.881496 
117.83999928 -8.881496 
117.87999928 -8.881496 
117.91999928 -8.881496 
117.99999928 -8.881496 
118.07999928 -8.881496 
118.11999928 -8.881496 
118.19999928 -8.881496 
118.27999928 -8.881496 
118.31999928 -8.881496 
118.35999928 -8.881496 
118.43999928 -8.881496 
118.47999928 -8.881496 
118.51999928 -8.881496 
118.55999928 -8.707541 
118.59999928 -8.881496 
118.79999928 -8.881496 
118.83999928 -8.881496 
118.99999928 -8.881496 
119.11999928 -8.881496 
119.19999928 -8.881496 
119.31999927 -8.881496 
119.35999927 -8.881496 
119.39999927 -8.881496 
119.47999927 -8.881496 
119.59999927 -8.881496 
119.71999927 -8.881496 
120.07999927 -8.881496 
120.23999927 -8.881496 
120.43999927 -8.881496 
121.79999926 -8.881496 
194.87999882 -8.881496 
194.91999882 -8.881496 
194.95999882 -8.881496 
194.99999881 -8.881496 
195.03999881 -8.707541 
195.07999881 -8.881496 
195.11999881 -8.881496 
195.15999881 -8.881496 
195.19999881 -8.881496 
195.23999881 -8.881496 
195.27999881 -8.707541 
195.31999881 -8.881496 
195.35999881 -8.707541 
195.39999881 -8.707541 
195.43999881 -8.881496 
195.47999881 -8.707541 
195.51999881 -8.707541 
195.55999881 -8.707541 
195.59999881 -8.707541 
195.63999881 -8.707541 
195.67999881 -8.707541 
195.71999881 -8.707541 
195.75999881 -8.707541 
195.79999881 -8.707541 
195.83999881 -8.707541 
195.87999881 -8.707541 
195.91999881 -8.707541 
195.95999881 -8.707541 
195.99999881 -8.707541 
196.03999881 -8.707541 
196.07999881 -8.707541 
196.11999881 -8.707541 
196.15999881 -8.707541 
196.19999881 -8.707541 
196.23999881 -8.707541 
196.27999881 -8.707541 
196.31999881 -8.707541 
196.35999881 -8.707541 
196.39999881 -8.707541 
196.43999881 -8.707541 
196.47999881 -8.707541 
196.51999881 -8.707541 
196.55999881 -8.707541 
196.59999881 -8.707541 
196.6399988 -8.707541 
196.6799988 -8.707541 
196.7199988 -8.533586 
196.7599988 -8.707541 
196.7999988 -8.533586 
196.8399988 -8.707541 
196.8799988 -8.707541 
196.9199988 -8.707541 
196.9599988 -8.533586 
196.9999988 -8.533586 
197.0399988 -8.707541 
197.0799988 -8.533586 
197.1199988 -8.533586 
197.1599988 -8.533586 
197.1999988 -8.533586 
197.2399988 -8.533586 
197.2799988 -8.533586 
197.3199988 -8.533586 
197.3599988 -8.533586 
197.3999988 -8.533586 
197.4399988 -8.533586 
197.4799988 -8.533586 
197.5199988 -8.533586 
197.5599988 -8.533586 
197.5999988 -8.533586 
197.6399988 -8.533586 
197.6799988 -8.533586 
197.7199988 -8.359631 
197.7599988 -8.533586 
197.7999988 -8.533586 
197.8399988 -8.359631 
197.8799988 -8.533586 
197.9199988 -8.359631 
197.9599988 -8.533586 
197.9999988 -8.533586 
198.0399988 -8.533586 
198.0799988 -8.533586 
198.1199988 -8.359631 
198.1599988 -8.533586 
198.1999988 -8.359631 
198.2399988 -8.359631 
198.27999879 -8.359631 
198.31999879 -8.359631 
198.35999879 -8.359631 
198.39999879 -8.359631 
198.43999879 -8.359631 
198.47999879 -8.359631 
198.51999879 -8.359631 
198.55999879 -8.359631 
198.59999879 -8.359631 
198.63999879 -8.359631 
198.67999879 -8.359631 
198.71999879 -8.359631 
198.75999879 -8.359631 
198.79999879 -8.359631 
198.83999879 -8.359631 
198.87999879 -8.359631 
198.91999879 -8.359631 
198.95999879 -8.359631 
198.99999879 -8.359631 
199.03999879 -8.185064 
199.07999879 -8.359631 
199.11999879 -8.359631 
199.15999879 -8.185064 
199.19999879 -8.185064 
199.23999879 -8.185064 
199.27999879 -8.185064 
199.31999879 -8.185064 
199.35999879 -8.185064 
199.39999879 -8.185064 
199.43999879 -8.185064 
199.47999879 -8.185064 
199.51999879 -8.185064 
199.55999879 -8.185064 
199.59999879 -8.185064 
199.63999879 -8.185064 
199.67999879 -8.185064 
199.71999879 -8.011108 
199.75999879 -8.185064 
199.79999879 -8.185064 
199.83999879 -8.185064 
199.87999879 -8.185064 
199.91999878 -8.011108 
199.95999878 -8.185064 
199.99999878 -8.185064 
200.03999878 -8.185064 
200.07999878 -8.185064 
200.11999878 -8.185064 
0 0 
