1.43999999 -0.4989776 
1.55999999 -0.4989776 
1.59999999 -0.4989776 
1.63999999 -0.4989776 
1.67999999 -0.4989776 
1.71999999 -0.4989776 
1.75999999 -0.4989776 
1.79999999 -0.4989776 
1.83999999 -0.4989776 
1.87999999 -0.4989776 
1.91999999 -0.941496 
1.95999999 -0.941496 
1.99999999 -0.941496 
2.07999999 -0.941496 
2.11999999 -0.941496 
2.15999999 -0.941496 
2.19999999 -0.4989776 
2.23999999 -0.941496 
2.27999999 -0.941496 
2.31999999 -0.941496 
2.35999999 -0.941496 
2.39999999 -0.941496 
2.43999999 -0.941496 
2.47999998 -0.941496 
2.51999998 -0.941496 
2.55999998 -0.941496 
2.59999998 -0.941496 
2.63999998 -0.941496 
2.67999998 -0.941496 
2.71999998 -0.941496 
2.75999998 -0.941496 
2.79999998 -0.941496 
2.83999998 -0.941496 
2.87999998 -0.941496 
2.91999998 -0.941496 
2.95999998 -1.382488 
2.99999998 -0.941496 
3.03999998 -0.941496 
3.07999998 -0.941496 
3.11999998 -0.941496 
3.15999998 -0.941496 
3.19999998 -0.941496 
3.23999998 -0.941496 
3.27999998 -0.941496 
3.31999998 -0.941496 
3.35999998 -0.941496 
3.39999998 -0.941496 
3.43999998 -0.941496 
3.47999998 -0.941496 
3.51999998 -0.941496 
3.55999998 -1.382488 
3.59999998 -1.382488 
3.63999998 -0.941496 
3.67999998 -0.941496 
3.71999998 -0.941496 
3.75999998 -0.941496 
3.79999998 -0.941496 
3.83999998 -1.382488 
3.87999998 -0.941496 
3.91999998 -0.941496 
3.95999998 -0.941496 
3.99999998 -0.941496 
4.03999998 -0.941496 
4.07999998 -1.825007 
4.11999997 -1.382488 
4.15999997 -1.382488 
4.19999997 -1.382488 
4.23999997 -1.825007 
4.27999997 -1.382488 
4.31999997 -1.382488 
4.35999997 -1.382488 
4.39999997 -1.825007 
4.43999997 -1.382488 
4.47999997 -1.825007 
4.51999997 -1.382488 
4.55999997 -1.825007 
4.59999997 -1.825007 
4.63999997 -1.825007 
4.67999997 -1.382488 
4.71999997 -1.825007 
4.75999997 -1.825007 
4.79999997 -1.825007 
4.83999997 -1.825007 
4.87999997 -1.825007 
4.91999997 -1.825007 
4.95999997 -1.825007 
4.99999997 -1.825007 
5.03999997 -1.825007 
5.07999997 -1.825007 
5.11999997 -1.825007 
5.15999997 -1.825007 
5.19999997 -1.825007 
5.23999997 -1.825007 
5.27999997 -1.825007 
5.31999997 -2.267525 
5.35999997 -1.825007 
5.39999997 -2.267525 
5.43999997 -2.267525 
5.47999997 -2.708518 
5.51999997 -1.825007 
5.55999997 -2.267525 
5.59999997 -1.825007 
5.63999997 -2.267525 
5.67999997 -2.267525 
5.71999997 -2.267525 
5.75999996 -2.267525 
5.79999996 -2.267525 
5.83999996 -2.267525 
5.87999996 -2.267525 
5.91999996 -2.267525 
5.95999996 -2.267525 
5.99999996 -2.267525 
6.03999996 -2.708518 
6.07999996 -2.708518 
6.11999996 -2.267525 
6.15999996 -2.708518 
6.19999996 -2.267525 
6.23999996 -2.267525 
6.27999996 -2.708518 
6.31999996 -2.708518 
6.35999996 -2.708518 
6.39999996 -2.708518 
6.43999996 -1.825007 
6.47999996 -2.708518 
6.51999996 -2.708518 
6.55999996 -2.708518 
6.59999996 -2.708518 
6.63999996 -2.708518 
6.67999996 -2.708518 
6.71999996 -2.708518 
6.75999996 -2.708518 
6.79999996 -2.708518 
6.83999996 -3.151036 
6.87999996 -3.151036 
6.91999996 -2.708518 
6.95999996 -2.708518 
6.99999996 -2.267525 
7.03999996 -2.708518 
7.07999996 -2.708518 
7.11999996 -2.708518 
7.15999996 -2.708518 
7.19999996 -2.708518 
7.23999996 -3.151036 
7.27999996 -3.151036 
7.31999996 -2.708518 
7.35999996 -2.708518 
7.39999996 -2.708518 
7.43999995 -3.151036 
7.47999995 -2.708518 
7.51999995 -2.708518 
7.55999995 -2.708518 
7.59999995 -2.708518 
7.63999995 -2.708518 
7.67999995 -2.708518 
7.71999995 -2.708518 
7.75999995 -2.708518 
7.79999995 -2.708518 
7.83999995 -2.708518 
7.87999995 -2.708518 
7.91999995 -2.708518 
7.95999995 -2.708518 
7.99999995 -2.267525 
8.03999995 -2.708518 
8.07999995 -3.151036 
8.11999995 -2.708518 
8.15999995 -2.708518 
8.19999995 -2.708518 
8.23999995 -2.267525 
8.27999995 -2.267525 
8.31999995 -2.267525 
8.35999995 -2.267525 
8.39999995 -2.267525 
8.43999995 -2.267525 
8.47999995 -2.267525 
8.51999995 -2.267525 
8.55999995 -2.267525 
8.59999995 -2.267525 
8.63999995 -2.267525 
8.67999995 -1.825007 
8.71999995 -1.825007 
8.75999995 -1.825007 
8.79999995 -1.825007 
8.83999995 -1.825007 
8.87999995 -1.825007 
8.91999995 -1.382488 
8.95999995 -1.825007 
8.99999995 -1.825007 
9.03999995 -0.941496 
9.07999994 -0.941496 
9.11999994 -0.941496 
9.15999994 -0.941496 
9.19999994 -0.4989776 
9.23999994 -0.4989776 
9.27999994 -0.4989776 
9.31999994 -0.4989776 
13.39999992 -0.4989776 
13.47999992 -0.4989776 
13.51999992 -0.4989776 
13.59999992 -0.4989776 
13.63999992 -0.4989776 
13.67999992 -0.941496 
13.71999992 -0.4989776 
13.75999992 -0.4989776 
13.79999992 -0.4989776 
13.83999992 -0.4989776 
13.87999992 -0.4989776 
13.91999992 -0.4989776 
13.95999992 -0.941496 
13.99999991 -0.4989776 
14.03999991 -0.4989776 
14.07999991 -0.4989776 
14.11999991 -0.4989776 
14.15999991 -0.4989776 
14.19999991 -0.941496 
14.23999991 -0.4989776 
14.27999991 -0.4989776 
14.31999991 -0.4989776 
14.35999991 -0.4989776 
14.39999991 -0.4989776 
17.75999989 -0.4989776 
17.91999989 -0.4989776 
17.95999989 -0.4989776 
18.03999989 -0.4989776 
18.07999989 -0.4989776 
18.15999989 -0.4989776 
18.19999989 -0.4989776 
18.23999989 -0.4989776 
18.27999989 -0.4989776 
18.31999989 -0.4989776 
18.35999989 -0.4989776 
18.39999989 -0.941496 
18.43999989 -0.4989776 
18.47999989 -0.4989776 
18.51999989 -0.941496 
18.55999989 -0.941496 
18.59999989 -0.4989776 
18.63999989 -0.4989776 
18.67999989 -0.4989776 
18.71999989 -0.4989776 
18.75999989 -0.4989776 
18.79999989 -0.941496 
18.83999989 -0.4989776 
18.87999989 -0.4989776 
18.91999989 -0.941496 
18.95999988 -0.4989776 
18.99999988 -0.4989776 
19.03999988 -0.4989776 
19.07999988 -0.941496 
19.11999988 -0.941496 
19.15999988 -0.4989776 
19.19999988 -0.4989776 
19.23999988 -0.4989776 
19.27999988 -0.4989776 
19.31999988 -0.4989776 
19.35999988 -0.4989776 
19.39999988 -0.4989776 
19.43999988 -0.4989776 
19.47999988 -0.4989776 
19.51999988 -0.4989776 
19.55999988 -0.4989776 
19.59999988 -0.4989776 
19.63999988 -0.4989776 
19.75999988 -0.941496 
19.79999988 -0.4989776 
28.39999983 -0.941496 
28.43999983 -0.4989776 
28.47999983 -0.4989776 
28.51999983 -0.4989776 
28.55999983 -0.941496 
28.59999983 -0.941496 
28.63999983 -0.4989776 
28.67999983 -0.941496 
28.71999983 -1.382488 
28.75999983 -1.382488 
28.79999982 -1.825007 
28.83999982 -1.825007 
28.87999982 -1.825007 
28.91999982 -1.825007 
28.95999982 -1.825007 
28.99999982 -1.825007 
29.03999982 -2.267525 
29.07999982 -2.267525 
29.11999982 -2.267525 
29.15999982 -2.267525 
29.19999982 -2.267525 
29.23999982 -2.708518 
29.27999982 -2.708518 
29.31999982 -2.267525 
29.35999982 -2.708518 
29.39999982 -2.708518 
29.43999982 -2.708518 
29.47999982 -2.708518 
29.51999982 -2.708518 
29.55999982 -3.151036 
29.59999982 -3.151036 
29.63999982 -3.151036 
29.67999982 -3.151036 
29.71999982 -3.151036 
29.75999982 -2.708518 
29.79999982 -3.151036 
29.83999982 -3.151036 
29.87999982 -3.593554 
29.91999982 -3.593554 
29.95999982 -3.593554 
29.99999982 -3.151036 
30.03999982 -3.151036 
30.07999982 -3.593554 
30.11999982 -3.151036 
30.15999982 -3.593554 
30.19999982 -3.593554 
30.23999982 -3.593554 
30.27999982 -3.151036 
30.31999982 -3.593554 
30.35999982 -3.151036 
30.39999982 -3.151036 
30.43999982 -2.708518 
30.47999981 -3.151036 
30.51999981 -3.151036 
30.55999981 -3.151036 
30.59999981 -3.151036 
30.63999981 -3.151036 
30.67999981 -2.708518 
30.71999981 -2.708518 
30.75999981 -2.708518 
30.79999981 -2.708518 
30.83999981 -2.708518 
30.87999981 -2.267525 
30.91999981 -2.267525 
30.95999981 -2.267525 
30.99999981 -2.267525 
31.03999981 -2.267525 
31.07999981 -2.267525 
31.11999981 -2.267525 
31.15999981 -1.825007 
31.19999981 -1.825007 
31.23999981 -1.825007 
31.27999981 -1.825007 
31.31999981 -1.825007 
31.35999981 -1.825007 
31.39999981 -1.825007 
31.43999981 -1.825007 
31.47999981 -0.941496 
31.51999981 -0.941496 
31.55999981 -0.941496 
31.59999981 -0.941496 
31.63999981 -0.941496 
31.67999981 -0.941496 
31.71999981 -0.941496 
31.75999981 -0.941496 
31.79999981 -0.941496 
31.83999981 -0.941496 
31.87999981 -0.4989776 
31.91999981 -0.4989776 
31.95999981 -0.4989776 
31.99999981 -0.4989776 
32.07999981 -0.4989776 
34.43999979 -0.4989776 
34.47999979 -0.4989776 
34.51999979 -0.4989776 
34.71999979 -0.4989776 
34.79999979 -0.4989776 
34.83999979 -0.4989776 
34.87999979 -0.4989776 
34.95999979 -0.4989776 
34.99999979 -0.4989776 
35.03999979 -0.4989776 
35.11999979 -0.941496 
35.15999979 -0.4989776 
35.19999979 -0.4989776 
35.23999979 -0.4989776 
35.27999979 -0.4989776 
35.35999979 -0.4989776 
35.39999978 -0.4989776 
35.43999978 -0.4989776 
35.55999978 -0.4989776 
35.59999978 -0.4989776 
35.63999978 -0.4989776 
35.67999978 -0.4989776 
40.23999976 -0.4989776 
40.35999975 -0.4989776 
40.39999975 -0.4989776 
40.43999975 -0.941496 
40.47999975 -0.941496 
40.51999975 -0.4989776 
40.55999975 -0.4989776 
40.59999975 -0.941496 
40.63999975 -0.941496 
40.67999975 -0.941496 
40.71999975 -0.941496 
40.75999975 -0.941496 
40.79999975 -0.941496 
40.83999975 -0.941496 
40.87999975 -1.382488 
40.91999975 -0.941496 
40.95999975 -1.825007 
40.99999975 -0.941496 
41.03999975 -1.382488 
41.07999975 -1.825007 
41.11999975 -1.825007 
41.15999975 -1.825007 
41.19999975 -1.825007 
41.23999975 -0.4989776 
41.27999975 -1.382488 
41.31999975 -1.825007 
41.35999975 -1.825007 
41.39999975 -1.825007 
41.43999975 -1.825007 
41.47999975 -1.825007 
41.51999975 -1.825007 
41.55999975 -1.825007 
41.59999975 -1.825007 
41.63999975 -1.825007 
41.67999975 -1.825007 
41.71999975 -1.825007 
41.75999975 -1.825007 
41.79999975 -1.825007 
41.83999975 -1.825007 
41.87999975 -1.825007 
41.91999975 -2.267525 
41.95999974 -1.825007 
41.99999974 -0.941496 
42.03999974 -1.382488 
42.07999974 -1.382488 
42.11999974 -1.825007 
42.15999974 -1.382488 
42.19999974 -1.825007 
42.23999974 -0.941496 
42.27999974 -0.941496 
42.31999974 -0.941496 
42.35999974 -0.941496 
42.39999974 -0.941496 
42.43999974 -0.941496 
42.47999974 -0.941496 
42.51999974 -0.941496 
42.55999974 -0.941496 
42.59999974 -0.941496 
42.63999974 -0.941496 
42.67999974 -0.4989776 
42.71999974 -0.4989776 
42.75999974 -0.4989776 
42.79999974 -0.4989776 
42.83999974 -0.4989776 
42.87999974 -0.4989776 
42.91999974 -0.4989776 
42.95999974 -0.4989776 
45.83999972 -0.4989776 
45.87999972 -0.941496 
45.91999972 -0.941496 
45.99999972 -0.4989776 
46.19999972 -0.4989776 
46.23999972 -0.4989776 
46.27999972 -0.4989776 
46.31999972 -0.4989776 
46.35999972 -0.4989776 
46.39999972 -0.4989776 
46.43999972 -0.4989776 
50.91999969 -0.4989776 
51.03999969 -0.4989776 
51.07999969 -0.4989776 
51.15999969 -0.4989776 
51.19999969 -0.4989776 
51.23999969 -0.4989776 
51.27999969 -0.4989776 
51.31999969 -0.4989776 
51.35999969 -0.941496 
51.39999969 -0.941496 
51.43999969 -0.941496 
51.47999969 -0.941496 
51.51999969 -0.941496 
51.55999969 -0.941496 
51.59999969 -0.941496 
51.63999969 -0.941496 
51.67999969 -0.4989776 
51.71999969 -0.941496 
51.75999969 -0.941496 
51.79999969 -0.941496 
51.83999968 -0.941496 
51.87999968 -0.941496 
51.91999968 -0.941496 
51.95999968 -0.941496 
51.99999968 -0.941496 
52.03999968 -0.941496 
52.07999968 -0.941496 
52.11999968 -0.941496 
52.15999968 -0.941496 
52.19999968 -0.941496 
52.23999968 -0.941496 
52.27999968 -0.941496 
52.31999968 -0.941496 
52.35999968 -0.941496 
52.39999968 -0.941496 
52.43999968 -1.382488 
52.47999968 -0.941496 
52.51999968 -0.941496 
52.55999968 -0.941496 
52.59999968 -1.382488 
52.63999968 -1.382488 
52.67999968 -1.382488 
52.71999968 -0.941496 
52.75999968 -1.382488 
52.79999968 -1.825007 
52.83999968 -1.825007 
52.87999968 -1.825007 
52.91999968 -0.941496 
52.95999968 -0.941496 
52.99999968 -1.825007 
53.03999968 -1.825007 
53.07999968 -1.825007 
53.11999968 -0.941496 
53.15999968 -1.825007 
53.19999968 -1.825007 
53.23999968 -0.941496 
53.27999968 -0.941496 
53.31999968 -1.382488 
53.35999968 -1.382488 
53.39999968 -1.825007 
53.43999968 -1.825007 
53.47999967 -1.382488 
53.51999967 -1.825007 
53.55999967 -1.825007 
53.59999967 -0.941496 
53.63999967 -0.941496 
53.67999967 -0.941496 
53.71999967 -0.941496 
53.75999967 -1.382488 
53.79999967 -0.941496 
53.83999967 -0.941496 
53.87999967 -0.941496 
53.91999967 -0.941496 
53.95999967 -0.941496 
53.99999967 -0.941496 
54.03999967 -0.941496 
54.07999967 -0.941496 
54.11999967 -0.941496 
54.15999967 -0.941496 
54.19999967 -0.4989776 
54.23999967 -0.941496 
54.27999967 -0.941496 
54.31999967 -0.941496 
54.35999967 -0.941496 
54.39999967 -0.941496 
54.43999967 -0.941496 
54.47999967 -0.941496 
54.51999967 -0.941496 
54.55999967 -0.941496 
54.59999967 -0.4989776 
54.63999967 -0.941496 
54.67999967 -0.941496 
54.71999967 -0.941496 
54.75999967 -0.4989776 
54.79999967 -0.4989776 
54.83999967 -0.4989776 
54.87999967 -0.4989776 
54.91999967 -0.4989776 
54.95999967 -1.825007 
54.99999967 -0.4989776 
55.07999967 -0.4989776 
55.11999967 -1.825007 
55.15999966 -0.4989776 
55.23999966 -0.4989776 
55.27999966 -0.4989776 
55.35999966 -0.4989776 
55.43999966 -0.4989776 
55.47999966 -1.825007 
55.51999966 -0.941496 
55.59999966 -0.4989776 
55.63999966 -0.941496 
55.67999966 -0.4989776 
55.71999966 -0.4989776 
55.75999966 -1.382488 
55.79999966 -0.941496 
55.83999966 -0.4989776 
55.87999966 -0.4989776 
55.91999966 -0.941496 
55.95999966 -0.941496 
55.99999966 -0.4989776 
56.03999966 -0.941496 
56.07999966 -0.941496 
56.11999966 -1.382488 
56.15999966 -0.941496 
56.19999966 -0.941496 
56.23999966 -0.941496 
56.27999966 -0.941496 
56.31999966 -0.941496 
56.35999966 -0.941496 
56.39999966 -1.382488 
56.43999966 -1.382488 
56.47999966 -1.382488 
56.51999966 -0.941496 
56.55999966 -0.941496 
56.59999966 -1.382488 
56.63999966 -1.825007 
56.67999966 -1.825007 
56.71999966 -1.382488 
56.75999966 -1.825007 
56.79999965 -1.825007 
56.83999965 -1.382488 
56.87999965 -1.825007 
56.91999965 -1.382488 
56.95999965 -1.382488 
56.99999965 -1.382488 
57.03999965 -1.382488 
57.07999965 -1.825007 
57.11999965 -1.825007 
57.15999965 -1.825007 
57.19999965 -1.825007 
57.23999965 -1.825007 
57.27999965 -1.825007 
57.31999965 -1.825007 
57.35999965 -1.382488 
57.39999965 -1.825007 
57.43999965 -1.825007 
57.47999965 -1.825007 
57.51999965 -1.382488 
57.55999965 -1.825007 
57.59999965 -1.382488 
57.63999965 -1.382488 
57.67999965 -1.825007 
57.71999965 -1.825007 
57.75999965 -1.825007 
57.79999965 -1.825007 
57.83999965 -1.825007 
57.87999965 -1.825007 
57.91999965 -1.825007 
57.95999965 -1.825007 
57.99999965 -1.825007 
58.03999965 -1.382488 
58.07999965 -1.825007 
58.11999965 -1.382488 
58.15999965 -1.382488 
58.19999965 -0.941496 
58.23999965 -1.825007 
58.27999965 -0.941496 
58.31999965 -0.941496 
58.35999965 -1.382488 
58.39999965 -1.825007 
58.43999964 -1.382488 
58.47999964 -0.941496 
58.51999964 -0.941496 
58.55999964 -0.941496 
58.59999964 -0.941496 
58.63999964 -1.382488 
58.67999964 -0.941496 
58.71999964 -0.4989776 
58.75999964 -0.4989776 
58.79999964 -0.4989776 
58.87999964 -0.4989776 
58.91999964 -0.4989776 
58.95999964 -0.4989776 
63.11999962 -0.4989776 
63.23999962 -0.4989776 
63.27999962 -0.4989776 
63.31999962 -0.4989776 
63.35999961 -0.4989776 
63.39999961 -0.4989776 
63.43999961 -0.4989776 
63.55999961 -0.4989776 
63.67999961 -0.4989776 
66.2399996 -0.4989776 
66.2799996 -0.4989776 
66.3199996 -0.4989776 
66.3599996 -0.4989776 
66.3999996 -0.4989776 
66.4399996 -0.4989776 
66.4799996 -0.4989776 
66.5199996 -0.4989776 
66.5599996 -0.4989776 
66.5999996 -0.941496 
66.63999959 -0.941496 
66.67999959 -0.941496 
66.71999959 -0.941496 
66.75999959 -0.941496 
66.79999959 -0.941496 
66.83999959 -0.941496 
66.87999959 -1.382488 
66.91999959 -0.941496 
66.95999959 -1.382488 
66.99999959 -0.941496 
67.03999959 -1.382488 
67.07999959 -1.825007 
67.11999959 -1.825007 
67.15999959 -1.825007 
67.19999959 -1.825007 
67.23999959 -1.825007 
67.27999959 -1.825007 
67.31999959 -1.825007 
67.35999959 -1.825007 
67.39999959 -1.825007 
67.43999959 -1.825007 
67.47999959 -2.267525 
67.51999959 -1.825007 
67.55999959 -0.941496 
67.59999959 -2.267525 
67.63999959 -2.267525 
67.67999959 -2.267525 
67.71999959 -1.825007 
67.75999959 -1.825007 
67.79999959 -2.267525 
67.83999959 -2.267525 
67.87999959 -2.267525 
67.91999959 -2.267525 
67.95999959 -2.267525 
67.99999959 -2.267525 
68.03999959 -2.267525 
68.07999959 -2.267525 
68.11999959 -2.267525 
68.15999959 -2.267525 
68.19999959 -2.267525 
68.23999959 -2.267525 
68.27999959 -2.267525 
68.31999958 -2.267525 
68.35999958 -2.267525 
68.39999958 -2.267525 
68.43999958 -2.267525 
68.47999958 -2.267525 
68.51999958 -2.267525 
68.55999958 -2.267525 
68.59999958 -2.267525 
68.63999958 -2.267525 
68.67999958 -2.267525 
68.71999958 -1.825007 
68.75999958 -2.267525 
68.79999958 -2.267525 
68.83999958 -1.825007 
68.87999958 -1.825007 
68.91999958 -1.825007 
68.95999958 -1.825007 
68.99999958 -1.825007 
69.03999958 -1.825007 
69.07999958 -1.825007 
69.11999958 -1.825007 
69.15999958 -1.382488 
69.19999958 -1.382488 
69.23999958 -0.941496 
69.27999958 -0.941496 
69.31999958 -0.941496 
69.35999958 -0.941496 
69.39999958 -0.941496 
69.43999958 -0.941496 
69.47999958 -0.941496 
69.51999958 -0.4989776 
69.55999958 -0.4989776 
69.59999958 -0.4989776 
69.63999958 -0.4989776 
69.67999958 -0.4989776 
69.71999958 -0.4989776 
78.47999952 -0.4989776 
78.55999952 -0.4989776 
78.59999952 -0.941496 
78.63999952 -0.4989776 
78.67999952 -0.4989776 
78.71999952 -0.941496 
78.75999952 -0.941496 
78.79999952 -0.4989776 
78.83999952 -0.941496 
78.87999952 -0.941496 
78.91999952 -0.4989776 
78.95999952 -0.941496 
78.99999952 -1.825007 
79.03999952 -1.825007 
79.07999952 -1.382488 
79.11999952 -1.382488 
79.15999952 -0.941496 
79.19999952 -1.825007 
79.23999952 -1.825007 
79.27999952 -1.825007 
79.31999952 -1.382488 
79.35999952 -1.825007 
79.39999952 -1.825007 
79.43999952 -1.825007 
79.47999952 -1.825007 
79.51999952 -1.825007 
79.55999952 -1.825007 
79.59999952 -1.825007 
79.63999952 -1.825007 
79.67999952 -1.825007 
79.71999952 -2.267525 
79.75999952 -1.825007 
79.79999952 -1.825007 
79.83999951 -1.825007 
79.87999951 -2.267525 
79.91999951 -2.267525 
79.95999951 -1.825007 
79.99999951 -2.267525 
80.03999951 -2.267525 
80.07999951 -2.267525 
80.11999951 -2.267525 
80.15999951 -2.267525 
80.19999951 -2.267525 
80.23999951 -1.825007 
80.27999951 -2.267525 
80.31999951 -2.267525 
80.35999951 -1.825007 
80.39999951 -1.825007 
80.43999951 -2.267525 
80.47999951 -2.267525 
80.51999951 -2.267525 
80.55999951 -2.267525 
80.59999951 -1.825007 
80.63999951 -1.825007 
80.67999951 -1.825007 
80.71999951 -1.825007 
80.75999951 -1.825007 
80.79999951 -1.825007 
80.83999951 -1.825007 
80.87999951 -1.825007 
80.91999951 -1.825007 
80.95999951 -1.825007 
80.99999951 -2.267525 
81.03999951 -1.825007 
81.07999951 -1.382488 
81.11999951 -1.382488 
81.15999951 -1.382488 
81.19999951 -1.825007 
81.23999951 -1.382488 
81.27999951 -1.382488 
81.31999951 -1.382488 
81.35999951 -1.382488 
81.39999951 -0.941496 
81.43999951 -0.941496 
81.4799995 -0.941496 
81.5199995 -0.941496 
81.5599995 -0.941496 
81.5999995 -0.941496 
81.6399995 -0.941496 
81.6799995 -0.941496 
81.7199995 -0.941496 
81.7599995 -0.941496 
81.7999995 -0.4989776 
81.8399995 -0.941496 
81.8799995 -0.4989776 
81.9199995 -0.4989776 
81.9599995 -0.4989776 
81.9999995 -0.4989776 
82.1599995 -0.4989776 
82.6399995 -0.941496 
82.7599995 -0.4989776 
82.7999995 -0.4989776 
82.9199995 -0.4989776 
83.11999949 -0.4989776 
83.15999949 -1.382488 
83.27999949 -0.4989776 
83.31999949 -0.4989776 
83.43999949 -0.941496 
83.55999949 -0.4989776 
83.59999949 -0.4989776 
83.63999949 -0.4989776 
83.71999949 -0.4989776 
83.75999949 -0.4989776 
83.79999949 -0.4989776 
83.91999949 -0.4989776 
83.99999949 -0.4989776 
84.11999949 -0.4989776 
84.15999949 -0.4989776 
84.19999949 -0.4989776 
84.27999949 -0.4989776 
84.31999949 -0.4989776 
84.35999949 -0.4989776 
84.47999949 -0.4989776 
88.31999946 -0.4989776 
88.43999946 -0.4989776 
88.47999946 -0.4989776 
88.51999946 -0.4989776 
88.55999946 -0.4989776 
88.59999946 -0.941496 
88.63999946 -0.4989776 
88.67999946 -0.4989776 
88.71999946 -0.4989776 
88.75999946 -0.4989776 
88.79999946 -0.4989776 
88.83999946 -0.4989776 
88.87999946 -0.4989776 
88.91999946 -0.4989776 
88.95999946 -0.4989776 
88.99999946 -0.4989776 
89.03999946 -0.4989776 
89.07999946 -0.4989776 
89.11999946 -0.4989776 
89.15999946 -0.941496 
89.19999946 -0.941496 
89.23999946 -0.941496 
89.27999946 -0.941496 
89.31999946 -0.941496 
89.35999946 -0.941496 
89.39999946 -0.941496 
89.43999946 -0.941496 
89.47999946 -0.941496 
89.51999946 -0.941496 
89.55999946 -0.941496 
89.59999946 -0.941496 
89.63999946 -0.941496 
89.67999945 -0.941496 
89.71999945 -1.382488 
89.75999945 -0.941496 
89.79999945 -0.941496 
89.83999945 -0.941496 
89.87999945 -1.825007 
89.91999945 -1.825007 
89.95999945 -1.825007 
89.99999945 -1.825007 
90.03999945 -1.825007 
90.07999945 -1.825007 
90.11999945 -1.825007 
90.15999945 -1.825007 
90.19999945 -1.825007 
90.23999945 -1.825007 
90.27999945 -1.825007 
90.31999945 -1.825007 
90.35999945 -1.825007 
90.39999945 -2.267525 
90.43999945 -2.267525 
90.47999945 -1.825007 
90.51999945 -1.825007 
90.55999945 -2.267525 
90.59999945 -2.267525 
90.63999945 -1.825007 
90.67999945 -1.825007 
90.71999945 -2.267525 
90.75999945 -2.267525 
90.79999945 -1.825007 
90.83999945 -1.825007 
90.87999945 -1.825007 
90.91999945 -1.825007 
90.95999945 -1.825007 
90.99999945 -1.825007 
91.03999945 -2.267525 
91.07999945 -1.825007 
91.11999945 -2.267525 
91.15999945 -1.825007 
91.19999945 -1.825007 
91.23999945 -1.825007 
91.27999945 -1.825007 
91.31999945 -1.825007 
91.35999944 -1.825007 
91.39999944 -1.825007 
91.43999944 -1.825007 
91.47999944 -1.825007 
91.51999944 -1.382488 
91.55999944 -1.382488 
91.59999944 -0.941496 
91.63999944 -1.825007 
91.67999944 -1.382488 
91.71999944 -0.941496 
91.75999944 -0.941496 
91.79999944 -0.941496 
91.83999944 -0.941496 
91.87999944 -0.941496 
91.91999944 -0.941496 
91.95999944 -0.941496 
91.99999944 -0.941496 
92.03999944 -0.4989776 
92.07999944 -0.4989776 
92.11999944 -0.4989776 
92.15999944 -0.4989776 
92.19999944 -0.4989776 
92.23999944 -0.4989776 
92.27999944 -0.4989776 
92.31999944 -0.4989776 
92.35999944 -0.4989776 
92.39999944 -0.4989776 
92.43999944 -0.4989776 
94.83999942 -0.4989776 
94.99999942 -0.4989776 
95.03999942 -0.4989776 
95.07999942 -0.4989776 
95.11999942 -0.4989776 
95.15999942 -0.4989776 
95.19999942 -0.4989776 
95.23999942 -0.4989776 
95.27999942 -0.4989776 
95.31999942 -0.941496 
95.35999942 -0.4989776 
95.39999942 -0.941496 
95.43999942 -0.4989776 
95.47999942 -0.941496 
95.51999942 -0.941496 
95.55999942 -0.941496 
95.59999942 -0.941496 
95.63999942 -0.941496 
95.67999942 -0.941496 
95.71999942 -0.4989776 
95.75999942 -0.941496 
95.79999942 -0.941496 
95.83999942 -0.941496 
95.87999942 -0.941496 
95.91999942 -0.4989776 
95.95999942 -0.4989776 
95.99999942 -0.941496 
96.03999942 -0.941496 
96.07999942 -0.941496 
96.11999942 -0.4989776 
96.15999942 -0.4989776 
96.19999942 -0.941496 
96.23999942 -0.4989776 
96.27999941 -0.4989776 
96.31999941 -0.4989776 
96.35999941 -0.4989776 
96.39999941 -0.4989776 
96.43999941 -0.4989776 
96.55999941 -0.4989776 
100.95999939 -0.4989776 
101.03999939 -0.4989776 
101.15999939 -0.4989776 
101.19999938 -0.4989776 
101.23999938 -0.4989776 
101.27999938 -0.4989776 
101.31999938 -0.4989776 
101.39999938 -0.4989776 
101.43999938 -0.4989776 
101.47999938 -0.941496 
101.51999938 -0.4989776 
101.55999938 -0.4989776 
101.59999938 -0.4989776 
101.63999938 -0.4989776 
101.67999938 -0.4989776 
101.71999938 -0.4989776 
101.75999938 -0.4989776 
101.79999938 -0.941496 
101.83999938 -0.4989776 
101.87999938 -0.4989776 
101.91999938 -0.4989776 
101.95999938 -0.4989776 
101.99999938 -0.4989776 
102.03999938 -0.4989776 
102.07999938 -0.4989776 
102.11999938 -0.4989776 
102.15999938 -0.941496 
102.19999938 -0.941496 
102.23999938 -0.4989776 
102.27999938 -0.4989776 
102.31999938 -0.4989776 
102.35999938 -0.4989776 
102.39999938 -0.4989776 
102.43999938 -0.4989776 
102.47999938 -0.4989776 
102.51999938 -0.4989776 
102.59999938 -0.4989776 
102.63999938 -0.4989776 
102.67999938 -0.4989776 
102.75999938 -0.4989776 
102.79999938 -0.4989776 
102.83999937 -0.4989776 
102.87999937 -0.4989776 
102.91999937 -0.4989776 
102.95999937 -0.4989776 
103.15999937 -0.4989776 
103.19999937 -0.4989776 
103.31999937 -0.4989776 
103.39999937 -0.4989776 
103.55999937 -0.4989776 
105.47999936 -0.4989776 
105.51999936 -0.4989776 
105.55999936 -0.4989776 
105.59999936 -0.4989776 
105.63999936 -0.4989776 
105.71999936 -0.4989776 
105.75999936 -0.4989776 
105.79999936 -0.4989776 
105.83999936 -0.4989776 
105.87999936 -0.4989776 
105.91999936 -0.4989776 
105.95999936 -0.4989776 
105.99999936 -0.941496 
106.03999936 -0.941496 
106.07999936 -0.941496 
106.11999936 -0.4989776 
106.15999935 -0.941496 
106.19999935 -0.941496 
106.23999935 -0.4989776 
106.27999935 -0.941496 
106.31999935 -0.941496 
106.35999935 -0.941496 
106.39999935 -0.941496 
106.43999935 -0.941496 
106.47999935 -0.941496 
106.51999935 -0.941496 
106.55999935 -0.941496 
106.59999935 -0.941496 
106.63999935 -0.941496 
106.67999935 -0.941496 
106.71999935 -0.941496 
106.75999935 -0.4989776 
106.79999935 -0.941496 
106.83999935 -0.941496 
106.87999935 -0.941496 
106.91999935 -0.941496 
106.95999935 -0.941496 
106.99999935 -0.941496 
107.03999935 -0.941496 
107.07999935 -0.941496 
107.11999935 -0.941496 
107.15999935 -0.941496 
107.19999935 -0.941496 
107.23999935 -0.941496 
107.27999935 -0.941496 
107.31999935 -1.825007 
107.35999935 -0.4989776 
107.39999935 -0.941496 
107.43999935 -0.941496 
107.47999935 -0.941496 
107.51999935 -0.941496 
107.55999935 -0.941496 
107.59999935 -0.941496 
107.63999935 -0.941496 
107.67999935 -0.941496 
107.71999935 -0.4989776 
107.75999935 -0.941496 
107.79999934 -0.4989776 
107.83999934 -0.941496 
107.87999934 -0.4989776 
107.91999934 -0.4989776 
108.03999934 -0.4989776 
108.07999934 -0.4989776 
108.11999934 -0.4989776 
111.51999932 -0.4989776 
111.63999932 -0.4989776 
111.67999932 -0.4989776 
111.71999932 -0.941496 
111.75999932 -0.941496 
111.79999932 -0.941496 
111.83999932 -0.941496 
111.87999932 -0.941496 
111.91999932 -0.941496 
111.95999932 -0.941496 
111.99999932 -0.941496 
112.03999932 -0.941496 
112.07999932 -0.941496 
112.11999932 -0.941496 
112.15999932 -0.941496 
112.19999932 -0.941496 
112.23999932 -0.941496 
112.27999932 -1.825007 
112.31999932 -1.382488 
112.35999932 -1.382488 
112.39999932 -1.825007 
112.43999932 -1.382488 
112.47999932 -1.825007 
112.51999932 -1.382488 
112.55999932 -1.382488 
112.59999932 -1.382488 
112.63999932 -1.825007 
112.67999932 -1.825007 
112.71999931 -1.825007 
112.75999931 -1.825007 
112.79999931 -1.825007 
112.83999931 -1.382488 
112.87999931 -1.825007 
112.91999931 -1.825007 
112.95999931 -0.941496 
112.99999931 -1.382488 
113.03999931 -1.825007 
113.07999931 -0.941496 
113.11999931 -0.941496 
113.15999931 -1.382488 
113.19999931 -0.941496 
113.23999931 -1.382488 
113.27999931 -1.382488 
113.31999931 -0.941496 
113.35999931 -0.941496 
113.39999931 -0.941496 
113.43999931 -0.941496 
113.47999931 -0.941496 
113.51999931 -0.941496 
113.55999931 -0.941496 
113.59999931 -0.4989776 
113.63999931 -0.941496 
113.67999931 -0.941496 
113.71999931 -0.4989776 
113.75999931 -0.4989776 
113.79999931 -0.941496 
113.83999931 -0.4989776 
113.87999931 -0.4989776 
113.91999931 -0.4989776 
113.95999931 -0.4989776 
113.99999931 -0.4989776 
114.03999931 -0.4989776 
114.07999931 -0.4989776 
114.15999931 -0.4989776 
114.19999931 -0.4989776 
114.3599993 -0.4989776 
114.5199993 -0.4989776 
114.5599993 -0.4989776 
114.7199993 -0.4989776 
114.9599993 -0.4989776 
115.0399993 -0.4989776 
115.0799993 -0.4989776 
115.1199993 -0.4989776 
115.1599993 -0.4989776 
115.1999993 -0.4989776 
115.2399993 -0.4989776 
115.2799993 -0.4989776 
115.3199993 -0.4989776 
115.3599993 -0.4989776 
115.3999993 -0.941496 
115.4399993 -0.941496 
115.4799993 -0.941496 
115.5199993 -0.941496 
115.5599993 -0.4989776 
115.5999993 -0.941496 
115.6399993 -0.941496 
115.6799993 -0.941496 
115.7199993 -0.941496 
115.7599993 -1.382488 
115.7999993 -1.382488 
115.8399993 -0.941496 
115.8799993 -1.382488 
115.9199993 -0.941496 
115.9599993 -1.825007 
115.9999993 -1.382488 
116.03999929 -1.825007 
116.07999929 -1.382488 
116.11999929 -1.825007 
116.15999929 -1.825007 
116.19999929 -1.825007 
116.23999929 -1.825007 
116.27999929 -1.825007 
116.31999929 -1.825007 
116.35999929 -1.825007 
116.39999929 -2.267525 
116.43999929 -2.267525 
116.47999929 -2.267525 
116.51999929 -2.267525 
116.55999929 -2.267525 
116.59999929 -2.267525 
116.63999929 -2.708518 
116.67999929 -2.708518 
116.71999929 -2.708518 
116.75999929 -2.708518 
116.79999929 -2.708518 
116.83999929 -2.708518 
116.87999929 -2.708518 
116.91999929 -3.151036 
116.95999929 -3.151036 
116.99999929 -3.151036 
117.03999929 -3.151036 
117.07999929 -3.151036 
117.11999929 -2.708518 
117.15999929 -3.593554 
117.19999929 -3.593554 
117.23999929 -3.593554 
117.27999929 -3.593554 
117.31999929 -3.593554 
117.35999929 -3.593554 
117.39999929 -3.593554 
117.43999929 -3.593554 
117.47999929 -3.593554 
117.51999929 -3.593554 
117.55999929 -3.593554 
117.59999929 -3.593554 
117.63999929 -3.593554 
117.67999928 -3.593554 
117.71999928 -3.593554 
117.75999928 -3.593554 
117.79999928 -3.593554 
117.83999928 -3.593554 
117.87999928 -3.593554 
117.91999928 -3.593554 
117.95999928 -3.593554 
117.99999928 -3.593554 
118.03999928 -3.593554 
118.07999928 -3.593554 
118.11999928 -3.593554 
118.15999928 -3.151036 
118.19999928 -3.151036 
118.23999928 -3.593554 
118.27999928 -2.708518 
118.31999928 -3.151036 
118.35999928 -3.593554 
118.39999928 -2.708518 
118.43999928 -3.151036 
118.47999928 -3.151036 
118.51999928 -3.151036 
118.55999928 -3.151036 
118.59999928 -2.708518 
118.63999928 -2.708518 
118.67999928 -2.267525 
118.71999928 -2.708518 
118.75999928 -2.267525 
118.79999928 -2.267525 
118.83999928 -2.267525 
118.87999928 -2.267525 
118.91999928 -2.267525 
118.95999928 -1.825007 
118.99999928 -1.825007 
119.03999928 -1.825007 
119.07999928 -1.825007 
119.11999928 -1.382488 
119.15999928 -1.382488 
119.19999928 -0.941496 
119.23999928 -0.941496 
119.27999928 -0.941496 
119.31999927 -0.941496 
119.35999927 -0.941496 
119.39999927 -0.941496 
119.43999927 -0.941496 
119.47999927 -0.4989776 
119.51999927 -0.4989776 
119.55999927 -0.4989776 
119.59999927 -0.4989776 
119.63999927 -0.4989776 
128.11999922 -0.4989776 
128.15999922 -0.4989776 
128.19999922 -0.4989776 
128.23999922 -0.4989776 
128.27999922 -0.941496 
128.31999922 -0.941496 
128.35999922 -0.4989776 
128.39999922 -0.941496 
128.43999922 -0.941496 
128.47999922 -0.941496 
128.51999922 -0.941496 
128.55999922 -0.941496 
128.59999922 -0.941496 
128.63999922 -0.941496 
128.67999922 -1.382488 
128.71999922 -1.825007 
128.75999922 -1.825007 
128.79999922 -1.825007 
128.83999922 -1.825007 
128.87999922 -1.825007 
128.91999922 -1.825007 
128.95999922 -1.825007 
128.99999922 -1.825007 
129.03999922 -1.825007 
129.07999922 -1.825007 
129.11999922 -2.267525 
129.15999922 -1.825007 
129.19999921 -1.825007 
129.23999921 -1.825007 
129.27999921 -1.825007 
129.31999921 -1.825007 
129.35999921 -1.825007 
129.39999921 -1.825007 
129.43999921 -1.825007 
129.47999921 -1.825007 
129.51999921 -1.825007 
129.55999921 -1.825007 
129.59999921 -1.825007 
129.63999921 -1.825007 
129.67999921 -1.825007 
129.71999921 -1.825007 
129.75999921 -1.825007 
129.79999921 -1.825007 
129.83999921 -1.825007 
129.87999921 -1.382488 
129.91999921 -1.825007 
129.95999921 -1.825007 
129.99999921 -0.941496 
130.03999921 -1.382488 
130.07999921 -1.825007 
130.11999921 -1.382488 
130.15999921 -0.941496 
130.19999921 -0.941496 
130.23999921 -0.941496 
130.27999921 -0.941496 
130.31999921 -0.941496 
130.35999921 -0.4989776 
130.39999921 -0.941496 
130.43999921 -0.941496 
130.47999921 -0.941496 
130.51999921 -0.4989776 
130.55999921 -0.4989776 
130.59999921 -0.4989776 
130.63999921 -0.4989776 
130.67999921 -0.4989776 
133.63999919 -0.4989776 
133.75999919 -0.4989776 
134.31999918 -0.4989776 
134.59999918 -0.4989776 
134.79999918 -0.4989776 
138.15999916 -0.4989776 
138.47999916 -0.4989776 
138.59999916 -0.4989776 
138.79999916 -0.4989776 
138.83999916 -0.4989776 
138.91999916 -0.4989776 
138.95999916 -0.4989776 
138.99999916 -0.941496 
139.03999915 -0.941496 
139.07999915 -0.941496 
139.11999915 -0.941496 
139.15999915 -0.941496 
139.19999915 -0.941496 
139.23999915 -0.941496 
139.27999915 -0.941496 
139.31999915 -1.825007 
139.35999915 -1.382488 
139.39999915 -1.825007 
139.43999915 -1.825007 
139.47999915 -1.825007 
139.51999915 -1.825007 
139.55999915 -1.825007 
139.59999915 -1.825007 
139.63999915 -2.267525 
139.67999915 -2.267525 
139.71999915 -1.825007 
139.75999915 -1.825007 
139.79999915 -2.267525 
139.83999915 -1.825007 
139.87999915 -2.267525 
139.91999915 -2.708518 
139.95999915 -2.267525 
139.99999915 -2.267525 
140.03999915 -2.267525 
140.07999915 -2.267525 
140.11999915 -2.708518 
140.15999915 -2.267525 
140.19999915 -2.708518 
140.23999915 -2.708518 
140.27999915 -2.708518 
140.31999915 -3.151036 
140.35999915 -2.708518 
140.39999915 -2.708518 
140.43999915 -2.708518 
140.47999915 -2.708518 
140.51999915 -2.708518 
140.55999915 -2.708518 
140.59999915 -2.708518 
140.63999915 -2.708518 
140.67999915 -2.708518 
140.71999914 -2.708518 
140.75999914 -2.708518 
140.79999914 -2.708518 
140.83999914 -2.708518 
140.87999914 -2.708518 
140.91999914 -2.267525 
140.95999914 -2.708518 
140.99999914 -2.708518 
141.03999914 -2.267525 
141.07999914 -2.708518 
141.11999914 -2.267525 
141.15999914 -2.267525 
141.19999914 -2.267525 
141.23999914 -2.267525 
141.27999914 -2.267525 
141.31999914 -2.267525 
141.35999914 -2.267525 
141.39999914 -2.267525 
141.43999914 -2.267525 
141.47999914 -1.825007 
141.51999914 -2.267525 
141.55999914 -1.825007 
141.59999914 -1.825007 
141.63999914 -1.825007 
141.67999914 -1.825007 
141.71999914 -1.825007 
141.75999914 -1.825007 
141.79999914 -1.825007 
141.83999914 -1.825007 
141.87999914 -1.825007 
141.91999914 -1.825007 
141.95999914 -1.382488 
141.99999914 -0.941496 
142.03999914 -0.941496 
142.07999914 -0.941496 
142.11999914 -0.941496 
142.15999914 -0.941496 
142.19999914 -0.941496 
142.23999914 -0.941496 
142.27999914 -0.4989776 
142.31999914 -0.4989776 
142.35999913 -0.941496 
142.39999913 -0.941496 
142.43999913 -0.4989776 
142.47999913 -0.4989776 
142.51999913 -0.4989776 
142.55999913 -0.4989776 
144.31999912 -0.4989776 
144.39999912 -0.4989776 
144.43999912 -0.4989776 
144.47999912 -0.4989776 
144.51999912 -0.4989776 
144.55999912 -0.4989776 
144.59999912 -0.4989776 
144.63999912 -0.4989776 
144.67999912 -0.4989776 
144.71999912 -0.4989776 
144.75999912 -0.4989776 
144.79999912 -0.941496 
144.83999912 -0.4989776 
144.87999912 -0.4989776 
144.91999912 -0.941496 
144.95999912 -0.941496 
144.99999912 -0.4989776 
145.03999912 -0.941496 
145.07999912 -0.941496 
145.11999912 -0.941496 
145.15999912 -0.941496 
145.19999912 -0.941496 
145.23999912 -0.941496 
145.27999912 -0.941496 
145.31999912 -0.941496 
145.35999912 -0.4989776 
145.39999912 -0.941496 
145.43999912 -0.941496 
145.47999912 -0.4989776 
145.51999912 -0.4989776 
145.55999912 -0.4989776 
145.59999912 -0.941496 
145.63999911 -0.4989776 
145.67999911 -0.941496 
145.71999911 -0.941496 
145.75999911 -0.4989776 
145.79999911 -0.4989776 
145.83999911 -0.4989776 
145.87999911 -0.4989776 
145.91999911 -0.4989776 
145.95999911 -0.4989776 
145.99999911 -0.4989776 
146.03999911 -0.4989776 
146.07999911 -0.4989776 
146.11999911 -0.4989776 
146.51999911 -0.4989776 
150.27999909 -0.4989776 
150.55999908 -0.4989776 
150.63999908 -0.4989776 
150.67999908 -0.4989776 
150.71999908 -0.4989776 
150.75999908 -0.4989776 
150.79999908 -0.4989776 
150.83999908 -0.4989776 
150.87999908 -0.4989776 
150.91999908 -0.4989776 
150.95999908 -0.4989776 
150.99999908 -0.4989776 
151.03999908 -0.941496 
151.07999908 -0.941496 
151.11999908 -0.941496 
151.15999908 -0.4989776 
151.19999908 -0.941496 
151.23999908 -0.941496 
151.27999908 -0.941496 
151.31999908 -0.941496 
151.35999908 -0.941496 
151.39999908 -0.941496 
151.43999908 -0.941496 
151.47999908 -0.941496 
151.51999908 -1.382488 
151.55999908 -0.941496 
151.59999908 -0.941496 
151.63999908 -1.825007 
151.67999908 -0.941496 
151.71999908 -0.941496 
151.75999908 -0.941496 
151.79999908 -0.941496 
151.83999908 -0.941496 
151.87999908 -0.941496 
151.91999908 -0.941496 
151.95999908 -0.941496 
151.99999908 -1.382488 
152.03999908 -0.941496 
152.07999908 -0.941496 
152.11999908 -0.941496 
152.15999908 -0.941496 
152.19999908 -0.941496 
152.23999907 -0.941496 
152.27999907 -0.941496 
152.31999907 -0.941496 
152.35999907 -0.941496 
152.39999907 -0.941496 
152.43999907 -0.941496 
152.47999907 -0.941496 
152.51999907 -0.941496 
152.55999907 -0.941496 
152.59999907 -0.941496 
152.63999907 -0.941496 
152.67999907 -0.941496 
152.71999907 -0.941496 
152.75999907 -0.941496 
152.79999907 -0.4989776 
152.83999907 -0.941496 
152.87999907 -0.941496 
152.91999907 -0.4989776 
152.95999907 -0.4989776 
152.99999907 -0.4989776 
153.03999907 -0.4989776 
153.07999907 -0.941496 
153.11999907 -0.4989776 
153.15999907 -0.941496 
153.19999907 -0.941496 
153.23999907 -0.4989776 
153.27999907 -0.4989776 
153.31999907 -0.4989776 
153.35999907 -0.4989776 
153.39999907 -0.4989776 
153.43999907 -0.4989776 
153.47999907 -0.4989776 
153.51999907 -0.4989776 
153.55999907 -0.4989776 
153.59999907 -0.4989776 
153.67999907 -0.4989776 
153.71999907 -0.4989776 
153.75999907 -0.4989776 
153.79999907 -0.4989776 
153.87999906 -0.4989776 
153.91999906 -0.4989776 
154.03999906 -0.4989776 
154.07999906 -0.4989776 
154.23999906 -0.4989776 
154.39999906 -0.4989776 
154.43999906 -0.4989776 
154.47999906 -0.4989776 
154.51999906 -0.4989776 
154.55999906 -0.4989776 
154.59999906 -0.4989776 
154.63999906 -0.4989776 
154.71999906 -0.4989776 
154.79999906 -0.4989776 
154.83999906 -0.4989776 
154.91999906 -0.4989776 
154.95999906 -0.4989776 
155.03999906 -0.4989776 
155.07999906 -0.4989776 
155.11999906 -0.4989776 
155.15999906 -0.4989776 
155.19999906 -0.4989776 
155.23999906 -0.4989776 
155.27999906 -0.4989776 
155.31999906 -0.4989776 
155.35999906 -0.4989776 
155.39999906 -0.4989776 
155.43999906 -0.4989776 
155.59999905 -0.4989776 
155.63999905 -0.4989776 
155.67999905 -0.4989776 
155.71999905 -0.4989776 
155.75999905 -0.4989776 
155.79999905 -0.941496 
155.83999905 -0.941496 
155.87999905 -0.4989776 
155.91999905 -0.4989776 
155.95999905 -0.4989776 
155.99999905 -0.4989776 
156.03999905 -0.4989776 
156.07999905 -0.4989776 
156.11999905 -0.4989776 
156.15999905 -0.4989776 
156.19999905 -0.4989776 
156.23999905 -0.4989776 
156.27999905 -0.4989776 
156.31999905 -0.4989776 
156.35999905 -0.4989776 
156.39999905 -0.4989776 
156.43999905 -0.4989776 
156.47999905 -0.4989776 
156.51999905 -0.4989776 
156.55999905 -0.4989776 
156.59999905 -0.4989776 
156.63999905 -0.4989776 
156.67999905 -0.941496 
156.71999905 -0.4989776 
156.75999905 -0.4989776 
156.79999905 -0.4989776 
156.83999905 -0.4989776 
156.87999905 -0.4989776 
156.91999905 -0.4989776 
156.95999905 -0.4989776 
156.99999905 -0.4989776 
157.03999905 -0.4989776 
157.19999904 -0.4989776 
164.799999 -0.4989776 
164.879999 -0.4989776 
164.919999 -0.4989776 
164.959999 -0.4989776 
164.999999 -0.4989776 
165.039999 -0.4989776 
165.079999 -0.4989776 
165.119999 -0.4989776 
165.159999 -0.4989776 
165.199999 -0.4989776 
165.239999 -0.941496 
165.279999 -0.941496 
165.319999 -1.825007 
165.359999 -0.4989776 
165.43999899 -0.941496 
165.47999899 -1.825007 
165.51999899 -0.941496 
165.55999899 -0.941496 
165.59999899 -1.825007 
165.63999899 -0.941496 
165.67999899 -0.941496 
165.71999899 -1.382488 
165.75999899 -0.941496 
165.79999899 -1.825007 
165.83999899 -2.708518 
165.87999899 -1.825007 
165.91999899 -0.941496 
165.95999899 -1.825007 
165.99999899 -2.267525 
166.03999899 -1.382488 
166.07999899 -1.825007 
166.11999899 -2.708518 
166.15999899 -2.267525 
166.19999899 -1.825007 
166.23999899 -2.267525 
166.27999899 -2.708518 
166.31999899 -2.708518 
166.35999899 -2.267525 
166.39999899 -2.267525 
166.43999899 -2.267525 
166.47999899 -2.708518 
166.51999899 -2.267525 
166.55999899 -2.267525 
166.59999899 -2.267525 
166.63999899 -2.708518 
166.67999899 -2.708518 
166.71999899 -2.267525 
166.75999899 -2.708518 
166.79999899 -2.708518 
166.83999899 -2.708518 
166.87999899 -2.267525 
166.91999899 -2.267525 
166.95999899 -2.708518 
166.99999899 -2.708518 
167.03999898 -2.267525 
167.07999898 -2.267525 
167.11999898 -2.708518 
167.15999898 -2.267525 
167.19999898 -2.708518 
167.23999898 -2.267525 
167.27999898 -2.267525 
167.31999898 -2.708518 
167.35999898 -2.267525 
167.39999898 -2.267525 
167.43999898 -2.267525 
167.47999898 -2.708518 
167.51999898 -2.267525 
167.55999898 -2.267525 
167.59999898 -2.267525 
167.63999898 -2.267525 
167.67999898 -2.267525 
167.71999898 -2.267525 
167.75999898 -2.267525 
167.79999898 -1.825007 
167.83999898 -2.267525 
167.87999898 -2.267525 
167.91999898 -1.825007 
167.95999898 -2.267525 
167.99999898 -2.267525 
168.03999898 -2.267525 
168.07999898 -1.825007 
168.11999898 -1.825007 
168.15999898 -1.825007 
168.19999898 -1.825007 
168.23999898 -1.825007 
168.27999898 -1.825007 
168.31999898 -1.825007 
168.35999898 -1.825007 
168.39999898 -1.382488 
168.43999898 -1.825007 
168.47999898 -1.382488 
168.51999898 -1.382488 
168.55999898 -1.382488 
168.59999898 -0.941496 
168.63999898 -1.382488 
168.67999897 -0.941496 
168.71999897 -1.382488 
168.75999897 -0.941496 
168.79999897 -1.382488 
168.83999897 -0.941496 
168.87999897 -0.941496 
168.91999897 -0.941496 
168.95999897 -0.941496 
168.99999897 -0.941496 
169.03999897 -0.941496 
169.07999897 -0.941496 
169.11999897 -0.941496 
169.15999897 -0.941496 
169.19999897 -0.941496 
169.23999897 -0.941496 
169.27999897 -0.941496 
169.31999897 -0.941496 
169.35999897 -0.4989776 
169.39999897 -0.4989776 
169.43999897 -0.4989776 
169.47999897 -0.4989776 
169.51999897 -0.4989776 
169.55999897 -0.4989776 
169.59999897 -0.4989776 
169.63999897 -0.4989776 
169.67999897 -0.4989776 
169.71999897 -0.4989776 
169.79999897 -0.4989776 
172.95999895 -0.4989776 
173.55999895 -0.4989776 
176.39999893 -0.941496 
176.43999893 -0.4989776 
176.47999893 -0.4989776 
176.51999893 -0.4989776 
176.63999893 -0.4989776 
176.67999893 -0.4989776 
176.71999893 -0.4989776 
176.75999893 -0.4989776 
176.79999893 -0.941496 
176.83999893 -0.4989776 
176.87999893 -0.4989776 
176.91999892 -0.941496 
176.95999892 -0.941496 
176.99999892 -0.941496 
177.03999892 -0.941496 
177.07999892 -0.941496 
177.11999892 -0.941496 
177.15999892 -0.941496 
177.19999892 -0.941496 
177.23999892 -0.941496 
177.27999892 -1.382488 
177.31999892 -1.825007 
177.35999892 -0.941496 
177.39999892 -1.382488 
177.43999892 -1.382488 
177.47999892 -0.941496 
177.51999892 -1.825007 
177.55999892 -1.825007 
177.59999892 -1.382488 
177.63999892 -1.825007 
177.67999892 -1.825007 
177.71999892 -1.825007 
177.75999892 -1.825007 
177.79999892 -1.825007 
177.83999892 -1.825007 
177.87999892 -1.825007 
177.91999892 -1.825007 
177.95999892 -1.825007 
177.99999892 -2.267525 
178.03999892 -1.825007 
178.07999892 -1.825007 
178.11999892 -1.825007 
178.15999892 -1.825007 
178.19999892 -1.825007 
178.23999892 -1.825007 
178.27999892 -1.825007 
178.31999892 -2.267525 
178.35999892 -1.825007 
178.39999892 -1.825007 
178.43999892 -1.825007 
178.47999892 -1.825007 
178.51999892 -1.825007 
178.55999891 -1.825007 
178.59999891 -1.825007 
178.63999891 -1.825007 
178.67999891 -1.825007 
178.71999891 -1.825007 
178.75999891 -1.825007 
178.79999891 -1.825007 
178.83999891 -1.825007 
178.87999891 -1.825007 
178.91999891 -1.825007 
178.95999891 -1.825007 
178.99999891 -1.382488 
179.03999891 -1.825007 
179.07999891 -1.382488 
179.11999891 -1.382488 
179.15999891 -0.941496 
179.19999891 -0.941496 
179.23999891 -0.941496 
179.27999891 -0.941496 
179.31999891 -0.941496 
179.35999891 -0.941496 
179.39999891 -0.941496 
179.43999891 -0.4989776 
179.47999891 -0.4989776 
179.51999891 -0.4989776 
179.55999891 -0.4989776 
179.59999891 -0.4989776 
188.63999885 -0.4989776 
188.67999885 -0.4989776 
188.71999885 -0.4989776 
188.75999885 -0.4989776 
188.79999885 -0.941496 
188.83999885 -0.941496 
188.87999885 -0.941496 
188.91999885 -0.941496 
188.95999885 -0.941496 
188.99999885 -0.941496 
189.03999885 -0.941496 
189.07999885 -0.941496 
189.11999885 -0.941496 
189.15999885 -0.941496 
189.19999885 -0.941496 
189.23999885 -1.825007 
189.27999885 -1.382488 
189.31999885 -0.941496 
189.35999885 -1.382488 
189.39999885 -1.382488 
189.43999885 -1.825007 
189.47999885 -1.825007 
189.51999885 -1.825007 
189.55999885 -1.825007 
189.59999885 -1.825007 
189.63999885 -2.267525 
189.67999885 -1.825007 
189.71999885 -1.825007 
189.75999885 -1.825007 
189.79999885 -1.825007 
189.83999885 -1.825007 
189.87999885 -1.825007 
189.91999885 -1.825007 
189.95999885 -1.825007 
189.99999885 -1.825007 
190.03999885 -2.267525 
190.07999884 -2.267525 
190.11999884 -1.825007 
190.15999884 -2.267525 
190.19999884 -1.825007 
190.23999884 -1.825007 
190.27999884 -2.267525 
190.31999884 -1.825007 
190.35999884 -1.825007 
190.39999884 -2.267525 
190.43999884 -1.825007 
190.47999884 -1.825007 
190.51999884 -2.267525 
190.55999884 -1.825007 
190.59999884 -1.825007 
190.63999884 -1.825007 
190.67999884 -1.825007 
190.71999884 -1.825007 
190.75999884 -1.825007 
190.79999884 -1.825007 
190.83999884 -1.825007 
190.87999884 -1.382488 
190.91999884 -1.825007 
190.95999884 -1.825007 
190.99999884 -1.382488 
191.03999884 -0.941496 
191.07999884 -1.382488 
191.11999884 -1.382488 
191.15999884 -1.382488 
191.19999884 -0.941496 
191.23999884 -0.941496 
191.27999884 -0.941496 
191.31999884 -0.941496 
191.35999884 -0.941496 
191.39999884 -0.941496 
191.43999884 -0.941496 
191.47999884 -0.941496 
191.51999884 -0.941496 
191.55999884 -0.941496 
191.59999884 -0.4989776 
191.63999884 -0.4989776 
191.67999884 -0.4989776 
191.71999883 -0.4989776 
191.75999883 -0.4989776 
191.79999883 -0.4989776 
191.83999883 -0.4989776 
191.87999883 -0.4989776 
191.91999883 -0.4989776 
192.95999883 -0.4989776 
193.11999883 -0.4989776 
193.15999883 -0.4989776 
193.19999883 -0.4989776 
193.23999883 -1.825007 
193.35999882 -0.941496 
193.39999882 -1.382488 
193.43999882 -0.4989776 
193.47999882 -0.4989776 
193.51999882 -0.941496 
193.55999882 -0.941496 
193.59999882 -0.941496 
193.63999882 -0.941496 
193.71999882 -1.382488 
193.75999882 -2.267525 
193.79999882 -0.941496 
193.83999882 -0.4989776 
193.87999882 -1.825007 
193.91999882 -1.825007 
193.95999882 -0.941496 
193.99999882 -0.941496 
194.03999882 -2.267525 
194.07999882 -1.825007 
194.11999882 -0.941496 
194.15999882 -1.382488 
194.19999882 -1.825007 
194.23999882 -2.267525 
194.27999882 -1.825007 
194.31999882 -1.825007 
194.35999882 -1.825007 
194.39999882 -1.825007 
194.43999882 -1.825007 
194.47999882 -1.825007 
194.51999882 -1.825007 
194.55999882 -1.825007 
194.59999882 -1.825007 
194.63999882 -1.825007 
194.67999882 -1.825007 
194.71999882 -1.825007 
194.75999882 -1.825007 
194.79999882 -1.825007 
194.83999882 -1.825007 
194.87999882 -1.825007 
194.91999882 -1.825007 
194.95999882 -0.941496 
194.99999881 -0.941496 
195.03999881 -1.382488 
195.07999881 -1.382488 
195.11999881 -1.382488 
195.15999881 -0.941496 
195.19999881 -1.382488 
195.23999881 -0.941496 
195.27999881 -0.941496 
195.31999881 -0.941496 
195.35999881 -0.941496 
195.39999881 -0.941496 
195.43999881 -0.941496 
195.47999881 -0.941496 
195.51999881 -0.941496 
195.55999881 -0.941496 
195.59999881 -0.4989776 
195.63999881 -0.941496 
195.67999881 -0.4989776 
195.71999881 -0.4989776 
195.75999881 -0.4989776 
195.79999881 -0.4989776 
195.87999881 -0.4989776 
195.95999881 -0.4989776 
198.99999879 -0.4989776 
199.03999879 -0.4989776 
199.07999879 -0.4989776 
199.11999879 -0.4989776 
199.15999879 -0.4989776 
199.23999879 -0.941496 
199.27999879 -0.941496 
199.31999879 -0.941496 
199.35999879 -0.941496 
199.39999879 -0.941496 
199.43999879 -0.941496 
199.47999879 -0.941496 
199.51999879 -0.941496 
199.55999879 -0.941496 
199.59999879 -0.941496 
199.63999879 -0.941496 
199.67999879 -0.941496 
199.71999879 -0.941496 
199.75999879 -0.941496 
199.79999879 -0.941496 
199.83999879 -0.941496 
199.87999879 -1.382488 
199.91999878 -1.382488 
199.95999878 -0.941496 
199.99999878 -0.941496 
200.03999878 -1.382488 
200.07999878 -0.941496 
200.11999878 -0.941496 
0 0 
