0.0 -1.825007 
0.04 -1.825007 
0.08 -2.267525 
0.12 -2.267525 
0.16 -1.825007 
0.2 -1.825007 
0.24 -1.825007 
0.28 -1.825007 
0.32 -1.825007 
0.36 -2.267525 
0.4 -2.267525 
0.44 -1.825007 
0.48 -1.825007 
0.52 -1.825007 
0.56 -1.825007 
0.6 -2.267525 
0.64 -1.825007 
0.68 -1.825007 
0.72 -1.825007 
0.76 -1.825007 
0.8 -1.825007 
0.83999999 -1.825007 
0.87999999 -1.825007 
0.91999999 -1.825007 
0.95999999 -1.825007 
0.99999999 -1.825007 
1.03999999 -1.825007 
1.07999999 -1.825007 
1.11999999 -1.825007 
1.15999999 -1.382488 
1.19999999 -1.825007 
1.23999999 -1.382488 
1.27999999 -1.825007 
1.31999999 -1.382488 
1.35999999 -1.825007 
1.39999999 -0.941496 
1.43999999 -1.382488 
1.47999999 -0.941496 
1.51999999 -0.941496 
1.55999999 -0.941496 
1.59999999 -0.941496 
1.63999999 -0.941496 
1.67999999 -0.941496 
1.71999999 -0.941496 
1.75999999 -0.941496 
1.79999999 -0.941496 
1.83999999 -0.941496 
1.87999999 -0.941496 
1.91999999 -0.941496 
1.95999999 -0.941496 
1.99999999 -0.941496 
2.03999999 -0.4989776 
2.07999999 -0.941496 
2.11999999 -0.4989776 
2.15999999 -0.4989776 
2.19999999 -0.4989776 
2.23999999 -0.4989776 
2.27999999 -0.4989776 
2.31999999 -0.4989776 
2.35999999 -0.4989776 
2.39999999 -0.4989776 
2.43999999 -0.4989776 
2.47999998 -0.4989776 
2.55999998 -0.4989776 
2.63999998 -0.4989776 
4.27999997 -0.4989776 
4.31999997 -0.4989776 
4.35999997 -0.4989776 
4.39999997 -0.4989776 
4.43999997 -0.4989776 
4.47999997 -0.4989776 
4.51999997 -0.4989776 
4.55999997 -0.4989776 
4.59999997 -0.4989776 
4.63999997 -0.4989776 
4.67999997 -0.4989776 
4.71999997 -0.4989776 
4.75999997 -0.4989776 
4.79999997 -0.4989776 
4.83999997 -0.4989776 
4.87999997 -0.4989776 
4.91999997 -0.4989776 
4.95999997 -0.941496 
4.99999997 -0.941496 
5.03999997 -0.4989776 
5.07999997 -0.4989776 
5.11999997 -0.4989776 
5.15999997 -0.4989776 
5.19999997 -0.4989776 
5.23999997 -0.4989776 
5.27999997 -0.941496 
5.35999997 -0.4989776 
5.39999997 -0.4989776 
5.43999997 -0.4989776 
5.51999997 -0.4989776 
5.55999997 -0.4989776 
5.63999997 -0.4989776 
5.67999997 -0.4989776 
21.71999987 -0.4989776 
21.75999987 -0.941496 
21.87999987 -0.941496 
21.91999987 -0.4989776 
21.95999987 -0.4989776 
21.99999987 -0.4989776 
22.03999987 -0.4989776 
22.23999986 -1.382488 
22.27999986 -0.941496 
22.39999986 -0.4989776 
22.51999986 -0.941496 
22.55999986 -0.4989776 
22.67999986 -0.4989776 
22.71999986 -0.4989776 
25.43999985 -0.4989776 
25.47999985 -0.4989776 
25.51999984 -0.4989776 
25.55999984 -0.941496 
25.59999984 -0.4989776 
25.63999984 -0.4989776 
25.67999984 -0.4989776 
25.71999984 -0.4989776 
25.75999984 -0.941496 
25.79999984 -0.941496 
25.83999984 -0.4989776 
25.87999984 -0.941496 
25.91999984 -0.941496 
25.95999984 -0.941496 
25.99999984 -0.941496 
26.03999984 -0.941496 
26.07999984 -0.941496 
26.11999984 -0.941496 
26.15999984 -1.382488 
26.19999984 -0.941496 
26.23999984 -1.382488 
26.27999984 -1.825007 
26.31999984 -1.825007 
26.35999984 -0.941496 
26.39999984 -1.382488 
26.43999984 -1.825007 
26.47999984 -1.825007 
26.51999984 -1.825007 
26.55999984 -1.825007 
26.59999984 -1.825007 
26.63999984 -1.825007 
26.67999984 -1.825007 
26.71999984 -1.825007 
26.75999984 -1.825007 
26.79999984 -1.825007 
26.83999984 -1.825007 
26.87999984 -1.825007 
26.91999984 -1.825007 
26.95999984 -1.825007 
26.99999984 -1.825007 
27.03999984 -1.825007 
27.07999984 -1.825007 
27.11999984 -1.825007 
27.15999983 -1.825007 
27.19999983 -1.825007 
27.23999983 -1.825007 
27.27999983 -1.825007 
27.31999983 -1.825007 
27.35999983 -1.825007 
27.39999983 -1.825007 
27.43999983 -1.825007 
27.47999983 -1.382488 
27.51999983 -1.825007 
27.55999983 -1.825007 
27.59999983 -1.825007 
27.63999983 -1.382488 
27.67999983 -1.825007 
27.71999983 -0.941496 
27.75999983 -1.825007 
27.79999983 -0.941496 
27.83999983 -0.941496 
27.87999983 -1.382488 
27.91999983 -0.941496 
27.95999983 -0.941496 
27.99999983 -0.941496 
28.03999983 -0.941496 
28.07999983 -0.941496 
28.11999983 -0.941496 
28.15999983 -0.941496 
28.19999983 -0.941496 
28.23999983 -0.941496 
28.27999983 -0.4989776 
28.31999983 -0.4989776 
28.35999983 -0.941496 
28.39999983 -0.4989776 
28.43999983 -0.4989776 
28.47999983 -0.4989776 
28.51999983 -0.4989776 
28.59999983 -0.4989776 
28.67999983 -0.4989776 
37.03999977 -0.4989776 
37.47999977 -0.4989776 
37.51999977 -0.4989776 
37.55999977 -0.4989776 
37.59999977 -0.4989776 
37.63999977 -0.4989776 
37.67999977 -0.4989776 
37.71999977 -0.4989776 
37.75999977 -0.4989776 
37.79999977 -0.941496 
37.83999977 -0.941496 
37.87999977 -0.941496 
37.91999977 -0.941496 
37.95999977 -0.941496 
37.99999977 -0.941496 
38.03999977 -0.941496 
38.07999977 -0.941496 
38.11999977 -0.941496 
38.15999977 -0.941496 
38.19999977 -0.941496 
38.23999977 -0.941496 
38.27999977 -0.941496 
38.31999977 -0.941496 
38.35999977 -1.382488 
38.39999977 -0.941496 
38.43999977 -0.941496 
38.47999977 -0.941496 
38.51999977 -0.941496 
38.55999977 -0.941496 
38.59999977 -0.941496 
38.63999977 -0.941496 
38.67999976 -0.941496 
38.71999976 -0.941496 
38.75999976 -0.941496 
38.79999976 -0.941496 
38.83999976 -0.941496 
38.87999976 -0.941496 
38.91999976 -0.941496 
38.95999976 -0.941496 
38.99999976 -0.941496 
39.03999976 -0.941496 
39.07999976 -0.941496 
39.11999976 -0.4989776 
39.15999976 -0.941496 
39.19999976 -0.941496 
39.23999976 -0.941496 
39.27999976 -0.941496 
39.31999976 -0.4989776 
39.35999976 -0.4989776 
39.39999976 -0.4989776 
39.43999976 -0.4989776 
39.47999976 -0.4989776 
39.51999976 -0.4989776 
39.55999976 -0.4989776 
39.59999976 -0.4989776 
49.2799997 -0.4989776 
49.3599997 -0.4989776 
49.3999997 -0.4989776 
49.4399997 -0.4989776 
49.4799997 -0.4989776 
49.5199997 -0.4989776 
49.5599997 -0.941496 
49.5999997 -0.4989776 
49.6399997 -0.941496 
49.6799997 -0.941496 
49.7199997 -0.941496 
49.7599997 -0.941496 
49.7999997 -0.941496 
49.8799997 -0.941496 
49.9199997 -0.941496 
49.9599997 -0.941496 
49.9999997 -0.941496 
50.0399997 -0.941496 
50.0799997 -0.941496 
50.1199997 -0.941496 
50.1599997 -0.941496 
50.19999969 -0.941496 
50.23999969 -0.941496 
50.27999969 -0.941496 
50.31999969 -0.941496 
50.35999969 -0.941496 
50.39999969 -0.941496 
50.43999969 -0.941496 
50.47999969 -0.941496 
50.51999969 -0.941496 
50.55999969 -0.941496 
50.59999969 -0.941496 
50.63999969 -0.941496 
50.67999969 -0.941496 
50.71999969 -0.941496 
50.75999969 -0.941496 
50.79999969 -0.941496 
50.83999969 -0.941496 
50.87999969 -0.941496 
50.91999969 -0.941496 
50.95999969 -0.941496 
50.99999969 -0.941496 
51.03999969 -0.941496 
51.07999969 -0.941496 
51.11999969 -0.941496 
51.15999969 -0.941496 
51.19999969 -0.941496 
51.23999969 -0.941496 
51.27999969 -0.4989776 
51.31999969 -0.941496 
51.35999969 -0.4989776 
51.39999969 -0.4989776 
51.43999969 -0.941496 
51.47999969 -0.941496 
51.51999969 -0.4989776 
51.55999969 -0.4989776 
51.63999969 -0.4989776 
51.67999969 -0.4989776 
51.71999969 -0.4989776 
51.79999969 -0.4989776 
51.83999968 -0.4989776 
51.87999968 -0.4989776 
53.91999967 -0.4989776 
54.03999967 -0.4989776 
54.23999967 -0.4989776 
54.31999967 -0.4989776 
60.59999963 -0.4989776 
60.67999963 -0.4989776 
60.71999963 -0.4989776 
60.91999963 -0.4989776 
65.1999996 -0.4989776 
65.3999996 -0.4989776 
65.5199996 -0.4989776 
65.5599996 -0.4989776 
65.5999996 -0.4989776 
65.6399996 -0.4989776 
65.6799996 -0.4989776 
65.7599996 -0.4989776 
65.7999996 -0.4989776 
65.8399996 -0.4989776 
65.8799996 -0.4989776 
65.9199996 -0.4989776 
65.9599996 -0.4989776 
65.9999996 -0.4989776 
66.0399996 -0.4989776 
66.0799996 -0.4989776 
66.1199996 -0.4989776 
66.1599996 -0.4989776 
66.1999996 -0.4989776 
66.2399996 -0.4989776 
66.3199996 -0.4989776 
66.3999996 -0.4989776 
75.43999954 -0.4989776 
75.83999954 -0.4989776 
75.91999954 -0.4989776 
75.95999954 -0.941496 
76.07999954 -0.4989776 
76.31999954 -0.4989776 
76.35999954 -0.4989776 
76.39999954 -0.4989776 
76.43999954 -0.4989776 
76.47999954 -0.4989776 
76.51999953 -0.4989776 
76.55999953 -0.4989776 
76.59999953 -0.4989776 
76.63999953 -0.4989776 
76.67999953 -0.4989776 
76.75999953 -0.4989776 
76.79999953 -0.4989776 
76.87999953 -0.4989776 
76.95999953 -0.4989776 
77.03999953 -0.4989776 
77.07999953 -0.4989776 
77.11999953 -0.4989776 
77.15999953 -0.4989776 
77.19999953 -0.4989776 
77.23999953 -0.4989776 
77.27999953 -0.4989776 
77.31999953 -0.4989776 
77.51999953 -0.4989776 
77.55999953 -0.4989776 
77.59999953 -0.4989776 
82.5199995 -0.4989776 
82.6399995 -0.4989776 
82.7199995 -0.4989776 
82.7599995 -0.4989776 
82.8799995 -0.4989776 
82.9199995 -0.4989776 
82.9999995 -0.4989776 
83.0799995 -0.4989776 
83.11999949 -0.4989776 
83.15999949 -0.4989776 
83.23999949 -0.4989776 
83.27999949 -0.4989776 
83.31999949 -0.4989776 
83.35999949 -0.4989776 
83.39999949 -0.4989776 
83.43999949 -0.4989776 
83.51999949 -0.4989776 
83.59999949 -0.4989776 
83.79999949 -0.4989776 
84.27999949 -0.4989776 
84.31999949 -0.4989776 
86.23999948 -0.4989776 
86.31999948 -0.4989776 
86.35999948 -0.4989776 
86.39999947 -0.4989776 
86.43999947 -0.4989776 
86.47999947 -0.4989776 
86.51999947 -0.4989776 
86.55999947 -0.4989776 
86.59999947 -0.941496 
86.63999947 -0.4989776 
86.67999947 -0.4989776 
86.71999947 -0.4989776 
86.75999947 -0.941496 
86.79999947 -0.941496 
86.83999947 -0.941496 
86.87999947 -0.941496 
86.91999947 -0.941496 
86.95999947 -0.941496 
86.99999947 -0.941496 
87.03999947 -0.941496 
87.07999947 -0.941496 
87.11999947 -0.941496 
87.15999947 -0.941496 
87.19999947 -0.941496 
87.23999947 -0.941496 
87.27999947 -1.382488 
87.31999947 -0.941496 
87.35999947 -0.941496 
87.39999947 -0.941496 
87.43999947 -0.941496 
87.47999947 -1.382488 
87.51999947 -1.382488 
87.55999947 -1.382488 
87.59999947 -1.382488 
87.63999947 -0.941496 
87.67999947 -1.825007 
87.71999947 -0.941496 
87.75999947 -1.382488 
87.79999947 -1.382488 
87.83999947 -1.382488 
87.87999947 -1.825007 
87.91999947 -1.382488 
87.95999947 -1.382488 
87.99999947 -1.382488 
88.03999946 -1.382488 
88.07999946 -1.382488 
88.11999946 -1.825007 
88.15999946 -1.825007 
88.19999946 -1.825007 
88.23999946 -1.382488 
88.27999946 -0.941496 
88.31999946 -1.382488 
88.35999946 -0.941496 
88.39999946 -0.941496 
88.43999946 -0.941496 
88.47999946 -0.941496 
88.51999946 -0.941496 
88.55999946 -0.941496 
88.59999946 -0.941496 
88.63999946 -0.941496 
88.67999946 -0.941496 
88.71999946 -0.941496 
88.75999946 -0.941496 
88.79999946 -0.4989776 
88.83999946 -0.941496 
88.87999946 -0.4989776 
88.91999946 -0.941496 
88.95999946 -0.4989776 
88.99999946 -0.4989776 
89.03999946 -0.4989776 
89.07999946 -0.4989776 
89.11999946 -0.4989776 
89.15999946 -0.4989776 
89.19999946 -0.4989776 
89.23999946 -0.941496 
89.31999946 -0.4989776 
89.35999946 -0.4989776 
98.1999994 -0.4989776 
98.2799994 -0.4989776 
98.3199994 -0.4989776 
98.3599994 -0.941496 
98.4399994 -0.4989776 
98.4799994 -0.4989776 
98.5199994 -0.4989776 
98.5599994 -0.941496 
98.5999994 -0.941496 
98.6399994 -0.941496 
98.6799994 -0.941496 
98.7199994 -0.941496 
98.7599994 -0.941496 
98.7999994 -2.267525 
98.8399994 -0.941496 
98.8799994 -0.4989776 
98.9199994 -1.825007 
98.9599994 -1.825007 
98.9999994 -0.941496 
99.0399994 -0.941496 
99.0799994 -1.825007 
99.1199994 -1.382488 
99.1599994 -0.941496 
99.1999994 -0.941496 
99.2399994 -0.941496 
99.2799994 -2.267525 
99.3199994 -2.708518 
99.3599994 -0.941496 
99.3999994 -0.4989776 
99.4399994 -1.825007 
99.4799994 -1.382488 
99.5199994 -0.941496 
99.55999939 -1.825007 
99.59999939 -2.267525 
99.63999939 -0.941496 
99.67999939 -0.941496 
99.71999939 -1.825007 
99.75999939 -1.825007 
99.79999939 -0.941496 
99.83999939 -0.941496 
99.87999939 -0.941496 
99.91999939 -0.941496 
99.95999939 -0.941496 
99.99999939 -0.941496 
100.03999939 -0.941496 
100.07999939 -0.941496 
100.11999939 -0.941496 
100.15999939 -0.941496 
100.19999939 -0.4989776 
100.23999939 -0.941496 
100.27999939 -0.941496 
100.31999939 -0.941496 
100.35999939 -0.4989776 
100.39999939 -0.941496 
100.43999939 -0.941496 
100.47999939 -0.4989776 
100.51999939 -0.4989776 
100.55999939 -0.4989776 
100.59999939 -0.4989776 
100.63999939 -0.4989776 
109.87999933 -0.4989776 
109.91999933 -0.4989776 
109.95999933 -0.4989776 
109.99999933 -0.4989776 
110.03999933 -0.4989776 
110.07999933 -0.4989776 
110.11999933 -0.4989776 
110.15999933 -0.4989776 
110.19999933 -0.4989776 
110.23999933 -0.4989776 
110.27999933 -0.4989776 
110.31999933 -0.4989776 
110.35999933 -0.4989776 
110.39999933 -0.4989776 
110.43999933 -0.941496 
110.47999933 -0.941496 
110.51999933 -0.941496 
110.55999933 -0.941496 
110.59999933 -1.382488 
110.67999933 -0.941496 
110.71999933 -0.941496 
110.75999933 -0.941496 
110.79999933 -0.4989776 
110.83999933 -0.941496 
110.87999933 -0.941496 
110.91999933 -0.941496 
110.95999933 -0.941496 
110.99999933 -0.941496 
111.03999933 -0.941496 
111.07999932 -0.941496 
111.11999932 -0.941496 
111.15999932 -0.941496 
111.19999932 -0.941496 
111.23999932 -0.941496 
111.27999932 -0.941496 
111.31999932 -0.941496 
111.35999932 -0.941496 
111.39999932 -0.941496 
111.43999932 -0.941496 
111.47999932 -0.941496 
111.51999932 -0.941496 
111.55999932 -0.941496 
111.59999932 -0.941496 
111.63999932 -0.941496 
111.67999932 -0.941496 
111.71999932 -0.4989776 
111.75999932 -0.941496 
111.79999932 -0.941496 
111.83999932 -0.941496 
111.87999932 -0.4989776 
111.91999932 -0.941496 
111.95999932 -0.941496 
111.99999932 -0.941496 
112.03999932 -0.941496 
112.07999932 -0.4989776 
112.11999932 -0.941496 
112.15999932 -0.941496 
112.19999932 -0.4989776 
112.23999932 -0.941496 
112.27999932 -0.4989776 
112.31999932 -0.4989776 
112.35999932 -0.941496 
112.39999932 -0.4989776 
112.43999932 -0.4989776 
112.47999932 -0.4989776 
112.51999932 -0.4989776 
112.55999932 -0.4989776 
112.59999932 -0.4989776 
112.63999932 -0.4989776 
112.75999931 -0.4989776 
112.79999931 -0.4989776 
112.83999931 -0.4989776 
112.87999931 -0.4989776 
112.91999931 -0.4989776 
112.99999931 -0.4989776 
113.11999931 -0.4989776 
113.19999931 -0.4989776 
113.23999931 -0.4989776 
113.47999931 -0.4989776 
113.99999931 -0.4989776 
114.07999931 -0.4989776 
114.3599993 -0.4989776 
114.3999993 -0.4989776 
114.4799993 -0.4989776 
114.5599993 -0.4989776 
114.5999993 -0.4989776 
114.6799993 -0.4989776 
114.7199993 -0.4989776 
114.7599993 -0.4989776 
114.7999993 -0.4989776 
114.8399993 -0.4989776 
114.8799993 -0.4989776 
114.9199993 -0.4989776 
114.9599993 -0.4989776 
114.9999993 -0.4989776 
115.0399993 -0.4989776 
115.0799993 -0.4989776 
115.1199993 -0.4989776 
115.1599993 -0.941496 
115.1999993 -0.941496 
115.2399993 -0.4989776 
115.2799993 -0.941496 
115.3199993 -0.941496 
115.3599993 -1.382488 
115.3999993 -0.941496 
115.4399993 -0.4989776 
115.4799993 -0.941496 
115.5199993 -0.4989776 
115.5599993 -0.4989776 
115.5999993 -0.4989776 
115.6399993 -0.941496 
115.6799993 -0.941496 
115.7199993 -0.4989776 
115.7599993 -0.4989776 
115.7999993 -0.4989776 
115.8399993 -0.4989776 
115.8799993 -0.4989776 
115.9999993 -0.4989776 
125.43999924 -0.4989776 
125.47999924 -0.4989776 
125.71999924 -0.4989776 
125.75999924 -0.4989776 
135.39999918 -0.4989776 
135.47999918 -0.4989776 
135.51999918 -0.4989776 
135.55999918 -0.4989776 
135.59999918 -0.4989776 
135.63999918 -0.4989776 
135.67999918 -0.4989776 
135.71999918 -0.941496 
135.75999917 -0.941496 
135.79999917 -0.941496 
135.83999917 -0.941496 
135.87999917 -0.941496 
135.91999917 -0.941496 
135.95999917 -0.941496 
135.99999917 -0.941496 
136.03999917 -0.941496 
136.07999917 -1.382488 
136.11999917 -1.382488 
136.15999917 -0.941496 
136.19999917 -0.941496 
136.23999917 -1.825007 
136.27999917 -1.825007 
136.31999917 -1.825007 
136.35999917 -1.382488 
136.39999917 -1.825007 
136.43999917 -1.825007 
136.47999917 -1.825007 
136.51999917 -1.825007 
136.55999917 -1.825007 
136.59999917 -1.825007 
136.63999917 -1.825007 
136.67999917 -1.825007 
136.71999917 -1.825007 
136.75999917 -1.825007 
136.79999917 -1.825007 
136.83999917 -1.825007 
136.87999917 -1.825007 
136.91999917 -1.825007 
136.95999917 -0.4989776 
136.99999917 -1.825007 
137.03999917 -1.825007 
137.07999917 -1.825007 
137.11999917 -1.825007 
137.15999917 -2.267525 
137.19999917 -1.825007 
137.23999917 -1.825007 
137.27999917 -1.825007 
137.31999917 -1.825007 
137.35999917 -1.825007 
137.39999916 -1.825007 
137.43999916 -1.825007 
137.47999916 -1.825007 
137.51999916 -1.825007 
137.55999916 -1.825007 
137.59999916 -1.825007 
137.63999916 -1.382488 
137.67999916 -1.825007 
137.71999916 -1.382488 
137.75999916 -1.382488 
137.79999916 -0.941496 
137.83999916 -1.825007 
137.87999916 -1.382488 
137.91999916 -1.825007 
137.95999916 -1.382488 
137.99999916 -1.382488 
138.03999916 -0.941496 
138.07999916 -0.941496 
138.11999916 -0.941496 
138.15999916 -0.941496 
138.19999916 -0.941496 
138.23999916 -0.941496 
138.27999916 -0.941496 
138.31999916 -0.941496 
138.35999916 -0.941496 
138.39999916 -0.941496 
138.43999916 -0.4989776 
138.47999916 -0.4989776 
138.51999916 -0.4989776 
138.55999916 -0.941496 
138.59999916 -0.4989776 
138.63999916 -0.4989776 
138.67999916 -0.4989776 
138.71999916 -0.4989776 
138.75999916 -0.4989776 
138.83999916 -0.4989776 
147.9999991 -0.4989776 
148.0799991 -0.4989776 
148.1199991 -0.4989776 
148.1599991 -0.4989776 
148.1999991 -0.4989776 
148.2399991 -0.4989776 
148.2799991 -0.4989776 
148.3199991 -0.941496 
148.3599991 -0.941496 
148.3999991 -0.941496 
148.4399991 -0.4989776 
148.4799991 -0.941496 
148.5199991 -0.941496 
148.5599991 -0.4989776 
148.5999991 -0.4989776 
148.6399991 -0.941496 
148.6799991 -0.941496 
148.7199991 -0.941496 
148.7599991 -0.941496 
148.7999991 -0.941496 
148.8399991 -0.941496 
148.8799991 -0.941496 
148.91999909 -0.941496 
148.95999909 -0.941496 
148.99999909 -0.941496 
149.03999909 -0.941496 
149.07999909 -0.941496 
149.11999909 -0.941496 
149.15999909 -0.941496 
149.19999909 -0.941496 
149.23999909 -0.941496 
149.27999909 -0.941496 
149.31999909 -0.941496 
149.35999909 -0.941496 
149.39999909 -0.941496 
149.43999909 -0.4989776 
149.47999909 -0.4989776 
149.51999909 -0.4989776 
149.55999909 -0.4989776 
149.59999909 -0.4989776 
149.63999909 -0.4989776 
149.67999909 -0.4989776 
149.71999909 -0.4989776 
159.59999903 -0.4989776 
159.67999903 -0.4989776 
159.91999903 -0.4989776 
159.95999903 -0.4989776 
159.99999903 -0.4989776 
160.03999903 -0.4989776 
160.07999903 -0.4989776 
160.11999903 -0.4989776 
160.15999903 -0.4989776 
160.19999903 -0.4989776 
160.23999903 -0.4989776 
160.27999903 -0.4989776 
160.31999903 -0.4989776 
160.35999903 -0.4989776 
160.39999903 -0.4989776 
160.43999902 -0.4989776 
160.51999902 -0.4989776 
160.55999902 -0.4989776 
160.59999902 -0.4989776 
160.63999902 -0.4989776 
160.67999902 -0.4989776 
160.71999902 -0.4989776 
160.75999902 -0.4989776 
160.79999902 -0.4989776 
160.83999902 -0.4989776 
160.87999902 -0.4989776 
160.91999902 -0.4989776 
160.99999902 -0.4989776 
161.03999902 -0.4989776 
161.07999902 -0.4989776 
161.27999902 -0.4989776 
164.519999 -0.4989776 
164.559999 -0.4989776 
164.599999 -0.4989776 
164.679999 -0.4989776 
164.759999 -0.4989776 
164.919999 -0.4989776 
164.959999 -0.4989776 
172.63999895 -0.4989776 
172.87999895 -0.4989776 
173.11999895 -0.4989776 
173.15999895 -0.4989776 
173.23999895 -0.4989776 
173.31999895 -0.4989776 
173.35999895 -0.4989776 
173.47999895 -0.4989776 
173.51999895 -0.4989776 
173.55999895 -0.4989776 
173.59999894 -0.4989776 
173.63999894 -0.4989776 
173.67999894 -0.4989776 
173.71999894 -0.4989776 
173.75999894 -0.4989776 
173.79999894 -0.4989776 
173.83999894 -0.4989776 
173.87999894 -0.941496 
173.91999894 -0.4989776 
173.95999894 -0.4989776 
173.99999894 -0.4989776 
174.03999894 -0.941496 
174.07999894 -0.4989776 
174.11999894 -0.941496 
174.15999894 -0.4989776 
174.19999894 -0.941496 
174.23999894 -0.4989776 
174.27999894 -0.4989776 
174.31999894 -0.4989776 
174.35999894 -0.4989776 
174.39999894 -0.4989776 
174.43999894 -0.941496 
174.47999894 -0.4989776 
174.51999894 -0.4989776 
174.55999894 -0.4989776 
174.59999894 -0.4989776 
174.63999894 -0.4989776 
174.67999894 -0.4989776 
174.71999894 -0.941496 
174.75999894 -0.941496 
174.79999894 -0.4989776 
174.83999894 -0.4989776 
174.87999894 -0.941496 
174.91999894 -0.941496 
174.95999894 -0.941496 
174.99999894 -0.941496 
175.03999894 -0.941496 
175.07999894 -0.4989776 
175.11999894 -0.4989776 
175.15999894 -0.941496 
175.19999894 -0.941496 
175.23999893 -0.941496 
175.27999893 -0.4989776 
175.31999893 -0.4989776 
175.35999893 -0.941496 
175.39999893 -0.941496 
175.43999893 -0.4989776 
175.47999893 -0.941496 
175.51999893 -0.941496 
175.55999893 -0.941496 
175.59999893 -0.941496 
175.63999893 -0.941496 
175.67999893 -0.941496 
175.71999893 -0.941496 
175.75999893 -0.941496 
175.79999893 -0.4989776 
175.83999893 -0.4989776 
175.87999893 -0.4989776 
175.91999893 -0.941496 
175.95999893 -0.4989776 
175.99999893 -0.941496 
176.03999893 -0.4989776 
176.07999893 -0.4989776 
176.11999893 -0.4989776 
176.23999893 -0.4989776 
176.27999893 -0.4989776 
176.31999893 -0.4989776 
176.35999893 -0.4989776 
176.51999893 -0.4989776 
185.87999887 -0.4989776 
185.91999887 -0.4989776 
185.95999887 -0.941496 
185.99999887 -0.4989776 
186.03999887 -0.4989776 
186.07999887 -0.941496 
186.11999887 -0.941496 
186.15999887 -0.941496 
186.19999887 -0.4989776 
186.23999887 -0.941496 
186.27999887 -0.941496 
186.31999887 -0.941496 
186.35999887 -0.941496 
186.39999887 -0.941496 
186.43999887 -0.941496 
186.47999887 -0.941496 
186.51999887 -0.941496 
186.55999887 -0.941496 
186.59999887 -0.941496 
186.63999887 -0.941496 
186.67999887 -0.941496 
186.71999887 -0.941496 
186.75999886 -0.941496 
186.79999886 -0.941496 
186.83999886 -1.382488 
186.87999886 -1.382488 
186.91999886 -0.941496 
186.95999886 -1.382488 
186.99999886 -0.941496 
187.03999886 -0.941496 
187.07999886 -0.941496 
187.11999886 -1.382488 
187.15999886 -0.941496 
187.19999886 -0.941496 
187.23999886 -1.382488 
187.27999886 -1.382488 
187.31999886 -0.941496 
187.35999886 -0.941496 
187.39999886 -0.941496 
187.43999886 -0.941496 
187.47999886 -0.941496 
187.51999886 -0.941496 
187.55999886 -0.941496 
187.59999886 -0.941496 
187.63999886 -0.941496 
187.67999886 -0.941496 
187.71999886 -0.941496 
187.75999886 -0.941496 
187.79999886 -0.4989776 
187.83999886 -0.941496 
187.87999886 -0.941496 
187.91999886 -0.941496 
187.95999886 -0.4989776 
187.99999886 -0.4989776 
188.03999886 -0.4989776 
188.07999886 -0.4989776 
188.11999886 -0.4989776 
196.47999881 -0.4989776 
196.51999881 -0.4989776 
196.55999881 -0.4989776 
196.59999881 -0.4989776 
196.6399988 -0.4989776 
196.6799988 -0.4989776 
196.7199988 -0.4989776 
196.7599988 -0.941496 
196.7999988 -0.4989776 
196.8399988 -0.941496 
196.8799988 -0.941496 
196.9199988 -0.941496 
196.9599988 -0.941496 
196.9999988 -0.941496 
197.0399988 -0.941496 
197.0799988 -0.941496 
197.1199988 -0.941496 
197.1599988 -1.382488 
197.1999988 -1.382488 
197.2399988 -0.941496 
197.2799988 -0.941496 
197.3199988 -1.825007 
197.3599988 -1.382488 
197.3999988 -0.941496 
197.4399988 -1.382488 
197.4799988 -1.382488 
197.5199988 -1.825007 
197.5599988 -1.825007 
197.5999988 -1.825007 
197.6399988 -1.825007 
197.6799988 -1.825007 
197.7199988 -1.825007 
197.7599988 -1.825007 
197.7999988 -2.267525 
197.8399988 -1.825007 
197.8799988 -1.825007 
197.9199988 -1.825007 
197.9599988 -1.825007 
197.9999988 -2.267525 
198.0399988 -1.825007 
198.0799988 -1.825007 
198.1199988 -1.825007 
198.1599988 -2.267525 
198.1999988 -1.825007 
198.2399988 -1.825007 
198.27999879 -1.825007 
198.31999879 -1.825007 
198.35999879 -1.825007 
198.39999879 -1.825007 
198.43999879 -1.825007 
198.47999879 -1.825007 
198.51999879 -1.825007 
198.55999879 -1.825007 
198.59999879 -1.825007 
198.63999879 -1.825007 
198.67999879 -1.825007 
198.71999879 -1.825007 
198.75999879 -1.382488 
198.79999879 -0.941496 
198.83999879 -1.382488 
198.87999879 -0.941496 
198.91999879 -0.941496 
198.95999879 -0.941496 
198.99999879 -0.941496 
199.03999879 -0.941496 
199.07999879 -0.941496 
199.11999879 -0.941496 
199.15999879 -0.941496 
199.19999879 -0.941496 
199.23999879 -0.941496 
199.27999879 -0.941496 
199.31999879 -0.4989776 
199.35999879 -0.4989776 
199.39999879 -0.4989776 
199.43999879 -0.4989776 
199.47999879 -0.4989776 
199.51999879 -0.4989776 
199.55999879 -0.4989776 
0 0 
