0.04 -0.4989776 
0.08 -0.4989776 
0.12 -0.4989776 
0.16 -0.941496 
0.2 -0.941496 
0.24 -0.941496 
0.28 -0.941496 
0.32 -0.941496 
0.36 -0.941496 
0.4 -0.941496 
0.44 -0.941496 
0.48 -0.941496 
0.52 -1.825007 
0.56 -1.825007 
0.6 -1.825007 
0.64 -1.825007 
0.68 -1.825007 
0.72 -1.825007 
0.76 -1.825007 
0.8 -2.267525 
0.83999999 -2.267525 
0.87999999 -2.267525 
0.91999999 -2.267525 
0.95999999 -2.267525 
0.99999999 -2.267525 
1.03999999 -2.267525 
1.07999999 -2.267525 
1.11999999 -2.267525 
1.15999999 -2.708518 
1.19999999 -2.708518 
1.23999999 -2.708518 
1.27999999 -2.708518 
1.31999999 -2.708518 
1.35999999 -2.708518 
1.39999999 -2.708518 
1.43999999 -2.708518 
1.47999999 -2.708518 
1.51999999 -2.708518 
1.55999999 -3.151036 
1.59999999 -2.708518 
1.63999999 -2.708518 
1.67999999 -2.267525 
1.71999999 -2.708518 
1.75999999 -2.708518 
1.79999999 -2.267525 
1.83999999 -2.267525 
1.87999999 -2.708518 
1.91999999 -2.267525 
1.95999999 -2.267525 
1.99999999 -2.267525 
2.03999999 -2.267525 
2.07999999 -2.267525 
2.11999999 -2.267525 
2.15999999 -2.267525 
2.19999999 -2.267525 
2.23999999 -2.267525 
2.27999999 -2.267525 
2.31999999 -2.267525 
2.35999999 -1.825007 
2.39999999 -2.267525 
2.43999999 -1.825007 
2.47999998 -1.382488 
2.51999998 -1.825007 
2.55999998 -1.825007 
2.59999998 -1.825007 
2.63999998 -1.382488 
2.67999998 -0.941496 
2.71999998 -0.941496 
2.75999998 -0.941496 
2.79999998 -0.941496 
2.83999998 -0.941496 
2.87999998 -0.941496 
2.91999998 -0.941496 
2.95999998 -0.941496 
2.99999998 -0.4989776 
3.03999998 -0.941496 
3.07999998 -0.941496 
3.11999998 -0.941496 
3.15999998 -0.4989776 
3.19999998 -0.4989776 
3.23999998 -0.4989776 
3.27999998 -0.4989776 
5.43999997 -0.4989776 
5.59999997 -0.4989776 
5.63999997 -0.4989776 
5.67999997 -0.4989776 
5.71999997 -0.4989776 
5.75999996 -0.4989776 
5.79999996 -0.4989776 
5.83999996 -0.4989776 
5.87999996 -0.4989776 
5.91999996 -0.941496 
5.95999996 -0.941496 
5.99999996 -0.941496 
6.03999996 -0.941496 
6.07999996 -0.941496 
6.11999996 -0.941496 
6.15999996 -0.941496 
6.19999996 -0.941496 
6.27999996 -0.941496 
6.31999996 -0.941496 
6.35999996 -0.941496 
6.39999996 -0.941496 
6.43999996 -0.941496 
6.47999996 -0.941496 
6.51999996 -0.941496 
6.55999996 -0.941496 
6.59999996 -0.941496 
6.63999996 -0.941496 
6.67999996 -0.941496 
6.71999996 -0.941496 
6.75999996 -0.941496 
6.79999996 -0.941496 
6.83999996 -0.941496 
6.87999996 -0.941496 
6.91999996 -0.941496 
6.95999996 -0.941496 
6.99999996 -0.941496 
7.03999996 -0.941496 
7.07999996 -0.941496 
7.11999996 -0.941496 
7.15999996 -0.941496 
7.19999996 -0.941496 
7.23999996 -0.941496 
7.27999996 -0.941496 
7.31999996 -0.4989776 
7.35999996 -0.4989776 
7.39999996 -0.941496 
7.43999995 -0.941496 
7.47999995 -0.4989776 
7.51999995 -0.941496 
7.55999995 -0.4989776 
7.59999995 -0.4989776 
7.63999995 -0.4989776 
7.67999995 -0.4989776 
7.71999995 -0.4989776 
7.75999995 -0.4989776 
7.79999995 -0.4989776 
7.83999995 -0.4989776 
7.87999995 -0.4989776 
7.91999995 -0.4989776 
11.35999993 -0.4989776 
11.39999993 -0.4989776 
11.43999993 -0.4989776 
11.47999993 -0.941496 
11.51999993 -0.4989776 
11.55999993 -0.4989776 
11.59999993 -0.941496 
11.63999993 -0.941496 
11.67999993 -0.941496 
11.71999993 -0.941496 
11.75999993 -0.941496 
11.79999993 -0.941496 
11.83999993 -0.941496 
11.87999993 -0.941496 
11.91999993 -0.941496 
11.95999993 -0.941496 
11.99999993 -1.825007 
12.03999993 -1.825007 
12.07999993 -1.825007 
12.11999993 -1.825007 
12.15999993 -1.825007 
12.19999993 -1.825007 
12.23999993 -1.825007 
12.27999993 -1.825007 
12.31999993 -1.825007 
12.35999992 -1.825007 
12.39999992 -2.267525 
12.43999992 -1.825007 
12.47999992 -2.267525 
12.51999992 -1.825007 
12.55999992 -1.825007 
12.59999992 -2.267525 
12.63999992 -1.825007 
12.67999992 -1.825007 
12.71999992 -2.267525 
12.75999992 -1.825007 
12.79999992 -2.267525 
12.83999992 -2.267525 
12.87999992 -2.267525 
12.91999992 -2.267525 
12.95999992 -2.267525 
12.99999992 -2.267525 
13.03999992 -2.267525 
13.07999992 -2.267525 
13.11999992 -2.267525 
13.15999992 -1.825007 
13.19999992 -2.267525 
13.23999992 -2.267525 
13.27999992 -1.825007 
13.31999992 -1.825007 
13.35999992 -1.825007 
13.39999992 -1.825007 
13.43999992 -1.825007 
13.47999992 -1.825007 
13.51999992 -1.825007 
13.55999992 -1.825007 
13.59999992 -1.825007 
13.63999992 -1.825007 
13.67999992 -1.825007 
13.71999992 -1.382488 
13.75999992 -1.825007 
13.79999992 -1.825007 
13.83999992 -1.825007 
13.87999992 -0.4989776 
13.91999992 -0.941496 
13.95999992 -1.825007 
13.99999991 -0.941496 
14.03999991 -0.4989776 
14.07999991 -0.941496 
14.11999991 -0.941496 
14.15999991 -0.941496 
14.19999991 -0.941496 
14.23999991 -0.941496 
14.27999991 -0.941496 
14.31999991 -0.941496 
14.35999991 -0.4989776 
14.39999991 -0.4989776 
14.43999991 -0.4989776 
14.47999991 -0.4989776 
14.51999991 -0.4989776 
14.55999991 -0.4989776 
17.27999989 -0.4989776 
17.31999989 -0.4989776 
17.35999989 -0.4989776 
17.39999989 -0.4989776 
17.51999989 -0.4989776 
17.55999989 -0.4989776 
17.59999989 -0.4989776 
17.63999989 -0.4989776 
17.71999989 -0.4989776 
17.75999989 -0.4989776 
17.79999989 -0.4989776 
17.83999989 -0.4989776 
17.99999989 -0.4989776 
18.31999989 -0.941496 
18.47999989 -0.4989776 
18.79999989 -0.4989776 
27.35999983 -0.4989776 
27.39999983 -0.4989776 
27.43999983 -0.4989776 
27.47999983 -0.4989776 
27.51999983 -0.4989776 
27.55999983 -0.4989776 
27.59999983 -0.941496 
27.63999983 -0.4989776 
27.67999983 -0.941496 
27.71999983 -0.941496 
27.75999983 -0.941496 
27.79999983 -0.941496 
27.83999983 -0.941496 
27.87999983 -0.941496 
27.91999983 -1.382488 
27.95999983 -1.382488 
27.99999983 -0.941496 
28.03999983 -0.941496 
28.07999983 -1.382488 
28.11999983 -1.825007 
28.15999983 -1.825007 
28.19999983 -1.825007 
28.23999983 -1.825007 
28.27999983 -1.825007 
28.31999983 -1.825007 
28.35999983 -1.825007 
28.39999983 -1.825007 
28.43999983 -0.941496 
28.47999983 -1.825007 
28.51999983 -1.825007 
28.55999983 -1.825007 
28.59999983 -1.825007 
28.63999983 -2.267525 
28.67999983 -1.825007 
28.71999983 -1.825007 
28.75999983 -1.825007 
28.79999982 -1.825007 
28.83999982 -1.825007 
28.87999982 -1.825007 
28.91999982 -1.825007 
28.95999982 -1.825007 
28.99999982 -1.825007 
29.03999982 -1.825007 
29.07999982 -1.825007 
29.11999982 -2.267525 
29.15999982 -1.825007 
29.19999982 -1.825007 
29.23999982 -1.825007 
29.27999982 -1.825007 
29.31999982 -1.825007 
29.35999982 -1.825007 
29.39999982 -1.825007 
29.43999982 -1.825007 
29.47999982 -1.825007 
29.51999982 -1.825007 
29.55999982 -1.825007 
29.59999982 -1.382488 
29.63999982 -0.941496 
29.67999982 -0.941496 
29.71999982 -0.941496 
29.75999982 -0.941496 
29.79999982 -0.941496 
29.83999982 -0.941496 
29.87999982 -0.941496 
29.91999982 -0.4989776 
29.95999982 -0.4989776 
29.99999982 -0.4989776 
30.03999982 -0.4989776 
30.07999982 -0.941496 
30.11999982 -0.4989776 
30.15999982 -0.4989776 
34.03999979 -0.4989776 
34.15999979 -0.4989776 
34.19999979 -0.941496 
34.23999979 -0.4989776 
34.27999979 -0.4989776 
34.31999979 -0.941496 
34.35999979 -0.4989776 
34.39999979 -0.941496 
34.43999979 -0.941496 
34.47999979 -0.941496 
34.51999979 -0.941496 
34.55999979 -0.941496 
34.59999979 -0.941496 
34.63999979 -0.941496 
34.67999979 -0.941496 
34.71999979 -0.941496 
34.75999979 -0.941496 
34.79999979 -0.941496 
34.83999979 -0.941496 
34.87999979 -0.941496 
34.91999979 -1.382488 
34.95999979 -0.941496 
34.99999979 -1.382488 
35.03999979 -1.382488 
35.07999979 -0.941496 
35.11999979 -0.941496 
35.15999979 -0.941496 
35.19999979 -0.941496 
35.23999979 -0.941496 
35.27999979 -0.941496 
35.31999979 -0.941496 
35.35999979 -0.941496 
35.39999978 -0.941496 
35.43999978 -0.941496 
35.47999978 -0.941496 
35.51999978 -0.941496 
35.55999978 -0.4989776 
35.59999978 -0.941496 
35.63999978 -0.941496 
35.67999978 -0.4989776 
35.71999978 -0.941496 
35.75999978 -0.4989776 
35.79999978 -0.4989776 
35.83999978 -0.4989776 
35.87999978 -0.4989776 
35.91999978 -0.4989776 
35.95999978 -0.4989776 
35.99999978 -0.4989776 
36.11999978 -0.4989776 
36.19999978 -0.4989776 
37.23999977 -0.4989776 
37.27999977 -0.4989776 
37.31999977 -0.4989776 
37.39999977 -0.4989776 
37.43999977 -0.4989776 
37.47999977 -0.4989776 
37.51999977 -0.4989776 
37.55999977 -0.4989776 
37.59999977 -0.4989776 
37.63999977 -0.4989776 
37.67999977 -0.4989776 
37.71999977 -0.941496 
37.75999977 -0.941496 
37.79999977 -0.941496 
37.83999977 -0.941496 
37.87999977 -0.941496 
37.91999977 -0.941496 
37.95999977 -0.941496 
37.99999977 -0.941496 
38.03999977 -0.941496 
38.07999977 -1.825007 
38.11999977 -0.941496 
38.15999977 -1.825007 
38.19999977 -1.382488 
38.23999977 -1.825007 
38.27999977 -1.825007 
38.31999977 -1.825007 
38.35999977 -1.825007 
38.39999977 -2.267525 
38.43999977 -2.267525 
38.47999977 -1.825007 
38.51999977 -1.825007 
38.55999977 -2.267525 
38.59999977 -2.267525 
38.63999977 -2.267525 
38.67999976 -2.267525 
38.71999976 -2.267525 
38.75999976 -2.267525 
38.79999976 -2.708518 
38.83999976 -2.267525 
38.87999976 -2.708518 
38.91999976 -2.267525 
38.95999976 -2.267525 
38.99999976 -2.708518 
39.03999976 -2.267525 
39.07999976 -2.708518 
39.11999976 -2.708518 
39.15999976 -2.708518 
39.19999976 -2.708518 
39.23999976 -2.267525 
39.27999976 -2.708518 
39.31999976 -2.708518 
39.35999976 -3.151036 
39.39999976 -3.151036 
39.43999976 -2.708518 
39.47999976 -3.151036 
39.51999976 -3.151036 
39.55999976 -3.151036 
39.59999976 -2.708518 
39.63999976 -3.151036 
39.67999976 -3.151036 
39.71999976 -3.151036 
39.75999976 -2.708518 
39.79999976 -2.708518 
39.83999976 -2.708518 
39.87999976 -3.151036 
39.91999976 -2.708518 
39.95999976 -2.708518 
39.99999976 -3.151036 
40.03999976 -3.151036 
40.07999976 -3.151036 
40.11999976 -2.708518 
40.15999976 -2.708518 
40.19999976 -2.708518 
40.23999976 -2.267525 
40.27999976 -2.267525 
40.31999975 -2.267525 
40.35999975 -2.267525 
40.39999975 -2.267525 
40.43999975 -2.267525 
40.47999975 -2.267525 
40.51999975 -2.267525 
40.55999975 -2.267525 
40.59999975 -2.267525 
40.63999975 -2.267525 
40.67999975 -2.267525 
40.71999975 -1.825007 
40.75999975 -1.825007 
40.79999975 -1.825007 
40.83999975 -1.825007 
40.87999975 -3.151036 
40.91999975 -1.825007 
40.99999975 -1.825007 
41.03999975 -2.708518 
41.07999975 -0.941496 
41.11999975 -0.941496 
41.15999975 -1.825007 
41.19999975 -0.941496 
41.23999975 -0.4989776 
41.31999975 -0.941496 
41.35999975 -2.267525 
41.39999975 -0.941496 
41.51999975 -0.941496 
41.59999975 -0.4989776 
41.63999975 -0.941496 
41.75999975 -0.941496 
41.79999975 -0.941496 
45.59999972 -0.4989776 
45.67999972 -0.4989776 
45.71999972 -0.4989776 
45.75999972 -0.4989776 
45.79999972 -0.4989776 
45.91999972 -0.4989776 
45.95999972 -0.4989776 
46.03999972 -0.4989776 
46.11999972 -0.4989776 
46.15999972 -0.4989776 
46.19999972 -0.4989776 
50.23999969 -0.4989776 
50.27999969 -0.4989776 
50.31999969 -0.4989776 
50.35999969 -0.4989776 
50.39999969 -0.4989776 
50.43999969 -0.941496 
50.47999969 -0.941496 
50.51999969 -0.941496 
50.55999969 -0.941496 
50.59999969 -0.941496 
50.63999969 -0.941496 
50.67999969 -0.941496 
50.71999969 -1.382488 
50.75999969 -0.941496 
50.79999969 -1.382488 
50.83999969 -1.825007 
50.87999969 -1.825007 
50.91999969 -1.825007 
50.95999969 -1.825007 
50.99999969 -1.825007 
51.03999969 -1.825007 
51.07999969 -1.825007 
51.11999969 -1.382488 
51.15999969 -1.825007 
51.19999969 -1.825007 
51.23999969 -1.825007 
51.27999969 -1.382488 
51.31999969 -1.825007 
51.35999969 -1.825007 
51.39999969 -1.825007 
51.43999969 -1.825007 
51.47999969 -1.382488 
51.51999969 -1.825007 
51.55999969 -1.382488 
51.59999969 -1.825007 
51.63999969 -1.825007 
51.67999969 -1.825007 
51.71999969 -1.825007 
51.75999969 -1.825007 
51.79999969 -1.825007 
51.83999968 -0.941496 
51.87999968 -1.382488 
51.91999968 -0.941496 
51.95999968 -0.941496 
51.99999968 -0.941496 
52.03999968 -0.941496 
52.07999968 -0.941496 
52.11999968 -0.941496 
52.15999968 -0.4989776 
52.19999968 -0.941496 
52.23999968 -0.941496 
52.27999968 -0.941496 
52.31999968 -0.4989776 
52.35999968 -0.4989776 
52.39999968 -0.4989776 
52.43999968 -0.4989776 
52.51999968 -0.4989776 
60.83999963 -0.4989776 
60.87999963 -0.4989776 
60.91999963 -0.4989776 
60.95999963 -0.4989776 
60.99999963 -0.941496 
61.03999963 -0.941496 
61.07999963 -0.941496 
61.11999963 -0.941496 
61.15999963 -0.941496 
61.19999963 -0.941496 
61.23999963 -1.382488 
61.27999963 -1.382488 
61.31999963 -1.382488 
61.35999963 -1.825007 
61.39999963 -1.825007 
61.43999963 -1.825007 
61.47999963 -1.825007 
61.51999963 -2.267525 
61.55999963 -1.825007 
61.59999963 -1.825007 
61.63999963 -2.267525 
61.67999963 -2.708518 
61.71999962 -2.708518 
61.75999962 -2.708518 
61.79999962 -2.708518 
61.83999962 -2.267525 
61.87999962 -2.708518 
61.91999962 -2.708518 
61.95999962 -2.708518 
61.99999962 -2.708518 
62.03999962 -3.151036 
62.07999962 -2.708518 
62.11999962 -3.151036 
62.15999962 -3.151036 
62.19999962 -2.708518 
62.23999962 -3.151036 
62.27999962 -2.708518 
62.31999962 -3.151036 
62.35999962 -3.593554 
62.39999962 -3.593554 
62.43999962 -3.151036 
62.47999962 -3.593554 
62.51999962 -3.151036 
62.55999962 -3.593554 
62.59999962 -3.151036 
62.63999962 -3.151036 
62.67999962 -2.708518 
62.71999962 -3.151036 
62.75999962 -3.151036 
62.79999962 -3.151036 
62.83999962 -3.593554 
62.87999962 -3.151036 
62.91999962 -3.593554 
62.95999962 -3.151036 
62.99999962 -3.151036 
63.03999962 -2.708518 
63.07999962 -2.708518 
63.11999962 -2.708518 
63.15999962 -2.708518 
63.19999962 -2.267525 
63.23999962 -2.708518 
63.27999962 -2.708518 
63.31999962 -2.708518 
63.35999961 -3.593554 
63.39999961 -2.267525 
63.43999961 -0.941496 
63.47999961 -2.708518 
63.51999961 -3.151036 
63.55999961 -1.825007 
63.59999961 -1.825007 
63.63999961 -2.267525 
63.67999961 -1.825007 
63.71999961 -1.825007 
63.75999961 -0.941496 
63.79999961 -1.825007 
63.83999961 -3.593554 
63.87999961 -2.708518 
63.91999961 -0.941496 
63.95999961 -0.941496 
63.99999961 -2.267525 
64.03999961 -0.941496 
64.07999961 -0.941496 
64.11999961 -2.267525 
64.15999961 -1.825007 
64.23999961 -0.4989776 
64.27999961 -1.825007 
64.31999961 -1.382488 
64.35999961 -0.4989776 
64.39999961 -0.4989776 
64.43999961 -0.941496 
64.47999961 -0.941496 
64.51999961 -0.4989776 
64.55999961 -0.4989776 
64.59999961 -0.941496 
64.63999961 -0.941496 
64.67999961 -0.4989776 
64.75999961 -0.4989776 
64.79999961 -0.4989776 
64.83999961 -0.4989776 
64.91999961 -0.4989776 
65.1599996 -0.4989776 
65.5999996 -0.4989776 
65.8799996 -0.4989776 
65.9199996 -0.4989776 
65.9599996 -0.4989776 
65.9999996 -0.4989776 
66.0399996 -0.4989776 
66.0799996 -0.4989776 
66.1199996 -0.4989776 
66.1599996 -0.4989776 
66.1999996 -0.4989776 
66.2399996 -0.4989776 
66.2799996 -0.4989776 
66.3199996 -0.4989776 
66.3599996 -0.4989776 
66.3999996 -0.941496 
66.4399996 -0.941496 
66.4799996 -0.941496 
66.5199996 -0.941496 
66.5599996 -0.941496 
66.5999996 -0.941496 
66.63999959 -0.941496 
66.67999959 -0.941496 
66.71999959 -1.382488 
66.75999959 -1.382488 
66.79999959 -1.382488 
66.83999959 -0.941496 
66.87999959 -0.941496 
66.91999959 -1.825007 
66.95999959 -1.382488 
66.99999959 -1.382488 
67.03999959 -0.941496 
67.07999959 -1.825007 
67.11999959 -1.382488 
67.15999959 -1.825007 
67.19999959 -0.941496 
67.23999959 -0.941496 
67.27999959 -0.941496 
67.31999959 -1.825007 
67.35999959 -0.941496 
67.39999959 -1.382488 
67.43999959 -0.941496 
67.47999959 -0.941496 
67.51999959 -0.941496 
67.55999959 -1.382488 
67.59999959 -0.941496 
67.63999959 -0.941496 
67.67999959 -0.941496 
67.71999959 -0.941496 
67.75999959 -0.941496 
67.79999959 -0.941496 
67.83999959 -0.941496 
67.87999959 -0.4989776 
67.91999959 -0.941496 
67.99999959 -0.4989776 
68.03999959 -0.4989776 
68.07999959 -0.4989776 
68.11999959 -0.4989776 
68.15999959 -0.4989776 
72.31999956 -0.4989776 
72.35999956 -0.4989776 
72.63999956 -0.4989776 
72.67999956 -0.4989776 
72.71999956 -0.4989776 
72.75999956 -0.4989776 
72.79999956 -0.4989776 
72.87999956 -0.4989776 
72.91999956 -0.4989776 
72.99999956 -0.4989776 
73.03999956 -0.941496 
73.07999956 -0.4989776 
73.11999956 -0.4989776 
73.15999956 -0.4989776 
73.19999956 -0.941496 
73.23999955 -0.941496 
73.27999955 -0.941496 
73.31999955 -0.941496 
73.35999955 -0.941496 
73.39999955 -0.4989776 
73.43999955 -0.941496 
73.47999955 -0.4989776 
73.51999955 -0.941496 
73.55999955 -0.941496 
73.59999955 -0.941496 
73.63999955 -0.4989776 
73.67999955 -0.4989776 
73.71999955 -0.941496 
73.75999955 -0.941496 
73.79999955 -0.4989776 
73.83999955 -0.4989776 
73.87999955 -0.941496 
73.91999955 -0.4989776 
73.95999955 -0.4989776 
73.99999955 -0.4989776 
74.03999955 -0.4989776 
74.07999955 -0.4989776 
83.99999949 -0.4989776 
84.03999949 -0.4989776 
84.07999949 -0.4989776 
84.11999949 -0.4989776 
84.15999949 -0.4989776 
84.19999949 -0.4989776 
84.23999949 -0.4989776 
84.27999949 -0.4989776 
84.31999949 -0.4989776 
84.35999949 -0.4989776 
84.39999949 -0.941496 
84.43999949 -0.4989776 
84.47999949 -0.941496 
84.51999949 -0.941496 
84.55999949 -0.941496 
84.59999949 -0.4989776 
84.63999949 -0.941496 
84.67999949 -0.941496 
84.71999949 -0.941496 
84.75999948 -0.4989776 
84.79999948 -0.4989776 
84.83999948 -0.941496 
84.87999948 -0.941496 
84.91999948 -0.4989776 
84.95999948 -0.941496 
84.99999948 -0.941496 
85.03999948 -0.941496 
85.07999948 -0.941496 
85.11999948 -0.4989776 
85.15999948 -0.4989776 
85.23999948 -0.941496 
85.27999948 -0.4989776 
85.31999948 -0.4989776 
85.35999948 -0.4989776 
85.39999948 -0.4989776 
85.43999948 -0.4989776 
85.47999948 -0.4989776 
85.51999948 -0.4989776 
85.55999948 -0.4989776 
85.59999948 -0.4989776 
85.63999948 -0.941496 
85.67999948 -0.4989776 
85.71999948 -0.4989776 
85.75999948 -0.941496 
85.79999948 -0.4989776 
85.83999948 -0.4989776 
85.87999948 -0.4989776 
85.91999948 -0.4989776 
85.95999948 -0.4989776 
85.99999948 -0.4989776 
86.03999948 -0.4989776 
86.07999948 -1.382488 
86.11999948 -0.4989776 
86.19999948 -0.941496 
86.23999948 -1.825007 
86.35999948 -0.4989776 
86.39999947 -0.4989776 
86.51999947 -0.4989776 
86.55999947 -2.267525 
86.59999947 -1.825007 
86.71999947 -0.941496 
86.79999947 -0.4989776 
86.83999947 -1.825007 
86.87999947 -0.941496 
86.95999947 -0.4989776 
86.99999947 -1.825007 
87.03999947 -0.941496 
87.11999947 -0.4989776 
87.15999947 -0.941496 
87.19999947 -0.941496 
87.23999947 -0.941496 
87.27999947 -0.4989776 
87.31999947 -0.941496 
87.35999947 -0.941496 
87.39999947 -0.941496 
87.43999947 -0.941496 
87.47999947 -0.941496 
87.51999947 -1.825007 
87.55999947 -0.941496 
87.59999947 -0.941496 
87.63999947 -1.382488 
87.67999947 -1.382488 
87.71999947 -1.382488 
87.75999947 -1.382488 
87.79999947 -1.825007 
87.83999947 -1.825007 
87.87999947 -1.825007 
87.91999947 -1.825007 
87.95999947 -1.825007 
87.99999947 -2.267525 
88.03999946 -1.825007 
88.07999946 -1.825007 
88.11999946 -1.825007 
88.15999946 -2.267525 
88.19999946 -2.267525 
88.23999946 -2.267525 
88.27999946 -2.267525 
88.31999946 -2.267525 
88.35999946 -2.267525 
88.39999946 -2.267525 
88.43999946 -2.267525 
88.47999946 -2.267525 
88.51999946 -2.267525 
88.55999946 -2.267525 
88.59999946 -2.708518 
88.63999946 -2.267525 
88.67999946 -2.708518 
88.71999946 -2.267525 
88.75999946 -2.708518 
88.79999946 -3.151036 
88.83999946 -3.151036 
88.87999946 -2.708518 
88.91999946 -2.708518 
88.95999946 -2.708518 
88.99999946 -2.708518 
89.03999946 -2.708518 
89.07999946 -2.708518 
89.11999946 -2.708518 
89.15999946 -2.708518 
89.19999946 -2.708518 
89.23999946 -2.708518 
89.27999946 -2.708518 
89.31999946 -2.708518 
89.35999946 -2.708518 
89.39999946 -2.708518 
89.43999946 -2.708518 
89.47999946 -2.708518 
89.51999946 -2.708518 
89.55999946 -2.267525 
89.59999946 -2.267525 
89.63999946 -2.267525 
89.67999945 -2.267525 
89.71999945 -2.267525 
89.75999945 -2.708518 
89.79999945 -2.267525 
89.83999945 -2.267525 
89.87999945 -2.267525 
89.91999945 -2.267525 
89.95999945 -2.267525 
89.99999945 -2.267525 
90.03999945 -1.825007 
90.07999945 -1.825007 
90.11999945 -2.267525 
90.15999945 -1.825007 
90.19999945 -1.825007 
90.23999945 -1.825007 
90.27999945 -1.825007 
90.31999945 -1.825007 
90.35999945 -1.825007 
90.39999945 -1.825007 
90.43999945 -1.382488 
90.47999945 -1.825007 
90.51999945 -1.382488 
90.55999945 -0.941496 
90.59999945 -0.941496 
90.63999945 -0.941496 
90.67999945 -0.941496 
90.71999945 -0.941496 
90.75999945 -0.941496 
90.79999945 -0.941496 
90.83999945 -0.941496 
90.87999945 -0.941496 
90.91999945 -0.4989776 
90.95999945 -0.4989776 
90.99999945 -0.4989776 
91.03999945 -0.4989776 
91.07999945 -0.941496 
91.11999945 -0.941496 
91.15999945 -0.4989776 
91.19999945 -0.4989776 
91.23999945 -0.4989776 
91.27999945 -0.4989776 
91.31999945 -0.4989776 
91.35999944 -0.4989776 
91.43999944 -0.4989776 
99.0399994 -0.4989776 
99.0799994 -0.4989776 
99.1199994 -0.4989776 
99.1599994 -0.941496 
99.1999994 -0.4989776 
99.2399994 -0.941496 
99.2799994 -0.941496 
99.3199994 -0.941496 
99.3599994 -0.941496 
99.3999994 -1.382488 
99.4399994 -0.941496 
99.4799994 -1.382488 
99.5199994 -0.941496 
99.55999939 -1.825007 
99.59999939 -1.825007 
99.63999939 -1.382488 
99.67999939 -1.825007 
99.71999939 -1.825007 
99.75999939 -1.825007 
99.79999939 -1.825007 
99.83999939 -1.825007 
99.87999939 -1.825007 
99.91999939 -2.267525 
99.95999939 -1.825007 
99.99999939 -2.267525 
100.03999939 -2.267525 
100.07999939 -2.267525 
100.11999939 -2.267525 
100.15999939 -2.267525 
100.19999939 -2.267525 
100.23999939 -2.267525 
100.27999939 -2.267525 
100.31999939 -2.708518 
100.35999939 -2.267525 
100.39999939 -2.267525 
100.43999939 -2.267525 
100.47999939 -2.267525 
100.51999939 -2.708518 
100.55999939 -2.267525 
100.59999939 -2.267525 
100.63999939 -2.267525 
100.67999939 -2.267525 
100.71999939 -2.267525 
100.75999939 -2.267525 
100.79999939 -2.267525 
100.83999939 -2.267525 
100.87999939 -2.267525 
100.91999939 -2.267525 
100.95999939 -2.267525 
100.99999939 -2.267525 
101.03999939 -2.267525 
101.07999939 -2.267525 
101.11999939 -2.267525 
101.15999939 -1.825007 
101.19999938 -2.267525 
101.23999938 -1.825007 
101.27999938 -1.825007 
101.31999938 -1.825007 
101.35999938 -1.825007 
101.39999938 -1.825007 
101.43999938 -1.382488 
101.47999938 -1.825007 
101.51999938 -0.941496 
101.55999938 -1.382488 
101.59999938 -0.941496 
101.63999938 -0.941496 
101.67999938 -0.941496 
101.71999938 -0.941496 
101.75999938 -0.4989776 
101.79999938 -0.4989776 
101.83999938 -0.4989776 
101.87999938 -0.4989776 
101.91999938 -0.4989776 
101.99999938 -0.4989776 
110.63999933 -0.4989776 
110.71999933 -0.4989776 
110.75999933 -0.4989776 
110.79999933 -0.4989776 
110.83999933 -0.4989776 
110.87999933 -0.4989776 
110.91999933 -0.941496 
110.95999933 -0.4989776 
110.99999933 -0.941496 
111.03999933 -0.941496 
111.07999932 -0.941496 
111.11999932 -0.941496 
111.15999932 -0.941496 
111.19999932 -0.941496 
111.23999932 -0.941496 
111.27999932 -0.941496 
111.31999932 -1.382488 
111.35999932 -0.941496 
111.39999932 -0.941496 
111.43999932 -1.382488 
111.47999932 -0.941496 
111.51999932 -1.825007 
111.55999932 -1.825007 
111.59999932 -0.941496 
111.63999932 -1.382488 
111.67999932 -1.825007 
111.71999932 -1.825007 
111.75999932 -0.941496 
111.79999932 -1.825007 
111.83999932 -1.825007 
111.87999932 -1.382488 
111.91999932 -1.382488 
111.95999932 -1.825007 
111.99999932 -1.382488 
112.03999932 -1.825007 
112.07999932 -1.825007 
112.11999932 -1.382488 
112.15999932 -1.825007 
112.19999932 -1.825007 
112.23999932 -1.825007 
112.27999932 -1.382488 
112.31999932 -1.382488 
112.35999932 -1.825007 
112.39999932 -1.382488 
112.43999932 -1.382488 
112.47999932 -1.382488 
112.51999932 -1.382488 
112.55999932 -1.825007 
112.59999932 -0.941496 
112.63999932 -0.941496 
112.67999932 -0.941496 
112.71999931 -0.941496 
112.75999931 -0.941496 
112.79999931 -0.941496 
112.83999931 -0.941496 
112.87999931 -0.941496 
112.91999931 -0.941496 
112.95999931 -0.941496 
112.99999931 -0.941496 
113.03999931 -0.4989776 
113.07999931 -0.941496 
113.11999931 -0.941496 
113.15999931 -0.4989776 
113.19999931 -0.4989776 
113.23999931 -0.4989776 
113.27999931 -0.4989776 
113.31999931 -0.4989776 
113.35999931 -0.4989776 
113.39999931 -0.4989776 
115.5599993 -0.4989776 
115.5999993 -0.4989776 
115.6399993 -0.4989776 
115.6799993 -0.4989776 
115.7199993 -0.4989776 
115.7599993 -0.941496 
115.7999993 -0.941496 
115.8399993 -0.941496 
115.8799993 -0.941496 
115.9199993 -0.941496 
115.9599993 -0.941496 
115.9999993 -0.941496 
116.03999929 -0.941496 
116.07999929 -0.941496 
116.11999929 -1.382488 
116.15999929 -0.941496 
116.19999929 -0.941496 
116.23999929 -1.382488 
116.27999929 -1.382488 
116.31999929 -1.825007 
116.35999929 -1.382488 
116.39999929 -1.825007 
116.43999929 -1.825007 
116.47999929 -1.825007 
116.51999929 -1.382488 
116.55999929 -1.825007 
116.59999929 -1.825007 
116.63999929 -1.382488 
116.67999929 -0.941496 
116.71999929 -1.825007 
116.75999929 -1.825007 
116.79999929 -1.825007 
116.83999929 -1.825007 
116.87999929 -1.825007 
116.91999929 -1.382488 
116.95999929 -1.382488 
116.99999929 -0.941496 
117.03999929 -0.941496 
117.07999929 -0.941496 
117.11999929 -0.941496 
117.15999929 -0.941496 
117.19999929 -0.941496 
117.23999929 -0.941496 
117.27999929 -0.941496 
117.31999929 -0.941496 
117.35999929 -0.941496 
117.39999929 -0.941496 
117.43999929 -0.941496 
117.47999929 -0.4989776 
117.51999929 -0.4989776 
117.55999929 -0.4989776 
117.59999929 -0.4989776 
117.63999929 -0.4989776 
117.67999928 -0.4989776 
120.75999927 -0.4989776 
120.79999927 -0.4989776 
120.83999927 -0.4989776 
120.87999927 -0.4989776 
120.91999927 -0.4989776 
120.95999926 -0.4989776 
120.99999926 -0.941496 
121.03999926 -0.4989776 
121.07999926 -0.941496 
121.11999926 -0.941496 
121.15999926 -0.941496 
121.19999926 -0.941496 
121.23999926 -0.941496 
121.27999926 -0.941496 
121.31999926 -0.941496 
121.35999926 -0.941496 
121.39999926 -0.941496 
121.43999926 -0.941496 
121.47999926 -1.382488 
121.51999926 -1.382488 
121.55999926 -1.382488 
121.59999926 -1.825007 
121.63999926 -1.382488 
121.67999926 -1.825007 
121.71999926 -1.382488 
121.75999926 -0.941496 
121.79999926 -1.825007 
121.83999926 -1.825007 
121.87999926 -1.825007 
121.91999926 -1.825007 
121.95999926 -1.825007 
121.99999926 -1.382488 
122.03999926 -1.825007 
122.07999926 -1.382488 
122.11999926 -1.382488 
122.15999926 -1.382488 
122.19999926 -0.941496 
122.23999926 -1.382488 
122.27999926 -0.941496 
122.31999926 -1.382488 
122.35999926 -1.825007 
122.39999926 -1.825007 
122.43999926 -1.382488 
122.47999926 -1.382488 
122.51999926 -1.825007 
122.55999926 -1.382488 
122.59999925 -1.825007 
122.63999925 -1.825007 
122.67999925 -1.825007 
122.71999925 -1.825007 
122.75999925 -1.825007 
122.79999925 -1.825007 
122.83999925 -1.382488 
122.87999925 -1.825007 
122.91999925 -1.825007 
122.95999925 -1.825007 
122.99999925 -1.825007 
123.03999925 -1.382488 
123.07999925 -0.941496 
123.11999925 -1.382488 
123.15999925 -1.382488 
123.19999925 -1.382488 
123.23999925 -1.382488 
123.27999925 -1.825007 
123.31999925 -0.941496 
123.35999925 -0.941496 
123.39999925 -1.382488 
123.43999925 -1.382488 
123.47999925 -0.941496 
123.51999925 -1.382488 
123.55999925 -0.941496 
123.59999925 -0.941496 
123.63999925 -0.941496 
123.67999925 -0.941496 
123.71999925 -0.941496 
123.75999925 -0.941496 
123.79999925 -0.941496 
123.83999925 -0.941496 
123.87999925 -0.941496 
123.91999925 -0.941496 
123.95999925 -0.941496 
123.99999925 -0.941496 
124.03999925 -0.941496 
124.07999925 -0.941496 
124.11999925 -0.4989776 
124.15999925 -0.4989776 
124.19999925 -0.4989776 
124.23999924 -0.4989776 
124.27999924 -0.941496 
124.31999924 -0.4989776 
124.35999924 -0.4989776 
124.39999924 -0.4989776 
124.43999924 -0.4989776 
124.47999924 -0.4989776 
124.95999924 -0.4989776 
125.03999924 -0.4989776 
125.07999924 -0.4989776 
126.51999923 -0.4989776 
126.59999923 -0.4989776 
126.67999923 -0.4989776 
126.79999923 -0.4989776 
126.83999923 -0.4989776 
126.87999923 -0.4989776 
126.91999923 -0.4989776 
126.95999923 -0.4989776 
126.99999923 -0.4989776 
127.03999923 -0.4989776 
127.07999923 -0.4989776 
127.11999923 -0.4989776 
127.15999923 -0.4989776 
127.19999923 -0.4989776 
127.23999923 -0.4989776 
127.27999923 -0.4989776 
127.39999923 -0.941496 
127.43999923 -0.941496 
127.51999923 -0.4989776 
127.55999922 -0.941496 
127.59999922 -0.4989776 
127.63999922 -0.4989776 
127.67999922 -0.4989776 
127.75999922 -0.4989776 
127.79999922 -0.4989776 
127.83999922 -0.4989776 
127.87999922 -0.4989776 
127.91999922 -0.4989776 
127.95999922 -0.941496 
127.99999922 -0.4989776 
128.03999922 -0.4989776 
128.07999922 -0.4989776 
128.11999922 -0.4989776 
128.15999922 -0.4989776 
128.19999922 -0.941496 
128.23999922 -0.4989776 
128.27999922 -0.4989776 
128.31999922 -0.4989776 
128.43999922 -0.4989776 
136.87999917 -0.4989776 
136.95999917 -0.4989776 
136.99999917 -0.4989776 
137.03999917 -0.4989776 
137.07999917 -0.4989776 
137.11999917 -0.4989776 
137.15999917 -0.941496 
137.19999917 -0.941496 
137.23999917 -0.941496 
137.27999917 -0.941496 
137.31999917 -0.941496 
137.35999917 -0.941496 
137.39999916 -0.941496 
137.43999916 -0.941496 
137.47999916 -0.941496 
137.51999916 -0.941496 
137.55999916 -1.825007 
137.59999916 -1.382488 
137.63999916 -1.382488 
137.67999916 -1.382488 
137.71999916 -1.382488 
137.75999916 -1.825007 
137.79999916 -1.825007 
137.83999916 -2.267525 
137.87999916 -1.825007 
137.91999916 -1.382488 
137.95999916 -1.825007 
137.99999916 -1.825007 
138.03999916 -1.825007 
138.07999916 -1.825007 
138.11999916 -1.825007 
138.15999916 -1.825007 
138.19999916 -1.825007 
138.23999916 -1.825007 
138.27999916 -1.825007 
138.31999916 -1.825007 
138.35999916 -1.825007 
138.39999916 -2.267525 
138.43999916 -1.825007 
138.47999916 -1.825007 
138.51999916 -1.825007 
138.55999916 -1.825007 
138.59999916 -1.825007 
138.63999916 -1.825007 
138.67999916 -1.825007 
138.71999916 -1.825007 
138.75999916 -1.825007 
138.79999916 -1.825007 
138.83999916 -1.825007 
138.87999916 -1.825007 
138.91999916 -1.825007 
138.95999916 -1.825007 
138.99999916 -1.825007 
139.03999915 -1.825007 
139.07999915 -1.825007 
139.11999915 -1.825007 
139.15999915 -1.825007 
139.19999915 -1.382488 
139.23999915 -1.382488 
139.27999915 -1.825007 
139.31999915 -0.941496 
139.35999915 -1.382488 
139.39999915 -1.382488 
139.43999915 -0.941496 
139.47999915 -0.941496 
139.51999915 -0.941496 
139.55999915 -0.941496 
139.59999915 -0.941496 
139.63999915 -0.941496 
139.67999915 -0.941496 
139.71999915 -0.941496 
139.75999915 -0.4989776 
139.79999915 -0.941496 
139.83999915 -0.4989776 
139.87999915 -0.941496 
139.91999915 -0.4989776 
139.95999915 -0.4989776 
139.99999915 -0.4989776 
140.03999915 -0.4989776 
140.07999915 -0.4989776 
140.11999915 -0.4989776 
140.15999915 -0.4989776 
143.83999913 -0.4989776 
143.95999913 -0.4989776 
143.99999912 -0.941496 
144.03999912 -0.4989776 
144.07999912 -0.4989776 
144.11999912 -0.4989776 
144.15999912 -0.4989776 
144.19999912 -0.4989776 
144.23999912 -0.4989776 
144.27999912 -0.4989776 
144.31999912 -0.4989776 
144.35999912 -0.4989776 
144.39999912 -0.4989776 
144.43999912 -0.4989776 
144.47999912 -0.4989776 
144.51999912 -0.4989776 
144.59999912 -0.4989776 
144.63999912 -0.4989776 
144.67999912 -0.4989776 
144.71999912 -0.4989776 
144.75999912 -0.4989776 
144.79999912 -0.4989776 
144.87999912 -0.4989776 
144.91999912 -0.4989776 
144.95999912 -0.4989776 
145.07999912 -0.4989776 
145.11999912 -0.4989776 
148.1199991 -0.4989776 
148.1599991 -0.4989776 
148.1999991 -0.4989776 
148.2399991 -0.941496 
148.2799991 -0.4989776 
148.3199991 -0.4989776 
148.3599991 -0.941496 
148.3999991 -0.941496 
148.4399991 -0.941496 
148.4799991 -1.382488 
148.5199991 -1.825007 
148.5599991 -1.382488 
148.5999991 -1.825007 
148.6399991 -1.825007 
148.6799991 -1.825007 
148.7199991 -1.825007 
148.7599991 -1.825007 
148.7999991 -2.267525 
148.8399991 -2.267525 
148.8799991 -2.267525 
148.91999909 -2.267525 
148.95999909 -2.708518 
148.99999909 -2.708518 
149.03999909 -2.708518 
149.07999909 -3.151036 
149.11999909 -3.151036 
149.15999909 -3.151036 
149.19999909 -3.151036 
149.23999909 -3.593554 
149.27999909 -3.593554 
149.31999909 -3.593554 
149.35999909 -3.593554 
149.39999909 -3.593554 
149.43999909 -3.593554 
149.47999909 -3.593554 
149.51999909 -4.034547 
149.55999909 -4.034547 
149.59999909 -4.034547 
149.63999909 -4.034547 
149.67999909 -4.034547 
149.71999909 -4.034547 
149.75999909 -4.034547 
149.79999909 -4.477065 
149.83999909 -4.034547 
149.87999909 -4.034547 
149.91999909 -4.034547 
149.95999909 -4.477065 
149.99999909 -4.034547 
150.03999909 -4.034547 
150.07999909 -4.034547 
150.11999909 -4.034547 
150.15999909 -4.034547 
150.19999909 -4.034547 
150.23999909 -4.477065 
150.27999909 -4.034547 
150.31999909 -4.034547 
150.35999909 -4.034547 
150.39999909 -4.034547 
150.43999909 -4.034547 
150.47999909 -4.034547 
150.51999909 -3.593554 
150.55999908 -3.151036 
150.59999908 -3.593554 
150.63999908 -3.593554 
150.67999908 -3.593554 
150.71999908 -3.593554 
150.75999908 -3.593554 
150.79999908 -3.593554 
150.83999908 -3.151036 
150.87999908 -3.151036 
150.91999908 -3.151036 
150.95999908 -2.708518 
150.99999908 -2.708518 
151.03999908 -2.267525 
151.07999908 -2.267525 
151.11999908 -2.267525 
151.15999908 -2.267525 
151.19999908 -2.267525 
151.23999908 -1.825007 
151.27999908 -2.267525 
151.31999908 -0.941496 
151.35999908 -1.825007 
151.39999908 -1.382488 
151.43999908 -1.382488 
151.47999908 -1.382488 
151.51999908 -0.941496 
151.55999908 -0.941496 
151.59999908 -0.941496 
151.63999908 -0.4989776 
151.67999908 -0.4989776 
151.71999908 -0.4989776 
151.75999908 -0.4989776 
151.83999908 -0.4989776 
155.43999906 -0.4989776 
155.47999906 -0.4989776 
155.75999905 -0.4989776 
160.27999903 -0.4989776 
160.31999903 -0.4989776 
160.35999903 -0.4989776 
160.39999903 -0.4989776 
160.43999902 -0.941496 
160.47999902 -0.941496 
160.51999902 -0.941496 
160.55999902 -0.941496 
160.59999902 -0.941496 
160.63999902 -0.941496 
160.67999902 -1.382488 
160.71999902 -1.382488 
160.75999902 -1.825007 
160.79999902 -1.825007 
160.83999902 -1.825007 
160.87999902 -1.825007 
160.91999902 -1.825007 
160.95999902 -1.825007 
160.99999902 -1.825007 
161.03999902 -1.825007 
161.07999902 -2.267525 
161.11999902 -1.825007 
161.15999902 -1.825007 
161.19999902 -2.267525 
161.23999902 -2.267525 
161.27999902 -2.267525 
161.31999902 -2.267525 
161.35999902 -2.267525 
161.39999902 -2.267525 
161.43999902 -2.267525 
161.47999902 -2.267525 
161.51999902 -2.267525 
161.55999902 -1.825007 
161.59999902 -1.825007 
161.63999902 -1.825007 
161.67999902 -1.825007 
161.71999902 -1.825007 
161.75999902 -1.825007 
161.79999902 -1.825007 
161.83999902 -1.825007 
161.87999902 -1.825007 
161.91999902 -1.825007 
161.95999902 -1.825007 
161.99999902 -1.382488 
162.03999902 -1.825007 
162.07999901 -1.825007 
162.11999901 -0.941496 
162.15999901 -0.941496 
162.19999901 -1.382488 
162.23999901 -1.382488 
162.27999901 -0.941496 
162.31999901 -0.941496 
162.35999901 -0.941496 
162.39999901 -0.941496 
162.43999901 -0.941496 
162.47999901 -0.941496 
162.51999901 -0.941496 
162.55999901 -0.4989776 
162.59999901 -0.4989776 
162.63999901 -0.4989776 
162.71999901 -0.4989776 
166.15999899 -0.4989776 
166.19999899 -0.4989776 
166.23999899 -0.4989776 
166.27999899 -0.4989776 
166.31999899 -0.4989776 
166.35999899 -0.4989776 
166.39999899 -0.4989776 
166.43999899 -0.4989776 
166.47999899 -0.4989776 
166.51999899 -0.4989776 
166.55999899 -0.4989776 
166.59999899 -0.4989776 
166.63999899 -0.941496 
166.67999899 -0.4989776 
166.71999899 -0.4989776 
166.75999899 -0.941496 
166.79999899 -0.941496 
166.83999899 -0.941496 
166.87999899 -0.4989776 
166.91999899 -0.4989776 
166.95999899 -0.4989776 
166.99999899 -0.4989776 
167.03999898 -0.4989776 
167.07999898 -0.4989776 
167.11999898 -0.941496 
167.15999898 -0.941496 
167.19999898 -0.4989776 
167.23999898 -0.4989776 
167.27999898 -0.4989776 
167.31999898 -0.4989776 
167.35999898 -0.4989776 
167.39999898 -0.4989776 
167.43999898 -0.4989776 
167.47999898 -0.4989776 
167.51999898 -0.4989776 
171.07999896 -0.4989776 
171.11999896 -0.4989776 
171.15999896 -0.4989776 
171.19999896 -0.4989776 
171.23999896 -0.4989776 
171.27999896 -0.4989776 
171.31999896 -0.4989776 
171.35999896 -0.941496 
171.39999896 -0.941496 
171.43999896 -0.941496 
171.47999896 -0.941496 
171.51999896 -0.941496 
171.55999896 -0.941496 
171.59999896 -0.941496 
171.63999896 -0.941496 
171.67999896 -0.941496 
171.71999896 -0.941496 
171.75999896 -0.941496 
171.79999896 -1.825007 
171.83999896 -1.382488 
171.87999896 -0.941496 
171.91999896 -1.382488 
171.95999895 -1.382488 
171.99999895 -0.941496 
172.03999895 -1.825007 
172.07999895 -1.825007 
172.11999895 -1.382488 
172.15999895 -1.382488 
172.19999895 -1.825007 
172.23999895 -1.825007 
172.27999895 -2.708518 
172.31999895 -1.825007 
172.35999895 -2.267525 
172.39999895 -2.267525 
172.43999895 -1.825007 
172.47999895 -1.382488 
172.51999895 -1.825007 
172.55999895 -1.825007 
172.59999895 -1.825007 
172.63999895 -1.825007 
172.67999895 -1.825007 
172.71999895 -1.825007 
172.75999895 -2.267525 
172.79999895 -1.825007 
172.83999895 -1.825007 
172.87999895 -2.267525 
172.91999895 -2.267525 
172.95999895 -1.825007 
172.99999895 -2.267525 
173.03999895 -2.267525 
173.07999895 -1.825007 
173.11999895 -1.825007 
173.15999895 -1.825007 
173.19999895 -1.825007 
173.23999895 -1.825007 
173.27999895 -1.825007 
173.31999895 -1.825007 
173.35999895 -1.825007 
173.39999895 -1.825007 
173.43999895 -1.825007 
173.47999895 -1.825007 
173.51999895 -1.825007 
173.55999895 -1.825007 
173.59999894 -1.825007 
173.63999894 -1.825007 
173.67999894 -1.825007 
173.71999894 -1.825007 
173.75999894 -1.825007 
173.79999894 -1.825007 
173.83999894 -1.825007 
173.87999894 -1.825007 
173.91999894 -1.382488 
173.95999894 -1.825007 
173.99999894 -1.825007 
174.03999894 -1.825007 
174.07999894 -1.825007 
174.11999894 -1.825007 
174.15999894 -0.941496 
174.19999894 -1.382488 
174.23999894 -1.382488 
174.27999894 -0.941496 
174.31999894 -1.825007 
174.35999894 -1.382488 
174.39999894 -0.941496 
174.43999894 -0.941496 
174.47999894 -1.382488 
174.51999894 -0.941496 
174.55999894 -0.941496 
174.59999894 -1.382488 
174.63999894 -0.941496 
174.67999894 -0.941496 
174.71999894 -0.941496 
174.75999894 -0.941496 
174.79999894 -0.941496 
174.83999894 -0.941496 
174.87999894 -0.941496 
174.91999894 -0.941496 
174.95999894 -0.941496 
174.99999894 -0.941496 
175.03999894 -0.941496 
175.07999894 -0.941496 
175.11999894 -0.941496 
175.15999894 -0.941496 
175.19999894 -0.941496 
175.23999893 -0.941496 
175.27999893 -0.4989776 
175.31999893 -0.941496 
175.35999893 -0.941496 
175.39999893 -0.941496 
175.43999893 -0.941496 
175.47999893 -0.941496 
175.51999893 -0.941496 
175.55999893 -0.4989776 
175.59999893 -0.941496 
175.63999893 -0.941496 
175.67999893 -0.941496 
175.71999893 -0.941496 
175.75999893 -0.941496 
175.79999893 -0.941496 
175.83999893 -0.941496 
175.87999893 -0.941496 
175.91999893 -0.941496 
175.95999893 -0.941496 
175.99999893 -0.941496 
176.03999893 -0.941496 
176.07999893 -0.941496 
176.11999893 -0.941496 
176.15999893 -0.941496 
176.19999893 -0.941496 
176.23999893 -0.941496 
176.27999893 -0.941496 
176.31999893 -0.941496 
176.35999893 -0.941496 
176.39999893 -0.941496 
176.43999893 -0.941496 
176.47999893 -0.941496 
176.51999893 -0.941496 
176.55999893 -0.941496 
176.59999893 -0.941496 
176.63999893 -0.941496 
176.67999893 -0.941496 
176.71999893 -1.382488 
176.75999893 -1.382488 
176.79999893 -0.941496 
176.83999893 -0.941496 
176.87999893 -1.382488 
176.91999892 -1.382488 
176.95999892 -0.941496 
176.99999892 -0.941496 
177.03999892 -1.825007 
177.07999892 -1.382488 
177.11999892 -1.825007 
177.15999892 -1.382488 
177.19999892 -0.941496 
177.23999892 -1.382488 
177.27999892 -1.825007 
177.31999892 -1.825007 
177.35999892 -1.825007 
177.39999892 -1.825007 
177.43999892 -1.825007 
177.47999892 -1.825007 
177.51999892 -1.825007 
177.55999892 -1.825007 
177.59999892 -1.825007 
177.63999892 -0.941496 
177.67999892 -1.825007 
177.71999892 -0.941496 
177.75999892 -1.825007 
177.79999892 -1.825007 
177.83999892 -0.941496 
177.87999892 -1.382488 
177.91999892 -0.941496 
177.95999892 -0.941496 
177.99999892 -0.941496 
178.03999892 -0.941496 
178.07999892 -0.941496 
178.11999892 -0.941496 
178.15999892 -0.941496 
178.19999892 -0.941496 
178.23999892 -0.4989776 
178.27999892 -0.4989776 
178.31999892 -0.4989776 
178.35999892 -0.4989776 
182.87999889 -0.4989776 
182.99999889 -0.4989776 
183.03999889 -0.4989776 
183.07999889 -0.4989776 
183.31999889 -0.4989776 
183.35999889 -0.4989776 
183.39999889 -0.4989776 
183.47999888 -0.4989776 
183.55999888 -0.4989776 
187.11999886 -0.4989776 
187.19999886 -0.4989776 
187.23999886 -0.4989776 
187.31999886 -0.4989776 
187.35999886 -0.4989776 
187.39999886 -0.4989776 
187.43999886 -0.4989776 
187.47999886 -0.4989776 
187.51999886 -0.941496 
187.55999886 -0.941496 
187.59999886 -0.941496 
187.63999886 -0.4989776 
187.67999886 -0.4989776 
187.71999886 -0.941496 
187.75999886 -0.941496 
187.79999886 -0.941496 
187.83999886 -0.941496 
187.87999886 -0.941496 
187.91999886 -0.4989776 
187.95999886 -0.941496 
187.99999886 -0.941496 
188.03999886 -0.941496 
188.07999886 -0.941496 
188.11999886 -0.941496 
188.15999886 -0.4989776 
188.19999886 -0.4989776 
188.23999886 -0.4989776 
188.27999886 -0.941496 
188.31999886 -0.4989776 
188.35999886 -0.4989776 
188.39999886 -0.4989776 
188.43999885 -0.4989776 
188.47999885 -0.4989776 
188.51999885 -0.4989776 
188.55999885 -0.4989776 
188.59999885 -0.4989776 
188.63999885 -0.4989776 
188.67999885 -0.4989776 
188.71999885 -0.4989776 
188.75999885 -0.4989776 
188.79999885 -0.4989776 
188.91999885 -0.4989776 
197.8799988 -0.4989776 
197.9199988 -0.4989776 
197.9599988 -0.941496 
197.9999988 -0.941496 
198.0399988 -0.941496 
198.0799988 -0.941496 
198.1199988 -0.941496 
198.1599988 -1.825007 
198.1999988 -1.825007 
198.2399988 -1.382488 
198.27999879 -1.825007 
198.31999879 -1.825007 
198.35999879 -1.825007 
198.39999879 -1.825007 
198.43999879 -2.708518 
198.47999879 -1.825007 
198.51999879 -2.267525 
198.55999879 -3.151036 
198.59999879 -2.708518 
198.63999879 -2.708518 
198.67999879 -2.708518 
198.71999879 -3.151036 
198.75999879 -3.151036 
198.79999879 -3.151036 
198.83999879 -3.593554 
198.87999879 -3.151036 
198.91999879 -3.593554 
198.95999879 -3.593554 
198.99999879 -3.593554 
199.03999879 -3.593554 
199.07999879 -3.593554 
199.11999879 -3.593554 
199.15999879 -3.593554 
199.19999879 -3.593554 
199.23999879 -3.593554 
199.27999879 -3.593554 
199.31999879 -3.593554 
199.35999879 -3.593554 
199.39999879 -3.593554 
199.43999879 -4.034547 
199.47999879 -4.034547 
199.51999879 -3.593554 
199.55999879 -4.034547 
199.59999879 -3.593554 
199.63999879 -3.593554 
199.67999879 -3.593554 
199.71999879 -3.593554 
199.75999879 -3.593554 
199.79999879 -3.593554 
199.83999879 -3.593554 
199.87999879 -3.593554 
199.91999878 -3.151036 
199.95999878 -3.593554 
199.99999878 -3.151036 
200.03999878 -3.593554 
200.07999878 -3.151036 
200.11999878 -3.151036 
0 0 
