0.0 -1.825007 
0.04 -0.941496 
0.28 -0.4989776 
0.32 -1.382488 
0.36 -0.941496 
0.6 -0.941496 
0.76 -0.4989776 
0.8 -0.4989776 
0.99999999 -0.4989776 
1.03999999 -0.4989776 
1.19999999 -1.825007 
1.23999999 -2.708518 
1.27999999 -0.941496 
1.43999999 -0.4989776 
1.47999999 -1.382488 
1.51999999 -0.941496 
1.67999999 -1.382488 
1.71999999 -1.825007 
1.83999999 -0.4989776 
1.87999999 -0.941496 
1.91999999 -0.941496 
1.95999999 -0.941496 
1.99999999 -0.941496 
2.03999999 -0.4989776 
2.07999999 -0.941496 
2.11999999 -0.941496 
2.15999999 -0.941496 
2.19999999 -1.382488 
2.23999999 -0.941496 
2.27999999 -0.4989776 
2.31999999 -0.941496 
2.35999999 -0.941496 
2.39999999 -0.941496 
2.43999999 -0.941496 
2.47999998 -0.4989776 
2.51999998 -0.4989776 
2.55999998 -0.941496 
2.59999998 -1.382488 
2.63999998 -1.825007 
2.67999998 -1.825007 
2.71999998 -0.941496 
2.75999998 -0.941496 
2.79999998 -0.941496 
2.83999998 -1.825007 
2.87999998 -1.825007 
2.91999998 -1.825007 
2.95999998 -0.941496 
2.99999998 -0.941496 
3.03999998 -0.941496 
3.07999998 -0.941496 
3.11999998 -1.825007 
3.15999998 -1.825007 
3.19999998 -0.941496 
3.23999998 -0.4989776 
3.27999998 -0.941496 
3.31999998 -2.267525 
3.35999998 -2.267525 
3.39999998 -0.941496 
3.43999998 -0.4989776 
3.47999998 -1.382488 
3.51999998 -1.825007 
3.63999998 -1.825007 
3.67999998 -4.477065 
3.71999998 -3.593554 
3.87999998 -5.360576 
3.91999998 -5.803094 
3.95999998 -0.941496 
4.07999998 -1.382488 
4.11999997 -2.708518 
4.15999997 -1.825007 
4.27999997 -0.4989776 
4.31999997 -1.382488 
4.35999997 -0.941496 
4.47999997 -0.941496 
4.51999997 -1.382488 
4.55999997 -0.941496 
4.67999997 -0.4989776 
4.71999997 -1.825007 
4.75999997 -0.941496 
4.87999997 -0.4989776 
4.91999997 -1.825007 
4.95999997 -1.825007 
4.99999997 -0.941496 
5.35999997 -1.382488 
5.39999997 -3.151036 
5.43999997 -3.151036 
5.47999997 -0.941496 
5.63999997 -0.941496 
5.67999997 -2.267525 
5.71999997 -0.941496 
5.83999996 -0.4989776 
5.87999996 -0.4989776 
5.91999996 -0.4989776 
6.23999996 -0.4989776 
6.27999996 -0.4989776 
6.31999996 -0.4989776 
6.47999996 -0.4989776 
6.51999996 -0.4989776 
6.71999996 -1.825007 
6.75999996 -2.267525 
6.79999996 -0.941496 
6.91999996 -0.4989776 
6.95999996 -0.4989776 
7.11999996 -0.941496 
7.15999996 -1.382488 
7.19999996 -0.941496 
7.23999996 -0.941496 
7.27999996 -0.941496 
7.43999995 -0.941496 
7.47999995 -1.382488 
7.51999995 -1.825007 
7.55999995 -0.941496 
7.67999995 -0.941496 
7.71999995 -1.825007 
7.75999995 -0.941496 
7.79999995 -0.4989776 
7.83999995 -0.4989776 
7.87999995 -1.825007 
7.91999995 -1.382488 
7.95999995 -0.4989776 
7.99999995 -0.4989776 
8.03999995 -0.4989776 
8.07999995 -1.825007 
8.11999995 -1.825007 
8.15999995 -1.825007 
8.19999995 -0.941496 
8.23999995 -0.941496 
8.27999995 -0.941496 
8.31999995 -1.825007 
8.35999995 -1.825007 
8.39999995 -1.825007 
8.43999995 -1.382488 
8.47999995 -0.4989776 
8.51999995 -0.941496 
8.55999995 -0.941496 
8.59999995 -1.825007 
8.63999995 -1.825007 
8.67999995 -2.267525 
8.71999995 -1.825007 
8.75999995 -2.708518 
8.79999995 -2.267525 
8.83999995 -1.825007 
8.87999995 -1.825007 
8.91999995 -0.4989776 
8.99999995 -1.825007 
9.03999995 -3.151036 
9.07999994 -2.708518 
9.11999994 -2.267525 
9.15999994 -1.825007 
9.19999994 -0.4989776 
9.23999994 -1.825007 
9.27999994 -2.708518 
9.31999994 -3.593554 
9.35999994 -2.708518 
9.39999994 -0.941496 
9.47999994 -0.4989776 
9.51999994 -2.708518 
9.55999994 -4.034547 
9.59999994 -2.708518 
9.63999994 -0.941496 
9.67999994 -0.4989776 
9.71999994 -1.825007 
9.75999994 -3.151036 
9.79999994 -2.267525 
9.83999994 -1.825007 
9.87999994 -0.941496 
9.91999994 -2.267525 
9.95999994 -2.708518 
9.99999994 -2.267525 
10.03999994 -0.941496 
10.07999994 -0.941496 
10.11999994 -2.708518 
10.15999994 -6.686605 
10.19999994 -0.941496 
10.31999994 -3.151036 
10.35999994 -1.825007 
10.39999994 -0.941496 
10.43999994 -2.267525 
10.47999994 -1.825007 
10.51999994 -0.941496 
10.55999994 -0.941496 
10.59999994 -0.941496 
10.63999994 -1.382488 
10.67999994 -0.941496 
10.71999993 -0.941496 
10.75999993 -0.941496 
10.79999993 -0.941496 
10.83999993 -0.941496 
10.87999993 -0.941496 
10.91999993 -1.382488 
10.95999993 -0.941496 
10.99999993 -0.941496 
11.03999993 -1.825007 
11.07999993 -0.941496 
11.23999993 -0.941496 
11.27999993 -0.941496 
11.31999993 -0.941496 
11.35999993 -0.941496 
11.39999993 -0.941496 
11.43999993 -0.4989776 
11.51999993 -0.941496 
11.55999993 -0.4989776 
11.59999993 -0.4989776 
11.63999993 -0.4989776 
11.67999993 -0.4989776 
11.71999993 -0.4989776 
11.75999993 -0.4989776 
11.79999993 -0.4989776 
11.83999993 -0.941496 
11.87999993 -0.4989776 
11.91999993 -0.4989776 
11.95999993 -0.941496 
11.99999993 -0.941496 
12.03999993 -0.4989776 
12.11999993 -2.267525 
12.15999993 -3.593554 
12.27999993 -2.267525 
12.31999993 -3.593554 
12.35999992 -0.4989776 
12.43999992 -0.4989776 
12.47999992 -0.4989776 
12.59999992 -0.4989776 
12.63999992 -0.4989776 
12.67999992 -0.4989776 
12.71999992 -0.4989776 
12.75999992 -0.941496 
12.79999992 -0.4989776 
12.87999992 -0.4989776 
12.91999992 -0.941496 
12.95999992 -0.941496 
12.99999992 -0.4989776 
13.15999992 -1.825007 
13.19999992 -1.825007 
13.31999992 -0.4989776 
13.35999992 -2.708518 
13.39999992 -2.267525 
13.43999992 -0.4989776 
13.55999992 -1.825007 
13.59999992 -2.708518 
13.63999992 -0.941496 
13.75999992 -0.941496 
13.79999992 -0.941496 
13.83999992 -0.941496 
13.87999992 -0.941496 
13.91999992 -0.4989776 
13.95999992 -0.941496 
13.99999991 -0.4989776 
14.03999991 -0.941496 
14.07999991 -0.941496 
14.11999991 -0.941496 
14.15999991 -0.4989776 
14.19999991 -0.4989776 
14.23999991 -0.4989776 
14.27999991 -0.941496 
14.31999991 -1.382488 
14.35999991 -0.4989776 
14.43999991 -0.4989776 
14.47999991 -0.941496 
14.51999991 -0.941496 
14.55999991 -0.4989776 
14.59999991 -0.4989776 
14.63999991 -0.4989776 
14.67999991 -0.4989776 
14.71999991 -0.4989776 
14.75999991 -0.4989776 
14.79999991 -0.4989776 
14.99999991 -0.4989776 
15.03999991 -0.941496 
15.07999991 -0.941496 
15.31999991 -0.4989776 
18.39999989 -1.382488 
18.43999989 -4.034547 
18.59999989 -0.4989776 
20.71999987 -0.941496 
20.91999987 -0.4989776 
20.95999987 -1.382488 
21.15999987 -0.4989776 
22.47999986 -0.941496 
22.59999986 -3.593554 
22.71999986 -0.941496 
22.79999986 -3.593554 
22.95999986 -0.4989776 
22.99999986 -0.941496 
23.07999986 -1.825007 
23.11999986 -0.941496 
23.19999986 -0.4989776 
23.23999986 -4.919584 
23.35999986 -2.267525 
23.39999986 -3.593554 
23.55999986 -0.941496 
23.67999986 -1.825007 
23.71999986 -3.593554 
23.75999986 -0.4989776 
23.87999985 -2.267525 
23.91999985 -1.382488 
23.99999985 -0.4989776 
24.03999985 -1.382488 
24.07999985 -0.941496 
24.11999985 -0.941496 
24.15999985 -0.941496 
24.19999985 -1.382488 
24.23999985 -0.4989776 
24.31999985 -0.941496 
24.35999985 -1.825007 
24.39999985 -1.825007 
24.43999985 -0.4989776 
24.51999985 -0.941496 
24.55999985 -2.267525 
24.59999985 -1.825007 
24.63999985 -0.4989776 
24.67999985 -0.4989776 
24.71999985 -0.941496 
24.75999985 -2.267525 
24.79999985 -2.267525 
24.83999985 -0.941496 
24.87999985 -0.941496 
24.99999985 -1.825007 
25.03999985 -3.593554 
25.07999985 -1.825007 
25.11999985 -0.941496 
25.15999985 -2.267525 
25.19999985 -2.708518 
25.23999985 -1.825007 
25.27999985 -0.941496 
25.31999985 -0.4989776 
25.35999985 -0.941496 
25.39999985 -0.941496 
25.43999985 -1.825007 
25.47999985 -2.267525 
25.51999984 -2.267525 
25.55999984 -2.267525 
25.59999984 -1.825007 
25.63999984 -0.941496 
25.71999984 -0.941496 
25.75999984 -1.825007 
25.79999984 -1.825007 
25.91999984 -0.4989776 
25.95999984 -2.708518 
25.99999984 -2.267525 
26.11999984 -0.4989776 
26.15999984 -3.151036 
26.19999984 -3.593554 
26.23999984 -0.4989776 
26.31999984 -0.4989776 
26.35999984 -1.825007 
26.39999984 -0.941496 
26.55999984 -2.267525 
26.59999984 -2.267525 
26.63999984 -0.4989776 
26.79999984 -0.941496 
26.83999984 -1.825007 
26.87999984 -0.941496 
27.11999984 -0.4989776 
27.27999983 -0.4989776 
27.31999983 -0.941496 
28.39999983 -0.4989776 
29.79999982 -0.4989776 
29.83999982 -0.4989776 
30.03999982 -1.825007 
30.07999982 -1.825007 
30.23999982 -0.4989776 
30.27999982 -0.941496 
30.31999982 -0.941496 
30.35999982 -0.4989776 
30.39999982 -0.4989776 
30.43999982 -0.941496 
30.47999981 -0.941496 
30.51999981 -0.941496 
30.55999981 -0.941496 
30.59999981 -0.4989776 
30.63999981 -0.4989776 
30.67999981 -1.382488 
30.71999981 -1.825007 
30.75999981 -1.825007 
30.79999981 -1.382488 
30.83999981 -0.4989776 
30.87999981 -0.4989776 
30.91999981 -0.941496 
30.95999981 -2.267525 
30.99999981 -2.267525 
31.03999981 -1.825007 
31.07999981 -0.941496 
31.11999981 -0.941496 
31.15999981 -1.382488 
31.19999981 -1.825007 
31.23999981 -1.825007 
31.27999981 -1.825007 
31.31999981 -0.941496 
31.35999981 -1.382488 
31.39999981 -1.825007 
31.43999981 -1.382488 
31.47999981 -0.4989776 
31.51999981 -0.4989776 
31.55999981 -3.151036 
31.59999981 -4.034547 
31.63999981 -2.267525 
31.75999981 -0.941496 
31.79999981 -2.267525 
31.83999981 -2.267525 
31.87999981 -1.825007 
31.91999981 -0.941496 
31.95999981 -0.4989776 
31.99999981 -1.825007 
32.03999981 -2.267525 
32.07999981 -2.267525 
32.1199998 -0.4989776 
32.2399998 -1.825007 
32.2799998 -4.034547 
32.3199998 -3.593554 
32.3599998 -0.941496 
32.4799998 -1.825007 
32.5199998 -2.267525 
32.5599998 -1.825007 
32.5999998 -0.941496 
32.7199998 -0.941496 
32.7599998 -0.941496 
32.7999998 -0.941496 
32.8399998 -0.941496 
32.9199998 -0.941496 
32.9599998 -1.825007 
32.9999998 -1.382488 
33.0399998 -0.4989776 
33.1199998 -0.4989776 
33.1599998 -0.941496 
33.1999998 -0.941496 
33.2399998 -0.4989776 
33.2799998 -0.941496 
33.3199998 -0.941496 
33.3599998 -0.4989776 
33.3999998 -0.4989776 
33.4399998 -0.4989776 
33.4799998 -0.4989776 
33.6399998 -0.941496 
33.6799998 -1.382488 
33.7199998 -0.941496 
33.75999979 -0.4989776 
33.79999979 -0.4989776 
33.83999979 -0.941496 
33.87999979 -2.267525 
33.91999979 -0.941496 
34.03999979 -0.941496 
34.07999979 -4.034547 
34.11999979 -3.151036 
34.15999979 -0.4989776 
34.27999979 -0.4989776 
34.31999979 -3.151036 
34.35999979 -2.267525 
34.39999979 -0.4989776 
34.51999979 -0.941496 
34.55999979 -1.825007 
34.59999979 -0.941496 
34.63999979 -0.4989776 
34.67999979 -0.941496 
34.71999979 -0.941496 
34.75999979 -0.941496 
34.79999979 -1.825007 
34.83999979 -1.382488 
34.87999979 -1.382488 
34.91999979 -0.941496 
34.95999979 -0.941496 
34.99999979 -1.382488 
35.03999979 -1.825007 
35.07999979 -1.825007 
35.11999979 -0.941496 
35.15999979 -0.941496 
35.19999979 -1.382488 
35.23999979 -1.825007 
35.27999979 -1.825007 
35.31999979 -1.382488 
35.35999979 -0.941496 
35.39999978 -1.382488 
35.43999978 -2.267525 
35.47999978 -2.267525 
35.51999978 -2.267525 
35.55999978 -1.825007 
35.59999978 -0.941496 
35.63999978 -0.941496 
35.67999978 -1.825007 
35.71999978 -2.267525 
35.75999978 -2.267525 
35.79999978 -1.825007 
35.83999978 -1.825007 
35.87999978 -1.825007 
35.91999978 -2.267525 
35.95999978 -2.708518 
35.99999978 -2.267525 
36.03999978 -1.825007 
36.07999978 -1.825007 
36.11999978 -2.267525 
36.15999978 -2.267525 
36.19999978 -2.267525 
36.23999978 -2.267525 
36.27999978 -2.267525 
36.31999978 -2.267525 
36.35999978 -2.267525 
36.39999978 -1.825007 
36.43999978 -3.593554 
36.47999978 -4.477065 
36.59999978 -3.151036 
36.63999978 -4.477065 
36.67999978 -2.267525 
36.71999978 -1.825007 
36.75999978 -2.267525 
36.79999978 -2.267525 
36.83999978 -1.825007 
36.87999978 -2.267525 
36.91999978 -2.708518 
36.95999978 -2.267525 
36.99999978 -1.382488 
37.03999977 -1.825007 
37.07999977 -2.708518 
37.11999977 -2.267525 
37.15999977 -1.825007 
37.19999977 -0.941496 
37.23999977 -1.825007 
37.27999977 -2.267525 
37.31999977 -2.267525 
37.35999977 -1.382488 
37.39999977 -0.941496 
37.43999977 -1.825007 
37.47999977 -0.941496 
37.51999977 -1.825007 
37.55999977 -2.267525 
37.59999977 -2.267525 
37.63999977 -1.825007 
37.67999977 -0.941496 
37.71999977 -0.941496 
37.75999977 -1.825007 
37.79999977 -3.593554 
37.83999977 -2.708518 
37.87999977 -0.4989776 
37.99999977 -1.825007 
38.03999977 -2.267525 
38.07999977 -0.4989776 
38.19999977 -1.825007 
38.23999977 -4.477065 
38.27999977 -8.012634 
38.43999977 -2.708518 
38.47999977 -1.382488 
38.51999977 -0.4989776 
38.63999977 -0.941496 
38.67999976 -2.267525 
38.71999976 -0.941496 
38.83999976 -0.941496 
38.87999976 -1.382488 
38.91999976 -0.941496 
39.03999976 -0.4989776 
39.07999976 -0.4989776 
39.11999976 -0.4989776 
39.15999976 -0.4989776 
39.35999976 -0.4989776 
39.51999976 -0.4989776 
39.55999976 -0.941496 
39.75999976 -1.382488 
39.79999976 -1.825007 
39.83999976 -0.4989776 
39.99999976 -0.4989776 
40.03999976 -0.4989776 
40.23999976 -0.4989776 
40.75999975 -0.941496 
40.79999975 -0.941496 
40.95999975 -0.941496 
40.99999975 -0.941496 
41.19999975 -0.4989776 
41.43999975 -0.941496 
41.67999975 -1.382488 
41.71999975 -2.708518 
41.75999975 -1.825007 
41.95999974 -0.4989776 
42.31999974 -0.4989776 
42.55999974 -0.4989776 
42.75999974 -0.941496 
42.79999974 -0.941496 
43.67999973 -1.825007 
43.71999973 -2.267525 
43.91999973 -0.941496 
43.95999973 -0.4989776 
44.87999973 -0.941496 
44.91999973 -1.825007 
45.11999973 -0.4989776 
45.47999972 -2.267525 
45.51999972 -1.825007 
45.67999972 -1.825007 
45.71999972 -2.708518 
45.91999972 -1.382488 
45.95999972 -0.941496 
46.59999972 -0.941496 
46.63999972 -0.941496 
46.83999972 -0.4989776 
46.95999971 -0.4989776 
46.99999971 -0.941496 
47.03999971 -0.941496 
47.07999971 -0.4989776 
47.27999971 -0.4989776 
47.31999971 -0.941496 
47.35999971 -0.941496 
47.39999971 -0.941496 
47.43999971 -0.4989776 
47.67999971 -0.4989776 
47.71999971 -0.941496 
48.07999971 -0.4989776 
48.47999971 -0.941496 
48.51999971 -0.941496 
48.9599997 -1.825007 
48.9999997 -1.825007 
49.0399997 -0.4989776 
49.1199997 -5.803094 
49.1599997 -3.593554 
49.3199997 -1.825007 
49.5599997 -2.267525 
49.7199997 -0.941496 
49.8399997 -0.941496 
49.8799997 -0.941496 
49.9999997 -2.267525 
50.0399997 -1.382488 
50.99999969 -0.4989776 
51.03999969 -2.267525 
51.31999969 -1.825007 
51.35999969 -0.941496 
51.51999969 -0.941496 
51.55999969 -0.941496 
55.23999966 -0.941496 
55.27999966 -0.4989776 
56.83999965 -0.4989776 
56.87999965 -0.4989776 
56.91999965 -0.941496 
57.07999965 -0.4989776 
57.11999965 -1.825007 
57.15999965 -0.4989776 
57.31999965 -0.941496 
57.35999965 -1.382488 
57.39999965 -0.4989776 
57.51999965 -0.4989776 
57.55999965 -0.941496 
57.59999965 -0.941496 
57.63999965 -0.941496 
57.67999965 -0.941496 
57.71999965 -0.941496 
57.75999965 -0.4989776 
57.79999965 -0.941496 
57.83999965 -0.941496 
57.87999965 -1.825007 
57.91999965 -0.941496 
57.95999965 -0.941496 
57.99999965 -0.941496 
58.03999965 -0.941496 
58.07999965 -1.825007 
58.11999965 -1.825007 
58.15999965 -1.825007 
58.19999965 -0.941496 
58.23999965 -0.941496 
58.27999965 -1.825007 
58.31999965 -1.825007 
58.35999965 -1.382488 
58.39999965 -0.941496 
58.43999964 -1.382488 
58.47999964 -0.941496 
58.51999964 -0.941496 
58.55999964 -1.825007 
58.59999964 -2.267525 
58.63999964 -2.267525 
58.67999964 -0.941496 
58.71999964 -0.941496 
58.75999964 -1.825007 
58.79999964 -2.267525 
58.83999964 -1.825007 
58.87999964 -1.825007 
58.91999964 -1.382488 
58.95999964 -1.825007 
58.99999964 -3.151036 
59.03999964 -2.267525 
59.07999964 -1.825007 
59.11999964 -1.825007 
59.15999964 -1.825007 
59.19999964 -2.267525 
59.23999964 -2.267525 
59.27999964 -1.825007 
59.31999964 -1.825007 
59.35999964 -1.825007 
59.39999964 -1.825007 
59.43999964 -1.825007 
59.47999964 -2.267525 
59.51999964 -1.825007 
59.55999964 -1.825007 
59.59999964 -1.825007 
59.63999964 -2.267525 
59.67999964 -2.267525 
59.71999964 -1.825007 
59.75999964 -1.825007 
59.79999964 -1.825007 
59.83999964 -2.267525 
59.87999964 -2.708518 
59.91999964 -1.825007 
59.95999964 -0.941496 
59.99999964 -2.267525 
60.03999964 -3.151036 
60.07999963 -2.267525 
60.11999963 -1.825007 
60.15999963 -1.825007 
60.19999963 -1.382488 
60.23999963 -0.941496 
60.27999963 -1.382488 
60.31999963 -1.825007 
60.35999963 -2.267525 
60.39999963 -2.708518 
60.43999963 -1.825007 
60.47999963 -1.382488 
60.51999963 -1.825007 
60.55999963 -1.825007 
60.59999963 -2.267525 
60.63999963 -1.825007 
60.67999963 -1.825007 
60.71999963 -1.382488 
60.75999963 -2.267525 
60.79999963 -2.267525 
60.83999963 -2.267525 
60.87999963 -3.151036 
60.91999963 -3.151036 
60.95999963 -1.825007 
61.07999963 -1.825007 
61.11999963 -3.593554 
61.15999963 -4.034547 
61.19999963 -3.151036 
61.23999963 -0.941496 
61.27999963 -0.4989776 
61.31999963 -1.382488 
61.35999963 -2.267525 
61.39999963 -2.708518 
61.43999963 -2.708518 
61.47999963 -2.708518 
61.51999963 -1.825007 
61.55999963 -1.825007 
61.59999963 -1.382488 
61.63999963 -2.267525 
61.67999963 -3.151036 
61.71999962 -3.593554 
61.75999962 -2.708518 
61.79999962 -1.825007 
61.87999962 -1.825007 
61.91999962 -4.477065 
61.95999962 -4.919584 
61.99999962 -2.708518 
62.03999962 -0.941496 
62.07999962 -0.4989776 
62.11999962 -2.708518 
62.15999962 -3.593554 
62.19999962 -2.708518 
62.23999962 -1.825007 
62.27999962 -1.825007 
62.31999962 -2.267525 
62.35999962 -3.151036 
62.39999962 -3.151036 
62.43999962 -2.267525 
62.47999962 -1.825007 
62.51999962 -1.825007 
62.55999962 -2.708518 
62.59999962 -2.708518 
62.63999962 -3.593554 
62.67999962 -3.593554 
62.71999962 -2.267525 
62.75999962 -1.382488 
62.87999962 -4.034547 
62.91999962 -8.012634 
62.95999962 -3.593554 
62.99999962 -0.4989776 
63.03999962 -2.267525 
63.07999962 -3.593554 
63.11999962 -1.825007 
63.15999962 -1.825007 
63.19999962 -3.151036 
63.23999962 -3.593554 
63.27999962 -2.267525 
63.31999962 -1.825007 
63.35999961 -2.267525 
63.39999961 -3.593554 
63.43999961 -2.267525 
63.47999961 -0.941496 
63.51999961 -1.825007 
63.55999961 -2.708518 
63.59999961 -3.151036 
63.63999961 -2.267525 
63.67999961 -1.825007 
63.71999961 -1.825007 
63.75999961 -2.267525 
63.79999961 -2.267525 
63.83999961 -1.825007 
63.87999961 -1.382488 
63.91999961 -1.825007 
63.95999961 -1.825007 
63.99999961 -1.825007 
64.03999961 -1.825007 
64.07999961 -1.825007 
64.11999961 -1.825007 
64.15999961 -1.825007 
64.19999961 -0.941496 
64.23999961 -0.941496 
64.27999961 -1.382488 
64.31999961 -2.708518 
64.39999961 -1.825007 
64.43999961 -7.129124 
64.47999961 -2.708518 
64.59999961 -1.825007 
64.63999961 -0.941496 
64.67999961 -0.941496 
64.71999961 -0.941496 
64.75999961 -0.941496 
64.79999961 -0.4989776 
64.83999961 -0.941496 
64.87999961 -1.825007 
64.91999961 -0.941496 
65.1999996 -0.4989776 
66.71999959 -0.941496 
66.75999959 -1.825007 
66.95999959 -2.708518 
66.99999959 -4.477065 
67.19999959 -2.267525 
67.23999959 -0.4989776 
67.39999959 -0.4989776 
67.43999959 -0.941496 
68.11999959 -0.941496 
68.15999959 -0.4989776 
68.59999958 -2.267525 
68.63999958 -3.151036 
68.67999958 -0.941496 
68.87999958 -0.941496 
68.91999958 -0.941496 
68.95999958 -0.4989776 
68.99999958 -0.4989776 
69.03999958 -0.941496 
69.07999958 -0.941496 
69.11999958 -0.4989776 
69.27999958 -0.4989776 
69.31999958 -0.941496 
69.43999958 -0.941496 
69.47999958 -0.941496 
69.51999958 -0.4989776 
69.55999958 -0.4989776 
69.67999958 -0.941496 
69.71999958 -0.941496 
69.75999958 -0.4989776 
69.91999958 -0.941496 
69.95999957 -0.941496 
70.11999957 -0.4989776 
70.15999957 -0.941496 
70.19999957 -0.4989776 
70.39999957 -0.4989776 
71.15999957 -5.803094 
71.19999957 -2.708518 
72.67999956 -1.382488 
72.71999956 -1.825007 
72.91999956 -1.825007 
74.23999955 -0.4989776 
74.27999955 -0.941496 
74.31999955 -0.4989776 
74.51999955 -2.267525 
74.55999955 -1.825007 
74.71999955 -0.4989776 
74.75999955 -0.941496 
74.87999954 -0.941496 
74.91999954 -0.4989776 
75.07999954 -0.4989776 
75.35999954 -5.803094 
75.63999954 -1.382488 
75.67999954 -1.825007 
75.71999954 -0.941496 
75.83999954 -0.941496 
75.87999954 -3.151036 
75.99999954 -2.708518 
76.11999954 -1.825007 
76.15999954 -0.941496 
76.27999954 -2.267525 
76.31999954 -4.477065 
76.47999954 -0.941496 
77.15999953 -2.267525 
77.19999953 -1.825007 
78.39999952 -0.4989776 
78.63999952 -1.825007 
78.67999952 -0.4989776 
78.87999952 -0.4989776 
80.15999951 -0.4989776 
80.19999951 -2.267525 
80.23999951 -2.267525 
80.27999951 -0.4989776 
80.43999951 -1.825007 
80.47999951 -2.267525 
80.51999951 -0.4989776 
80.63999951 -0.4989776 
80.67999951 -0.941496 
80.71999951 -0.941496 
80.91999951 -0.4989776 
81.07999951 -0.4989776 
81.11999951 -0.941496 
81.31999951 -0.941496 
81.35999951 -0.4989776 
81.5199995 -0.4989776 
81.5599995 -1.825007 
81.7599995 -0.941496 
82.1599995 -1.825007 
83.43999949 -0.4989776 
83.59999949 -0.4989776 
83.63999949 -0.4989776 
83.67999949 -0.4989776 
83.71999949 -0.4989776 
83.75999949 -0.941496 
83.79999949 -0.941496 
83.83999949 -0.941496 
83.87999949 -0.4989776 
83.95999949 -0.941496 
83.99999949 -1.382488 
84.03999949 -1.382488 
84.07999949 -0.941496 
84.11999949 -0.941496 
84.15999949 -0.941496 
84.19999949 -0.4989776 
84.23999949 -0.941496 
84.27999949 -2.708518 
84.31999949 -4.034547 
84.35999949 -2.267525 
84.51999949 -2.708518 
84.55999949 -4.477065 
84.59999949 -3.593554 
84.63999949 -0.941496 
84.71999949 -0.941496 
84.75999948 -2.267525 
84.79999948 -2.267525 
84.83999948 -1.825007 
84.87999948 -0.941496 
84.91999948 -1.825007 
84.95999948 -2.708518 
84.99999948 -3.593554 
85.03999948 -2.708518 
85.07999948 -2.267525 
85.11999948 -1.825007 
85.15999948 -1.382488 
85.19999948 -1.825007 
85.23999948 -1.825007 
85.27999948 -1.825007 
85.31999948 -2.708518 
85.35999948 -2.708518 
85.39999948 -2.708518 
85.43999948 -2.708518 
85.47999948 -2.708518 
85.51999948 -2.267525 
85.55999948 -1.825007 
85.59999948 -1.382488 
85.63999948 -1.825007 
85.67999948 -2.267525 
85.71999948 -2.708518 
85.75999948 -2.708518 
85.79999948 -1.825007 
85.83999948 -1.825007 
85.87999948 -3.593554 
85.91999948 -4.034547 
85.95999948 -2.708518 
85.99999948 -0.941496 
86.03999948 -0.4989776 
86.07999948 -0.4989776 
86.11999948 -0.941496 
86.15999948 -3.593554 
86.19999948 -4.034547 
86.23999948 -3.593554 
86.27999948 -1.825007 
86.31999948 -0.941496 
86.35999948 -0.941496 
86.39999947 -1.825007 
86.43999947 -2.267525 
86.47999947 -2.267525 
86.51999947 -1.825007 
86.55999947 -0.941496 
86.59999947 -0.941496 
86.63999947 -1.825007 
86.67999947 -0.941496 
86.71999947 -1.825007 
86.75999947 -2.267525 
86.79999947 -3.151036 
86.83999947 -2.708518 
86.87999947 -1.825007 
86.91999947 -0.941496 
86.95999947 -0.4989776 
87.03999947 -0.941496 
87.07999947 -0.941496 
87.11999947 -1.825007 
87.15999947 -0.941496 
87.19999947 -1.382488 
87.23999947 -1.382488 
87.27999947 -0.941496 
87.31999947 -0.941496 
87.47999947 -0.4989776 
87.51999947 -0.941496 
87.55999947 -0.941496 
87.59999947 -0.941496 
87.75999947 -0.4989776 
87.79999947 -1.825007 
87.83999947 -0.4989776 
87.95999947 -0.941496 
87.99999947 -0.941496 
88.15999946 -0.4989776 
88.19999946 -0.4989776 
88.23999946 -0.4989776 
88.35999946 -0.4989776 
88.39999946 -0.4989776 
89.07999946 -0.4989776 
89.19999946 -4.034547 
89.23999946 -3.593554 
89.51999946 -0.4989776 
89.79999945 -0.4989776 
89.99999945 -0.4989776 
90.03999945 -0.4989776 
90.07999945 -0.4989776 
90.11999945 -0.941496 
90.15999945 -0.941496 
90.35999945 -2.708518 
90.39999945 -2.267525 
90.43999945 -0.4989776 
90.55999945 -4.477065 
90.59999945 -5.803094 
90.71999945 -0.941496 
90.75999945 -1.382488 
90.87999945 -0.941496 
90.91999945 -0.4989776 
90.95999945 -0.4989776 
91.03999945 -0.4989776 
91.07999945 -0.941496 
91.11999945 -0.4989776 
91.15999945 -0.941496 
91.19999945 -0.941496 
91.23999945 -0.941496 
91.27999945 -0.4989776 
91.31999945 -0.4989776 
91.35999944 -0.941496 
91.39999944 -0.941496 
91.43999944 -0.941496 
91.47999944 -0.4989776 
91.51999944 -0.4989776 
91.55999944 -0.4989776 
91.59999944 -0.941496 
91.63999944 -0.941496 
91.67999944 -0.941496 
91.75999944 -0.4989776 
91.79999944 -0.941496 
91.83999944 -0.941496 
91.87999944 -0.4989776 
91.99999944 -0.4989776 
92.03999944 -2.267525 
92.07999944 -2.708518 
92.11999944 -0.4989776 
92.27999944 -4.034547 
92.31999944 -4.034547 
92.47999944 -0.4989776 
92.51999944 -1.382488 
92.55999944 -0.941496 
92.59999944 -0.941496 
92.63999944 -0.4989776 
92.79999944 -0.941496 
92.83999944 -0.4989776 
92.95999944 -0.4989776 
93.07999943 -0.4989776 
93.19999943 -0.4989776 
93.31999943 -0.4989776 
94.19999943 -0.4989776 
94.43999943 -0.4989776 
94.63999942 -0.941496 
94.99999942 -0.4989776 
95.03999942 -0.941496 
95.07999942 -0.4989776 
95.23999942 -0.941496 
95.27999942 -1.825007 
95.31999942 -0.941496 
95.43999942 -0.941496 
95.47999942 -0.941496 
95.51999942 -0.941496 
95.55999942 -0.4989776 
95.59999942 -0.4989776 
95.63999942 -0.941496 
95.67999942 -0.941496 
95.71999942 -0.941496 
95.75999942 -0.941496 
95.79999942 -1.382488 
95.83999942 -0.941496 
95.87999942 -0.941496 
95.91999942 -0.941496 
95.95999942 -0.4989776 
95.99999942 -0.4989776 
96.03999942 -1.825007 
96.07999942 -3.593554 
96.11999942 -3.593554 
96.15999942 -1.825007 
96.27999941 -0.941496 
96.31999941 -3.151036 
96.35999941 -3.593554 
96.39999941 -2.267525 
96.43999941 -0.941496 
96.47999941 -2.267525 
96.51999941 -3.151036 
96.55999941 -2.708518 
96.59999941 -1.825007 
96.63999941 -1.825007 
96.67999941 -2.267525 
96.71999941 -2.267525 
96.75999941 -2.267525 
96.79999941 -0.941496 
96.83999941 -0.941496 
96.87999941 -2.708518 
96.91999941 -3.593554 
96.95999941 -2.708518 
96.99999941 -1.382488 
97.07999941 -4.477065 
97.15999941 -3.593554 
97.27999941 -3.151036 
97.31999941 -4.477065 
97.35999941 -4.477065 
97.39999941 -2.708518 
97.43999941 -0.4989776 
97.47999941 -1.825007 
97.51999941 -3.151036 
97.55999941 -2.708518 
97.59999941 -2.267525 
97.63999941 -1.825007 
97.67999941 -0.4989776 
97.71999941 -0.4989776 
97.75999941 -2.708518 
97.79999941 -4.477065 
97.83999941 -3.593554 
97.87999941 -0.941496 
97.9999994 -1.825007 
98.0399994 -2.708518 
98.0799994 -2.267525 
98.1199994 -0.941496 
98.1999994 -0.4989776 
98.2399994 -1.825007 
98.2799994 -2.267525 
98.3199994 -0.941496 
98.3599994 -0.4989776 
98.3999994 -0.4989776 
98.4399994 -0.941496 
98.4799994 -0.941496 
98.5199994 -0.941496 
98.5599994 -0.4989776 
98.5999994 -0.4989776 
98.6399994 -0.941496 
98.6799994 -0.4989776 
98.7199994 -0.941496 
98.7599994 -0.941496 
98.7999994 -0.4989776 
98.8399994 -0.4989776 
98.9999994 -0.941496 
99.0399994 -0.4989776 
99.1999994 -0.4989776 
99.2399994 -0.4989776 
99.3999994 -0.4989776 
101.31999938 -5.360576 
101.47999938 -8.012634 
101.51999938 -4.477065 
101.79999938 -2.267525 
101.83999938 -0.941496 
101.95999938 -1.825007 
102.07999938 -1.825007 
102.11999938 -1.825007 
102.23999938 -0.941496 
102.59999938 -2.708518 
102.63999938 -2.267525 
103.31999937 -0.941496 
107.03999935 -0.941496 
107.07999935 -0.4989776 
107.39999935 -0.4989776 
107.43999935 -1.382488 
107.47999935 -1.382488 
107.63999935 -0.4989776 
107.67999935 -0.941496 
107.79999934 -1.825007 
107.83999934 -3.151036 
107.87999934 -1.825007 
108.03999934 -1.825007 
108.07999934 -2.267525 
108.11999934 -0.941496 
108.23999934 -0.4989776 
108.27999934 -0.941496 
108.31999934 -0.941496 
108.35999934 -0.941496 
108.39999934 -0.4989776 
108.55999934 -1.382488 
108.59999934 -2.267525 
108.63999934 -1.825007 
108.67999934 -0.4989776 
108.83999934 -0.4989776 
108.95999934 -1.382488 
108.99999934 -2.708518 
109.03999934 -1.825007 
109.07999934 -0.4989776 
109.27999934 -0.4989776 
109.31999934 -0.941496 
109.35999934 -0.941496 
109.51999933 -1.825007 
109.55999933 -1.825007 
109.71999933 -0.941496 
109.75999933 -2.267525 
109.79999933 -1.825007 
109.95999933 -0.941496 
109.99999933 -1.382488 
110.03999933 -0.4989776 
110.19999933 -0.941496 
110.23999933 -0.941496 
110.39999933 -0.4989776 
110.43999933 -0.4989776 
110.67999933 -0.4989776 
110.91999933 -0.941496 
110.95999933 -0.941496 
111.11999932 -0.941496 
111.15999932 -0.941496 
111.31999932 -0.4989776 
111.35999932 -0.941496 
111.39999932 -0.941496 
111.43999932 -0.4989776 
111.47999932 -0.4989776 
111.51999932 -0.4989776 
111.55999932 -0.941496 
111.59999932 -0.941496 
111.63999932 -0.941496 
111.67999932 -0.4989776 
111.71999932 -0.4989776 
111.75999932 -0.4989776 
111.79999932 -0.941496 
111.83999932 -1.382488 
111.87999932 -0.941496 
111.91999932 -0.4989776 
111.95999932 -0.941496 
111.99999932 -0.941496 
112.03999932 -1.825007 
112.07999932 -1.825007 
112.11999932 -0.4989776 
112.15999932 -0.4989776 
112.19999932 -4.034547 
112.23999932 -4.477065 
112.27999932 -1.382488 
112.39999932 -0.941496 
112.43999932 -5.803094 
112.47999932 -3.593554 
112.59999932 -3.151036 
112.63999932 -4.477065 
112.67999932 -2.267525 
112.71999931 -0.941496 
112.75999931 -0.941496 
112.79999931 -1.382488 
112.83999931 -2.267525 
112.87999931 -2.267525 
112.91999931 -1.825007 
112.95999931 -1.825007 
112.99999931 -2.267525 
113.03999931 -1.825007 
113.07999931 -1.825007 
113.11999931 -2.267525 
113.15999931 -1.825007 
113.19999931 -1.825007 
113.23999931 -1.825007 
113.27999931 -2.267525 
113.31999931 -1.825007 
113.35999931 -1.825007 
113.39999931 -1.825007 
113.43999931 -2.267525 
113.47999931 -1.825007 
113.51999931 -1.825007 
113.55999931 -2.267525 
113.59999931 -2.267525 
113.63999931 -2.267525 
113.67999931 -0.941496 
113.79999931 -0.941496 
113.83999931 -3.593554 
113.87999931 -4.477065 
113.91999931 -2.267525 
114.03999931 -0.941496 
114.07999931 -3.151036 
114.11999931 -2.708518 
114.15999931 -0.941496 
114.23999931 -0.941496 
114.27999931 -0.941496 
114.31999931 -0.941496 
114.3599993 -0.941496 
114.3999993 -0.941496 
114.4399993 -1.825007 
114.4799993 -0.941496 
114.5199993 -0.4989776 
114.5599993 -0.4989776 
114.5999993 -0.941496 
114.6399993 -0.941496 
114.6799993 -0.4989776 
114.7199993 -0.4989776 
114.7599993 -0.4989776 
114.7999993 -0.4989776 
114.8399993 -0.941496 
114.8799993 -0.941496 
115.0399993 -0.4989776 
115.0799993 -0.941496 
115.1199993 -0.4989776 
115.1599993 -0.4989776 
115.1999993 -0.941496 
115.2399993 -0.4989776 
115.4799993 -1.825007 
115.5199993 -6.686605 
115.5599993 -2.708518 
115.7199993 -0.4989776 
115.9599993 -0.4989776 
115.9999993 -0.4989776 
116.19999929 -0.4989776 
116.23999929 -0.4989776 
116.43999929 -1.825007 
116.47999929 -1.825007 
116.55999929 -0.941496 
116.59999929 -2.708518 
116.71999929 -1.825007 
116.75999929 -1.825007 
116.83999929 -0.4989776 
116.87999929 -0.941496 
116.91999929 -0.4989776 
117.03999929 -0.941496 
117.07999929 -0.941496 
117.11999929 -0.4989776 
117.15999929 -0.4989776 
117.27999929 -0.4989776 
117.31999929 -0.941496 
117.35999929 -0.941496 
117.47999929 -0.941496 
117.51999929 -1.382488 
117.55999929 -1.382488 
117.59999929 -0.941496 
117.63999929 -0.4989776 
117.71999928 -0.4989776 
117.75999928 -0.941496 
117.79999928 -0.941496 
117.83999928 -0.4989776 
117.87999928 -0.4989776 
117.91999928 -0.4989776 
117.95999928 -0.941496 
117.99999928 -0.941496 
118.03999928 -0.941496 
118.07999928 -0.941496 
118.11999928 -0.941496 
118.15999928 -0.4989776 
118.19999928 -0.941496 
118.23999928 -1.825007 
118.27999928 -2.708518 
118.31999928 -1.382488 
118.43999928 -0.941496 
118.47999928 -1.825007 
118.51999928 -2.267525 
118.55999928 -1.382488 
118.63999928 -0.4989776 
118.67999928 -1.825007 
118.71999928 -0.941496 
118.75999928 -0.941496 
118.79999928 -0.941496 
118.83999928 -1.825007 
118.87999928 -1.825007 
118.91999928 -0.941496 
118.95999928 -0.4989776 
118.99999928 -0.941496 
119.03999928 -0.941496 
119.07999928 -0.4989776 
119.11999928 -0.941496 
119.15999928 -1.825007 
119.19999928 -0.941496 
119.23999928 -0.941496 
119.27999928 -0.941496 
119.31999927 -0.941496 
119.35999927 -0.941496 
119.39999927 -1.825007 
119.43999927 -1.825007 
119.47999927 -0.4989776 
119.55999927 -2.267525 
119.59999927 -4.034547 
119.63999927 -1.825007 
119.75999927 -0.941496 
119.79999927 -7.129124 
119.83999927 -6.244087 
119.99999927 -3.593554 
120.03999927 -6.244087 
120.07999927 -3.593554 
120.19999927 -0.941496 
120.23999927 -2.708518 
120.27999927 -2.267525 
120.31999927 -0.941496 
120.39999927 -0.4989776 
120.43999927 -0.941496 
120.47999927 -0.941496 
120.51999927 -0.941496 
120.55999927 -1.382488 
120.59999927 -0.941496 
120.67999927 -0.4989776 
120.71999927 -0.941496 
120.75999927 -0.941496 
120.79999927 -1.825007 
120.83999927 -1.825007 
120.87999927 -0.941496 
120.95999926 -0.4989776 
120.99999926 -1.825007 
121.03999926 -1.382488 
121.07999926 -0.941496 
121.11999926 -0.941496 
121.15999926 -0.941496 
121.19999926 -0.941496 
121.23999926 -1.382488 
121.27999926 -1.825007 
121.31999926 -1.825007 
121.35999926 -0.4989776 
121.47999926 -0.4989776 
121.51999926 -2.267525 
121.55999926 -2.267525 
121.59999926 -1.382488 
121.67999926 -0.4989776 
121.71999926 -0.941496 
121.75999926 -1.825007 
121.79999926 -1.382488 
121.83999926 -0.941496 
121.87999926 -0.4989776 
121.91999926 -0.941496 
121.95999926 -0.941496 
121.99999926 -0.941496 
122.03999926 -0.941496 
122.07999926 -0.941496 
122.11999926 -0.941496 
122.15999926 -0.941496 
122.19999926 -1.382488 
122.23999926 -0.941496 
122.27999926 -0.4989776 
122.31999926 -0.4989776 
122.35999926 -0.941496 
122.39999926 -0.941496 
122.43999926 -1.382488 
122.47999926 -0.941496 
122.51999926 -0.4989776 
122.59999925 -0.941496 
122.63999925 -1.382488 
122.67999925 -0.941496 
122.71999925 -0.4989776 
122.75999925 -0.941496 
122.79999925 -1.825007 
122.83999925 -1.825007 
122.91999925 -0.941496 
122.95999925 -8.012634 
122.99999925 -4.034547 
123.11999925 -0.941496 
123.15999925 -1.825007 
123.19999925 -2.267525 
123.23999925 -1.382488 
123.27999925 -0.4989776 
123.31999925 -0.941496 
123.35999925 -1.382488 
123.39999925 -0.941496 
123.43999925 -1.382488 
123.47999925 -1.382488 
123.51999925 -0.941496 
123.55999925 -0.941496 
123.59999925 -0.941496 
123.63999925 -0.941496 
123.67999925 -0.941496 
123.71999925 -1.382488 
123.75999925 -0.941496 
123.79999925 -0.941496 
123.83999925 -0.941496 
123.87999925 -0.941496 
123.91999925 -0.941496 
123.95999925 -0.941496 
123.99999925 -1.825007 
124.03999925 -0.941496 
124.11999925 -0.4989776 
124.15999925 -1.825007 
124.19999925 -1.825007 
124.23999924 -0.941496 
124.27999924 -0.941496 
124.31999924 -0.941496 
124.35999924 -0.941496 
124.39999924 -0.941496 
124.43999924 -0.941496 
124.47999924 -0.941496 
124.51999924 -0.941496 
124.55999924 -0.941496 
124.59999924 -0.941496 
124.63999924 -0.941496 
124.67999924 -0.941496 
124.75999924 -0.4989776 
124.79999924 -0.4989776 
124.83999924 -0.941496 
124.87999924 -1.825007 
124.91999924 -1.382488 
124.95999924 -1.382488 
125.19999924 -0.4989776 
125.23999924 -1.382488 
125.27999924 -0.941496 
125.39999924 -0.4989776 
125.43999924 -0.941496 
125.47999924 -0.941496 
125.67999924 -0.4989776 
125.71999924 -1.825007 
125.75999924 -0.941496 
127.19999923 -5.360576 
127.23999923 -2.267525 
127.63999922 -2.267525 
127.91999922 -0.4989776 
128.07999922 -1.382488 
128.91999922 -1.825007 
129.07999922 -0.941496 
129.35999921 -0.941496 
131.5199992 -0.941496 
132.79999919 -0.941496 
132.83999919 -1.825007 
133.03999919 -0.941496 
133.23999919 -1.382488 
133.27999919 -0.941496 
133.47999919 -0.4989776 
133.71999919 -0.4989776 
133.87999919 -0.941496 
133.91999919 -0.4989776 
134.03999919 -0.4989776 
134.07999919 -0.941496 
134.11999918 -0.941496 
134.15999918 -0.941496 
134.27999918 -0.4989776 
134.31999918 -1.825007 
134.35999918 -1.825007 
134.39999918 -0.941496 
134.43999918 -0.4989776 
134.51999918 -0.941496 
134.55999918 -0.941496 
134.59999918 -0.4989776 
134.63999918 -0.4989776 
134.67999918 -0.941496 
134.71999918 -1.382488 
134.75999918 -1.825007 
134.79999918 -1.825007 
134.83999918 -0.941496 
134.87999918 -0.4989776 
134.91999918 -0.941496 
134.95999918 -1.382488 
134.99999918 -1.825007 
135.03999918 -1.825007 
135.07999918 -0.941496 
135.11999918 -0.941496 
135.15999918 -1.382488 
135.19999918 -0.941496 
135.23999918 -1.382488 
135.27999918 -1.825007 
135.31999918 -0.941496 
135.35999918 -0.941496 
135.39999918 -0.941496 
135.43999918 -1.382488 
135.47999918 -2.267525 
135.51999918 -1.825007 
135.55999918 -0.941496 
135.59999918 -0.4989776 
135.63999918 -0.941496 
135.67999918 -0.941496 
135.71999918 -0.941496 
135.75999917 -0.4989776 
135.79999917 -0.4989776 
135.83999917 -0.941496 
135.87999917 -1.382488 
135.91999917 -0.941496 
135.95999917 -0.941496 
135.99999917 -0.941496 
136.03999917 -0.941496 
136.07999917 -0.941496 
136.11999917 -1.825007 
136.15999917 -1.825007 
136.19999917 -0.941496 
136.31999917 -0.941496 
136.35999917 -1.825007 
136.39999917 -1.825007 
136.43999917 -0.941496 
136.55999917 -0.4989776 
136.59999917 -0.941496 
136.63999917 -1.382488 
136.67999917 -0.941496 
136.79999917 -0.4989776 
136.83999917 -0.941496 
136.87999917 -0.941496 
136.91999917 -0.941496 
137.03999917 -0.4989776 
137.07999917 -0.941496 
137.11999917 -0.941496 
137.15999917 -0.941496 
137.35999917 -0.941496 
137.39999916 -3.151036 
137.43999916 -2.708518 
137.59999916 -1.382488 
137.63999916 -1.382488 
137.79999916 -0.4989776 
137.83999916 -0.4989776 
137.99999916 -0.4989776 
138.23999916 -0.4989776 
138.75999916 -0.4989776 
138.79999916 -0.4989776 
138.91999916 -0.941496 
138.95999916 -0.941496 
139.15999915 -2.267525 
139.19999915 -2.267525 
139.23999915 -0.941496 
139.35999915 -0.4989776 
139.39999915 -0.941496 
139.43999915 -0.941496 
139.59999915 -0.941496 
139.63999915 -0.941496 
139.79999915 -0.4989776 
139.83999915 -0.941496 
139.87999915 -0.4989776 
139.99999915 -0.4989776 
140.03999915 -0.941496 
140.07999915 -0.941496 
140.11999915 -0.4989776 
140.15999915 -0.4989776 
140.19999915 -0.4989776 
140.23999915 -0.4989776 
140.27999915 -0.941496 
140.31999915 -0.941496 
140.35999915 -0.4989776 
140.47999915 -0.4989776 
140.51999915 -0.941496 
140.55999915 -0.941496 
140.59999915 -0.941496 
140.63999915 -0.4989776 
140.67999915 -0.4989776 
140.71999914 -0.941496 
140.75999914 -0.941496 
140.79999914 -0.941496 
140.87999914 -0.4989776 
140.91999914 -0.941496 
140.95999914 -0.941496 
140.99999914 -0.941496 
141.03999914 -0.4989776 
141.11999914 -0.4989776 
141.15999914 -0.941496 
141.19999914 -0.941496 
141.23999914 -0.4989776 
141.35999914 -0.4989776 
141.39999914 -0.941496 
141.43999914 -0.941496 
141.47999914 -0.4989776 
141.59999914 -0.4989776 
141.63999914 -0.941496 
141.67999914 -0.4989776 
141.75999914 -0.941496 
141.79999914 -5.803094 
141.83999914 -1.825007 
141.95999914 -1.382488 
141.99999914 -1.825007 
142.11999914 -0.941496 
142.15999914 -0.4989776 
142.27999914 -0.4989776 
142.31999914 -0.941496 
142.35999913 -0.941496 
142.59999913 -0.4989776 
142.71999913 -5.360576 
142.75999913 -5.803094 
142.91999913 -0.941496 
143.07999913 -0.941496 
143.11999913 -1.825007 
143.31999913 -0.941496 
143.35999913 -1.825007 
143.39999913 -0.941496 
143.59999913 -0.4989776 
143.63999913 -0.4989776 
143.87999913 -0.941496 
143.91999913 -0.4989776 
143.95999913 -0.4989776 
143.99999912 -0.4989776 
144.15999912 -0.4989776 
144.19999912 -0.941496 
144.23999912 -0.941496 
144.27999912 -0.4989776 
144.35999912 -0.4989776 
144.39999912 -0.941496 
144.43999912 -0.941496 
144.47999912 -0.941496 
144.51999912 -0.941496 
144.55999912 -0.4989776 
144.59999912 -0.941496 
144.63999912 -0.941496 
144.67999912 -0.941496 
144.71999912 -1.825007 
144.75999912 -1.825007 
144.79999912 -1.825007 
144.83999912 -1.825007 
144.87999912 -0.941496 
145.03999912 -1.825007 
145.07999912 -4.477065 
145.11999912 -4.034547 
145.15999912 -1.825007 
145.19999912 -0.4989776 
145.23999912 -0.4989776 
145.27999912 -1.825007 
145.31999912 -2.708518 
145.35999912 -2.267525 
145.39999912 -0.941496 
145.43999912 -0.941496 
145.47999912 -1.825007 
145.51999912 -2.708518 
145.55999912 -3.151036 
145.59999912 -2.708518 
145.63999911 -2.267525 
145.67999911 -1.825007 
145.71999911 -2.267525 
145.75999911 -2.267525 
145.79999911 -2.708518 
145.83999911 -2.267525 
145.87999911 -2.267525 
145.91999911 -2.267525 
145.95999911 -2.708518 
145.99999911 -2.708518 
146.03999911 -2.708518 
146.07999911 -2.708518 
146.11999911 -2.267525 
146.15999911 -2.267525 
146.19999911 -3.593554 
146.23999911 -3.593554 
146.27999911 -2.267525 
146.31999911 -1.825007 
146.35999911 -2.708518 
146.39999911 -3.593554 
146.43999911 -3.151036 
146.47999911 -3.151036 
146.51999911 -3.151036 
146.55999911 -3.151036 
146.59999911 -3.151036 
146.63999911 -2.708518 
146.67999911 -2.267525 
146.71999911 -1.825007 
146.75999911 -2.267525 
146.79999911 -1.825007 
146.83999911 -2.267525 
146.87999911 -2.708518 
146.91999911 -3.593554 
146.95999911 -3.593554 
146.99999911 -2.267525 
147.03999911 -1.825007 
147.07999911 -2.708518 
147.11999911 -2.708518 
147.15999911 -1.825007 
147.19999911 -0.941496 
147.23999911 -0.941496 
147.2799991 -1.825007 
147.3199991 -3.151036 
147.3599991 -3.593554 
147.3999991 -3.151036 
147.4399991 -1.382488 
147.5599991 -1.825007 
147.5999991 -2.708518 
147.6399991 -1.825007 
147.6799991 -0.4989776 
147.7199991 -0.941496 
147.7599991 -0.941496 
147.7999991 -0.941496 
147.8399991 -1.825007 
147.8799991 -1.825007 
147.9199991 -1.825007 
147.9599991 -0.941496 
147.9999991 -0.4989776 
148.0399991 -0.4989776 
148.0799991 -0.941496 
148.1199991 -0.941496 
148.1599991 -0.941496 
148.1999991 -0.941496 
148.2399991 -0.941496 
148.2799991 -0.4989776 
148.3999991 -0.4989776 
148.4399991 -0.4989776 
148.4799991 -0.941496 
148.5199991 -0.941496 
148.5599991 -1.382488 
148.6399991 -0.4989776 
148.7999991 -4.477065 
148.8399991 -1.825007 
148.95999909 -0.4989776 
149.03999909 -0.4989776 
149.23999909 -0.4989776 
149.27999909 -3.151036 
149.31999909 -2.708518 
149.51999909 -2.267525 
149.55999909 -2.267525 
149.75999909 -0.4989776 
149.79999909 -1.825007 
149.83999909 -2.267525 
150.19999909 -0.4989776 
150.43999909 -0.4989776 
150.59999908 -0.4989776 
150.63999908 -0.941496 
150.67999908 -0.4989776 
150.79999908 -0.4989776 
150.83999908 -0.4989776 
150.99999908 -0.941496 
151.03999908 -3.151036 
151.07999908 -1.825007 
151.19999908 -0.4989776 
151.23999908 -3.593554 
151.27999908 -2.708518 
151.43999908 -2.267525 
151.47999908 -2.708518 
151.51999908 -0.4989776 
151.67999908 -0.941496 
151.71999908 -0.941496 
151.75999908 -0.941496 
151.79999908 -0.4989776 
151.91999908 -0.4989776 
151.95999908 -0.941496 
152.11999908 -0.941496 
152.15999908 -0.4989776 
152.19999908 -0.4989776 
152.23999907 -0.4989776 
152.75999907 -0.4989776 
152.87999907 -1.825007 
152.91999907 -5.803094 
153.07999907 -0.941496 
153.11999907 -0.941496 
153.31999907 -0.941496 
153.35999907 -4.034547 
153.39999907 -0.4989776 
153.63999907 -0.941496 
153.79999907 -0.4989776 
155.35999906 -1.825007 
155.47999906 -0.4989776 
155.51999905 -1.825007 
156.47999905 -0.4989776 
156.87999905 -0.4989776 
157.11999905 -1.825007 
157.15999904 -1.825007 
157.19999904 -0.4989776 
157.31999904 -0.4989776 
157.35999904 -0.941496 
157.39999904 -0.4989776 
157.51999904 -0.941496 
157.55999904 -1.382488 
157.59999904 -0.941496 
157.75999904 -0.941496 
157.79999904 -1.382488 
157.83999904 -0.941496 
157.95999904 -0.4989776 
157.99999904 -0.941496 
158.03999904 -0.941496 
158.07999904 -0.4989776 
158.19999904 -0.4989776 
158.23999904 -0.941496 
158.27999904 -0.4989776 
158.43999904 -0.941496 
158.47999904 -0.4989776 
158.51999904 -0.4989776 
158.63999904 -0.4989776 
158.67999904 -0.941496 
158.71999904 -0.941496 
158.95999903 -0.4989776 
160.43999902 -0.4989776 
160.47999902 -0.941496 
161.03999902 -0.4989776 
161.19999902 -0.941496 
161.39999902 -0.941496 
161.43999902 -2.267525 
161.47999902 -0.4989776 
161.63999902 -0.941496 
161.67999902 -0.941496 
161.87999902 -0.4989776 
162.11999901 -0.4989776 
162.15999901 -0.4989776 
162.31999901 -0.4989776 
162.59999901 -0.4989776 
162.95999901 -0.941496 
162.99999901 -1.825007 
163.03999901 -0.941496 
163.15999901 -0.941496 
163.19999901 -2.708518 
163.23999901 -1.825007 
163.47999901 -0.941496 
163.51999901 -0.941496 
166.71999899 -0.4989776 
166.99999899 -0.4989776 
167.03999898 -0.4989776 
167.11999898 -0.4989776 
167.15999898 -0.4989776 
167.35999898 -2.267525 
167.39999898 -2.708518 
167.43999898 -1.382488 
167.59999898 -0.941496 
167.63999898 -1.382488 
167.67999898 -0.4989776 
167.83999898 -0.4989776 
167.87999898 -0.941496 
167.91999898 -0.4989776 
168.03999898 -0.4989776 
168.07999898 -1.825007 
168.11999898 -4.477065 
168.27999898 -3.151036 
168.31999898 -2.267525 
168.35999898 -0.4989776 
168.55999898 -1.825007 
168.59999898 -3.151036 
168.63999898 -2.267525 
168.67999897 -0.4989776 
168.75999897 -1.382488 
168.87999897 -2.708518 
168.91999897 -2.708518 
168.95999897 -0.941496 
168.99999897 -2.708518 
169.03999897 -4.034547 
169.07999897 -1.825007 
169.23999897 -1.825007 
169.27999897 -1.825007 
169.31999897 -1.382488 
169.35999897 -0.941496 
169.39999897 -0.941496 
169.43999897 -0.941496 
169.47999897 -0.941496 
169.51999897 -0.941496 
169.55999897 -0.941496 
169.59999897 -0.941496 
169.63999897 -0.941496 
169.67999897 -0.941496 
169.71999897 -0.941496 
169.75999897 -0.941496 
169.79999897 -0.941496 
169.83999897 -0.941496 
169.87999897 -1.382488 
169.91999897 -1.825007 
169.95999897 -0.941496 
170.03999897 -0.4989776 
170.07999897 -2.267525 
170.11999897 -1.825007 
170.15999897 -0.941496 
170.19999897 -1.382488 
170.23999897 -0.4989776 
170.31999896 -0.941496 
170.35999896 -1.825007 
170.39999896 -2.267525 
170.43999896 -1.382488 
170.47999896 -0.941496 
170.51999896 -0.941496 
170.55999896 -1.382488 
170.59999896 -1.382488 
170.63999896 -0.941496 
170.67999896 -0.941496 
170.71999896 -0.941496 
170.75999896 -0.941496 
170.79999896 -0.941496 
170.83999896 -1.825007 
170.87999896 -2.267525 
170.91999896 -1.825007 
170.95999896 -0.941496 
170.99999896 -0.941496 
171.03999896 -0.941496 
171.07999896 -1.825007 
171.11999896 -2.267525 
171.15999896 -1.825007 
171.19999896 -1.382488 
171.23999896 -0.941496 
171.27999896 -0.941496 
171.31999896 -1.825007 
171.35999896 -1.825007 
171.39999896 -1.382488 
171.43999896 -0.941496 
171.47999896 -0.941496 
171.51999896 -1.825007 
171.55999896 -1.825007 
171.59999896 -1.825007 
171.63999896 -1.382488 
171.67999896 -0.941496 
171.71999896 -0.941496 
171.75999896 -1.382488 
171.79999896 -2.267525 
171.83999896 -1.825007 
171.87999896 -1.382488 
171.91999896 -0.941496 
171.95999895 -1.825007 
171.99999895 -1.825007 
172.03999895 -1.825007 
172.07999895 -1.382488 
172.11999895 -1.825007 
172.15999895 -1.825007 
172.19999895 -1.825007 
172.23999895 -1.825007 
172.27999895 -2.267525 
172.31999895 -2.267525 
172.35999895 -1.825007 
172.39999895 -1.825007 
172.43999895 -1.825007 
172.47999895 -1.825007 
172.51999895 -1.825007 
172.55999895 -2.267525 
172.59999895 -1.825007 
172.63999895 -1.825007 
172.67999895 -1.825007 
172.71999895 -2.708518 
172.75999895 -2.708518 
172.79999895 -2.267525 
172.83999895 -1.825007 
172.87999895 -1.825007 
172.91999895 -1.825007 
172.95999895 -1.825007 
172.99999895 -3.151036 
173.03999895 -4.477065 
173.07999895 -4.477065 
173.11999895 -2.708518 
173.15999895 -1.382488 
173.27999895 -3.593554 
173.31999895 -4.919584 
173.35999895 -4.477065 
173.39999895 -1.825007 
173.47999895 -0.941496 
173.51999895 -2.267525 
173.55999895 -3.151036 
173.59999894 -2.708518 
173.63999894 -2.267525 
173.67999894 -2.267525 
173.71999894 -2.267525 
173.75999894 -2.267525 
173.79999894 -2.267525 
173.83999894 -2.708518 
173.87999894 -2.267525 
173.91999894 -2.267525 
173.95999894 -1.825007 
173.99999894 -1.825007 
174.03999894 -2.267525 
174.07999894 -3.151036 
174.11999894 -2.708518 
174.15999894 -2.267525 
174.19999894 -1.825007 
174.23999894 -1.825007 
174.27999894 -2.708518 
174.31999894 -3.151036 
174.35999894 -1.825007 
174.39999894 -0.941496 
174.47999894 -4.919584 
174.55999894 -2.708518 
174.67999894 -4.034547 
174.71999894 -2.708518 
174.75999894 -0.941496 
174.79999894 -0.941496 
174.83999894 -0.941496 
174.87999894 -3.151036 
174.91999894 -4.477065 
174.95999894 -1.825007 
175.03999894 -0.4989776 
175.07999894 -0.941496 
175.11999894 -2.267525 
175.15999894 -2.267525 
175.19999894 -0.941496 
175.23999893 -0.941496 
175.27999893 -1.382488 
175.31999893 -0.941496 
175.35999893 -0.4989776 
175.39999893 -0.941496 
175.43999893 -0.941496 
175.47999893 -0.941496 
175.51999893 -0.941496 
175.55999893 -0.941496 
175.63999893 -0.4989776 
175.67999893 -0.941496 
175.71999893 -0.941496 
175.75999893 -0.941496 
175.95999893 -0.4989776 
175.99999893 -0.4989776 
176.19999893 -0.4989776 
176.23999893 -0.4989776 
177.11999892 -0.941496 
178.59999891 -1.382488 
178.63999891 -0.4989776 
178.71999891 -3.151036 
178.75999891 -4.477065 
178.91999891 -3.593554 
178.95999891 -2.708518 
179.19999891 -3.593554 
179.23999891 -3.151036 
179.47999891 -3.151036 
179.51999891 -2.267525 
179.63999891 -2.267525 
179.67999891 -0.941496 
179.79999891 -0.941496 
179.83999891 -0.4989776 
179.99999891 -0.4989776 
180.11999891 -0.4989776 
180.2799989 -0.941496 
180.3199989 -0.941496 
180.8399989 -1.825007 
180.8799989 -0.4989776 
181.0799989 -0.941496 
181.6399989 -2.267525 
181.6799989 -4.477065 
183.15999889 -0.4989776 
183.27999889 -0.4989776 
183.31999889 -0.4989776 
183.43999889 -0.4989776 
183.47999888 -1.825007 
183.51999888 -0.4989776 
183.63999888 -0.941496 
183.67999888 -0.4989776 
183.79999888 -0.4989776 
183.83999888 -0.941496 
183.87999888 -0.941496 
183.99999888 -0.4989776 
184.03999888 -0.941496 
184.07999888 -0.941496 
184.23999888 -0.941496 
184.27999888 -0.941496 
184.31999888 -0.4989776 
184.43999888 -0.4989776 
184.47999888 -0.941496 
184.51999888 -0.4989776 
184.67999888 -0.4989776 
184.71999888 -1.825007 
184.75999888 -0.941496 
185.11999887 -0.4989776 
185.15999887 -2.267525 
185.19999887 -2.708518 
185.23999887 -1.382488 
185.39999887 -0.4989776 
185.43999887 -1.825007 
185.47999887 -0.941496 
185.63999887 -0.4989776 
185.87999887 -0.4989776 
186.27999887 -1.382488 
186.31999887 -2.267525 
186.35999887 -0.4989776 
186.91999886 -0.941496 
186.95999886 -1.825007 
187.19999886 -0.4989776 
189.27999885 -0.4989776 
189.51999885 -0.4989776 
189.55999885 -0.4989776 
189.75999885 -0.4989776 
191.19999884 -0.941496 
191.23999884 -1.825007 
191.43999884 -2.267525 
191.47999884 -1.382488 
192.79999883 -1.382488 
192.99999883 -3.151036 
193.03999883 -2.267525 
193.19999883 -0.4989776 
193.23999883 -0.941496 
193.43999882 -0.941496 
193.91999882 -0.4989776 
193.95999882 -0.4989776 
193.99999882 -0.4989776 
194.03999882 -0.4989776 
194.11999882 -0.4989776 
194.15999882 -0.941496 
194.19999882 -0.941496 
194.23999882 -0.4989776 
194.27999882 -0.4989776 
194.31999882 -0.941496 
194.35999882 -0.941496 
194.39999882 -2.267525 
194.43999882 -0.941496 
194.55999882 -4.034547 
194.59999882 -4.034547 
194.63999882 -0.941496 
194.67999882 -0.941496 
194.71999882 -1.825007 
194.75999882 -1.382488 
194.79999882 -1.382488 
194.83999882 -2.267525 
194.87999882 -4.034547 
194.91999882 -8.896146 
194.95999882 -0.941496 
195.03999881 -0.941496 
195.07999881 -4.034547 
195.11999881 -2.267525 
195.15999881 -1.825007 
195.19999881 -2.708518 
195.23999881 -2.267525 
195.27999881 -2.267525 
195.31999881 -2.708518 
195.35999881 -2.708518 
195.39999881 -2.267525 
195.43999881 -1.825007 
195.47999881 -2.708518 
195.51999881 -3.151036 
195.55999881 -2.708518 
195.59999881 -2.267525 
195.63999881 -2.267525 
195.67999881 -2.708518 
195.71999881 -2.708518 
195.75999881 -3.151036 
195.79999881 -2.267525 
195.83999881 -2.267525 
195.87999881 -1.825007 
195.91999881 -2.267525 
195.95999881 -2.708518 
195.99999881 -3.593554 
196.03999881 -3.593554 
196.07999881 -1.825007 
196.11999881 -0.941496 
196.15999881 -2.708518 
196.19999881 -3.593554 
196.23999881 -3.151036 
196.27999881 -2.267525 
196.31999881 -2.267525 
196.35999881 -2.267525 
196.39999881 -3.151036 
196.43999881 -2.267525 
196.47999881 -1.825007 
196.51999881 -2.267525 
196.55999881 -2.267525 
196.59999881 -2.267525 
196.6399988 -2.708518 
196.6799988 -2.708518 
196.7199988 -2.708518 
196.7599988 -2.267525 
196.7999988 -1.825007 
196.8399988 -1.825007 
196.8799988 -2.267525 
196.9199988 -2.267525 
196.9599988 -2.267525 
196.9999988 -1.825007 
197.0399988 -1.825007 
197.0799988 -1.825007 
197.1199988 -2.267525 
197.1599988 -1.825007 
197.1999988 -1.825007 
197.2399988 -2.267525 
197.2799988 -4.034547 
197.3199988 -2.708518 
197.4799988 -1.825007 
197.5199988 -4.919584 
197.5599988 -4.919584 
197.5999988 -1.382488 
197.7199988 -0.941496 
197.7599988 -2.708518 
197.7999988 -2.708518 
197.8399988 -0.941496 
197.8799988 -0.4989776 
197.9199988 -0.4989776 
197.9599988 -0.941496 
197.9999988 -1.382488 
198.0399988 -1.825007 
198.0799988 -1.382488 
198.1199988 -0.941496 
198.1599988 -0.4989776 
198.1999988 -0.4989776 
198.2399988 -0.941496 
198.27999879 -0.941496 
198.31999879 -0.941496 
198.35999879 -0.941496 
198.39999879 -0.941496 
198.43999879 -0.941496 
198.47999879 -1.382488 
198.51999879 -0.941496 
198.55999879 -0.4989776 
198.59999879 -0.4989776 
198.63999879 -0.4989776 
198.67999879 -0.941496 
198.71999879 -0.941496 
198.75999879 -0.941496 
198.79999879 -0.4989776 
198.91999879 -0.941496 
198.95999879 -1.825007 
198.99999879 -0.4989776 
199.11999879 -1.825007 
199.15999879 -3.593554 
199.19999879 -2.267525 
199.35999879 -1.825007 
199.39999879 -3.151036 
199.43999879 -1.825007 
199.55999879 -0.4989776 
199.59999879 -1.382488 
199.63999879 -1.825007 
199.67999879 -1.382488 
199.71999879 -0.4989776 
199.75999879 -0.4989776 
199.79999879 -0.4989776 
199.83999879 -0.4989776 
199.87999879 -0.941496 
199.91999878 -0.941496 
199.95999878 -0.941496 
199.99999878 -0.941496 
200.03999878 -0.941496 
200.07999878 -0.4989776 
200.11999878 -0.941496 
0 0 
