1.99999999 -1.825007 
2.43999999 -1.825007 
4.95999997 -0.4989776 
5.35999997 -0.4989776 
5.39999997 -0.4989776 
8.23999995 -0.4989776 
8.47999995 -0.4989776 
9.35999994 -0.4989776 
10.91999993 -0.4989776 
15.7999999 -0.4989776 
16.1999999 -0.4989776 
16.2399999 -0.941496 
16.2799999 -0.941496 
16.3999999 -0.941496 
16.4399999 -0.4989776 
16.6399999 -0.941496 
16.6799999 -0.941496 
16.7199999 -0.941496 
16.7599999 -0.941496 
16.7999999 -0.941496 
16.8399999 -0.4989776 
16.8799999 -0.4989776 
16.9199999 -0.941496 
16.9599999 -0.941496 
16.9999999 -0.941496 
17.0399999 -0.4989776 
17.0799999 -0.941496 
17.1199999 -0.941496 
17.1599999 -0.941496 
17.1999999 -0.941496 
17.2399999 -0.941496 
17.27999989 -0.4989776 
17.31999989 -0.4989776 
17.35999989 -0.4989776 
17.39999989 -0.941496 
17.43999989 -0.941496 
17.47999989 -0.941496 
17.51999989 -0.941496 
17.55999989 -0.4989776 
17.63999989 -0.941496 
17.67999989 -0.941496 
17.71999989 -0.941496 
17.75999989 -0.941496 
17.79999989 -0.941496 
17.83999989 -0.4989776 
17.87999989 -1.382488 
17.91999989 -0.941496 
17.95999989 -0.4989776 
17.99999989 -0.4989776 
18.03999989 -0.4989776 
18.07999989 -0.4989776 
18.11999989 -0.4989776 
18.15999989 -0.4989776 
18.19999989 -0.4989776 
18.23999989 -0.4989776 
18.27999989 -0.4989776 
18.31999989 -0.941496 
18.35999989 -0.941496 
18.39999989 -0.4989776 
18.51999989 -0.4989776 
18.63999989 -0.4989776 
18.71999989 -0.4989776 
18.75999989 -0.4989776 
18.79999989 -0.941496 
18.83999989 -0.4989776 
18.99999988 -0.4989776 
19.03999988 -0.941496 
19.07999988 -0.941496 
19.11999988 -0.941496 
19.27999988 -0.4989776 
19.43999988 -0.4989776 
19.55999988 -0.4989776 
20.19999988 -0.4989776 
20.35999988 -0.4989776 
20.39999988 -0.941496 
20.43999988 -0.941496 
20.67999987 -0.4989776 
20.91999987 -0.4989776 
21.07999987 -0.941496 
21.11999987 -4.034547 
21.39999987 -0.4989776 
21.55999987 -0.4989776 
21.99999987 -0.4989776 
22.43999986 -3.593554 
22.47999986 -1.382488 
26.67999984 -3.151036 
26.79999984 -7.129124 
26.83999984 -7.129124 
26.87999984 -1.825007 
26.91999984 -0.941496 
26.95999984 -1.825007 
27.15999983 -3.151036 
27.19999983 -1.825007 
27.31999983 -2.267525 
27.43999983 -1.825007 
27.47999983 -2.267525 
27.59999983 -0.941496 
27.63999983 -0.941496 
27.79999983 -0.4989776 
27.95999983 -0.941496 
27.99999983 -0.4989776 
28.27999983 -1.382488 
28.31999983 -2.708518 
31.11999981 -0.4989776 
31.15999981 -0.4989776 
31.63999981 -0.4989776 
33.2799998 -0.4989776 
41.03999975 -0.4989776 
41.27999975 -0.4989776 
41.51999975 -0.4989776 
41.71999975 -0.4989776 
41.79999975 -0.4989776 
41.83999975 -0.941496 
41.87999975 -0.4989776 
42.07999974 -0.941496 
42.11999974 -0.941496 
42.15999974 -0.941496 
42.19999974 -1.825007 
42.23999974 -1.382488 
42.27999974 -0.4989776 
42.39999974 -0.941496 
42.43999974 -1.382488 
42.47999974 -0.941496 
42.51999974 -0.941496 
42.55999974 -0.941496 
42.59999974 -0.941496 
42.63999974 -0.941496 
42.67999974 -1.382488 
42.71999974 -0.941496 
42.75999974 -0.941496 
42.79999974 -0.4989776 
42.83999974 -0.941496 
42.87999974 -0.941496 
42.91999974 -1.382488 
42.95999974 -1.825007 
42.99999974 -2.267525 
43.03999974 -1.825007 
43.07999974 -0.941496 
43.11999974 -0.941496 
43.15999974 -0.941496 
43.19999974 -0.941496 
43.23999974 -0.941496 
43.27999974 -0.941496 
43.31999974 -1.825007 
43.35999974 -1.825007 
43.39999974 -1.382488 
43.43999974 -0.941496 
43.47999974 -1.382488 
43.51999974 -0.941496 
43.55999974 -1.825007 
43.59999974 -1.825007 
43.63999973 -1.382488 
43.67999973 -0.941496 
43.71999973 -0.941496 
43.75999973 -1.825007 
43.79999973 -1.825007 
43.83999973 -1.825007 
43.87999973 -0.941496 
43.91999973 -0.941496 
43.95999973 -0.4989776 
43.99999973 -0.4989776 
44.03999973 -0.941496 
44.07999973 -1.382488 
44.11999973 -0.941496 
44.15999973 -0.4989776 
44.19999973 -0.941496 
44.23999973 -1.825007 
44.27999973 -1.825007 
44.31999973 -0.941496 
44.35999973 -0.4989776 
44.39999973 -0.4989776 
44.43999973 -0.4989776 
44.47999973 -0.941496 
44.51999973 -0.941496 
44.55999973 -0.941496 
44.59999973 -0.941496 
44.63999973 -0.941496 
44.67999973 -0.941496 
44.71999973 -0.4989776 
44.75999973 -0.4989776 
44.79999973 -0.4989776 
44.83999973 -0.941496 
44.87999973 -0.4989776 
44.95999973 -0.4989776 
44.99999973 -0.941496 
45.03999973 -0.4989776 
45.31999972 -0.4989776 
45.35999972 -0.4989776 
45.39999972 -0.4989776 
45.43999972 -0.4989776 
46.79999972 -2.708518 
46.83999972 -2.267525 
47.43999971 -0.941496 
51.11999969 -3.593554 
51.59999969 -4.919584 
51.63999969 -1.382488 
51.87999968 -1.382488 
52.03999968 -0.941496 
54.27999967 -0.4989776 
54.43999967 -0.941496 
54.47999967 -3.151036 
54.51999967 -0.4989776 
54.59999967 -0.4989776 
54.63999967 -0.4989776 
54.75999967 -0.941496 
54.79999967 -0.4989776 
55.03999967 -0.4989776 
55.07999967 -0.4989776 
65.5599996 -0.4989776 
65.6799996 -0.4989776 
65.8399996 -0.4989776 
65.8799996 -0.4989776 
65.9599996 -0.941496 
65.9999996 -0.941496 
66.0399996 -0.941496 
66.0799996 -0.941496 
66.1199996 -0.4989776 
66.1599996 -0.941496 
66.1999996 -0.4989776 
66.2399996 -0.941496 
66.2799996 -0.941496 
66.3199996 -0.941496 
66.3599996 -0.941496 
66.3999996 -0.4989776 
66.4399996 -1.382488 
66.4799996 -1.382488 
66.5199996 -0.941496 
66.5599996 -0.941496 
66.5999996 -0.941496 
66.63999959 -0.941496 
66.67999959 -0.4989776 
66.71999959 -0.941496 
66.75999959 -0.941496 
66.79999959 -0.941496 
66.83999959 -0.941496 
66.87999959 -1.825007 
66.91999959 -1.825007 
66.95999959 -0.941496 
66.99999959 -0.941496 
67.03999959 -0.4989776 
67.07999959 -0.941496 
67.11999959 -0.941496 
67.19999959 -2.267525 
67.23999959 -2.267525 
67.27999959 -0.4989776 
67.35999959 -0.941496 
67.39999959 -0.941496 
67.43999959 -0.4989776 
67.55999959 -0.941496 
67.59999959 -1.825007 
67.63999959 -0.941496 
67.67999959 -0.941496 
67.71999959 -0.4989776 
67.95999959 -0.4989776 
67.99999959 -0.4989776 
68.03999959 -0.4989776 
68.07999959 -0.941496 
68.11999959 -0.4989776 
68.47999958 -0.4989776 
70.99999957 -3.593554 
71.03999957 -1.825007 
71.19999957 -0.4989776 
71.59999956 -0.4989776 
71.63999956 -0.941496 
75.31999954 -3.593554 
75.79999954 -4.034547 
75.83999954 -2.267525 
76.07999954 -3.593554 
76.11999954 -1.825007 
76.23999954 -0.4989776 
76.27999954 -0.941496 
76.31999954 -0.4989776 
76.51999953 -0.941496 
78.19999952 -0.4989776 
78.59999952 -0.4989776 
78.63999952 -0.4989776 
78.95999952 -0.4989776 
79.07999952 -0.4989776 
79.35999952 -0.4989776 
79.39999952 -0.4989776 
79.43999952 -0.4989776 
79.71999952 -0.4989776 
79.87999951 -0.4989776 
79.91999951 -0.941496 
79.95999951 -0.941496 
80.15999951 -0.941496 
80.19999951 -0.941496 
80.23999951 -0.4989776 
80.43999951 -0.4989776 
80.47999951 -1.825007 
80.51999951 -0.941496 
80.63999951 -0.941496 
80.75999951 -0.4989776 
80.79999951 -0.941496 
80.91999951 -0.941496 
80.95999951 -0.941496 
81.03999951 -0.4989776 
81.07999951 -0.941496 
81.11999951 -0.941496 
81.31999951 -0.4989776 
81.35999951 -0.4989776 
81.39999951 -0.941496 
81.43999951 -0.4989776 
81.5599995 -0.4989776 
81.7199995 -0.4989776 
81.7599995 -0.4989776 
81.7999995 -0.941496 
81.8399995 -0.941496 
82.2799995 -0.4989776 
82.3199995 -0.4989776 
82.4799995 -0.4989776 
82.9599995 -0.4989776 
87.27999947 -0.941496 
91.83999944 -0.941496 
91.95999944 -0.4989776 
91.99999944 -0.941496 
92.03999944 -1.825007 
92.07999944 -0.941496 
92.23999944 -0.4989776 
92.27999944 -0.941496 
92.31999944 -1.382488 
92.35999944 -0.941496 
92.39999944 -0.4989776 
92.51999944 -0.4989776 
92.55999944 -0.941496 
92.59999944 -0.941496 
92.63999944 -0.4989776 
92.67999944 -0.4989776 
92.71999944 -0.941496 
92.75999944 -0.941496 
92.79999944 -1.382488 
92.83999944 -0.4989776 
92.91999944 -0.4989776 
92.95999944 -0.4989776 
92.99999943 -0.4989776 
93.03999943 -0.4989776 
93.07999943 -0.941496 
93.11999943 -0.941496 
93.15999943 -0.4989776 
93.19999943 -0.4989776 
93.23999943 -0.941496 
93.39999943 -0.4989776 
93.43999943 -0.941496 
93.47999943 -0.941496 
93.67999943 -0.941496 
93.71999943 -0.4989776 
95.03999942 -3.593554 
95.07999942 -0.4989776 
99.1599994 -0.941496 
99.2799994 -4.034547 
99.75999939 -3.593554 
99.79999939 -0.941496 
100.03999939 -1.825007 
100.15999939 -0.941496 
100.19999939 -1.825007 
102.15999938 -0.4989776 
102.19999938 -0.4989776 
102.87999937 -0.4989776 
102.91999937 -0.4989776 
103.11999937 -0.4989776 
103.15999937 -0.941496 
103.27999937 -1.382488 
103.31999937 -1.382488 
103.35999937 -0.4989776 
103.47999937 -0.4989776 
103.51999937 -0.941496 
103.55999937 -0.4989776 
103.59999937 -0.941496 
103.63999937 -1.382488 
103.67999937 -0.941496 
103.71999937 -0.4989776 
103.75999937 -0.941496 
103.79999937 -0.941496 
103.83999937 -0.941496 
103.87999937 -0.941496 
103.91999937 -0.4989776 
103.99999937 -0.4989776 
104.03999937 -1.825007 
104.07999937 -1.825007 
104.11999937 -0.941496 
104.15999937 -0.941496 
104.19999937 -0.941496 
104.23999937 -0.941496 
104.27999937 -0.941496 
104.31999937 -0.941496 
104.35999937 -0.941496 
104.39999937 -0.941496 
104.43999937 -0.941496 
104.47999937 -0.941496 
104.51999936 -1.825007 
104.55999936 -1.825007 
104.59999936 -1.825007 
104.63999936 -1.382488 
104.67999936 -0.4989776 
104.75999936 -0.4989776 
104.79999936 -0.941496 
104.83999936 -0.941496 
104.87999936 -0.941496 
104.91999936 -0.941496 
104.95999936 -0.4989776 
104.99999936 -0.4989776 
105.03999936 -0.4989776 
105.07999936 -0.4989776 
105.11999936 -0.941496 
105.15999936 -0.941496 
105.19999936 -0.941496 
105.23999936 -0.941496 
105.27999936 -0.941496 
105.31999936 -0.4989776 
105.35999936 -0.4989776 
105.39999936 -0.4989776 
105.43999936 -0.4989776 
105.59999936 -0.4989776 
105.63999936 -0.4989776 
105.75999936 -0.4989776 
106.07999936 -0.4989776 
106.63999935 -3.151036 
106.67999935 -2.267525 
116.23999929 -0.4989776 
117.75999928 -0.4989776 
119.03999928 -0.941496 
119.07999928 -0.941496 
119.11999928 -0.941496 
119.35999927 -0.941496 
119.39999927 -2.708518 
119.43999927 -0.941496 
119.59999927 -0.4989776 
119.75999927 -0.941496 
119.79999927 -0.941496 
119.95999927 -0.4989776 
119.99999927 -0.941496 
120.23999927 -0.4989776 
123.23999925 -0.941496 
123.27999925 -2.267525 
123.71999925 -1.825007 
123.75999925 -0.4989776 
123.99999925 -1.825007 
124.31999924 -0.4989776 
125.35999924 -0.4989776 
125.47999924 -0.4989776 
125.67999924 -0.4989776 
125.83999924 -0.4989776 
125.95999923 -0.4989776 
125.99999923 -0.4989776 
126.23999923 -0.4989776 
126.27999923 -0.941496 
126.43999923 -2.267525 
126.47999923 -3.593554 
126.59999923 -0.4989776 
126.63999923 -0.4989776 
126.71999923 -0.941496 
126.75999923 -0.941496 
126.91999923 -0.941496 
126.95999923 -0.941496 
127.11999923 -0.4989776 
127.15999923 -0.941496 
127.19999923 -0.941496 
127.35999923 -0.4989776 
127.39999923 -0.941496 
127.43999923 -0.941496 
127.47999923 -0.4989776 
127.51999923 -0.4989776 
127.79999922 -0.4989776 
127.83999922 -0.4989776 
127.91999922 -0.4989776 
127.95999922 -0.4989776 
127.99999922 -0.4989776 
128.03999922 -0.4989776 
128.07999922 -0.4989776 
128.11999922 -0.941496 
128.15999922 -0.4989776 
128.27999922 -0.941496 
128.31999922 -1.382488 
128.35999922 -0.4989776 
128.39999922 -0.4989776 
128.55999922 -0.4989776 
128.59999922 -0.941496 
128.63999922 -0.941496 
128.67999922 -0.941496 
128.71999922 -0.4989776 
128.83999922 -0.4989776 
128.87999922 -0.4989776 
129.03999922 -0.4989776 
129.07999922 -0.941496 
129.11999922 -0.4989776 
129.19999921 -0.4989776 
129.27999921 -0.941496 
129.31999921 -0.4989776 
129.43999921 -0.941496 
129.47999921 -0.941496 
129.63999921 -0.4989776 
129.75999921 -0.4989776 
129.79999921 -0.941496 
129.91999921 -0.4989776 
129.95999921 -0.941496 
129.99999921 -0.4989776 
130.23999921 -0.4989776 
130.27999921 -0.4989776 
130.35999921 -0.4989776 
130.39999921 -0.941496 
130.43999921 -0.4989776 
130.67999921 -0.4989776 
130.71999921 -0.941496 
130.75999921 -0.4989776 
130.79999921 -0.4989776 
130.8399992 -0.4989776 
130.8799992 -0.4989776 
130.9999992 -0.4989776 
131.0399992 -0.4989776 
131.0799992 -0.4989776 
131.1199992 -0.4989776 
131.1599992 -0.941496 
131.1999992 -0.4989776 
131.2799992 -0.4989776 
131.3199992 -0.4989776 
131.5199992 -0.4989776 
131.5999992 -0.941496 
131.6399992 -0.4989776 
131.7999992 -0.4989776 
131.9199992 -0.4989776 
131.9599992 -0.4989776 
131.9999992 -0.4989776 
132.2799992 -0.941496 
132.3199992 -0.941496 
132.51999919 -0.941496 
132.55999919 -0.4989776 
132.83999919 -0.941496 
139.87999915 -0.4989776 
140.87999914 -0.4989776 
140.91999914 -0.4989776 
140.95999914 -0.4989776 
140.99999914 -0.4989776 
141.03999914 -0.4989776 
141.19999914 -1.825007 
141.23999914 -1.382488 
141.27999914 -0.4989776 
141.35999914 -0.4989776 
141.39999914 -0.941496 
141.43999914 -0.4989776 
141.47999914 -0.4989776 
141.51999914 -0.4989776 
141.55999914 -0.4989776 
141.59999914 -0.4989776 
141.63999914 -1.382488 
141.67999914 -1.382488 
141.71999914 -0.941496 
141.75999914 -0.941496 
141.79999914 -0.4989776 
141.83999914 -0.4989776 
141.87999914 -0.4989776 
141.91999914 -0.941496 
141.95999914 -0.4989776 
141.99999914 -0.4989776 
142.03999914 -0.941496 
142.07999914 -0.941496 
142.11999914 -1.825007 
142.15999914 -0.941496 
142.19999914 -0.4989776 
142.27999914 -0.4989776 
142.31999914 -0.941496 
142.35999913 -0.4989776 
142.39999913 -0.941496 
142.43999913 -0.4989776 
142.47999913 -0.4989776 
142.51999913 -0.4989776 
142.55999913 -0.941496 
142.59999913 -0.941496 
142.63999913 -0.941496 
142.79999913 -3.593554 
142.83999913 -3.151036 
142.87999913 -1.825007 
142.91999913 -0.4989776 
143.03999913 -0.4989776 
143.31999913 -0.4989776 
146.99999911 -2.708518 
147.11999911 -5.360576 
147.15999911 -5.360576 
147.2799991 -0.4989776 
147.4799991 -0.941496 
147.6399991 -0.941496 
147.7599991 -0.4989776 
147.9199991 -0.4989776 
152.51999907 -0.4989776 
152.67999907 -0.941496 
152.71999907 -1.825007 
152.75999907 -4.477065 
152.91999907 -0.941496 
153.03999907 -0.4989776 
153.07999907 -0.941496 
153.11999907 -0.4989776 
153.23999907 -0.4989776 
153.27999907 -0.4989776 
153.31999907 -0.4989776 
153.35999907 -0.941496 
153.39999907 -1.825007 
153.43999907 -0.941496 
153.47999907 -0.4989776 
153.51999907 -0.4989776 
153.55999907 -0.4989776 
153.59999907 -0.4989776 
153.63999907 -0.4989776 
153.67999907 -0.941496 
153.71999907 -0.941496 
153.75999907 -0.941496 
153.79999907 -0.941496 
153.83999907 -1.825007 
153.87999906 -0.941496 
153.91999906 -0.941496 
153.95999906 -0.4989776 
153.99999906 -0.4989776 
154.03999906 -0.941496 
154.07999906 -0.941496 
154.11999906 -0.941496 
154.15999906 -0.941496 
154.19999906 -0.941496 
154.23999906 -0.941496 
154.27999906 -0.941496 
154.31999906 -0.941496 
154.35999906 -0.941496 
154.43999906 -0.4989776 
154.47999906 -0.941496 
154.51999906 -1.825007 
154.55999906 -1.382488 
154.59999906 -0.941496 
154.63999906 -1.825007 
154.67999906 -0.941496 
154.71999906 -0.4989776 
154.79999906 -0.941496 
154.83999906 -0.941496 
154.95999906 -0.4989776 
154.99999906 -0.941496 
155.03999906 -1.382488 
155.07999906 -0.941496 
155.11999906 -0.4989776 
155.19999906 -0.4989776 
155.39999906 -0.4989776 
155.43999906 -0.941496 
155.47999906 -0.4989776 
155.67999905 -0.4989776 
155.71999905 -0.4989776 
155.91999905 -0.4989776 
156.27999905 -0.4989776 
156.43999905 -0.4989776 
158.83999903 -4.034547 
158.87999903 -0.4989776 
164.679999 -0.941496 
164.719999 -0.4989776 
166.15999899 -0.4989776 
166.31999899 -0.941496 
166.59999899 -1.382488 
166.75999899 -0.941496 
166.79999899 -0.4989776 
170.87999896 -1.825007 
170.99999896 -3.151036 
171.03999896 -4.919584 
171.35999896 -0.941496 
175.43999893 -0.4989776 
176.07999893 -0.4989776 
178.39999892 -0.4989776 
178.87999891 -0.4989776 
179.03999891 -0.941496 
179.07999891 -1.825007 
179.23999891 -0.4989776 
179.27999891 -0.941496 
179.31999891 -0.941496 
179.35999891 -0.941496 
179.47999891 -0.4989776 
179.51999891 -0.941496 
179.55999891 -0.4989776 
179.63999891 -0.941496 
179.67999891 -0.941496 
179.71999891 -1.382488 
179.75999891 -1.382488 
179.79999891 -0.4989776 
179.87999891 -0.4989776 
179.91999891 -0.4989776 
179.95999891 -0.941496 
179.99999891 -1.382488 
180.03999891 -0.941496 
180.07999891 -0.941496 
180.11999891 -0.941496 
180.15999891 -1.825007 
180.1999989 -1.825007 
180.2399989 -0.941496 
180.2799989 -0.4989776 
180.3199989 -0.941496 
180.3599989 -0.941496 
180.3999989 -0.941496 
180.4399989 -0.941496 
180.4799989 -1.825007 
180.5199989 -1.825007 
180.5599989 -0.941496 
180.5999989 -0.4989776 
180.6399989 -0.941496 
180.6799989 -0.941496 
180.7199989 -1.382488 
180.7599989 -1.382488 
180.7999989 -0.941496 
180.8399989 -0.4989776 
180.8799989 -1.382488 
180.9199989 -1.825007 
180.9599989 -1.382488 
180.9999989 -0.941496 
181.0399989 -0.941496 
181.0799989 -0.941496 
181.1199989 -0.941496 
181.1599989 -0.4989776 
181.1999989 -0.4989776 
181.2399989 -0.941496 
181.2799989 -0.941496 
181.3199989 -1.382488 
181.3599989 -1.825007 
181.3999989 -1.825007 
181.4399989 -0.941496 
181.4799989 -0.941496 
181.5199989 -0.941496 
181.5599989 -0.4989776 
181.6399989 -0.4989776 
181.6799989 -2.708518 
181.7199989 -2.267525 
181.83999889 -0.941496 
181.87999889 -1.825007 
181.91999889 -0.941496 
182.03999889 -0.941496 
182.07999889 -1.382488 
182.11999889 -0.4989776 
182.15999889 -0.4989776 
182.19999889 -0.4989776 
182.23999889 -0.941496 
182.27999889 -0.941496 
182.31999889 -0.4989776 
182.47999889 -0.941496 
182.51999889 -0.4989776 
183.07999889 -0.4989776 
185.03999888 -0.4989776 
190.23999884 -0.4989776 
190.47999884 -1.825007 
190.51999884 -1.825007 
190.71999884 -0.4989776 
190.87999884 -0.4989776 
190.99999884 -0.941496 
191.03999884 -0.4989776 
191.07999884 -0.4989776 
191.19999884 -0.4989776 
191.23999884 -0.941496 
191.27999884 -0.941496 
191.31999884 -0.4989776 
191.35999884 -0.4989776 
191.39999884 -0.941496 
191.43999884 -0.941496 
191.47999884 -1.825007 
191.51999884 -0.941496 
191.63999884 -0.4989776 
191.67999884 -0.941496 
191.71999883 -0.4989776 
191.75999883 -0.4989776 
191.83999883 -0.4989776 
191.87999883 -0.941496 
191.91999883 -0.941496 
192.07999883 -0.941496 
192.11999883 -0.941496 
192.15999883 -0.4989776 
192.19999883 -0.4989776 
192.23999883 -0.4989776 
192.31999883 -0.941496 
192.35999883 -0.941496 
192.39999883 -0.4989776 
192.59999883 -1.825007 
192.63999883 -1.825007 
192.67999883 -0.4989776 
192.75999883 -0.4989776 
192.79999883 -0.4989776 
192.99999883 -0.4989776 
193.03999883 -0.4989776 
193.19999883 -0.4989776 
193.23999883 -0.941496 
194.59999882 -2.708518 
194.71999882 -5.360576 
194.75999882 -4.919584 
194.87999882 -0.941496 
195.07999881 -1.825007 
195.35999881 -0.4989776 
0 0 
