7.31999996 -0.4989776 
7.39999996 -0.4989776 
7.43999995 -0.4989776 
7.47999995 -0.4989776 
7.51999995 -0.4989776 
7.55999995 -0.4989776 
7.59999995 -0.4989776 
7.63999995 -0.4989776 
7.67999995 -0.4989776 
7.71999995 -0.4989776 
7.75999995 -0.4989776 
7.79999995 -0.941496 
7.83999995 -0.4989776 
7.87999995 -0.941496 
7.91999995 -0.941496 
7.95999995 -0.941496 
7.99999995 -0.941496 
8.03999995 -0.941496 
8.07999995 -0.941496 
8.11999995 -0.941496 
8.15999995 -0.941496 
8.19999995 -0.941496 
8.23999995 -0.941496 
8.27999995 -0.941496 
8.31999995 -0.941496 
8.35999995 -0.941496 
8.39999995 -0.941496 
8.43999995 -0.941496 
8.47999995 -0.941496 
8.51999995 -0.941496 
8.55999995 -0.941496 
8.59999995 -0.941496 
8.63999995 -0.941496 
8.67999995 -0.941496 
8.71999995 -0.941496 
8.75999995 -0.941496 
8.79999995 -0.941496 
8.83999995 -0.941496 
8.87999995 -0.941496 
8.91999995 -0.941496 
8.95999995 -0.941496 
8.99999995 -0.941496 
9.03999995 -0.941496 
9.07999994 -0.941496 
9.11999994 -0.941496 
9.15999994 -0.941496 
9.19999994 -0.941496 
9.23999994 -0.941496 
9.27999994 -0.941496 
9.31999994 -0.941496 
9.35999994 -0.941496 
9.39999994 -0.941496 
9.43999994 -0.941496 
9.47999994 -0.4989776 
9.51999994 -0.941496 
9.55999994 -0.941496 
9.59999994 -0.941496 
9.63999994 -0.4989776 
9.67999994 -0.4989776 
9.71999994 -0.4989776 
9.75999994 -0.4989776 
9.79999994 -0.4989776 
9.83999994 -0.4989776 
9.87999994 -0.4989776 
13.95999992 -0.4989776 
13.99999991 -0.4989776 
14.03999991 -0.4989776 
14.07999991 -0.4989776 
14.11999991 -0.4989776 
14.15999991 -0.4989776 
14.19999991 -0.4989776 
14.23999991 -0.941496 
14.27999991 -0.4989776 
14.31999991 -0.4989776 
14.35999991 -0.4989776 
14.39999991 -0.941496 
14.43999991 -0.941496 
14.47999991 -0.4989776 
14.51999991 -0.4989776 
14.55999991 -0.941496 
14.59999991 -0.941496 
14.63999991 -0.941496 
14.67999991 -0.941496 
14.71999991 -0.4989776 
14.75999991 -0.4989776 
14.79999991 -0.4989776 
14.83999991 -0.941496 
14.87999991 -0.4989776 
14.91999991 -0.4989776 
14.95999991 -0.4989776 
14.99999991 -0.4989776 
15.03999991 -0.4989776 
15.07999991 -0.4989776 
15.11999991 -0.4989776 
15.15999991 -0.4989776 
15.19999991 -0.4989776 
15.23999991 -0.4989776 
15.27999991 -0.4989776 
15.31999991 -0.4989776 
15.35999991 -0.4989776 
15.39999991 -0.4989776 
15.43999991 -0.4989776 
15.51999991 -0.4989776 
17.83999989 -0.4989776 
17.99999989 -0.4989776 
18.07999989 -0.4989776 
18.11999989 -0.4989776 
18.15999989 -0.4989776 
18.19999989 -0.4989776 
18.23999989 -0.4989776 
18.27999989 -0.4989776 
18.31999989 -0.941496 
18.35999989 -0.941496 
18.39999989 -0.4989776 
18.43999989 -0.4989776 
18.47999989 -0.941496 
18.51999989 -0.941496 
18.55999989 -0.941496 
18.59999989 -0.941496 
18.63999989 -0.941496 
18.67999989 -0.941496 
18.71999989 -0.941496 
18.75999989 -0.941496 
18.79999989 -0.941496 
18.83999989 -0.941496 
18.87999989 -0.941496 
18.91999989 -0.941496 
18.95999988 -1.825007 
18.99999988 -1.825007 
19.03999988 -0.941496 
19.07999988 -1.382488 
19.11999988 -1.825007 
19.15999988 -1.825007 
19.19999988 -1.382488 
19.23999988 -1.825007 
19.27999988 -1.825007 
19.31999988 -1.825007 
19.35999988 -1.825007 
19.39999988 -1.825007 
19.43999988 -1.825007 
19.47999988 -1.825007 
19.51999988 -1.825007 
19.55999988 -1.825007 
19.59999988 -1.825007 
19.63999988 -1.825007 
19.67999988 -1.825007 
19.71999988 -1.825007 
19.75999988 -1.825007 
19.79999988 -1.825007 
19.83999988 -1.825007 
19.87999988 -1.825007 
19.91999988 -1.825007 
19.95999988 -1.825007 
19.99999988 -1.382488 
20.03999988 -1.825007 
20.07999988 -1.825007 
20.11999988 -1.825007 
20.15999988 -1.825007 
20.19999988 -1.825007 
20.23999988 -1.825007 
20.27999988 -1.825007 
20.31999988 -1.825007 
20.35999988 -1.825007 
20.39999988 -1.825007 
20.43999988 -1.382488 
20.47999988 -1.382488 
20.51999988 -1.382488 
20.55999988 -1.382488 
20.59999987 -0.941496 
20.63999987 -0.941496 
20.67999987 -0.941496 
20.71999987 -0.941496 
20.75999987 -0.941496 
20.79999987 -0.941496 
20.83999987 -0.941496 
20.87999987 -0.941496 
20.91999987 -0.941496 
20.95999987 -0.941496 
20.99999987 -0.941496 
21.03999987 -0.4989776 
21.07999987 -0.941496 
21.11999987 -0.941496 
21.15999987 -0.941496 
21.19999987 -0.4989776 
21.23999987 -0.4989776 
21.27999987 -0.4989776 
21.31999987 -0.4989776 
21.35999987 -0.4989776 
21.39999987 -0.4989776 
21.43999987 -0.4989776 
21.47999987 -0.4989776 
21.51999987 -0.4989776 
21.99999987 -0.4989776 
30.19999982 -0.4989776 
30.39999982 -0.4989776 
30.43999982 -0.4989776 
30.47999981 -0.4989776 
30.51999981 -0.4989776 
30.55999981 -0.4989776 
30.59999981 -0.4989776 
30.63999981 -0.4989776 
30.67999981 -0.941496 
30.71999981 -0.4989776 
30.75999981 -0.4989776 
30.79999981 -0.4989776 
30.83999981 -0.4989776 
30.87999981 -0.4989776 
30.91999981 -0.4989776 
30.95999981 -0.4989776 
30.99999981 -0.4989776 
31.03999981 -0.941496 
31.11999981 -0.4989776 
31.15999981 -0.941496 
31.19999981 -0.4989776 
31.23999981 -0.4989776 
31.27999981 -0.4989776 
31.31999981 -0.4989776 
31.35999981 -0.4989776 
31.39999981 -0.941496 
31.43999981 -0.941496 
31.51999981 -0.4989776 
31.59999981 -0.4989776 
31.67999981 -0.4989776 
31.71999981 -0.4989776 
41.23999975 -0.4989776 
41.27999975 -0.4989776 
41.31999975 -0.4989776 
41.39999975 -0.4989776 
41.43999975 -0.4989776 
41.47999975 -0.4989776 
41.51999975 -0.4989776 
41.55999975 -0.4989776 
41.59999975 -0.4989776 
41.63999975 -0.941496 
41.67999975 -0.941496 
41.71999975 -0.941496 
41.75999975 -0.941496 
41.79999975 -0.941496 
41.83999975 -0.941496 
41.87999975 -0.941496 
41.91999975 -0.4989776 
41.95999974 -0.941496 
41.99999974 -1.825007 
42.03999974 -0.941496 
42.07999974 -0.941496 
42.11999974 -0.941496 
42.15999974 -0.941496 
42.19999974 -0.941496 
42.23999974 -0.941496 
42.27999974 -0.941496 
42.31999974 -0.941496 
42.35999974 -0.941496 
42.39999974 -0.941496 
42.43999974 -0.941496 
42.47999974 -0.941496 
42.51999974 -0.941496 
42.55999974 -0.941496 
42.59999974 -0.941496 
42.63999974 -0.941496 
42.67999974 -0.941496 
42.71999974 -0.941496 
42.75999974 -0.941496 
42.79999974 -0.941496 
42.83999974 -0.941496 
42.87999974 -0.941496 
42.91999974 -0.941496 
42.95999974 -0.941496 
42.99999974 -0.941496 
43.03999974 -0.941496 
43.07999974 -0.941496 
43.11999974 -0.941496 
43.15999974 -0.941496 
43.19999974 -0.941496 
43.23999974 -0.941496 
43.27999974 -0.941496 
43.31999974 -0.941496 
43.35999974 -0.941496 
43.39999974 -0.941496 
43.43999974 -0.941496 
43.47999974 -0.941496 
43.51999974 -0.941496 
43.55999974 -0.941496 
43.59999974 -0.941496 
43.63999973 -0.941496 
43.67999973 -0.941496 
43.71999973 -0.941496 
43.75999973 -0.4989776 
43.79999973 -0.941496 
43.87999973 -0.941496 
43.91999973 -0.4989776 
43.95999973 -0.4989776 
43.99999973 -0.4989776 
44.03999973 -0.4989776 
44.07999973 -0.4989776 
44.11999973 -0.4989776 
44.15999973 -0.4989776 
44.19999973 -0.4989776 
44.23999973 -0.4989776 
44.31999973 -0.941496 
44.43999973 -0.4989776 
45.99999972 -0.4989776 
46.15999972 -0.4989776 
46.27999972 -0.4989776 
46.43999972 -0.4989776 
46.47999972 -0.941496 
46.51999972 -0.4989776 
46.59999972 -0.4989776 
46.63999972 -0.941496 
46.75999972 -0.4989776 
46.91999971 -0.4989776 
46.95999971 -0.941496 
46.99999971 -0.941496 
47.11999971 -0.4989776 
47.23999971 -0.4989776 
47.27999971 -0.4989776 
57.15999965 -0.4989776 
57.19999965 -0.941496 
57.71999965 -0.4989776 
66.4399996 -0.4989776 
66.87999959 -0.4989776 
66.91999959 -0.4989776 
66.95999959 -0.4989776 
66.99999959 -0.4989776 
67.03999959 -0.941496 
67.07999959 -0.4989776 
67.11999959 -0.4989776 
67.15999959 -0.4989776 
67.19999959 -0.941496 
67.23999959 -0.941496 
67.27999959 -0.941496 
67.31999959 -0.941496 
67.35999959 -0.941496 
67.39999959 -0.941496 
67.43999959 -0.941496 
67.47999959 -0.941496 
67.51999959 -1.382488 
67.55999959 -1.382488 
67.59999959 -1.382488 
67.63999959 -1.825007 
67.67999959 -1.825007 
67.71999959 -1.825007 
67.75999959 -1.825007 
67.79999959 -1.825007 
67.83999959 -1.825007 
67.87999959 -1.825007 
67.91999959 -1.825007 
67.95999959 -1.825007 
67.99999959 -1.825007 
68.03999959 -1.825007 
68.07999959 -1.825007 
68.11999959 -1.825007 
68.15999959 -1.825007 
68.19999959 -1.825007 
68.23999959 -1.825007 
68.27999959 -1.825007 
68.31999958 -1.825007 
68.35999958 -1.825007 
68.39999958 -1.825007 
68.43999958 -1.825007 
68.47999958 -1.825007 
68.51999958 -1.825007 
68.55999958 -2.267525 
68.59999958 -2.267525 
68.63999958 -1.825007 
68.67999958 -2.267525 
68.71999958 -2.267525 
68.75999958 -1.825007 
68.79999958 -1.825007 
68.83999958 -2.267525 
68.87999958 -2.267525 
68.91999958 -1.825007 
68.95999958 -1.825007 
68.99999958 -1.825007 
69.03999958 -1.825007 
69.07999958 -1.825007 
69.11999958 -1.825007 
69.15999958 -1.825007 
69.19999958 -1.825007 
69.23999958 -1.825007 
69.27999958 -1.825007 
69.31999958 -1.825007 
69.35999958 -1.825007 
69.39999958 -1.825007 
69.43999958 -1.825007 
69.47999958 -1.825007 
69.51999958 -1.825007 
69.55999958 -1.825007 
69.59999958 -1.825007 
69.63999958 -1.382488 
69.67999958 -0.941496 
69.71999958 -1.382488 
69.75999958 -1.382488 
69.79999958 -0.941496 
69.83999958 -1.825007 
69.87999958 -0.941496 
69.91999958 -1.382488 
69.95999957 -0.941496 
69.99999957 -0.4989776 
70.03999957 -0.941496 
70.07999957 -0.941496 
70.11999957 -0.941496 
70.15999957 -0.941496 
70.19999957 -0.941496 
70.23999957 -0.941496 
70.27999957 -0.941496 
70.31999957 -0.4989776 
70.35999957 -0.4989776 
70.39999957 -0.4989776 
70.43999957 -0.4989776 
70.47999957 -0.4989776 
70.51999957 -0.4989776 
70.55999957 -0.4989776 
70.59999957 -0.941496 
70.63999957 -0.941496 
70.71999957 -0.4989776 
70.79999957 -0.4989776 
70.83999957 -0.4989776 
70.87999957 -0.4989776 
70.91999957 -0.941496 
70.95999957 -0.4989776 
71.03999957 -0.4989776 
71.07999957 -0.4989776 
71.19999957 -0.4989776 
71.39999957 -0.941496 
71.43999957 -0.4989776 
71.55999957 -0.4989776 
71.67999956 -0.4989776 
78.95999952 -0.4989776 
79.03999952 -0.4989776 
79.07999952 -0.4989776 
79.11999952 -0.4989776 
79.15999952 -0.4989776 
79.19999952 -0.4989776 
79.23999952 -0.4989776 
79.27999952 -0.4989776 
79.31999952 -0.941496 
79.35999952 -0.941496 
79.39999952 -0.941496 
79.43999952 -0.941496 
79.47999952 -0.941496 
79.51999952 -0.941496 
79.55999952 -0.941496 
79.59999952 -0.941496 
79.63999952 -0.941496 
79.67999952 -0.941496 
79.71999952 -0.941496 
79.75999952 -0.941496 
79.79999952 -0.941496 
79.83999951 -1.382488 
79.87999951 -0.941496 
79.91999951 -0.941496 
79.95999951 -0.941496 
79.99999951 -0.941496 
80.03999951 -0.941496 
80.07999951 -0.941496 
80.11999951 -1.382488 
80.15999951 -0.941496 
80.19999951 -0.941496 
80.23999951 -0.941496 
80.27999951 -0.941496 
80.31999951 -0.941496 
80.35999951 -0.941496 
80.39999951 -0.941496 
80.43999951 -0.941496 
80.47999951 -0.941496 
80.51999951 -0.941496 
80.55999951 -0.941496 
80.59999951 -0.941496 
80.63999951 -0.941496 
80.67999951 -0.941496 
80.71999951 -0.941496 
80.75999951 -0.4989776 
80.79999951 -0.941496 
80.83999951 -0.941496 
80.87999951 -0.941496 
80.91999951 -0.4989776 
80.95999951 -0.4989776 
80.99999951 -0.4989776 
81.07999951 -0.4989776 
90.67999945 -0.4989776 
90.79999945 -0.4989776 
90.83999945 -0.4989776 
90.99999945 -0.941496 
91.03999945 -0.4989776 
91.07999945 -0.4989776 
91.11999945 -0.941496 
91.15999945 -0.4989776 
91.19999945 -0.4989776 
91.23999945 -0.941496 
91.27999945 -0.941496 
91.31999945 -0.941496 
91.35999944 -0.941496 
91.39999944 -0.941496 
91.43999944 -0.941496 
91.47999944 -0.941496 
91.51999944 -0.941496 
91.55999944 -0.941496 
91.59999944 -0.941496 
91.63999944 -0.941496 
91.67999944 -0.941496 
91.71999944 -0.941496 
91.75999944 -0.941496 
91.79999944 -0.941496 
91.83999944 -0.941496 
91.87999944 -0.941496 
91.91999944 -0.941496 
91.95999944 -0.941496 
91.99999944 -0.941496 
92.03999944 -0.941496 
92.07999944 -0.941496 
92.11999944 -0.941496 
92.15999944 -1.382488 
92.19999944 -0.941496 
92.23999944 -0.941496 
92.27999944 -0.941496 
92.31999944 -0.941496 
92.35999944 -0.941496 
92.39999944 -0.941496 
92.43999944 -0.941496 
92.47999944 -0.941496 
92.51999944 -0.941496 
92.55999944 -0.941496 
92.59999944 -0.941496 
92.63999944 -0.941496 
92.67999944 -0.941496 
92.71999944 -0.941496 
92.75999944 -0.941496 
92.79999944 -0.941496 
92.83999944 -0.941496 
92.87999944 -0.941496 
92.91999944 -0.4989776 
92.95999944 -0.4989776 
92.99999943 -0.941496 
93.03999943 -0.4989776 
93.07999943 -0.941496 
93.11999943 -0.4989776 
93.15999943 -0.4989776 
93.19999943 -0.4989776 
93.23999943 -0.4989776 
93.27999943 -0.4989776 
93.31999943 -0.4989776 
93.43999943 -0.4989776 
95.43999942 -0.4989776 
95.59999942 -0.4989776 
95.91999942 -0.4989776 
95.95999942 -0.941496 
96.11999942 -0.4989776 
96.23999942 -0.941496 
96.27999941 -0.4989776 
96.39999941 -0.4989776 
96.43999941 -0.4989776 
96.91999941 -0.4989776 
101.67999938 -0.4989776 
102.51999938 -0.4989776 
103.07999937 -0.4989776 
103.31999937 -0.4989776 
103.35999937 -0.4989776 
103.39999937 -0.4989776 
103.47999937 -0.4989776 
103.51999937 -0.4989776 
103.55999937 -0.4989776 
103.59999937 -0.4989776 
103.63999937 -0.4989776 
103.67999937 -0.4989776 
103.75999937 -0.4989776 
103.79999937 -0.4989776 
103.87999937 -0.4989776 
103.91999937 -0.4989776 
103.95999937 -0.4989776 
103.99999937 -0.4989776 
104.03999937 -0.4989776 
104.07999937 -0.4989776 
104.11999937 -0.4989776 
104.15999937 -0.4989776 
104.19999937 -0.4989776 
104.23999937 -0.4989776 
104.27999937 -0.4989776 
104.31999937 -0.4989776 
104.35999937 -0.4989776 
104.39999937 -0.4989776 
104.51999936 -0.4989776 
104.55999936 -0.4989776 
104.59999936 -0.4989776 
104.63999936 -0.4989776 
104.71999936 -0.4989776 
104.75999936 -0.4989776 
104.79999936 -0.4989776 
104.83999936 -0.4989776 
104.87999936 -0.4989776 
104.91999936 -0.4989776 
104.99999936 -0.4989776 
105.03999936 -0.4989776 
105.07999936 -0.4989776 
105.11999936 -0.4989776 
105.15999936 -0.4989776 
105.19999936 -0.4989776 
105.23999936 -0.4989776 
105.27999936 -0.4989776 
105.31999936 -0.4989776 
105.35999936 -0.4989776 
105.39999936 -0.4989776 
105.43999936 -0.4989776 
105.47999936 -0.4989776 
105.51999936 -0.4989776 
105.55999936 -0.4989776 
105.59999936 -0.4989776 
105.63999936 -0.4989776 
105.67999936 -0.4989776 
105.71999936 -0.4989776 
105.75999936 -0.4989776 
105.79999936 -0.4989776 
105.83999936 -0.4989776 
105.87999936 -0.4989776 
105.91999936 -0.4989776 
105.95999936 -0.4989776 
105.99999936 -0.4989776 
106.03999936 -0.4989776 
106.07999936 -0.4989776 
106.11999936 -0.4989776 
106.15999935 -0.4989776 
106.19999935 -0.4989776 
106.23999935 -0.4989776 
106.27999935 -0.4989776 
106.31999935 -0.4989776 
106.39999935 -0.4989776 
106.43999935 -0.4989776 
106.47999935 -0.4989776 
106.51999935 -0.4989776 
106.63999935 -0.4989776 
106.67999935 -0.4989776 
106.71999935 -0.4989776 
106.75999935 -0.4989776 
106.87999935 -0.4989776 
106.99999935 -0.4989776 
107.03999935 -0.4989776 
107.47999935 -0.4989776 
116.95999929 -0.4989776 
117.07999929 -0.4989776 
117.11999929 -0.4989776 
117.15999929 -0.4989776 
117.19999929 -0.4989776 
117.23999929 -0.4989776 
117.27999929 -0.4989776 
117.31999929 -0.4989776 
117.35999929 -0.4989776 
117.39999929 -0.4989776 
117.43999929 -0.941496 
117.47999929 -0.4989776 
117.51999929 -0.941496 
117.55999929 -0.4989776 
117.59999929 -0.4989776 
117.63999929 -0.941496 
117.67999928 -0.941496 
117.71999928 -0.941496 
117.75999928 -0.941496 
117.79999928 -0.941496 
117.83999928 -0.941496 
117.87999928 -0.941496 
117.91999928 -0.941496 
117.95999928 -0.941496 
117.99999928 -0.4989776 
118.03999928 -0.941496 
118.07999928 -0.941496 
118.11999928 -0.941496 
118.15999928 -0.941496 
118.19999928 -0.941496 
118.23999928 -0.941496 
118.27999928 -0.941496 
118.31999928 -0.4989776 
118.35999928 -0.4989776 
118.39999928 -0.941496 
118.43999928 -0.941496 
118.47999928 -0.4989776 
118.51999928 -0.941496 
118.55999928 -0.941496 
118.59999928 -0.941496 
118.63999928 -0.4989776 
118.67999928 -0.941496 
118.71999928 -0.4989776 
118.75999928 -0.941496 
118.79999928 -0.4989776 
118.83999928 -0.941496 
118.87999928 -0.4989776 
118.91999928 -0.4989776 
118.95999928 -0.4989776 
118.99999928 -0.4989776 
119.03999928 -0.4989776 
119.07999928 -0.4989776 
119.11999928 -0.4989776 
119.15999928 -0.4989776 
119.19999928 -0.4989776 
119.23999928 -0.4989776 
119.27999928 -0.4989776 
119.39999927 -0.4989776 
119.99999927 -0.941496 
120.15999927 -0.4989776 
120.51999927 -0.4989776 
127.79999922 -0.4989776 
127.87999922 -0.4989776 
127.91999922 -0.4989776 
127.99999922 -0.4989776 
128.03999922 -0.4989776 
128.07999922 -0.4989776 
128.11999922 -0.941496 
128.15999922 -0.941496 
128.19999922 -0.941496 
128.23999922 -0.941496 
128.27999922 -0.941496 
128.31999922 -0.941496 
128.35999922 -0.941496 
128.39999922 -0.941496 
128.43999922 -0.941496 
128.47999922 -0.941496 
128.51999922 -0.941496 
128.55999922 -0.941496 
128.59999922 -0.941496 
128.63999922 -0.941496 
128.67999922 -1.382488 
128.71999922 -1.382488 
128.75999922 -0.941496 
128.79999922 -1.382488 
128.83999922 -1.382488 
128.87999922 -1.825007 
128.91999922 -1.825007 
128.95999922 -1.825007 
128.99999922 -1.825007 
129.03999922 -1.825007 
129.07999922 -1.825007 
129.11999922 -1.825007 
129.15999922 -1.825007 
129.19999921 -1.825007 
129.23999921 -1.825007 
129.27999921 -1.825007 
129.31999921 -1.825007 
129.35999921 -1.825007 
129.39999921 -1.825007 
129.43999921 -1.825007 
129.47999921 -1.825007 
129.51999921 -1.825007 
129.55999921 -1.825007 
129.59999921 -1.825007 
129.63999921 -1.825007 
129.67999921 -1.825007 
129.71999921 -1.825007 
129.75999921 -1.825007 
129.79999921 -1.825007 
129.83999921 -1.825007 
129.87999921 -1.825007 
129.91999921 -1.825007 
129.95999921 -1.825007 
129.99999921 -1.825007 
130.03999921 -1.825007 
130.07999921 -1.825007 
130.11999921 -1.825007 
130.15999921 -1.825007 
130.19999921 -1.825007 
130.23999921 -1.382488 
130.27999921 -1.382488 
130.31999921 -1.382488 
130.35999921 -0.941496 
130.39999921 -1.382488 
130.43999921 -0.941496 
130.47999921 -1.382488 
130.51999921 -0.941496 
130.55999921 -0.941496 
130.59999921 -0.941496 
130.63999921 -0.941496 
130.67999921 -0.941496 
130.71999921 -0.941496 
130.75999921 -0.941496 
130.79999921 -0.941496 
130.8399992 -0.941496 
130.8799992 -0.4989776 
130.9199992 -0.941496 
130.9599992 -0.4989776 
130.9999992 -0.4989776 
131.0399992 -0.4989776 
131.0799992 -0.4989776 
131.1199992 -0.4989776 
131.1599992 -0.4989776 
131.1999992 -0.4989776 
131.3199992 -0.4989776 
140.63999915 -0.4989776 
140.71999914 -0.4989776 
140.75999914 -0.4989776 
140.79999914 -0.4989776 
140.87999914 -0.4989776 
140.91999914 -0.4989776 
140.95999914 -0.4989776 
140.99999914 -0.4989776 
141.03999914 -0.4989776 
141.07999914 -0.4989776 
141.11999914 -0.4989776 
141.15999914 -0.4989776 
141.19999914 -0.4989776 
141.23999914 -0.4989776 
141.27999914 -0.4989776 
141.31999914 -0.4989776 
141.35999914 -0.4989776 
141.39999914 -0.4989776 
141.43999914 -0.4989776 
141.47999914 -0.4989776 
141.51999914 -0.4989776 
141.55999914 -0.4989776 
141.59999914 -0.4989776 
141.63999914 -0.4989776 
141.67999914 -0.4989776 
141.71999914 -0.4989776 
141.75999914 -0.4989776 
141.79999914 -0.4989776 
141.83999914 -0.4989776 
141.87999914 -0.4989776 
142.03999914 -0.4989776 
142.07999914 -0.4989776 
142.15999914 -0.4989776 
144.87999912 -0.4989776 
145.19999912 -0.941496 
145.23999912 -0.941496 
145.35999912 -0.941496 
145.47999912 -0.4989776 
145.51999912 -0.4989776 
145.63999911 -0.4989776 
145.67999911 -0.4989776 
145.71999911 -0.4989776 
145.79999911 -0.4989776 
145.83999911 -0.4989776 
145.87999911 -0.4989776 
145.99999911 -0.4989776 
146.03999911 -0.4989776 
146.07999911 -0.4989776 
146.15999911 -0.4989776 
146.19999911 -0.4989776 
150.55999908 -0.4989776 
150.63999908 -0.4989776 
150.67999908 -0.4989776 
150.71999908 -0.4989776 
150.75999908 -0.4989776 
150.79999908 -0.4989776 
150.83999908 -0.4989776 
150.87999908 -0.4989776 
150.91999908 -0.4989776 
150.95999908 -0.4989776 
150.99999908 -0.941496 
151.03999908 -0.941496 
151.07999908 -0.4989776 
151.11999908 -0.4989776 
151.15999908 -0.941496 
151.19999908 -0.941496 
151.23999908 -0.941496 
151.27999908 -0.941496 
151.31999908 -0.941496 
151.35999908 -0.4989776 
151.39999908 -0.941496 
151.43999908 -0.941496 
151.47999908 -0.941496 
151.51999908 -0.941496 
151.55999908 -0.941496 
151.59999908 -0.941496 
151.63999908 -0.941496 
151.67999908 -0.941496 
151.71999908 -0.941496 
151.75999908 -0.941496 
151.79999908 -0.941496 
151.83999908 -0.941496 
151.87999908 -0.941496 
151.91999908 -0.941496 
151.95999908 -0.941496 
151.99999908 -0.941496 
152.03999908 -0.941496 
152.07999908 -0.941496 
152.11999908 -0.941496 
152.15999908 -0.941496 
152.19999908 -0.941496 
152.23999907 -0.941496 
152.27999907 -1.382488 
152.31999907 -0.941496 
152.35999907 -1.382488 
152.39999907 -1.382488 
152.43999907 -1.382488 
152.47999907 -1.382488 
152.51999907 -0.941496 
152.55999907 -1.382488 
152.59999907 -0.941496 
152.63999907 -1.382488 
152.67999907 -0.941496 
152.71999907 -0.941496 
152.75999907 -0.941496 
152.79999907 -0.941496 
152.83999907 -1.382488 
152.87999907 -0.941496 
152.91999907 -0.941496 
152.95999907 -0.941496 
152.99999907 -0.941496 
153.03999907 -0.941496 
153.07999907 -0.941496 
153.11999907 -0.941496 
153.15999907 -0.941496 
153.19999907 -0.941496 
153.23999907 -0.941496 
153.27999907 -0.941496 
153.31999907 -0.941496 
153.35999907 -0.941496 
153.39999907 -0.941496 
153.43999907 -0.941496 
153.47999907 -0.941496 
153.51999907 -0.941496 
153.55999907 -0.941496 
153.59999907 -0.941496 
153.63999907 -0.941496 
153.67999907 -0.941496 
153.71999907 -0.941496 
153.75999907 -0.941496 
153.79999907 -0.4989776 
153.83999907 -0.941496 
153.87999906 -0.941496 
153.91999906 -0.941496 
153.95999906 -0.941496 
153.99999906 -0.941496 
154.03999906 -0.4989776 
154.07999906 -0.941496 
154.11999906 -0.4989776 
154.15999906 -0.941496 
154.19999906 -0.4989776 
154.23999906 -0.4989776 
154.27999906 -0.4989776 
154.31999906 -0.4989776 
154.35999906 -0.4989776 
154.39999906 -0.4989776 
154.43999906 -0.4989776 
154.47999906 -0.4989776 
154.51999906 -0.4989776 
154.55999906 -0.4989776 
154.59999906 -0.4989776 
154.63999906 -0.4989776 
154.67999906 -0.4989776 
154.71999906 -0.4989776 
154.75999906 -0.4989776 
154.79999906 -0.4989776 
154.83999906 -0.4989776 
154.87999906 -0.4989776 
154.91999906 -0.4989776 
154.95999906 -0.4989776 
154.99999906 -0.4989776 
155.03999906 -0.4989776 
155.07999906 -0.4989776 
155.11999906 -0.4989776 
155.15999906 -0.4989776 
155.19999906 -0.4989776 
155.23999906 -0.4989776 
155.27999906 -0.4989776 
155.31999906 -0.4989776 
155.35999906 -0.4989776 
155.39999906 -0.4989776 
155.43999906 -0.4989776 
155.51999905 -0.4989776 
155.59999905 -0.4989776 
155.63999905 -0.4989776 
155.67999905 -0.4989776 
155.71999905 -0.4989776 
155.75999905 -0.4989776 
155.79999905 -0.4989776 
155.87999905 -0.4989776 
155.91999905 -0.4989776 
155.95999905 -0.4989776 
155.99999905 -0.4989776 
156.03999905 -0.4989776 
156.07999905 -0.4989776 
156.11999905 -0.4989776 
156.15999905 -0.4989776 
156.19999905 -0.4989776 
156.23999905 -0.4989776 
156.27999905 -0.4989776 
156.31999905 -0.941496 
156.35999905 -0.4989776 
156.39999905 -0.4989776 
156.43999905 -0.4989776 
156.47999905 -0.4989776 
156.51999905 -0.4989776 
156.55999905 -0.4989776 
156.59999905 -0.4989776 
156.63999905 -0.4989776 
156.67999905 -0.941496 
156.71999905 -0.4989776 
156.75999905 -0.4989776 
156.79999905 -0.4989776 
156.83999905 -0.4989776 
156.87999905 -0.941496 
156.91999905 -0.4989776 
156.95999905 -0.941496 
156.99999905 -0.941496 
157.03999905 -0.941496 
157.07999905 -0.4989776 
157.11999905 -0.941496 
157.15999904 -0.941496 
157.19999904 -0.941496 
157.23999904 -0.941496 
157.27999904 -0.4989776 
157.31999904 -0.941496 
157.35999904 -0.4989776 
157.39999904 -0.941496 
157.43999904 -0.941496 
157.47999904 -0.941496 
157.51999904 -0.4989776 
157.55999904 -0.941496 
157.59999904 -0.4989776 
157.63999904 -0.4989776 
157.67999904 -0.941496 
157.71999904 -0.941496 
157.75999904 -0.4989776 
157.79999904 -0.4989776 
157.83999904 -0.4989776 
157.91999904 -0.4989776 
157.95999904 -0.4989776 
157.99999904 -0.4989776 
166.63999899 -0.4989776 
166.67999899 -0.4989776 
166.71999899 -0.4989776 
166.75999899 -0.4989776 
166.87999899 -0.4989776 
166.91999899 -0.4989776 
166.95999899 -0.4989776 
166.99999899 -0.4989776 
167.03999898 -0.4989776 
167.07999898 -0.4989776 
167.11999898 -0.4989776 
167.15999898 -0.4989776 
167.19999898 -0.941496 
167.23999898 -0.4989776 
167.27999898 -0.4989776 
167.31999898 -0.4989776 
167.35999898 -0.4989776 
167.39999898 -0.4989776 
167.43999898 -0.4989776 
167.47999898 -0.4989776 
167.51999898 -0.4989776 
167.55999898 -0.4989776 
167.59999898 -0.4989776 
167.63999898 -0.4989776 
167.67999898 -0.941496 
167.71999898 -0.4989776 
167.75999898 -0.941496 
167.79999898 -0.4989776 
167.83999898 -0.941496 
167.87999898 -0.4989776 
167.91999898 -0.941496 
167.95999898 -0.941496 
167.99999898 -0.941496 
168.03999898 -0.4989776 
168.07999898 -0.4989776 
168.11999898 -0.4989776 
168.15999898 -0.941496 
168.19999898 -0.4989776 
168.23999898 -0.4989776 
168.27999898 -0.4989776 
168.31999898 -0.4989776 
168.35999898 -0.4989776 
168.39999898 -0.4989776 
168.43999898 -0.4989776 
168.47999898 -0.4989776 
168.51999898 -0.4989776 
168.55999898 -0.4989776 
168.59999898 -0.4989776 
168.63999898 -0.4989776 
168.67999897 -0.4989776 
168.71999897 -0.4989776 
168.75999897 -0.4989776 
168.79999897 -0.4989776 
168.83999897 -0.4989776 
168.87999897 -0.4989776 
169.31999897 -0.4989776 
169.47999897 -0.4989776 
169.83999897 -0.4989776 
177.31999892 -0.4989776 
177.35999892 -0.4989776 
177.39999892 -0.4989776 
177.43999892 -0.941496 
177.47999892 -0.941496 
177.51999892 -0.941496 
177.55999892 -0.4989776 
177.59999892 -0.941496 
177.63999892 -0.941496 
177.67999892 -0.941496 
177.71999892 -0.941496 
177.75999892 -0.941496 
177.79999892 -0.941496 
177.83999892 -0.941496 
177.87999892 -1.382488 
177.91999892 -1.382488 
177.95999892 -1.825007 
177.99999892 -1.382488 
178.03999892 -1.382488 
178.07999892 -1.825007 
178.11999892 -1.825007 
178.15999892 -1.825007 
178.19999892 -1.825007 
178.23999892 -1.825007 
178.27999892 -1.825007 
178.31999892 -1.825007 
178.35999892 -1.825007 
178.39999892 -1.825007 
178.43999892 -1.825007 
178.47999892 -1.825007 
178.51999892 -1.825007 
178.55999891 -2.267525 
178.59999891 -1.825007 
178.63999891 -1.825007 
178.67999891 -1.825007 
178.71999891 -1.825007 
178.75999891 -1.825007 
178.79999891 -1.825007 
178.83999891 -2.267525 
178.87999891 -1.825007 
178.91999891 -1.825007 
178.95999891 -1.825007 
178.99999891 -1.825007 
179.03999891 -1.825007 
179.07999891 -1.825007 
179.11999891 -1.825007 
179.15999891 -1.825007 
179.19999891 -1.825007 
179.23999891 -1.825007 
179.27999891 -1.825007 
179.31999891 -1.825007 
179.35999891 -1.382488 
179.39999891 -1.825007 
179.43999891 -1.382488 
179.47999891 -1.382488 
179.51999891 -1.382488 
179.55999891 -0.941496 
179.59999891 -1.382488 
179.63999891 -1.382488 
179.67999891 -0.941496 
179.71999891 -0.941496 
179.75999891 -0.941496 
179.79999891 -0.941496 
179.83999891 -0.941496 
179.87999891 -0.941496 
179.91999891 -0.941496 
179.95999891 -0.941496 
179.99999891 -0.941496 
180.03999891 -0.941496 
180.07999891 -0.941496 
180.11999891 -0.941496 
180.15999891 -0.4989776 
180.1999989 -0.4989776 
180.2399989 -0.4989776 
180.2799989 -0.4989776 
180.3199989 -0.4989776 
180.4399989 -0.4989776 
189.15999885 -0.4989776 
189.19999885 -0.4989776 
189.23999885 -0.4989776 
189.27999885 -0.4989776 
189.31999885 -0.4989776 
189.35999885 -0.4989776 
189.43999885 -0.4989776 
189.47999885 -0.941496 
189.51999885 -0.4989776 
189.55999885 -0.4989776 
189.59999885 -0.4989776 
189.63999885 -0.941496 
189.67999885 -0.941496 
189.71999885 -0.941496 
189.75999885 -0.941496 
189.79999885 -0.941496 
189.83999885 -0.941496 
189.87999885 -0.941496 
189.91999885 -0.941496 
189.95999885 -0.941496 
189.99999885 -0.941496 
190.03999885 -0.941496 
190.07999884 -0.941496 
190.11999884 -1.382488 
190.15999884 -1.825007 
190.19999884 -0.941496 
190.23999884 -0.941496 
190.27999884 -0.941496 
190.31999884 -0.941496 
190.35999884 -0.941496 
190.39999884 -0.941496 
190.43999884 -1.382488 
190.47999884 -0.941496 
190.51999884 -1.825007 
190.55999884 -1.825007 
190.59999884 -1.382488 
190.63999884 -1.382488 
190.67999884 -1.382488 
190.71999884 -0.941496 
190.75999884 -0.941496 
190.79999884 -0.941496 
190.83999884 -0.941496 
190.87999884 -0.941496 
190.91999884 -0.941496 
190.95999884 -0.941496 
190.99999884 -0.941496 
191.03999884 -0.941496 
191.07999884 -0.941496 
191.11999884 -0.941496 
191.15999884 -0.4989776 
191.19999884 -0.941496 
191.23999884 -0.941496 
191.27999884 -0.4989776 
191.31999884 -0.4989776 
191.35999884 -0.4989776 
191.39999884 -0.4989776 
191.43999884 -0.4989776 
191.51999884 -0.4989776 
194.59999882 -0.4989776 
194.75999882 -0.4989776 
0 0 
