4.67999997 -0.4989776 
4.75999997 -0.4989776 
4.79999997 -0.4989776 
4.83999997 -0.4989776 
4.87999997 -0.4989776 
4.91999997 -0.941496 
4.95999997 -0.4989776 
4.99999997 -0.4989776 
5.03999997 -0.941496 
5.07999997 -0.4989776 
5.11999997 -0.941496 
5.15999997 -0.941496 
5.19999997 -0.941496 
5.23999997 -0.941496 
5.27999997 -0.941496 
5.31999997 -0.941496 
5.35999997 -0.941496 
5.39999997 -0.941496 
5.43999997 -0.941496 
5.47999997 -0.941496 
5.51999997 -1.382488 
5.55999997 -1.382488 
5.59999997 -1.382488 
5.63999997 -1.382488 
5.67999997 -1.382488 
5.71999997 -1.825007 
5.75999996 -1.825007 
5.79999996 -1.825007 
5.83999996 -1.825007 
5.87999996 -1.825007 
5.91999996 -1.825007 
5.95999996 -1.825007 
5.99999996 -1.825007 
6.03999996 -1.825007 
6.07999996 -1.825007 
6.11999996 -1.825007 
6.15999996 -1.825007 
6.19999996 -1.825007 
6.23999996 -1.825007 
6.27999996 -1.825007 
6.31999996 -1.825007 
6.35999996 -1.825007 
6.39999996 -1.825007 
6.43999996 -1.825007 
6.47999996 -1.825007 
6.51999996 -2.267525 
6.55999996 -1.825007 
6.59999996 -1.825007 
6.63999996 -1.825007 
6.67999996 -1.825007 
6.71999996 -1.825007 
6.75999996 -1.825007 
6.79999996 -1.825007 
6.83999996 -1.825007 
6.87999996 -1.825007 
6.91999996 -1.825007 
6.95999996 -1.825007 
6.99999996 -1.825007 
7.03999996 -1.825007 
7.07999996 -1.825007 
7.11999996 -1.825007 
7.15999996 -1.825007 
7.19999996 -0.941496 
7.23999996 -0.941496 
7.27999996 -0.941496 
7.31999996 -0.941496 
7.35999996 -1.382488 
7.39999996 -0.941496 
7.43999995 -1.382488 
7.47999995 -0.941496 
7.51999995 -0.941496 
7.55999995 -0.941496 
7.59999995 -0.941496 
7.63999995 -0.941496 
7.67999995 -0.941496 
7.71999995 -0.941496 
7.75999995 -0.941496 
7.79999995 -0.4989776 
7.83999995 -0.4989776 
7.87999995 -0.4989776 
16.5199999 -0.4989776 
16.5999999 -0.941496 
16.7599999 -0.4989776 
16.7999999 -0.4989776 
16.8399999 -0.4989776 
16.8799999 -0.4989776 
16.9199999 -0.941496 
16.9599999 -0.941496 
16.9999999 -0.941496 
17.0399999 -0.941496 
17.0799999 -0.941496 
17.1199999 -0.941496 
17.1599999 -0.941496 
17.1999999 -0.941496 
17.2399999 -0.941496 
17.27999989 -0.941496 
17.31999989 -0.941496 
17.35999989 -0.941496 
17.39999989 -0.941496 
17.43999989 -0.941496 
17.47999989 -1.825007 
17.51999989 -1.382488 
17.55999989 -1.825007 
17.59999989 -1.825007 
17.63999989 -1.825007 
17.67999989 -1.825007 
17.71999989 -1.825007 
17.75999989 -0.941496 
17.79999989 -1.382488 
17.83999989 -1.382488 
17.87999989 -1.825007 
17.91999989 -1.825007 
17.95999989 -1.825007 
17.99999989 -1.825007 
18.03999989 -1.382488 
18.07999989 -1.382488 
18.11999989 -1.825007 
18.15999989 -1.382488 
18.19999989 -1.825007 
18.23999989 -1.825007 
18.27999989 -1.382488 
18.31999989 -1.382488 
18.35999989 -1.382488 
18.39999989 -1.382488 
18.43999989 -0.941496 
18.47999989 -0.941496 
18.51999989 -1.382488 
18.55999989 -0.941496 
18.59999989 -0.941496 
18.63999989 -0.941496 
18.67999989 -0.941496 
18.71999989 -0.941496 
18.75999989 -0.941496 
18.79999989 -0.941496 
18.83999989 -0.941496 
18.87999989 -0.941496 
18.91999989 -0.941496 
18.95999988 -0.941496 
18.99999988 -0.4989776 
19.03999988 -0.4989776 
19.07999988 -0.4989776 
19.11999988 -0.4989776 
19.15999988 -0.4989776 
19.19999988 -0.941496 
19.23999988 -0.4989776 
19.27999988 -0.4989776 
19.39999988 -0.4989776 
22.19999987 -0.4989776 
22.23999986 -0.4989776 
22.31999986 -0.4989776 
22.35999986 -0.4989776 
22.39999986 -0.4989776 
22.43999986 -0.4989776 
22.47999986 -0.4989776 
22.51999986 -0.4989776 
22.55999986 -0.4989776 
22.59999986 -0.941496 
22.63999986 -0.4989776 
22.67999986 -0.4989776 
22.71999986 -0.4989776 
22.75999986 -0.4989776 
22.79999986 -0.4989776 
22.83999986 -0.4989776 
22.87999986 -0.4989776 
22.91999986 -0.941496 
22.95999986 -0.4989776 
23.03999986 -0.4989776 
23.07999986 -0.4989776 
23.11999986 -0.4989776 
23.15999986 -0.4989776 
23.19999986 -0.4989776 
23.23999986 -0.4989776 
23.27999986 -0.4989776 
23.31999986 -0.4989776 
23.43999986 -0.4989776 
23.47999986 -0.4989776 
23.51999986 -0.4989776 
23.55999986 -0.4989776 
23.59999986 -0.4989776 
23.63999986 -0.4989776 
23.67999986 -0.4989776 
27.71999983 -0.4989776 
28.07999983 -0.4989776 
28.19999983 -0.4989776 
28.23999983 -0.4989776 
28.27999983 -0.4989776 
28.31999983 -0.4989776 
28.35999983 -0.941496 
28.39999983 -0.941496 
28.43999983 -0.941496 
28.47999983 -0.941496 
28.51999983 -0.941496 
28.55999983 -0.941496 
28.59999983 -0.941496 
28.63999983 -0.941496 
28.67999983 -1.382488 
28.71999983 -1.382488 
28.75999983 -0.941496 
28.79999982 -1.382488 
28.83999982 -1.825007 
28.87999982 -1.825007 
28.91999982 -1.825007 
28.95999982 -1.825007 
28.99999982 -1.825007 
29.03999982 -1.825007 
29.07999982 -1.825007 
29.11999982 -1.825007 
29.15999982 -2.267525 
29.19999982 -2.267525 
29.23999982 -0.941496 
29.27999982 -2.267525 
29.31999982 -2.267525 
29.35999982 -1.825007 
29.39999982 -2.267525 
29.43999982 -2.267525 
29.47999982 -1.825007 
29.51999982 -2.267525 
29.55999982 -2.267525 
29.59999982 -1.825007 
29.63999982 -1.825007 
29.67999982 -2.267525 
29.71999982 -2.267525 
29.75999982 -2.267525 
29.79999982 -2.267525 
29.83999982 -2.267525 
29.87999982 -2.267525 
29.91999982 -2.267525 
29.95999982 -1.825007 
29.99999982 -1.825007 
30.03999982 -1.825007 
30.07999982 -1.825007 
30.11999982 -1.825007 
30.15999982 -1.825007 
30.19999982 -1.825007 
30.23999982 -1.825007 
30.27999982 -1.825007 
30.31999982 -1.825007 
30.35999982 -1.825007 
30.39999982 -1.825007 
30.43999982 -1.825007 
30.47999981 -1.825007 
30.51999981 -1.382488 
30.55999981 -1.825007 
30.59999981 -1.382488 
30.63999981 -0.941496 
30.67999981 -0.941496 
30.71999981 -0.941496 
30.75999981 -0.941496 
30.79999981 -0.941496 
30.83999981 -0.941496 
30.87999981 -0.941496 
30.91999981 -0.941496 
30.95999981 -0.941496 
30.99999981 -0.941496 
31.03999981 -0.941496 
31.07999981 -0.941496 
31.11999981 -0.941496 
31.15999981 -0.4989776 
31.19999981 -0.4989776 
31.23999981 -0.4989776 
31.27999981 -0.4989776 
31.31999981 -0.941496 
31.35999981 -0.4989776 
31.43999981 -0.4989776 
33.6799998 -0.4989776 
33.75999979 -0.4989776 
33.83999979 -0.4989776 
33.87999979 -0.4989776 
33.91999979 -0.4989776 
34.03999979 -0.4989776 
34.07999979 -0.4989776 
34.15999979 -0.4989776 
34.31999979 -0.4989776 
45.07999973 -0.4989776 
45.11999973 -0.4989776 
45.15999973 -0.4989776 
45.19999973 -0.4989776 
45.23999973 -0.941496 
45.27999972 -0.941496 
45.31999972 -0.4989776 
45.35999972 -0.4989776 
45.39999972 -0.941496 
45.43999972 -0.941496 
45.47999972 -0.941496 
45.51999972 -0.941496 
45.55999972 -0.941496 
45.59999972 -0.941496 
45.63999972 -0.941496 
45.67999972 -0.941496 
45.71999972 -0.941496 
45.75999972 -0.941496 
45.79999972 -0.941496 
45.83999972 -0.941496 
45.87999972 -1.825007 
45.91999972 -0.941496 
45.95999972 -0.941496 
45.99999972 -1.825007 
46.03999972 -0.941496 
46.07999972 -0.941496 
46.11999972 -0.941496 
46.15999972 -0.941496 
46.19999972 -1.382488 
46.23999972 -0.941496 
46.27999972 -0.941496 
46.31999972 -0.941496 
46.35999972 -1.382488 
46.39999972 -0.941496 
46.43999972 -0.941496 
46.47999972 -0.941496 
46.51999972 -0.941496 
46.55999972 -0.941496 
46.59999972 -0.941496 
46.63999972 -0.4989776 
46.67999972 -0.941496 
46.71999972 -0.4989776 
46.75999972 -0.4989776 
46.79999972 -0.4989776 
46.83999972 -0.4989776 
46.87999972 -0.4989776 
46.91999971 -0.4989776 
46.95999971 -0.4989776 
46.99999971 -0.4989776 
50.67999969 -0.4989776 
50.79999969 -0.4989776 
50.83999969 -0.4989776 
50.87999969 -0.4989776 
50.91999969 -0.4989776 
50.95999969 -0.4989776 
50.99999969 -0.4989776 
51.03999969 -0.4989776 
51.07999969 -0.4989776 
51.11999969 -0.4989776 
51.15999969 -0.4989776 
51.19999969 -0.4989776 
51.23999969 -0.941496 
51.27999969 -0.4989776 
51.31999969 -0.941496 
51.35999969 -0.4989776 
51.39999969 -0.4989776 
51.43999969 -0.941496 
51.47999969 -0.4989776 
51.51999969 -0.4989776 
51.55999969 -0.4989776 
51.59999969 -0.4989776 
51.63999969 -0.4989776 
51.67999969 -0.941496 
51.71999969 -0.4989776 
51.75999969 -0.941496 
51.79999969 -0.4989776 
51.83999968 -0.4989776 
51.87999968 -0.4989776 
51.91999968 -0.941496 
51.95999968 -0.4989776 
51.99999968 -0.4989776 
52.03999968 -0.4989776 
52.07999968 -0.4989776 
52.15999968 -0.4989776 
52.19999968 -0.4989776 
53.79999967 -0.4989776 
53.83999967 -0.941496 
53.87999967 -0.941496 
53.95999967 -0.941496 
53.99999967 -1.382488 
54.03999967 -0.941496 
54.07999967 -0.4989776 
54.11999967 -0.941496 
54.15999967 -0.941496 
54.19999967 -0.4989776 
54.23999967 -0.4989776 
54.31999967 -0.4989776 
54.35999967 -2.267525 
54.39999967 -2.267525 
54.43999967 -0.4989776 
54.47999967 -0.4989776 
54.51999967 -1.825007 
54.55999967 -0.941496 
54.59999967 -0.4989776 
54.63999967 -1.825007 
54.67999967 -2.267525 
54.71999967 -0.941496 
54.75999967 -0.941496 
54.79999967 -1.825007 
54.83999967 -1.825007 
54.87999967 -1.825007 
54.91999967 -1.825007 
54.95999967 -1.825007 
54.99999967 -1.825007 
55.03999967 -2.267525 
55.07999967 -1.825007 
55.11999967 -2.267525 
55.15999966 -2.708518 
55.19999966 -2.267525 
55.23999966 -2.267525 
55.27999966 -1.825007 
55.31999966 -2.267525 
55.35999966 -2.267525 
55.39999966 -1.825007 
55.43999966 -2.267525 
55.47999966 -2.267525 
55.51999966 -2.267525 
55.55999966 -2.708518 
55.59999966 -2.708518 
55.63999966 -2.267525 
55.67999966 -2.267525 
55.71999966 -2.708518 
55.75999966 -2.267525 
55.79999966 -2.267525 
55.83999966 -2.267525 
55.87999966 -2.708518 
55.91999966 -2.267525 
55.95999966 -2.267525 
55.99999966 -2.267525 
56.03999966 -2.708518 
56.07999966 -2.708518 
56.11999966 -2.708518 
56.15999966 -2.708518 
56.19999966 -2.267525 
56.23999966 -2.267525 
56.27999966 -2.267525 
56.31999966 -2.708518 
56.35999966 -2.267525 
56.39999966 -2.267525 
56.43999966 -2.267525 
56.47999966 -2.267525 
56.51999966 -2.267525 
56.55999966 -2.267525 
56.59999966 -1.825007 
56.63999966 -2.267525 
56.67999966 -2.267525 
56.71999966 -2.267525 
56.75999966 -1.825007 
56.79999965 -1.825007 
56.83999965 -1.825007 
56.87999965 -1.825007 
56.91999965 -1.825007 
56.95999965 -1.825007 
56.99999965 -1.825007 
57.03999965 -1.825007 
57.07999965 -1.825007 
57.11999965 -1.825007 
57.15999965 -1.382488 
57.19999965 -1.382488 
57.23999965 -1.382488 
57.27999965 -0.941496 
57.31999965 -0.941496 
57.35999965 -1.382488 
57.39999965 -1.382488 
57.43999965 -0.941496 
57.47999965 -0.941496 
57.51999965 -0.941496 
57.55999965 -0.941496 
57.59999965 -0.941496 
57.63999965 -0.4989776 
57.67999965 -0.941496 
57.71999965 -0.941496 
57.75999965 -0.4989776 
57.79999965 -0.4989776 
57.83999965 -0.4989776 
57.87999965 -0.4989776 
57.91999965 -0.4989776 
57.95999965 -0.4989776 
58.03999965 -0.4989776 
66.71999959 -0.4989776 
66.75999959 -0.4989776 
66.79999959 -0.4989776 
66.83999959 -0.4989776 
66.87999959 -0.4989776 
66.91999959 -0.4989776 
66.95999959 -0.4989776 
66.99999959 -0.4989776 
67.03999959 -0.4989776 
67.07999959 -0.4989776 
67.11999959 -0.4989776 
67.15999959 -0.4989776 
67.19999959 -0.941496 
67.23999959 -0.941496 
67.27999959 -0.941496 
67.35999959 -0.941496 
67.39999959 -0.941496 
67.43999959 -0.4989776 
67.47999959 -0.941496 
67.51999959 -0.941496 
67.55999959 -0.941496 
67.59999959 -0.941496 
67.63999959 -0.941496 
67.67999959 -0.941496 
67.71999959 -0.941496 
67.75999959 -0.941496 
67.79999959 -0.941496 
67.83999959 -0.941496 
67.87999959 -0.941496 
67.91999959 -0.941496 
67.95999959 -0.941496 
67.99999959 -0.4989776 
68.03999959 -0.4989776 
68.07999959 -0.941496 
68.11999959 -0.4989776 
68.15999959 -0.4989776 
68.19999959 -0.4989776 
68.23999959 -0.4989776 
68.27999959 -0.4989776 
68.31999958 -0.4989776 
68.35999958 -0.4989776 
68.43999958 -0.4989776 
77.67999953 -0.4989776 
77.71999953 -0.4989776 
77.75999953 -0.4989776 
77.79999953 -0.4989776 
77.83999953 -0.4989776 
77.87999953 -0.941496 
77.91999953 -0.941496 
77.95999953 -0.941496 
77.99999953 -0.941496 
78.03999953 -0.941496 
78.07999953 -0.941496 
78.11999953 -1.382488 
78.15999952 -1.382488 
78.19999952 -1.825007 
78.23999952 -1.825007 
78.27999952 -1.825007 
78.31999952 -1.825007 
78.35999952 -1.825007 
78.39999952 -1.825007 
78.43999952 -2.267525 
78.47999952 -2.267525 
78.51999952 -2.267525 
78.55999952 -2.267525 
78.59999952 -2.267525 
78.63999952 -2.267525 
78.67999952 -2.267525 
78.71999952 -2.267525 
78.75999952 -2.267525 
78.79999952 -2.267525 
78.83999952 -2.267525 
78.87999952 -2.708518 
78.91999952 -2.708518 
78.95999952 -3.151036 
78.99999952 -2.708518 
79.03999952 -2.708518 
79.07999952 -3.151036 
79.11999952 -2.708518 
79.15999952 -2.708518 
79.19999952 -3.151036 
79.23999952 -3.151036 
79.27999952 -2.708518 
79.31999952 -3.151036 
79.35999952 -3.151036 
79.39999952 -3.151036 
79.43999952 -3.151036 
79.47999952 -2.708518 
79.51999952 -3.151036 
79.55999952 -2.708518 
79.59999952 -2.708518 
79.63999952 -3.151036 
79.67999952 -2.708518 
79.71999952 -2.708518 
79.75999952 -2.708518 
79.79999952 -2.708518 
79.83999951 -2.708518 
79.87999951 -2.708518 
79.91999951 -2.267525 
79.95999951 -2.267525 
79.99999951 -2.267525 
80.03999951 -2.267525 
80.07999951 -1.825007 
80.11999951 -2.708518 
80.15999951 -2.267525 
80.19999951 -2.267525 
80.23999951 -2.267525 
80.27999951 -2.267525 
80.31999951 -1.825007 
80.35999951 -1.825007 
80.39999951 -1.825007 
80.43999951 -1.825007 
80.47999951 -1.825007 
80.51999951 -1.825007 
80.55999951 -1.825007 
80.59999951 -2.708518 
80.63999951 -0.941496 
80.71999951 -1.382488 
80.75999951 -2.267525 
80.79999951 -0.941496 
80.83999951 -0.941496 
80.87999951 -1.382488 
80.91999951 -0.941496 
80.95999951 -0.4989776 
80.99999951 -0.4989776 
81.07999951 -0.941496 
81.11999951 -1.825007 
81.15999951 -0.941496 
81.23999951 -0.4989776 
81.27999951 -0.941496 
81.39999951 -0.941496 
81.43999951 -0.4989776 
81.5599995 -0.4989776 
83.47999949 -0.4989776 
83.71999949 -0.4989776 
84.27999949 -0.4989776 
89.19999946 -0.4989776 
89.43999946 -0.4989776 
89.47999946 -0.4989776 
89.51999946 -0.4989776 
89.55999946 -0.4989776 
89.59999946 -0.4989776 
89.63999946 -0.4989776 
89.67999945 -0.4989776 
89.71999945 -0.4989776 
89.75999945 -0.4989776 
89.79999945 -0.4989776 
89.83999945 -0.941496 
89.87999945 -0.4989776 
89.91999945 -0.4989776 
89.95999945 -0.941496 
89.99999945 -0.941496 
90.03999945 -0.941496 
90.07999945 -0.941496 
90.11999945 -0.941496 
90.15999945 -0.941496 
90.19999945 -0.941496 
90.23999945 -0.941496 
90.27999945 -0.4989776 
90.31999945 -0.4989776 
90.35999945 -0.4989776 
90.39999945 -0.4989776 
90.43999945 -0.941496 
90.47999945 -0.4989776 
90.51999945 -0.4989776 
90.55999945 -0.4989776 
90.59999945 -0.4989776 
90.63999945 -0.4989776 
90.67999945 -0.4989776 
90.71999945 -0.4989776 
90.75999945 -0.4989776 
90.83999945 -0.4989776 
90.87999945 -0.4989776 
103.95999937 -0.4989776 
103.99999937 -0.4989776 
104.03999937 -0.4989776 
104.07999937 -0.4989776 
104.11999937 -0.941496 
104.15999937 -0.4989776 
104.19999937 -0.941496 
104.23999937 -0.941496 
104.27999937 -0.941496 
104.31999937 -0.941496 
104.35999937 -1.825007 
104.39999937 -1.825007 
104.43999937 -1.382488 
104.47999937 -1.382488 
104.51999936 -1.382488 
104.55999936 -1.825007 
104.59999936 -1.825007 
104.63999936 -1.825007 
104.67999936 -1.825007 
104.71999936 -2.267525 
104.75999936 -1.825007 
104.79999936 -1.825007 
104.83999936 -2.267525 
104.87999936 -2.267525 
104.91999936 -2.267525 
104.95999936 -2.267525 
104.99999936 -2.267525 
105.03999936 -2.267525 
105.07999936 -2.267525 
105.11999936 -2.267525 
105.15999936 -2.267525 
105.19999936 -2.708518 
105.23999936 -2.708518 
105.27999936 -2.708518 
105.31999936 -3.151036 
105.35999936 -2.708518 
105.39999936 -2.708518 
105.43999936 -2.708518 
105.47999936 -2.708518 
105.51999936 -2.708518 
105.55999936 -2.708518 
105.59999936 -2.708518 
105.63999936 -2.708518 
105.67999936 -2.708518 
105.71999936 -2.708518 
105.75999936 -2.708518 
105.79999936 -2.708518 
105.83999936 -2.708518 
105.87999936 -2.267525 
105.91999936 -2.708518 
105.95999936 -2.708518 
105.99999936 -2.708518 
106.03999936 -2.267525 
106.07999936 -2.267525 
106.11999936 -2.267525 
106.15999935 -2.708518 
106.19999935 -2.267525 
106.23999935 -2.267525 
106.27999935 -2.267525 
106.31999935 -1.825007 
106.35999935 -2.267525 
106.39999935 -2.267525 
106.43999935 -2.267525 
106.47999935 -2.267525 
106.51999935 -1.825007 
106.55999935 -1.825007 
106.59999935 -2.267525 
106.63999935 -1.825007 
106.67999935 -1.825007 
106.71999935 -1.825007 
106.75999935 -1.825007 
106.79999935 -1.825007 
106.83999935 -1.825007 
106.87999935 -1.825007 
106.91999935 -1.825007 
106.95999935 -0.941496 
106.99999935 -1.825007 
107.03999935 -0.941496 
107.07999935 -0.941496 
107.11999935 -2.267525 
107.15999935 -0.941496 
107.19999935 -0.4989776 
107.23999935 -1.825007 
107.27999935 -1.825007 
107.31999935 -0.4989776 
107.35999935 -0.941496 
107.39999935 -0.941496 
107.43999935 -0.4989776 
107.59999935 -1.382488 
107.63999935 -1.382488 
107.75999935 -0.4989776 
107.87999934 -0.4989776 
107.91999934 -0.941496 
115.5999993 -0.4989776 
115.6799993 -0.4989776 
115.7199993 -0.4989776 
115.7599993 -0.4989776 
115.7999993 -0.4989776 
115.8399993 -0.4989776 
115.8799993 -0.4989776 
115.9199993 -0.941496 
115.9599993 -0.941496 
115.9999993 -0.941496 
116.03999929 -0.941496 
116.07999929 -0.941496 
116.11999929 -0.941496 
116.15999929 -0.941496 
116.19999929 -0.941496 
116.23999929 -0.941496 
116.27999929 -1.382488 
116.31999929 -1.382488 
116.35999929 -1.382488 
116.39999929 -1.382488 
116.43999929 -1.825007 
116.47999929 -1.382488 
116.51999929 -1.825007 
116.55999929 -0.941496 
116.59999929 -1.825007 
116.63999929 -1.825007 
116.67999929 -1.825007 
116.71999929 -1.825007 
116.75999929 -1.825007 
116.79999929 -1.825007 
116.83999929 -1.825007 
116.87999929 -1.382488 
116.91999929 -1.825007 
116.95999929 -1.825007 
116.99999929 -1.825007 
117.03999929 -1.825007 
117.07999929 -1.825007 
117.11999929 -1.825007 
117.15999929 -1.825007 
117.19999929 -1.382488 
117.23999929 -1.825007 
117.27999929 -1.825007 
117.31999929 -1.825007 
117.35999929 -0.941496 
117.39999929 -1.382488 
117.43999929 -0.941496 
117.47999929 -1.382488 
117.51999929 -0.941496 
117.55999929 -0.941496 
117.59999929 -0.941496 
117.63999929 -0.941496 
117.67999928 -0.941496 
117.71999928 -0.941496 
117.75999928 -0.941496 
117.79999928 -0.4989776 
117.83999928 -0.941496 
117.87999928 -0.4989776 
127.43999923 -0.4989776 
127.47999923 -0.4989776 
127.51999923 -0.941496 
127.55999922 -0.941496 
127.59999922 -0.941496 
127.63999922 -0.941496 
127.67999922 -0.941496 
127.71999922 -0.941496 
127.75999922 -0.941496 
127.79999922 -0.941496 
127.83999922 -1.825007 
127.87999922 -1.382488 
127.91999922 -1.382488 
127.95999922 -1.382488 
127.99999922 -1.825007 
128.03999922 -1.825007 
128.07999922 -1.825007 
128.11999922 -1.825007 
128.15999922 -1.825007 
128.19999922 -1.825007 
128.23999922 -2.267525 
128.27999922 -1.825007 
128.31999922 -2.267525 
128.35999922 -2.267525 
128.39999922 -2.267525 
128.43999922 -2.267525 
128.47999922 -2.267525 
128.51999922 -2.267525 
128.55999922 -2.267525 
128.59999922 -2.267525 
128.63999922 -2.267525 
128.67999922 -2.267525 
128.71999922 -2.267525 
128.75999922 -2.267525 
128.79999922 -2.267525 
128.83999922 -2.267525 
128.87999922 -2.267525 
128.91999922 -2.267525 
128.95999922 -2.267525 
128.99999922 -2.267525 
129.03999922 -2.267525 
129.07999922 -2.267525 
129.11999922 -1.825007 
129.15999922 -2.267525 
129.19999921 -2.267525 
129.23999921 -1.825007 
129.27999921 -1.825007 
129.31999921 -1.825007 
129.35999921 -1.825007 
129.39999921 -2.267525 
129.43999921 -1.825007 
129.47999921 -0.941496 
129.51999921 -1.825007 
129.55999921 -1.825007 
129.59999921 -1.825007 
129.63999921 -1.825007 
129.67999921 -1.825007 
129.71999921 -1.825007 
129.75999921 -0.941496 
129.79999921 -0.941496 
129.83999921 -0.941496 
129.87999921 -0.941496 
129.91999921 -0.941496 
129.95999921 -0.4989776 
129.99999921 -0.941496 
130.03999921 -0.4989776 
130.07999921 -0.4989776 
130.15999921 -0.4989776 
130.19999921 -0.4989776 
132.59999919 -0.4989776 
132.63999919 -0.4989776 
132.67999919 -0.4989776 
132.71999919 -0.4989776 
132.75999919 -0.4989776 
132.79999919 -0.4989776 
132.83999919 -0.4989776 
132.87999919 -0.4989776 
132.91999919 -0.4989776 
132.95999919 -0.4989776 
132.99999919 -0.4989776 
133.03999919 -0.4989776 
133.07999919 -0.4989776 
133.11999919 -0.4989776 
133.15999919 -0.4989776 
133.19999919 -0.4989776 
133.23999919 -0.4989776 
133.27999919 -0.4989776 
133.31999919 -0.4989776 
133.35999919 -0.4989776 
133.39999919 -0.4989776 
133.43999919 -0.4989776 
133.47999919 -0.4989776 
133.51999919 -0.4989776 
133.55999919 -0.4989776 
133.63999919 -0.941496 
133.67999919 -0.4989776 
133.79999919 -0.4989776 
133.91999919 -0.4989776 
134.15999918 -0.941496 
134.19999918 -0.4989776 
138.23999916 -0.4989776 
138.27999916 -0.4989776 
138.31999916 -0.4989776 
138.35999916 -0.4989776 
138.47999916 -0.4989776 
138.51999916 -0.941496 
138.55999916 -0.4989776 
138.59999916 -0.941496 
138.63999916 -0.4989776 
138.67999916 -0.941496 
138.71999916 -0.4989776 
138.75999916 -0.941496 
138.79999916 -0.941496 
138.83999916 -0.941496 
138.87999916 -0.941496 
138.91999916 -0.941496 
138.95999916 -0.941496 
138.99999916 -0.941496 
139.03999915 -0.941496 
139.07999915 -0.941496 
139.11999915 -0.941496 
139.15999915 -0.941496 
139.19999915 -0.941496 
139.23999915 -0.941496 
139.27999915 -0.941496 
139.31999915 -0.941496 
139.35999915 -0.941496 
139.39999915 -0.941496 
139.43999915 -0.941496 
139.47999915 -0.941496 
139.51999915 -1.382488 
139.55999915 -0.941496 
139.59999915 -0.941496 
139.63999915 -1.382488 
139.67999915 -1.382488 
139.71999915 -0.941496 
139.75999915 -1.825007 
139.79999915 -0.941496 
139.83999915 -1.825007 
139.87999915 -1.825007 
139.91999915 -0.941496 
139.95999915 -0.941496 
139.99999915 -0.941496 
140.03999915 -0.941496 
140.07999915 -0.941496 
140.11999915 -0.941496 
140.15999915 -0.941496 
140.19999915 -0.941496 
140.23999915 -0.941496 
140.27999915 -0.941496 
140.31999915 -0.941496 
140.35999915 -0.941496 
140.39999915 -0.941496 
140.43999915 -0.4989776 
140.47999915 -0.941496 
140.51999915 -0.941496 
140.55999915 -0.4989776 
140.59999915 -0.941496 
140.63999915 -0.4989776 
140.67999915 -0.4989776 
140.71999914 -0.4989776 
140.75999914 -0.4989776 
140.79999914 -0.4989776 
140.83999914 -0.4989776 
140.91999914 -0.4989776 
144.59999912 -0.4989776 
144.75999912 -0.4989776 
144.79999912 -0.4989776 
144.83999912 -0.4989776 
144.87999912 -0.4989776 
144.91999912 -0.4989776 
144.95999912 -0.941496 
144.99999912 -0.4989776 
145.03999912 -0.4989776 
145.07999912 -0.941496 
145.11999912 -0.4989776 
145.15999912 -0.4989776 
145.19999912 -0.4989776 
145.23999912 -0.4989776 
145.31999912 -0.4989776 
145.35999912 -0.4989776 
145.59999912 -0.4989776 
153.87999906 -0.4989776 
153.91999906 -0.4989776 
153.95999906 -0.4989776 
153.99999906 -0.941496 
154.03999906 -0.941496 
154.07999906 -0.941496 
154.11999906 -0.941496 
154.15999906 -0.941496 
154.19999906 -0.941496 
154.23999906 -0.941496 
154.27999906 -0.941496 
154.31999906 -0.941496 
154.35999906 -1.382488 
154.39999906 -0.941496 
154.43999906 -0.941496 
154.47999906 -0.941496 
154.51999906 -1.382488 
154.55999906 -1.382488 
154.59999906 -1.825007 
154.63999906 -1.382488 
154.67999906 -1.825007 
154.71999906 -1.825007 
154.75999906 -1.382488 
154.79999906 -1.825007 
154.83999906 -1.825007 
154.87999906 -1.825007 
154.91999906 -1.825007 
154.95999906 -1.825007 
154.99999906 -1.825007 
155.03999906 -1.825007 
155.07999906 -1.825007 
155.11999906 -1.825007 
155.15999906 -1.825007 
155.19999906 -1.825007 
155.23999906 -1.825007 
155.27999906 -1.825007 
155.31999906 -1.825007 
155.35999906 -1.825007 
155.39999906 -1.825007 
155.43999906 -1.825007 
155.47999906 -1.825007 
155.51999905 -1.825007 
155.55999905 -1.825007 
155.59999905 -1.825007 
155.63999905 -1.825007 
155.67999905 -1.382488 
155.71999905 -1.825007 
155.75999905 -0.941496 
155.79999905 -1.382488 
155.83999905 -2.267525 
155.87999905 -1.382488 
155.91999905 -0.941496 
155.95999905 -1.825007 
155.99999905 -0.941496 
156.03999905 -0.941496 
156.07999905 -1.382488 
156.11999905 -0.941496 
156.15999905 -0.941496 
156.19999905 -0.941496 
156.23999905 -1.382488 
156.27999905 -0.941496 
156.31999905 -0.941496 
156.35999905 -0.941496 
156.39999905 -0.941496 
156.43999905 -0.941496 
156.47999905 -0.941496 
156.51999905 -0.4989776 
156.55999905 -0.4989776 
156.59999905 -0.4989776 
156.63999905 -0.4989776 
156.67999905 -0.4989776 
156.71999905 -0.4989776 
156.79999905 -0.4989776 
156.95999905 -0.4989776 
160.59999902 -0.4989776 
160.87999902 -0.941496 
161.39999902 -0.4989776 
161.43999902 -0.4989776 
161.47999902 -0.4989776 
161.55999902 -0.4989776 
161.59999902 -0.4989776 
161.63999902 -0.4989776 
161.71999902 -0.4989776 
161.75999902 -0.4989776 
161.83999902 -0.4989776 
161.87999902 -0.4989776 
161.91999902 -0.4989776 
161.95999902 -0.4989776 
161.99999902 -0.4989776 
162.03999902 -0.4989776 
162.07999901 -0.4989776 
162.11999901 -0.4989776 
162.15999901 -0.4989776 
162.19999901 -0.4989776 
162.23999901 -0.4989776 
162.27999901 -0.4989776 
162.31999901 -0.4989776 
162.35999901 -0.4989776 
162.39999901 -0.4989776 
162.43999901 -0.4989776 
162.47999901 -0.4989776 
162.51999901 -0.4989776 
162.55999901 -0.4989776 
162.59999901 -0.4989776 
162.63999901 -0.4989776 
162.67999901 -0.4989776 
162.71999901 -0.4989776 
162.75999901 -0.4989776 
162.79999901 -0.4989776 
162.83999901 -0.4989776 
162.95999901 -0.4989776 
163.03999901 -0.4989776 
164.399999 -0.4989776 
164.479999 -0.4989776 
164.519999 -0.4989776 
164.559999 -0.4989776 
164.599999 -0.4989776 
164.639999 -0.4989776 
164.679999 -0.4989776 
164.719999 -0.941496 
164.759999 -0.4989776 
164.799999 -0.4989776 
164.839999 -0.4989776 
164.879999 -0.4989776 
164.919999 -0.4989776 
164.959999 -0.4989776 
164.999999 -0.941496 
165.039999 -0.941496 
165.079999 -0.941496 
165.119999 -0.941496 
165.159999 -0.941496 
165.199999 -1.382488 
165.239999 -0.941496 
165.279999 -0.941496 
165.319999 -0.941496 
165.359999 -0.941496 
165.39999899 -0.941496 
165.43999899 -0.941496 
165.47999899 -0.941496 
165.51999899 -0.941496 
165.55999899 -1.382488 
165.59999899 -1.382488 
165.63999899 -1.825007 
165.67999899 -1.382488 
165.71999899 -1.825007 
165.75999899 -1.825007 
165.79999899 -1.382488 
165.83999899 -1.825007 
165.87999899 -1.825007 
165.91999899 -1.825007 
165.95999899 -1.825007 
165.99999899 -0.941496 
166.03999899 -1.825007 
166.07999899 -1.825007 
166.11999899 -1.825007 
166.15999899 -1.825007 
166.19999899 -1.825007 
166.23999899 -1.825007 
166.27999899 -1.825007 
166.31999899 -1.825007 
166.35999899 -1.825007 
166.39999899 -1.825007 
166.43999899 -1.825007 
166.47999899 -1.382488 
166.51999899 -0.941496 
166.55999899 -1.825007 
166.59999899 -1.825007 
166.63999899 -1.825007 
166.67999899 -1.382488 
166.71999899 -1.382488 
166.75999899 -1.382488 
166.79999899 -1.825007 
166.83999899 -1.382488 
166.87999899 -1.382488 
166.91999899 -0.941496 
166.95999899 -0.941496 
166.99999899 -0.941496 
167.03999898 -0.941496 
167.07999898 -0.941496 
167.11999898 -0.941496 
167.15999898 -0.941496 
167.19999898 -0.941496 
167.23999898 -0.941496 
167.27999898 -0.941496 
167.31999898 -0.4989776 
167.39999898 -0.4989776 
167.43999898 -0.4989776 
167.47999898 -0.941496 
167.51999898 -0.941496 
167.55999898 -0.4989776 
167.63999898 -0.4989776 
177.63999892 -0.4989776 
177.67999892 -0.4989776 
177.71999892 -0.4989776 
177.75999892 -0.4989776 
177.79999892 -0.4989776 
177.83999892 -0.4989776 
177.87999892 -0.4989776 
177.91999892 -0.4989776 
177.95999892 -0.941496 
177.99999892 -0.4989776 
178.03999892 -0.941496 
178.07999892 -0.941496 
178.11999892 -0.4989776 
178.15999892 -0.941496 
178.19999892 -0.941496 
178.23999892 -0.941496 
178.27999892 -0.941496 
178.31999892 -0.941496 
178.35999892 -0.941496 
178.39999892 -0.4989776 
178.43999892 -0.4989776 
178.47999892 -0.941496 
178.51999892 -0.941496 
178.55999891 -0.4989776 
178.59999891 -0.4989776 
178.63999891 -0.4989776 
178.67999891 -0.941496 
178.71999891 -0.941496 
178.75999891 -0.4989776 
178.79999891 -0.4989776 
178.83999891 -0.941496 
178.87999891 -0.4989776 
178.91999891 -0.4989776 
178.95999891 -0.4989776 
179.03999891 -0.4989776 
179.07999891 -0.4989776 
179.19999891 -0.4989776 
187.31999886 -0.4989776 
187.79999886 -0.4989776 
187.83999886 -0.4989776 
187.95999886 -0.4989776 
187.99999886 -0.4989776 
188.03999886 -0.941496 
188.11999886 -0.941496 
188.15999886 -0.4989776 
188.19999886 -0.941496 
188.23999886 -0.4989776 
188.27999886 -0.941496 
188.31999886 -0.941496 
188.35999886 -0.941496 
188.39999886 -0.941496 
188.43999885 -0.941496 
188.47999885 -0.941496 
188.51999885 -0.941496 
188.55999885 -0.941496 
188.59999885 -0.941496 
188.63999885 -0.941496 
188.67999885 -0.941496 
188.71999885 -0.941496 
188.75999885 -0.941496 
188.79999885 -1.382488 
188.83999885 -1.382488 
188.87999885 -1.382488 
188.91999885 -0.941496 
188.95999885 -0.941496 
188.99999885 -0.941496 
189.03999885 -0.941496 
189.07999885 -0.941496 
189.11999885 -1.382488 
189.15999885 -0.941496 
189.19999885 -1.382488 
189.23999885 -0.941496 
189.27999885 -1.382488 
189.31999885 -0.941496 
189.35999885 -1.825007 
189.39999885 -1.382488 
189.43999885 -0.941496 
189.47999885 -1.382488 
189.51999885 -0.941496 
189.55999885 -0.941496 
189.59999885 -0.941496 
189.63999885 -0.941496 
189.67999885 -0.941496 
189.71999885 -0.941496 
189.75999885 -1.382488 
189.79999885 -0.941496 
189.83999885 -0.941496 
189.87999885 -0.941496 
189.91999885 -0.941496 
189.95999885 -0.941496 
189.99999885 -0.941496 
190.03999885 -0.941496 
190.07999884 -0.941496 
190.11999884 -0.941496 
190.15999884 -0.941496 
190.19999884 -0.941496 
190.23999884 -0.941496 
190.27999884 -0.941496 
190.31999884 -0.941496 
190.35999884 -0.941496 
190.39999884 -0.941496 
190.43999884 -0.941496 
190.47999884 -0.941496 
190.51999884 -0.4989776 
190.55999884 -0.941496 
190.59999884 -0.4989776 
190.63999884 -0.4989776 
190.67999884 -0.4989776 
190.71999884 -0.4989776 
190.75999884 -0.4989776 
190.79999884 -0.4989776 
190.83999884 -0.4989776 
190.87999884 -0.4989776 
190.95999884 -0.4989776 
194.51999882 -0.4989776 
0 0 
