0.0 -1.382488 
0.04 -0.941496 
0.08 -0.941496 
0.12 -0.941496 
0.16 -1.825007 
0.2 -0.4989776 
0.24 -1.382488 
0.28 -1.382488 
0.32 -0.941496 
0.36 -0.941496 
0.4 -0.941496 
0.44 -0.941496 
0.48 -0.941496 
0.52 -0.941496 
0.56 -0.4989776 
0.6 -0.4989776 
0.64 -0.4989776 
0.68 -0.4989776 
0.72 -0.4989776 
0.76 -0.4989776 
0.8 -0.4989776 
0.83999999 -0.4989776 
5.07999997 -0.4989776 
5.71999997 -0.4989776 
5.91999996 -0.4989776 
5.95999996 -0.4989776 
6.23999996 -0.4989776 
8.15999995 -0.4989776 
10.19999994 -0.4989776 
10.23999994 -0.4989776 
10.27999994 -0.4989776 
10.31999994 -0.4989776 
10.35999994 -0.4989776 
10.39999994 -0.4989776 
10.43999994 -0.941496 
10.47999994 -0.941496 
10.51999994 -0.4989776 
10.55999994 -0.941496 
10.59999994 -0.941496 
10.63999994 -0.941496 
10.67999994 -0.941496 
10.71999993 -0.941496 
10.75999993 -0.941496 
10.79999993 -0.941496 
10.83999993 -0.941496 
10.87999993 -1.382488 
10.91999993 -0.941496 
10.95999993 -0.941496 
10.99999993 -1.382488 
11.03999993 -0.941496 
11.07999993 -0.941496 
11.11999993 -1.382488 
11.15999993 -1.825007 
11.19999993 -0.941496 
11.23999993 -1.825007 
11.27999993 -1.825007 
11.31999993 -1.825007 
11.35999993 -1.382488 
11.39999993 -1.825007 
11.43999993 -1.825007 
11.47999993 -1.825007 
11.51999993 -1.825007 
11.55999993 -1.382488 
11.59999993 -1.825007 
11.63999993 -0.941496 
11.67999993 -1.825007 
11.71999993 -1.825007 
11.75999993 -1.825007 
11.79999993 -0.941496 
11.83999993 -1.382488 
11.87999993 -1.382488 
11.91999993 -1.825007 
11.95999993 -1.825007 
11.99999993 -0.941496 
12.03999993 -1.382488 
12.07999993 -0.941496 
12.11999993 -0.941496 
12.15999993 -0.941496 
12.19999993 -0.941496 
12.23999993 -0.941496 
12.27999993 -0.941496 
12.31999993 -0.941496 
12.35999992 -0.941496 
12.39999992 -0.941496 
12.43999992 -0.941496 
12.47999992 -0.941496 
12.51999992 -0.941496 
12.55999992 -0.941496 
12.59999992 -0.4989776 
12.63999992 -0.941496 
12.67999992 -0.941496 
12.71999992 -0.941496 
12.75999992 -0.4989776 
12.79999992 -0.4989776 
12.83999992 -0.4989776 
12.87999992 -0.4989776 
12.91999992 -0.941496 
25.67999984 -0.4989776 
25.91999984 -0.4989776 
26.03999984 -0.4989776 
26.07999984 -0.4989776 
26.15999984 -0.4989776 
26.19999984 -0.4989776 
26.23999984 -0.4989776 
26.31999984 -0.4989776 
26.39999984 -0.4989776 
26.43999984 -0.4989776 
26.47999984 -0.4989776 
26.51999984 -0.4989776 
26.55999984 -0.4989776 
26.59999984 -0.4989776 
26.63999984 -0.4989776 
26.67999984 -0.941496 
26.71999984 -0.4989776 
26.75999984 -0.4989776 
26.79999984 -0.4989776 
26.83999984 -0.4989776 
26.87999984 -0.941496 
26.91999984 -0.4989776 
26.95999984 -0.941496 
26.99999984 -0.4989776 
27.03999984 -0.4989776 
27.07999984 -0.4989776 
27.11999984 -0.4989776 
27.15999983 -0.4989776 
27.19999983 -0.4989776 
27.23999983 -0.4989776 
27.27999983 -0.4989776 
27.31999983 -0.4989776 
27.35999983 -0.941496 
27.39999983 -0.941496 
27.43999983 -0.4989776 
27.47999983 -0.4989776 
27.51999983 -0.4989776 
27.55999983 -0.4989776 
27.59999983 -0.4989776 
27.63999983 -0.4989776 
27.67999983 -0.4989776 
27.71999983 -0.4989776 
27.75999983 -0.4989776 
27.79999983 -0.4989776 
27.83999983 -0.4989776 
27.91999983 -0.4989776 
32.5599998 -0.4989776 
32.8399998 -0.4989776 
32.9199998 -0.4989776 
32.9599998 -0.4989776 
33.0399998 -0.4989776 
33.0799998 -0.4989776 
33.1199998 -0.4989776 
33.1599998 -0.4989776 
33.1999998 -0.4989776 
33.2399998 -0.4989776 
33.3199998 -0.4989776 
33.3999998 -0.4989776 
33.5599998 -0.4989776 
35.27999979 -0.4989776 
35.43999978 -0.4989776 
35.79999978 -0.4989776 
35.91999978 -0.4989776 
36.03999978 -0.4989776 
36.07999978 -0.941496 
36.43999978 -0.4989776 
36.47999978 -0.4989776 
36.55999978 -0.4989776 
36.59999978 -0.4989776 
36.63999978 -0.4989776 
36.67999978 -0.4989776 
36.71999978 -0.4989776 
36.75999978 -0.941496 
36.79999978 -0.4989776 
36.83999978 -0.4989776 
36.87999978 -0.941496 
36.91999978 -0.4989776 
36.95999978 -0.4989776 
36.99999978 -0.4989776 
37.03999977 -0.941496 
37.07999977 -0.4989776 
37.11999977 -0.941496 
37.15999977 -0.941496 
37.19999977 -0.941496 
37.23999977 -0.941496 
37.27999977 -0.941496 
37.31999977 -0.4989776 
37.35999977 -0.941496 
37.39999977 -0.941496 
37.43999977 -0.941496 
37.47999977 -0.941496 
37.51999977 -0.941496 
37.55999977 -0.941496 
37.59999977 -0.941496 
37.63999977 -0.941496 
37.67999977 -0.941496 
37.71999977 -0.941496 
37.75999977 -0.941496 
37.79999977 -0.941496 
37.83999977 -0.941496 
37.87999977 -0.941496 
37.91999977 -1.825007 
37.95999977 -0.941496 
37.99999977 -0.941496 
38.03999977 -0.941496 
38.07999977 -0.941496 
38.11999977 -0.941496 
38.15999977 -0.941496 
38.19999977 -0.941496 
38.23999977 -0.941496 
38.27999977 -0.941496 
38.31999977 -0.941496 
38.35999977 -0.941496 
38.39999977 -0.941496 
38.43999977 -0.941496 
38.47999977 -0.941496 
38.51999977 -0.941496 
38.55999977 -0.941496 
38.59999977 -0.941496 
38.63999977 -0.941496 
38.67999976 -0.941496 
38.71999976 -0.941496 
38.75999976 -0.4989776 
38.79999976 -0.941496 
38.83999976 -0.941496 
38.87999976 -0.4989776 
38.91999976 -0.941496 
38.95999976 -0.4989776 
38.99999976 -0.941496 
39.03999976 -0.941496 
39.07999976 -0.941496 
39.19999976 -0.4989776 
48.39999971 -0.4989776 
48.47999971 -0.4989776 
48.51999971 -0.4989776 
48.5599997 -0.4989776 
48.5999997 -0.4989776 
48.6399997 -0.4989776 
48.6799997 -0.4989776 
48.7599997 -0.4989776 
48.7999997 -0.4989776 
48.8399997 -0.4989776 
48.8799997 -0.941496 
48.9199997 -0.941496 
48.9599997 -0.941496 
48.9999997 -0.4989776 
49.0399997 -0.941496 
49.0799997 -0.4989776 
49.1199997 -0.941496 
49.1599997 -0.941496 
49.1999997 -0.941496 
49.2399997 -0.941496 
49.2799997 -0.4989776 
49.3199997 -0.4989776 
49.3599997 -0.4989776 
49.3999997 -0.4989776 
49.4399997 -0.941496 
49.4799997 -0.4989776 
49.5199997 -0.4989776 
49.5599997 -0.4989776 
49.5999997 -0.4989776 
49.6399997 -0.4989776 
49.6799997 -0.4989776 
49.7199997 -0.4989776 
49.7599997 -0.4989776 
49.7999997 -0.4989776 
49.8399997 -0.4989776 
49.8799997 -0.4989776 
49.9199997 -0.4989776 
49.9999997 -0.4989776 
50.0399997 -0.4989776 
59.23999964 -0.4989776 
59.27999964 -0.4989776 
59.35999964 -0.4989776 
59.39999964 -0.4989776 
59.43999964 -0.4989776 
59.47999964 -0.941496 
59.51999964 -0.941496 
59.55999964 -0.941496 
59.59999964 -0.941496 
59.63999964 -0.941496 
59.67999964 -0.941496 
59.71999964 -0.941496 
59.75999964 -0.941496 
59.79999964 -1.382488 
59.83999964 -0.941496 
59.87999964 -0.941496 
59.91999964 -1.825007 
59.95999964 -1.825007 
59.99999964 -1.825007 
60.03999964 -1.825007 
60.07999963 -1.825007 
60.11999963 -1.825007 
60.15999963 -1.825007 
60.19999963 -1.825007 
60.23999963 -1.825007 
60.27999963 -1.825007 
60.31999963 -1.825007 
60.35999963 -2.267525 
60.39999963 -2.267525 
60.43999963 -2.267525 
60.47999963 -2.267525 
60.51999963 -2.267525 
60.55999963 -2.267525 
60.59999963 -2.267525 
60.63999963 -2.267525 
60.67999963 -2.267525 
60.71999963 -2.267525 
60.75999963 -2.267525 
60.79999963 -2.267525 
60.83999963 -2.267525 
60.87999963 -2.267525 
60.91999963 -2.267525 
60.95999963 -2.267525 
60.99999963 -2.267525 
61.03999963 -2.267525 
61.07999963 -2.267525 
61.11999963 -2.267525 
61.15999963 -2.267525 
61.19999963 -1.825007 
61.23999963 -2.267525 
61.27999963 -1.825007 
61.31999963 -2.267525 
61.35999963 -1.825007 
61.39999963 -1.825007 
61.43999963 -1.825007 
61.47999963 -1.825007 
61.51999963 -1.825007 
61.55999963 -1.825007 
61.59999963 -1.382488 
61.63999963 -1.825007 
61.67999963 -1.825007 
61.71999962 -1.825007 
61.75999962 -1.825007 
61.79999962 -1.382488 
61.83999962 -0.941496 
61.87999962 -1.382488 
61.91999962 -0.941496 
61.95999962 -0.941496 
61.99999962 -0.941496 
62.03999962 -0.941496 
62.07999962 -0.941496 
62.11999962 -0.941496 
62.15999962 -0.941496 
62.19999962 -0.941496 
62.23999962 -0.4989776 
62.31999962 -0.4989776 
62.35999962 -0.941496 
62.39999962 -0.4989776 
62.47999962 -0.4989776 
62.71999962 -0.941496 
62.75999962 -0.4989776 
62.87999962 -0.4989776 
71.91999956 -0.4989776 
82.4399995 -0.4989776 
82.7999995 -0.4989776 
86.27999948 -0.4989776 
86.31999948 -0.4989776 
86.39999947 -0.4989776 
86.43999947 -0.4989776 
86.47999947 -0.4989776 
86.51999947 -0.4989776 
86.55999947 -0.4989776 
86.59999947 -0.4989776 
86.63999947 -0.4989776 
86.67999947 -0.4989776 
86.71999947 -0.4989776 
86.75999947 -0.4989776 
86.79999947 -0.4989776 
86.83999947 -0.941496 
86.87999947 -0.4989776 
86.91999947 -0.4989776 
86.95999947 -0.941496 
86.99999947 -0.941496 
87.03999947 -0.4989776 
87.07999947 -0.4989776 
87.11999947 -0.941496 
87.15999947 -0.941496 
87.19999947 -0.941496 
87.23999947 -0.941496 
87.27999947 -0.941496 
87.31999947 -0.4989776 
87.35999947 -0.941496 
87.39999947 -0.941496 
87.43999947 -0.941496 
87.47999947 -0.4989776 
87.51999947 -0.941496 
87.55999947 -0.941496 
87.59999947 -0.4989776 
87.63999947 -0.941496 
87.67999947 -0.941496 
87.71999947 -0.941496 
87.75999947 -0.4989776 
87.79999947 -0.941496 
87.83999947 -0.4989776 
87.87999947 -0.4989776 
87.91999947 -0.4989776 
87.95999947 -0.4989776 
87.99999947 -0.941496 
88.03999946 -0.4989776 
88.07999946 -0.941496 
88.11999946 -0.941496 
88.15999946 -0.4989776 
88.19999946 -0.4989776 
88.23999946 -0.941496 
88.27999946 -0.4989776 
88.31999946 -0.4989776 
88.35999946 -0.4989776 
88.39999946 -0.4989776 
88.43999946 -0.4989776 
88.47999946 -0.4989776 
88.51999946 -0.4989776 
88.55999946 -0.4989776 
88.59999946 -0.4989776 
88.63999946 -0.4989776 
88.67999946 -0.4989776 
88.71999946 -1.825007 
88.75999946 -0.941496 
88.83999946 -0.941496 
88.87999946 -0.941496 
88.95999946 -0.4989776 
88.99999946 -0.4989776 
89.03999946 -0.4989776 
89.19999946 -0.941496 
89.23999946 -0.941496 
89.35999946 -0.4989776 
89.51999946 -0.4989776 
97.55999941 -0.4989776 
97.59999941 -0.4989776 
97.63999941 -0.4989776 
97.75999941 -0.4989776 
97.79999941 -0.4989776 
97.83999941 -0.4989776 
97.9199994 -0.941496 
97.9599994 -0.4989776 
97.9999994 -0.941496 
98.0399994 -0.4989776 
98.0799994 -0.4989776 
98.1199994 -0.4989776 
98.1599994 -0.4989776 
98.1999994 -0.941496 
98.2399994 -0.941496 
98.2799994 -0.941496 
98.3199994 -0.941496 
98.3599994 -0.4989776 
98.3999994 -0.941496 
98.4399994 -0.941496 
98.4799994 -0.941496 
98.5199994 -0.941496 
98.5599994 -0.4989776 
98.5999994 -0.941496 
98.6399994 -0.941496 
98.6799994 -0.941496 
98.7199994 -0.941496 
98.7599994 -0.941496 
98.7999994 -0.941496 
98.8399994 -0.941496 
98.8799994 -0.941496 
98.9199994 -0.941496 
98.9599994 -0.941496 
98.9999994 -0.941496 
99.0399994 -0.941496 
99.0799994 -0.941496 
99.1199994 -0.941496 
99.1599994 -0.4989776 
99.1999994 -0.4989776 
99.2399994 -0.4989776 
99.2799994 -0.4989776 
99.3199994 -0.4989776 
99.3599994 -0.941496 
99.3999994 -0.4989776 
99.4399994 -0.4989776 
99.4799994 -0.4989776 
99.5199994 -0.4989776 
99.55999939 -0.4989776 
99.59999939 -0.4989776 
109.03999934 -0.4989776 
109.07999934 -0.4989776 
109.11999934 -0.4989776 
109.19999934 -0.4989776 
109.23999934 -0.4989776 
109.27999934 -0.4989776 
109.31999934 -0.4989776 
109.35999934 -0.941496 
109.39999934 -0.4989776 
109.43999933 -0.4989776 
109.47999933 -0.941496 
109.51999933 -0.941496 
109.55999933 -0.941496 
109.59999933 -0.941496 
109.63999933 -0.941496 
109.67999933 -0.941496 
109.71999933 -0.941496 
109.75999933 -0.941496 
109.79999933 -0.941496 
109.83999933 -0.941496 
109.87999933 -0.941496 
109.91999933 -0.941496 
109.95999933 -0.941496 
109.99999933 -0.941496 
110.03999933 -0.941496 
110.07999933 -0.941496 
110.11999933 -0.941496 
110.15999933 -0.941496 
110.19999933 -0.941496 
110.27999933 -0.941496 
110.31999933 -0.941496 
110.35999933 -0.941496 
110.39999933 -0.941496 
110.43999933 -1.382488 
110.47999933 -0.941496 
110.51999933 -0.941496 
110.55999933 -0.941496 
110.59999933 -0.941496 
110.63999933 -0.941496 
110.67999933 -0.941496 
110.71999933 -0.941496 
110.75999933 -0.941496 
110.79999933 -0.941496 
110.83999933 -0.941496 
110.87999933 -0.941496 
110.91999933 -0.941496 
110.95999933 -0.941496 
110.99999933 -0.4989776 
111.03999933 -0.4989776 
111.07999932 -0.941496 
111.11999932 -0.941496 
111.15999932 -0.941496 
111.19999932 -0.4989776 
111.23999932 -0.4989776 
111.27999932 -0.4989776 
111.31999932 -0.941496 
111.35999932 -0.941496 
111.39999932 -0.4989776 
111.43999932 -0.4989776 
111.47999932 -0.4989776 
111.51999932 -0.4989776 
111.55999932 -0.4989776 
111.59999932 -0.941496 
111.63999932 -0.4989776 
111.75999932 -0.4989776 
111.79999932 -0.4989776 
114.27999931 -0.4989776 
114.4799993 -0.941496 
114.6399993 -0.941496 
114.7599993 -0.4989776 
114.9599993 -0.4989776 
114.9999993 -0.941496 
115.2799993 -0.4989776 
119.95999927 -0.4989776 
120.03999927 -0.4989776 
120.11999927 -0.4989776 
120.15999927 -0.4989776 
120.19999927 -0.4989776 
120.27999927 -0.4989776 
120.35999927 -0.4989776 
120.43999927 -0.4989776 
120.47999927 -0.4989776 
120.55999927 -0.4989776 
120.59999927 -0.4989776 
120.79999927 -0.4989776 
120.83999927 -0.4989776 
120.87999927 -0.4989776 
120.91999927 -0.4989776 
120.95999926 -0.4989776 
120.99999926 -0.4989776 
121.03999926 -0.4989776 
121.07999926 -0.4989776 
121.15999926 -0.4989776 
121.31999926 -0.4989776 
121.35999926 -0.4989776 
121.51999926 -0.4989776 
121.63999926 -0.4989776 
121.67999926 -0.4989776 
121.75999926 -0.4989776 
122.23999926 -0.4989776 
125.19999924 -0.4989776 
125.23999924 -0.4989776 
125.31999924 -0.4989776 
125.35999924 -0.4989776 
125.39999924 -0.4989776 
125.43999924 -0.4989776 
125.47999924 -0.4989776 
125.51999924 -0.4989776 
125.59999924 -0.4989776 
125.63999924 -0.4989776 
125.67999924 -0.4989776 
125.71999924 -0.4989776 
125.75999924 -0.4989776 
125.79999924 -0.4989776 
125.83999924 -0.4989776 
125.87999923 -0.4989776 
125.91999923 -0.4989776 
125.95999923 -0.4989776 
125.99999923 -0.4989776 
126.03999923 -0.4989776 
126.07999923 -0.4989776 
126.11999923 -0.4989776 
126.15999923 -0.4989776 
126.19999923 -0.4989776 
126.23999923 -0.4989776 
126.27999923 -0.4989776 
126.31999923 -0.4989776 
126.35999923 -0.941496 
126.39999923 -0.4989776 
126.43999923 -0.4989776 
126.47999923 -0.4989776 
126.51999923 -0.4989776 
126.55999923 -0.4989776 
126.59999923 -0.941496 
126.63999923 -0.4989776 
126.67999923 -0.941496 
126.71999923 -0.4989776 
126.83999923 -0.4989776 
136.31999917 -0.4989776 
136.35999917 -0.4989776 
136.39999917 -0.941496 
136.43999917 -0.4989776 
136.47999917 -0.4989776 
136.51999917 -0.4989776 
136.55999917 -0.4989776 
136.59999917 -0.4989776 
136.63999917 -0.4989776 
136.67999917 -0.4989776 
136.71999917 -0.941496 
136.75999917 -0.4989776 
136.79999917 -0.4989776 
136.83999917 -0.4989776 
136.87999917 -0.4989776 
136.91999917 -0.4989776 
136.95999917 -0.4989776 
136.99999917 -0.4989776 
137.03999917 -0.4989776 
137.07999917 -0.4989776 
137.11999917 -0.4989776 
137.19999917 -0.4989776 
137.23999917 -0.4989776 
137.31999917 -0.4989776 
137.39999916 -0.4989776 
137.43999916 -0.4989776 
137.47999916 -0.4989776 
142.43999913 -0.4989776 
142.63999913 -0.4989776 
142.67999913 -0.4989776 
142.71999913 -0.4989776 
142.79999913 -0.4989776 
142.83999913 -0.4989776 
142.87999913 -0.4989776 
142.91999913 -0.4989776 
142.95999913 -0.4989776 
142.99999913 -0.4989776 
143.03999913 -0.4989776 
143.07999913 -0.4989776 
143.11999913 -0.4989776 
143.15999913 -0.4989776 
143.19999913 -0.4989776 
143.23999913 -0.4989776 
143.27999913 -0.4989776 
143.31999913 -0.4989776 
143.35999913 -0.4989776 
143.39999913 -0.4989776 
143.43999913 -0.4989776 
143.71999913 -0.4989776 
143.83999913 -0.4989776 
146.83999911 -0.4989776 
146.87999911 -0.4989776 
146.91999911 -0.4989776 
146.95999911 -0.4989776 
146.99999911 -0.941496 
147.03999911 -0.4989776 
147.07999911 -0.4989776 
147.11999911 -0.941496 
147.15999911 -0.941496 
147.19999911 -0.941496 
147.23999911 -0.941496 
147.2799991 -0.941496 
147.3199991 -0.941496 
147.3599991 -0.941496 
147.3999991 -1.382488 
147.4399991 -1.382488 
147.4799991 -1.382488 
147.5199991 -1.382488 
147.5599991 -1.825007 
147.5999991 -1.382488 
147.6399991 -1.825007 
147.6799991 -1.825007 
147.7199991 -1.825007 
147.7599991 -1.825007 
147.7999991 -1.825007 
147.8399991 -1.825007 
147.8799991 -1.825007 
147.9199991 -1.825007 
147.9599991 -1.825007 
147.9999991 -1.825007 
148.0399991 -1.825007 
148.0799991 -1.825007 
148.1199991 -1.825007 
148.1599991 -1.825007 
148.1999991 -1.825007 
148.2399991 -1.825007 
148.2799991 -1.825007 
148.3199991 -1.825007 
148.3599991 -1.825007 
148.3999991 -1.825007 
148.4399991 -1.825007 
148.4799991 -1.825007 
148.5199991 -1.825007 
148.5599991 -1.825007 
148.5999991 -0.4989776 
148.6399991 -1.825007 
148.6799991 -1.825007 
148.7199991 -1.825007 
148.7599991 -1.825007 
148.7999991 -1.382488 
148.8399991 -0.941496 
148.8799991 -0.941496 
148.91999909 -0.941496 
148.95999909 -0.941496 
148.99999909 -0.941496 
149.03999909 -0.941496 
149.07999909 -0.941496 
149.11999909 -0.941496 
149.15999909 -0.941496 
149.19999909 -0.941496 
149.23999909 -0.941496 
149.27999909 -0.4989776 
149.31999909 -0.941496 
149.35999909 -0.941496 
149.39999909 -0.4989776 
149.43999909 -0.4989776 
149.47999909 -0.4989776 
149.51999909 -0.4989776 
159.27999903 -0.4989776 
159.31999903 -0.4989776 
159.35999903 -0.4989776 
159.39999903 -0.4989776 
159.43999903 -0.4989776 
159.47999903 -0.4989776 
159.51999903 -0.4989776 
159.55999903 -0.4989776 
159.59999903 -0.4989776 
159.63999903 -0.4989776 
159.67999903 -0.4989776 
159.71999903 -0.941496 
159.75999903 -0.4989776 
159.83999903 -0.941496 
159.87999903 -0.941496 
159.91999903 -0.4989776 
159.95999903 -0.4989776 
159.99999903 -0.941496 
160.03999903 -0.4989776 
160.07999903 -0.4989776 
160.11999903 -0.941496 
160.15999903 -0.4989776 
160.19999903 -0.4989776 
160.23999903 -0.4989776 
160.27999903 -0.4989776 
160.31999903 -0.4989776 
160.35999903 -0.4989776 
160.39999903 -0.4989776 
160.43999902 -0.4989776 
160.47999902 -0.4989776 
160.51999902 -0.4989776 
160.55999902 -0.4989776 
160.59999902 -0.4989776 
160.63999902 -0.4989776 
160.71999902 -0.4989776 
160.75999902 -0.4989776 
160.79999902 -0.4989776 
160.83999902 -0.4989776 
164.039999 -0.4989776 
164.199999 -0.4989776 
164.519999 -0.4989776 
164.559999 -0.4989776 
164.839999 -0.4989776 
169.55999897 -0.4989776 
169.59999897 -0.4989776 
170.91999896 -0.4989776 
170.95999896 -0.4989776 
171.31999896 -0.4989776 
171.47999896 -0.4989776 
171.55999896 -0.4989776 
171.71999896 -0.4989776 
171.75999896 -0.4989776 
171.79999896 -0.4989776 
171.83999896 -0.4989776 
171.87999896 -0.4989776 
171.91999896 -0.4989776 
172.03999895 -0.4989776 
172.07999895 -0.4989776 
172.11999895 -0.4989776 
172.19999895 -0.4989776 
172.27999895 -0.4989776 
172.43999895 -0.4989776 
172.51999895 -0.4989776 
172.55999895 -0.4989776 
172.75999895 -0.4989776 
172.87999895 -0.4989776 
172.99999895 -0.4989776 
173.07999895 -0.4989776 
173.11999895 -0.4989776 
173.15999895 -0.4989776 
173.31999895 -0.4989776 
173.39999895 -0.4989776 
173.47999895 -0.4989776 
173.51999895 -0.4989776 
173.55999895 -0.4989776 
173.67999894 -0.4989776 
173.71999894 -0.4989776 
173.75999894 -0.4989776 
173.79999894 -0.4989776 
173.83999894 -0.4989776 
173.87999894 -0.4989776 
173.91999894 -0.4989776 
173.95999894 -0.4989776 
173.99999894 -0.4989776 
174.03999894 -0.4989776 
174.07999894 -0.4989776 
174.11999894 -0.4989776 
174.15999894 -0.4989776 
174.19999894 -0.4989776 
174.27999894 -0.4989776 
174.31999894 -0.4989776 
174.35999894 -0.4989776 
174.39999894 -0.4989776 
174.43999894 -0.4989776 
174.47999894 -0.4989776 
174.51999894 -0.4989776 
174.55999894 -0.4989776 
174.59999894 -0.4989776 
174.63999894 -0.4989776 
174.67999894 -0.4989776 
174.71999894 -0.4989776 
174.95999894 -0.4989776 
175.19999894 -0.4989776 
184.79999888 -0.4989776 
184.91999888 -0.4989776 
184.95999888 -0.4989776 
185.03999888 -0.4989776 
185.07999888 -0.4989776 
185.11999887 -0.4989776 
185.15999887 -0.4989776 
185.23999887 -0.4989776 
185.27999887 -0.4989776 
185.31999887 -0.4989776 
185.35999887 -0.4989776 
185.39999887 -0.4989776 
185.43999887 -0.4989776 
185.47999887 -0.4989776 
185.51999887 -0.4989776 
185.59999887 -0.4989776 
185.63999887 -0.4989776 
185.67999887 -0.4989776 
185.71999887 -0.4989776 
185.75999887 -0.4989776 
185.79999887 -0.4989776 
185.83999887 -0.4989776 
185.87999887 -0.4989776 
185.91999887 -0.4989776 
185.95999887 -0.4989776 
186.07999887 -0.4989776 
186.15999887 -0.4989776 
196.35999881 -0.4989776 
196.39999881 -0.4989776 
196.43999881 -0.4989776 
196.47999881 -0.4989776 
196.51999881 -0.941496 
196.55999881 -0.941496 
196.59999881 -0.941496 
196.6399988 -0.941496 
196.6799988 -0.941496 
196.7199988 -0.941496 
196.7599988 -0.941496 
196.7999988 -0.941496 
196.8399988 -1.382488 
196.8799988 -0.941496 
196.9199988 -1.382488 
196.9599988 -1.382488 
196.9999988 -0.941496 
197.0399988 -1.382488 
197.0799988 -1.382488 
197.1199988 -1.382488 
197.1599988 -1.382488 
197.1999988 -1.825007 
197.2399988 -1.825007 
197.2799988 -1.825007 
197.3199988 -1.825007 
197.3599988 -1.825007 
197.3999988 -1.382488 
197.4399988 -1.825007 
197.4799988 -1.825007 
197.5199988 -1.825007 
197.5599988 -1.825007 
197.5999988 -1.825007 
197.6399988 -1.825007 
197.6799988 -1.825007 
197.7199988 -1.825007 
197.7599988 -1.825007 
197.7999988 -1.825007 
197.8399988 -1.825007 
197.8799988 -1.825007 
197.9199988 -0.941496 
197.9599988 -1.825007 
197.9999988 -1.382488 
198.0399988 -1.382488 
198.0799988 -1.825007 
198.1199988 -1.382488 
198.1599988 -0.941496 
198.1999988 -1.382488 
198.2399988 -0.941496 
198.27999879 -0.941496 
198.31999879 -0.941496 
198.35999879 -0.941496 
198.39999879 -0.941496 
198.43999879 -0.941496 
198.47999879 -0.941496 
198.51999879 -0.941496 
198.55999879 -0.941496 
198.59999879 -0.941496 
198.63999879 -0.941496 
198.67999879 -0.4989776 
198.71999879 -0.4989776 
198.75999879 -0.4989776 
198.79999879 -0.4989776 
198.83999879 -0.4989776 
198.87999879 -0.4989776 
198.91999879 -0.4989776 
198.95999879 -0.4989776 
0 0 
