4.95999997 -0.4989776 
17.1999999 -0.4989776 
17.35999989 -0.4989776 
17.71999989 -0.941496 
17.87999989 -0.4989776 
17.99999989 -0.4989776 
44.55999973 -0.4989776 
66.3199996 -0.4989776 
66.4399996 -0.4989776 
66.4799996 -0.4989776 
66.5199996 -0.4989776 
66.5999996 -0.4989776 
66.63999959 -0.4989776 
66.67999959 -0.4989776 
66.71999959 -0.4989776 
66.75999959 -0.4989776 
66.79999959 -0.4989776 
66.83999959 -0.4989776 
66.87999959 -0.4989776 
66.91999959 -0.4989776 
66.95999959 -0.941496 
66.99999959 -0.941496 
67.03999959 -0.4989776 
67.11999959 -0.4989776 
67.15999959 -0.4989776 
67.19999959 -0.4989776 
67.23999959 -0.4989776 
67.27999959 -0.4989776 
67.31999959 -0.4989776 
67.39999959 -0.4989776 
67.43999959 -0.4989776 
88.95999946 -0.4989776 
89.19999946 -0.4989776 
89.35999946 -0.4989776 
89.39999946 -0.4989776 
89.43999946 -0.4989776 
89.71999945 -0.4989776 
89.79999945 -0.4989776 
89.87999945 -0.941496 
89.91999945 -0.4989776 
116.03999929 -0.4989776 
116.07999929 -0.4989776 
116.15999929 -0.4989776 
116.31999929 -0.4989776 
116.43999929 -0.4989776 
116.47999929 -0.4989776 
116.51999929 -0.4989776 
116.55999929 -0.4989776 
116.59999929 -0.4989776 
116.63999929 -0.4989776 
116.67999929 -0.4989776 
116.75999929 -0.4989776 
116.79999929 -0.4989776 
116.83999929 -0.4989776 
116.91999929 -0.4989776 
116.99999929 -0.4989776 
117.11999929 -0.4989776 
127.47999923 -0.4989776 
127.55999922 -0.4989776 
127.59999922 -0.4989776 
127.63999922 -0.4989776 
127.67999922 -0.4989776 
127.75999922 -0.4989776 
127.79999922 -0.4989776 
127.83999922 -0.4989776 
127.87999922 -0.4989776 
127.91999922 -0.4989776 
127.95999922 -0.4989776 
127.99999922 -0.4989776 
128.03999922 -0.4989776 
165.199999 -0.4989776 
165.359999 -0.4989776 
165.39999899 -0.4989776 
165.55999899 -0.4989776 
165.59999899 -0.4989776 
165.63999899 -0.4989776 
165.67999899 -0.4989776 
165.71999899 -0.4989776 
165.75999899 -0.4989776 
165.79999899 -0.4989776 
165.83999899 -0.4989776 
165.87999899 -0.4989776 
165.91999899 -0.4989776 
165.95999899 -0.4989776 
165.99999899 -0.4989776 
166.03999899 -0.4989776 
166.07999899 -0.4989776 
166.15999899 -0.4989776 
166.23999899 -0.4989776 
166.31999899 -0.4989776 
0 0 
