0.04 -0.941496 
0.08 -0.941496 
1.43999999 -7.129124 
1.67999999 -1.825007 
1.71999999 -0.941496 
1.95999999 -0.4989776 
2.11999999 -0.4989776 
2.15999999 -0.4989776 
3.15999998 -0.4989776 
3.43999998 -0.4989776 
3.67999998 -0.941496 
3.87999998 -0.4989776 
4.03999998 -0.4989776 
4.07999998 -0.4989776 
4.19999997 -0.4989776 
4.27999997 -0.4989776 
4.31999997 -0.4989776 
4.35999997 -0.4989776 
4.51999997 -0.4989776 
4.55999997 -0.4989776 
4.63999997 -0.4989776 
4.67999997 -0.4989776 
4.87999997 -0.4989776 
4.91999997 -0.4989776 
4.95999997 -0.4989776 
5.11999997 -0.941496 
5.15999997 -0.4989776 
5.19999997 -0.4989776 
5.23999997 -0.4989776 
5.39999997 -0.4989776 
5.43999997 -0.4989776 
5.47999997 -0.941496 
5.51999997 -0.4989776 
5.63999997 -0.4989776 
5.67999997 -0.4989776 
5.71999997 -0.4989776 
5.79999996 -0.941496 
5.91999996 -5.360576 
5.95999996 -2.267525 
6.07999996 -2.708518 
6.11999996 -4.034547 
6.15999996 -2.267525 
6.19999996 -1.382488 
6.35999996 -4.477065 
6.39999996 -5.803094 
6.43999996 -2.267525 
6.63999996 -0.4989776 
6.67999996 -3.151036 
6.83999996 -2.267525 
6.87999996 -0.4989776 
6.99999996 -0.941496 
7.19999996 -0.4989776 
7.23999996 -0.4989776 
7.83999995 -1.382488 
7.87999995 -0.941496 
8.07999995 -0.4989776 
8.11999995 -1.382488 
8.15999995 -0.941496 
8.39999995 -0.4989776 
8.51999995 -0.941496 
8.55999995 -0.4989776 
8.75999995 -0.4989776 
8.91999995 -0.941496 
9.03999995 -0.941496 
9.07999994 -2.708518 
9.31999994 -0.4989776 
9.35999994 -0.4989776 
9.55999994 -0.4989776 
9.71999994 -0.4989776 
9.87999994 -0.941496 
9.91999994 -0.941496 
10.03999994 -2.267525 
10.07999994 -0.941496 
10.31999994 -0.4989776 
10.83999993 -0.4989776 
12.27999993 -2.708518 
12.31999993 -0.941496 
12.51999992 -0.4989776 
12.55999992 -0.941496 
13.91999992 -0.941496 
13.95999992 -0.941496 
14.15999991 -0.4989776 
14.19999991 -0.941496 
17.67999989 -0.4989776 
18.51999989 -0.941496 
18.55999989 -0.941496 
18.75999989 -1.382488 
18.79999989 -1.825007 
20.19999988 -0.941496 
20.23999988 -0.941496 
20.43999988 -0.4989776 
20.47999988 -0.4989776 
22.43999986 -0.941496 
24.71999985 -3.151036 
24.75999985 -3.151036 
24.91999985 -1.825007 
24.95999985 -0.941496 
25.19999985 -0.4989776 
26.51999984 -0.4989776 
26.55999984 -0.941496 
27.27999983 -0.4989776 
29.23999982 -3.151036 
29.39999982 -4.034547 
29.71999982 -2.267525 
29.75999982 -0.4989776 
29.87999982 -2.267525 
29.99999982 -0.941496 
30.03999982 -1.382488 
30.51999981 -0.941496 
30.55999981 -0.941496 
30.87999981 -0.4989776 
30.91999981 -0.4989776 
31.07999981 -0.941496 
31.11999981 -2.267525 
31.15999981 -1.825007 
31.31999981 -0.941496 
31.35999981 -2.267525 
31.39999981 -1.825007 
31.59999981 -0.941496 
31.63999981 -0.941496 
31.67999981 -0.941496 
31.83999981 -0.4989776 
31.87999981 -0.941496 
31.91999981 -0.4989776 
32.03999981 -1.382488 
32.07999981 -1.382488 
32.2799998 -0.4989776 
32.3199998 -0.4989776 
32.3599998 -0.4989776 
32.3999998 -0.4989776 
32.4399998 -1.382488 
32.4799998 -0.941496 
32.6399998 -0.4989776 
32.7199998 -0.941496 
32.7599998 -0.941496 
32.7999998 -0.4989776 
32.9999998 -0.941496 
33.0399998 -0.941496 
33.2399998 -0.4989776 
35.35999979 -3.593554 
35.39999978 -0.4989776 
35.67999978 -0.4989776 
36.03999978 -5.803094 
36.07999978 -0.4989776 
36.19999978 -0.4989776 
36.23999978 -0.4989776 
36.51999978 -0.4989776 
36.75999978 -0.941496 
36.79999978 -0.4989776 
37.15999977 -0.4989776 
37.47999977 -1.825007 
37.51999977 -2.267525 
37.55999977 -0.4989776 
37.75999977 -0.4989776 
39.03999976 -0.941496 
40.07999976 -0.4989776 
41.95999974 -0.4989776 
42.23999974 -0.4989776 
42.55999974 -1.825007 
42.59999974 -1.825007 
42.75999974 -0.941496 
42.79999974 -0.4989776 
42.83999974 -0.941496 
42.87999974 -0.941496 
42.99999974 -0.4989776 
43.03999974 -0.4989776 
43.07999974 -0.941496 
43.11999974 -0.941496 
43.15999974 -0.4989776 
43.19999974 -0.4989776 
43.23999974 -0.4989776 
43.31999974 -0.4989776 
43.35999974 -0.941496 
43.43999974 -0.941496 
43.55999974 -0.4989776 
43.59999974 -0.941496 
43.63999973 -1.825007 
43.67999973 -0.941496 
43.83999973 -0.4989776 
43.87999973 -1.825007 
43.91999973 -0.941496 
44.15999973 -0.4989776 
44.35999973 -0.4989776 
44.99999973 -0.4989776 
45.19999973 -0.4989776 
45.23999973 -0.4989776 
45.43999972 -0.4989776 
48.35999971 -1.825007 
48.39999971 -1.825007 
48.7599997 -2.708518 
48.7999997 -0.941496 
50.0399997 -0.941496 
52.67999968 -0.4989776 
52.79999968 -3.593554 
52.83999968 -1.825007 
52.95999968 -0.4989776 
52.99999968 -2.267525 
53.03999968 -0.4989776 
53.23999968 -1.825007 
53.27999968 -2.708518 
53.31999968 -0.941496 
53.43999968 -0.941496 
53.55999967 -2.267525 
53.71999967 -1.825007 
54.07999967 -0.4989776 
55.03999967 -0.4989776 
55.67999966 -0.4989776 
56.03999966 -0.4989776 
56.07999966 -0.941496 
56.27999966 -0.941496 
56.31999966 -1.382488 
56.35999966 -0.941496 
56.55999966 -0.4989776 
56.59999966 -0.4989776 
57.71999965 -0.941496 
57.91999965 -0.941496 
57.95999965 -1.382488 
58.15999965 -0.4989776 
58.19999965 -0.941496 
58.23999965 -0.4989776 
58.67999964 -0.4989776 
58.91999964 -0.4989776 
58.95999964 -0.4989776 
59.07999964 -0.941496 
59.23999964 -0.4989776 
59.27999964 -0.941496 
59.31999964 -1.825007 
59.35999964 -0.941496 
59.59999964 -0.941496 
59.63999964 -0.4989776 
60.59999963 -0.4989776 
60.71999963 -0.4989776 
61.11999963 -0.941496 
61.15999963 -0.4989776 
61.35999963 -0.4989776 
61.63999963 -2.267525 
61.67999963 -2.267525 
62.15999962 -0.941496 
62.19999962 -4.034547 
62.35999962 -2.267525 
62.39999962 -1.825007 
62.67999962 -0.4989776 
62.83999962 -0.4989776 
63.75999961 -0.941496 
63.95999961 -0.941496 
63.99999961 -2.267525 
64.03999961 -0.4989776 
64.19999961 -0.4989776 
64.23999961 -0.941496 
64.43999961 -0.4989776 
64.67999961 -0.4989776 
64.83999961 -0.4989776 
64.87999961 -0.941496 
64.9999996 -0.4989776 
65.0399996 -0.941496 
67.83999959 -0.4989776 
68.27999959 -0.941496 
68.31999958 -0.4989776 
68.35999958 -0.4989776 
68.51999958 -0.941496 
68.55999958 -2.267525 
68.59999958 -1.382488 
68.79999958 -1.825007 
68.83999958 -0.941496 
69.03999958 -0.4989776 
69.07999958 -0.4989776 
69.11999958 -0.4989776 
69.15999958 -0.4989776 
69.59999958 -0.4989776 
69.95999957 -0.4989776 
69.99999957 -0.941496 
70.03999957 -0.941496 
70.23999957 -0.941496 
70.27999957 -1.382488 
70.31999957 -0.941496 
72.15999956 -2.708518 
72.19999956 -0.4989776 
74.51999955 -1.382488 
74.55999955 -1.825007 
74.95999954 -3.151036 
74.99999954 -0.4989776 
75.19999954 -0.4989776 
76.35999954 -0.4989776 
76.51999953 -0.4989776 
76.59999953 -4.477065 
76.63999953 -6.686605 
76.99999953 -2.267525 
77.03999953 -1.825007 
77.31999953 -0.941496 
77.47999953 -0.4989776 
80.39999951 -0.4989776 
80.75999951 -0.4989776 
80.79999951 -2.267525 
80.83999951 -1.382488 
81.03999951 -0.941496 
81.07999951 -0.4989776 
81.35999951 -1.382488 
81.39999951 -0.941496 
81.5999995 -0.4989776 
81.8399995 -0.4989776 
82.2399995 -0.941496 
82.2799995 -0.941496 
82.3199995 -0.941496 
82.5599995 -0.941496 
82.5999995 -0.4989776 
82.7999995 -0.4989776 
86.67999947 -0.4989776 
86.87999947 -0.4989776 
86.91999947 -2.708518 
86.95999947 -0.941496 
87.11999947 -0.4989776 
87.15999947 -0.941496 
87.95999947 -3.151036 
88.19999946 -1.825007 
88.23999946 -2.708518 
88.35999946 -0.941496 
88.39999946 -0.941496 
88.67999946 -0.941496 
90.95999945 -0.4989776 
90.99999945 -0.4989776 
91.03999945 -0.4989776 
91.19999945 -0.4989776 
91.23999945 -0.941496 
91.27999945 -0.4989776 
91.51999944 -0.941496 
91.55999944 -0.941496 
91.59999944 -0.4989776 
91.71999944 -0.941496 
91.75999944 -0.941496 
91.91999944 -0.4989776 
91.95999944 -1.382488 
91.99999944 -0.941496 
92.11999944 -0.4989776 
92.15999944 -0.4989776 
92.19999944 -0.941496 
92.23999944 -0.941496 
92.27999944 -0.941496 
92.31999944 -0.941496 
92.35999944 -0.4989776 
92.39999944 -0.4989776 
92.43999944 -0.4989776 
92.47999944 -0.941496 
92.51999944 -0.4989776 
92.55999944 -0.941496 
92.67999944 -0.941496 
92.71999944 -1.825007 
92.75999944 -0.4989776 
92.87999944 -0.941496 
92.91999944 -2.267525 
92.95999944 -1.825007 
93.11999943 -0.941496 
93.15999943 -3.593554 
93.19999943 -2.708518 
93.35999943 -1.382488 
93.39999943 -1.825007 
93.43999943 -0.941496 
93.63999943 -0.4989776 
93.67999943 -0.4989776 
93.99999943 -0.4989776 
94.47999943 -0.4989776 
94.67999942 -1.825007 
94.71999942 -0.941496 
94.91999942 -1.825007 
94.95999942 -0.941496 
95.99999942 -1.382488 
96.03999942 -4.034547 
99.1199994 -0.941496 
99.1599994 -1.825007 
100.39999939 -4.477065 
100.51999939 -0.941496 
100.55999939 -8.455153 
100.59999939 -0.941496 
100.87999939 -1.382488 
100.91999939 -0.4989776 
101.15999939 -1.825007 
101.47999938 -2.267525 
101.51999938 -0.941496 
103.31999937 -0.941496 
103.35999937 -0.941496 
103.55999937 -0.4989776 
105.03999936 -0.4989776 
105.07999936 -0.4989776 
105.27999936 -1.382488 
105.31999936 -0.941496 
106.83999935 -1.382488 
106.87999935 -0.4989776 
107.07999935 -0.4989776 
112.91999931 -0.4989776 
113.11999931 -0.4989776 
114.23999931 -0.941496 
114.3599993 -4.034547 
114.3999993 -6.686605 
114.5199993 -0.4989776 
114.5599993 -0.4989776 
115.1199993 -0.4989776 
115.6799993 -0.4989776 
115.7199993 -0.4989776 
115.9199993 -0.4989776 
115.9599993 -0.4989776 
116.07999929 -0.4989776 
116.47999929 -0.4989776 
116.51999929 -0.4989776 
116.71999929 -0.4989776 
116.75999929 -0.4989776 
116.91999929 -0.4989776 
116.95999929 -0.4989776 
116.99999929 -0.4989776 
117.03999929 -0.4989776 
117.23999929 -1.825007 
117.27999929 -2.267525 
117.31999929 -0.941496 
117.47999929 -0.941496 
117.51999929 -0.941496 
117.55999929 -0.4989776 
117.79999928 -0.4989776 
117.83999928 -0.4989776 
118.11999928 -0.4989776 
118.15999928 -0.4989776 
118.35999928 -0.4989776 
118.47999928 -0.4989776 
118.75999928 -0.4989776 
118.79999928 -0.941496 
118.83999928 -0.941496 
118.99999928 -0.941496 
119.03999928 -1.825007 
119.07999928 -0.941496 
119.27999928 -0.941496 
119.31999927 -0.941496 
119.35999927 -0.4989776 
119.51999927 -0.4989776 
119.55999927 -0.4989776 
119.67999927 -0.4989776 
119.71999927 -0.4989776 
120.15999927 -0.941496 
120.19999927 -3.593554 
120.23999927 -1.825007 
120.43999927 -0.4989776 
120.47999927 -0.941496 
120.63999927 -0.4989776 
121.07999926 -0.4989776 
123.31999925 -1.825007 
123.35999925 -1.382488 
123.55999925 -2.267525 
123.59999925 -0.4989776 
123.79999925 -0.4989776 
124.07999925 -0.941496 
124.11999925 -0.4989776 
124.43999924 -0.4989776 
124.47999924 -3.593554 
124.55999924 -0.941496 
124.63999924 -2.267525 
124.83999924 -1.382488 
124.95999924 -0.941496 
124.99999924 -0.4989776 
125.11999924 -2.267525 
125.27999924 -0.4989776 
125.43999924 -0.941496 
127.15999923 -2.708518 
127.75999922 -4.034547 
127.79999922 -0.941496 
129.31999921 -1.825007 
129.35999921 -1.825007 
129.51999921 -0.4989776 
129.55999921 -1.825007 
129.59999921 -0.941496 
130.9999992 -0.941496 
131.0399992 -0.941496 
135.35999918 -0.4989776 
135.39999918 -1.825007 
135.43999918 -0.4989776 
135.63999918 -0.4989776 
135.67999918 -0.4989776 
136.43999917 -0.941496 
137.11999917 -2.267525 
137.15999917 -0.4989776 
137.31999917 -0.941496 
137.35999917 -1.382488 
137.55999916 -0.4989776 
138.63999916 -0.4989776 
138.83999916 -0.941496 
140.39999915 -0.941496 
140.55999915 -1.825007 
140.67999915 -2.267525 
140.71999914 -0.4989776 
140.83999914 -0.4989776 
140.87999914 -0.4989776 
141.07999914 -0.4989776 
141.11999914 -0.4989776 
141.19999914 -0.4989776 
141.23999914 -0.4989776 
141.27999914 -0.4989776 
141.43999914 -1.825007 
141.47999914 -2.708518 
141.51999914 -1.825007 
141.67999914 -0.941496 
141.71999914 -1.382488 
141.75999914 -0.941496 
141.79999914 -0.4989776 
141.91999914 -0.941496 
141.95999914 -1.382488 
141.99999914 -0.941496 
142.03999914 -0.941496 
142.23999914 -0.4989776 
142.27999914 -0.4989776 
142.43999913 -0.4989776 
142.47999913 -0.941496 
142.51999913 -0.4989776 
142.63999913 -0.4989776 
142.67999913 -0.941496 
142.87999913 -0.4989776 
142.91999913 -0.941496 
142.99999913 -0.4989776 
143.03999913 -1.825007 
143.07999913 -0.4989776 
143.23999913 -1.825007 
143.27999913 -1.825007 
143.31999913 -0.4989776 
143.55999913 -0.4989776 
144.19999912 -0.941496 
144.23999912 -5.360576 
144.47999912 -0.4989776 
144.75999912 -0.4989776 
144.99999912 -0.4989776 
145.23999912 -0.4989776 
145.31999912 -0.4989776 
145.35999912 -0.4989776 
145.55999912 -0.4989776 
146.39999911 -0.4989776 
146.43999911 -0.4989776 
147.2799991 -1.382488 
147.3199991 -1.825007 
147.4799991 -0.4989776 
147.5199991 -2.267525 
147.6799991 -0.4989776 
147.7199991 -0.4989776 
147.9999991 -0.4989776 
148.4799991 -0.4989776 
148.5199991 -0.4989776 
148.5599991 -0.4989776 
148.6399991 -5.360576 
148.6799991 -2.267525 
148.8399991 -0.941496 
148.8799991 -0.4989776 
149.03999909 -1.382488 
149.07999909 -4.034547 
149.11999909 -2.267525 
149.35999909 -3.593554 
149.51999909 -0.941496 
151.19999908 -0.4989776 
152.03999908 -0.4989776 
152.07999908 -0.4989776 
152.27999907 -0.4989776 
152.55999907 -0.4989776 
152.79999907 -0.4989776 
152.99999907 -0.4989776 
153.03999907 -0.4989776 
153.15999907 -0.941496 
153.19999907 -0.941496 
153.31999907 -1.825007 
153.43999907 -0.4989776 
153.47999907 -2.708518 
153.51999907 -1.825007 
153.67999907 -0.4989776 
153.71999907 -0.941496 
153.75999907 -0.941496 
153.91999906 -0.941496 
153.95999906 -0.941496 
154.03999906 -0.4989776 
154.07999906 -3.151036 
154.19999906 -1.382488 
154.23999906 -1.825007 
154.51999906 -0.4989776 
154.95999906 -0.4989776 
155.19999906 -0.4989776 
155.23999906 -0.4989776 
164.079999 -0.941496 
164.279999 -0.941496 
164.519999 -0.4989776 
164.999999 -0.941496 
165.199999 -0.4989776 
165.239999 -1.382488 
165.279999 -0.941496 
165.43999899 -0.4989776 
165.59999899 -0.941496 
166.07999899 -0.4989776 
166.55999899 -3.593554 
166.71999899 -0.941496 
166.95999899 -3.593554 
166.99999899 -0.941496 
167.63999898 -0.4989776 
168.39999898 -4.034547 
168.43999898 -2.708518 
168.63999898 -1.825007 
168.67999897 -1.382488 
168.83999897 -1.382488 
168.87999897 -0.941496 
168.91999897 -0.4989776 
169.03999897 -0.4989776 
169.07999897 -0.941496 
169.11999897 -0.4989776 
169.27999897 -0.4989776 
169.31999897 -0.941496 
169.43999897 -0.4989776 
169.47999897 -0.941496 
169.51999897 -0.4989776 
169.55999897 -0.4989776 
169.59999897 -0.4989776 
169.63999897 -0.4989776 
169.67999897 -0.4989776 
169.71999897 -0.4989776 
169.75999897 -0.4989776 
169.83999897 -0.4989776 
169.87999897 -0.941496 
169.99999897 -0.4989776 
170.03999897 -0.941496 
170.07999897 -0.4989776 
170.19999897 -0.4989776 
170.23999897 -0.4989776 
170.27999897 -0.4989776 
170.35999896 -0.4989776 
170.39999896 -0.4989776 
170.95999896 -0.4989776 
171.19999896 -1.825007 
171.23999896 -0.941496 
172.75999895 -0.4989776 
172.79999895 -6.244087 
172.83999895 -1.382488 
172.99999895 -0.4989776 
173.03999895 -0.941496 
173.19999895 -0.941496 
173.23999895 -2.708518 
173.27999895 -1.825007 
173.51999895 -2.267525 
173.67999894 -0.941496 
174.31999894 -0.4989776 
174.35999894 -0.4989776 
174.51999894 -0.941496 
174.55999894 -0.941496 
175.19999894 -0.4989776 
176.87999893 -0.4989776 
177.03999892 -0.941496 
177.07999892 -0.4989776 
177.23999892 -0.4989776 
177.27999892 -1.825007 
177.31999892 -0.4989776 
178.67999891 -0.941496 
178.71999891 -0.4989776 
178.91999891 -0.4989776 
178.95999891 -1.825007 
178.99999891 -0.941496 
179.19999891 -0.4989776 
179.31999891 -4.034547 
179.35999891 -0.941496 
179.47999891 -0.941496 
179.59999891 -0.4989776 
179.63999891 -0.4989776 
180.2399989 -0.4989776 
180.3599989 -0.941496 
180.4799989 -2.267525 
180.5199989 -3.593554 
180.6799989 -0.4989776 
180.9199989 -0.4989776 
181.3999989 -0.4989776 
183.11999889 -0.941496 
184.79999888 -0.941496 
187.79999886 -0.4989776 
187.99999886 -0.4989776 
189.03999885 -0.4989776 
189.07999885 -0.941496 
190.71999884 -0.941496 
190.75999884 -0.941496 
190.95999884 -1.825007 
190.99999884 -0.941496 
191.19999884 -0.4989776 
191.23999884 -0.4989776 
192.19999883 -0.4989776 
192.35999883 -0.941496 
192.51999883 -2.267525 
192.55999883 -2.708518 
192.59999883 -0.4989776 
192.71999883 -2.267525 
192.75999883 -1.825007 
194.39999882 -0.4989776 
194.43999882 -1.382488 
195.03999881 -0.941496 
195.07999881 -0.4989776 
196.55999881 -1.382488 
196.59999881 -0.941496 
196.7599988 -0.941496 
196.7999988 -2.267525 
196.8399988 -2.267525 
196.9199988 -4.477065 
196.9599988 -7.129124 
197.1199988 -1.825007 
197.1599988 -2.267525 
197.3199988 -1.825007 
197.3599988 -3.593554 
197.3999988 -0.941496 
197.6399988 -2.267525 
197.7999988 -0.941496 
0 0 
