0.0 -8.707541 
0.04 -8.881496 
0.08 -8.707541 
0.12 -8.707541 
0.16 -8.881496 
0.2 -8.707541 
0.24 -8.707541 
0.28 -8.707541 
0.32 -8.707541 
0.36 -8.707541 
0.4 -8.707541 
0.44 -8.707541 
0.48 -8.881496 
0.52 -8.881496 
0.56 -8.707541 
0.6 -8.707541 
0.64 -8.707541 
0.68 -8.707541 
0.72 -8.707541 
0.76 -8.881496 
0.8 -8.707541 
0.83999999 -8.881496 
0.87999999 -8.881496 
0.91999999 -8.881496 
0.95999999 -8.881496 
0.99999999 -8.707541 
1.03999999 -8.707541 
1.07999999 -8.881496 
1.11999999 -8.707541 
1.15999999 -8.707541 
1.19999999 -8.707541 
1.27999999 -8.707541 
1.31999999 -8.881496 
1.35999999 -8.707541 
1.39999999 -8.881496 
1.43999999 -8.881496 
1.47999999 -8.707541 
1.51999999 -8.881496 
1.63999999 -8.881496 
1.67999999 -8.881496 
1.71999999 -8.707541 
1.75999999 -8.881496 
1.79999999 -8.707541 
1.87999999 -8.707541 
1.91999999 -8.881496 
1.95999999 -8.707541 
2.03999999 -8.881496 
2.07999999 -8.881496 
2.11999999 -8.707541 
2.15999999 -8.881496 
2.19999999 -8.881496 
2.23999999 -8.881496 
2.27999999 -8.881496 
2.31999999 -8.881496 
2.35999999 -8.881496 
2.39999999 -8.881496 
2.43999999 -8.881496 
2.47999998 -8.881496 
2.55999998 -8.881496 
2.59999998 -8.881496 
2.75999998 -8.881496 
2.87999998 -8.881496 
2.91999998 -8.881496 
2.95999998 -8.881496 
3.03999998 -8.881496 
3.07999998 -8.881496 
3.15999998 -8.881496 
3.19999998 -8.881496 
3.27999998 -8.881496 
3.43999998 -8.881496 
3.67999998 -8.881496 
3.71999998 -8.881496 
3.91999998 -8.881496 
4.11999997 -8.881496 
5.27999997 -8.881496 
0 0 
