25.27999985 -0.3503525 
26.07999984 -0.3503525 
26.35999984 -0.3503525 
26.79999984 -0.3503525 
26.91999984 -0.3503525 
27.15999983 -0.3503525 
27.19999983 -0.3503525 
27.31999983 -0.3503525 
27.35999983 -0.3503525 
27.39999983 -0.3503525 
27.47999983 -0.3503525 
27.51999983 -0.3503525 
27.55999983 -0.3503525 
27.59999983 -0.3503525 
27.63999983 -0.3503525 
27.71999983 -0.3503525 
27.75999983 -0.3503525 
27.79999983 -0.3503525 
27.83999983 -0.3503525 
27.87999983 -0.3503525 
27.91999983 -0.3503525 
27.95999983 -0.3503525 
27.99999983 -0.3503525 
28.03999983 -0.3503525 
28.07999983 -0.3503525 
28.11999983 -0.3503525 
28.15999983 -0.3503525 
28.19999983 -0.3503525 
28.23999983 -0.3503525 
28.27999983 -0.3503525 
28.39999983 -0.3503525 
28.43999983 -0.3503525 
28.47999983 -0.3503525 
28.51999983 -0.3503525 
28.55999983 -0.3503525 
28.59999983 -0.3503525 
28.63999983 -0.3503525 
28.67999983 -0.3503525 
28.71999983 -0.3503525 
28.75999983 -0.3503525 
28.79999982 -0.3503525 
28.83999982 -0.3503525 
28.87999982 -0.3503525 
28.91999982 -0.3503525 
28.95999982 -0.3503525 
28.99999982 -0.3503525 
29.03999982 -0.3503525 
29.07999982 -0.3503525 
29.11999982 -0.3503525 
29.15999982 -0.3503525 
29.19999982 -0.3503525 
29.23999982 -0.3503525 
29.27999982 -0.3503525 
29.31999982 -0.3503525 
29.35999982 -0.3503525 
29.39999982 -0.3503525 
29.43999982 -0.3503525 
29.47999982 -0.3503525 
29.51999982 -0.3503525 
29.55999982 -0.3503525 
29.59999982 -0.3503525 
29.63999982 -0.3503525 
29.67999982 -0.3503525 
29.71999982 -0.3503525 
29.75999982 -0.3503525 
29.79999982 -0.3503525 
29.83999982 -0.3503525 
29.87999982 -0.3503525 
29.91999982 -0.3503525 
29.95999982 -0.3503525 
29.99999982 -0.3503525 
30.03999982 -0.3503525 
30.07999982 -0.3503525 
30.11999982 -0.3503525 
30.15999982 -0.3503525 
30.19999982 -0.3503525 
30.23999982 -0.3503525 
30.27999982 -0.3503525 
30.31999982 -0.3503525 
30.35999982 -0.3503525 
30.39999982 -0.3503525 
30.43999982 -0.3503525 
30.47999981 -0.3503525 
30.51999981 -0.3503525 
30.55999981 -0.3503525 
30.59999981 -0.3503525 
30.63999981 -0.3503525 
30.67999981 -0.3503525 
30.71999981 -0.3503525 
30.75999981 -0.3503525 
30.79999981 -0.3503525 
30.83999981 -0.3503525 
30.87999981 -0.3503525 
30.91999981 -0.3503525 
30.95999981 -0.3503525 
30.99999981 -0.3503525 
31.03999981 -0.3503525 
31.07999981 -0.3503525 
31.11999981 -0.3503525 
31.15999981 -0.3503525 
31.19999981 -0.3503525 
31.23999981 -0.3503525 
31.27999981 -0.3503525 
31.31999981 -0.3503525 
31.35999981 -0.3503525 
31.39999981 -0.3503525 
31.43999981 -0.3503525 
31.47999981 -0.3503525 
31.51999981 -0.3503525 
31.55999981 -0.3503525 
31.59999981 -0.3503525 
31.63999981 -0.3503525 
31.67999981 -0.3503525 
31.71999981 -0.3503525 
31.75999981 -0.3503525 
31.79999981 -0.3503525 
31.83999981 -0.3503525 
31.87999981 -0.3503525 
31.91999981 -0.3503525 
31.95999981 -0.3503525 
31.99999981 -0.3503525 
32.03999981 -0.3503525 
32.07999981 -0.3503525 
32.1199998 -0.3503525 
32.1599998 -0.3503525 
32.1999998 -0.3503525 
32.2399998 -0.3503525 
32.2799998 -0.3503525 
32.3199998 -0.3503525 
32.3599998 -0.3503525 
32.3999998 -0.3503525 
32.4399998 -0.3503525 
32.4799998 -0.3503525 
32.5199998 -0.3503525 
32.5599998 -0.3503525 
32.5999998 -0.3503525 
32.6399998 -0.3503525 
32.6799998 -0.3503525 
32.7199998 -0.3503525 
32.7599998 -0.3503525 
32.7999998 -0.3503525 
32.8399998 -0.3503525 
32.8799998 -0.3503525 
32.9199998 -0.3503525 
32.9599998 -0.3503525 
32.9999998 -0.3503525 
33.0399998 -0.3503525 
33.0799998 -0.3503525 
33.1199998 -0.3503525 
33.1599998 -0.3503525 
33.1999998 -0.3503525 
33.2399998 -0.3503525 
33.2799998 -0.3503525 
33.3199998 -0.3503525 
33.3599998 -0.3503525 
33.3999998 -0.3503525 
33.4399998 -0.3503525 
33.4799998 -0.3503525 
33.5199998 -0.3503525 
33.5599998 -0.3503525 
33.5999998 -0.3503525 
33.6399998 -0.3503525 
33.6799998 -0.3503525 
33.7199998 -0.3503525 
33.75999979 -0.3503525 
33.79999979 -0.3503525 
33.83999979 -0.3503525 
33.87999979 -0.3503525 
33.91999979 -0.3503525 
33.95999979 -0.3503525 
33.99999979 -0.3503525 
34.03999979 -0.3503525 
34.07999979 -0.3503525 
34.11999979 -0.3503525 
34.15999979 -0.3503525 
34.19999979 -0.3503525 
34.23999979 -0.3503525 
34.27999979 -0.3503525 
34.31999979 -0.3503525 
34.35999979 -0.3503525 
34.39999979 -0.3503525 
34.43999979 -0.3503525 
34.47999979 -0.3503525 
34.51999979 -0.3503525 
34.55999979 -0.3503525 
34.59999979 -0.3503525 
34.63999979 -0.3503525 
34.67999979 -0.3503525 
34.71999979 -0.3503525 
34.79999979 -0.3503525 
34.83999979 -0.3503525 
34.87999979 -0.3503525 
34.91999979 -0.3503525 
34.95999979 -0.3503525 
34.99999979 -0.3503525 
35.03999979 -0.3503525 
35.07999979 -0.3503525 
35.11999979 -0.3503525 
35.15999979 -0.3503525 
35.19999979 -0.3503525 
35.23999979 -0.3503525 
35.27999979 -0.3503525 
35.31999979 -0.3503525 
35.35999979 -0.3503525 
35.39999978 -0.3503525 
35.43999978 -0.3503525 
35.67999978 -0.3503525 
35.75999978 -0.3503525 
35.79999978 -0.3503525 
35.87999978 -0.3503525 
35.95999978 -0.3503525 
36.03999978 -0.3503525 
36.19999978 -0.3503525 
36.35999978 -0.3503525 
36.91999978 -0.3503525 
167.15999898 -0.3503525 
167.31999898 -0.3503525 
167.59999898 -0.3503525 
167.63999898 -0.3503525 
167.79999898 -0.3503525 
167.83999898 -0.3503525 
167.87999898 -0.3503525 
167.95999898 -0.3503525 
168.03999898 -0.3503525 
168.07999898 -0.3503525 
168.11999898 -0.3503525 
168.27999898 -0.3503525 
168.35999898 -0.3503525 
168.43999898 -0.3503525 
168.47999898 -0.3503525 
168.51999898 -0.3503525 
168.55999898 -0.3503525 
168.59999898 -0.3503525 
168.63999898 -0.3503525 
168.67999897 -0.3503525 
168.71999897 -0.3503525 
168.75999897 -0.3503525 
168.79999897 -0.3503525 
168.83999897 -0.3503525 
168.87999897 -0.3503525 
168.91999897 -0.3503525 
168.95999897 -0.3503525 
168.99999897 -0.3503525 
169.03999897 -0.3503525 
169.07999897 -0.3503525 
169.11999897 -0.3503525 
169.15999897 -0.3503525 
169.19999897 -0.3503525 
169.23999897 -0.3503525 
169.27999897 -0.3503525 
169.31999897 -0.3503525 
169.35999897 -0.3503525 
169.39999897 -0.3503525 
169.43999897 -0.3503525 
169.47999897 -0.3503525 
169.51999897 -0.3503525 
169.55999897 -0.3503525 
169.59999897 -0.3503525 
169.63999897 -0.3503525 
169.67999897 -0.3503525 
169.71999897 -0.3503525 
169.75999897 -0.3503525 
169.79999897 -0.3503525 
169.83999897 -0.3503525 
169.87999897 -0.3503525 
169.91999897 -0.3503525 
169.95999897 -0.3503525 
169.99999897 -0.3503525 
170.03999897 -0.3503525 
170.07999897 -0.3503525 
170.11999897 -0.3503525 
170.15999897 -0.3503525 
170.19999897 -0.3503525 
170.23999897 -0.3503525 
170.27999897 -0.3503525 
170.31999896 -0.3503525 
170.35999896 -0.3503525 
170.39999896 -0.3503525 
170.43999896 -0.3503525 
170.47999896 -0.3503525 
170.51999896 -0.3503525 
170.55999896 -0.3503525 
170.59999896 -0.3503525 
170.63999896 -0.3503525 
170.67999896 -0.3503525 
170.71999896 -0.3503525 
170.75999896 -0.3503525 
170.79999896 -0.3503525 
170.83999896 -0.3503525 
170.87999896 -0.3503525 
170.91999896 -0.3503525 
170.95999896 -0.3503525 
170.99999896 -0.3503525 
171.03999896 -0.3503525 
171.07999896 -0.3503525 
171.11999896 -0.3503525 
171.15999896 -0.3503525 
171.19999896 -0.3503525 
171.23999896 -0.524308 
171.27999896 -0.3503525 
171.31999896 -0.3503525 
171.35999896 -0.3503525 
171.39999896 -0.3503525 
171.43999896 -0.3503525 
171.47999896 -0.3503525 
171.51999896 -0.3503525 
171.55999896 -0.3503525 
171.59999896 -0.3503525 
171.63999896 -0.3503525 
171.67999896 -0.3503525 
171.71999896 -0.524308 
171.75999896 -0.6988739 
171.79999896 -0.3503525 
171.83999896 -0.3503525 
171.87999896 -0.3503525 
171.91999896 -0.3503525 
171.95999895 -0.524308 
171.99999895 -0.3503525 
172.03999895 -0.3503525 
172.07999895 -0.524308 
172.11999895 -0.524308 
172.15999895 -0.524308 
172.19999895 -0.3503525 
172.23999895 -0.524308 
172.27999895 -0.6988739 
172.31999895 -0.6988739 
172.35999895 -0.6988739 
172.39999895 -0.6988739 
172.43999895 -0.524308 
172.47999895 -0.524308 
172.51999895 -0.524308 
172.55999895 -0.6988739 
172.59999895 -0.524308 
172.63999895 -0.524308 
172.67999895 -0.524308 
172.71999895 -0.524308 
172.75999895 -0.6988739 
172.79999895 -0.524308 
172.83999895 -0.6988739 
172.87999895 -0.6988739 
172.91999895 -0.524308 
172.95999895 -0.6988739 
172.99999895 -0.6988739 
173.03999895 -0.6988739 
173.07999895 -0.524308 
173.11999895 -0.6988739 
173.15999895 -0.6988739 
173.19999895 -0.6988739 
173.23999895 -0.6988739 
173.27999895 -0.6988739 
173.31999895 -0.6988739 
173.35999895 -0.6988739 
173.39999895 -0.6988739 
173.43999895 -0.6988739 
173.47999895 -0.6988739 
173.51999895 -0.6988739 
173.55999895 -0.6988739 
173.59999894 -0.6988739 
173.63999894 -0.6988739 
173.67999894 -0.6988739 
173.71999894 -0.6988739 
173.75999894 -0.6988739 
173.79999894 -0.6988739 
173.83999894 -0.6988739 
173.87999894 -0.6988739 
173.91999894 -0.6988739 
173.95999894 -0.6988739 
173.99999894 -0.6988739 
174.03999894 -0.6988739 
174.07999894 -0.6988739 
174.11999894 -0.6988739 
174.15999894 -0.6988739 
174.19999894 -0.6988739 
174.23999894 -0.6988739 
174.27999894 -0.6988739 
174.31999894 -0.6988739 
174.35999894 -0.6988739 
174.39999894 -0.6988739 
174.43999894 -0.6988739 
174.47999894 -0.6988739 
174.51999894 -0.6988739 
174.55999894 -0.6988739 
174.59999894 -0.6988739 
174.63999894 -0.6988739 
174.67999894 -0.6988739 
174.71999894 -0.6988739 
174.75999894 -0.6988739 
174.79999894 -0.6988739 
174.83999894 -0.6988739 
174.87999894 -0.6988739 
174.91999894 -0.6988739 
174.95999894 -0.6988739 
174.99999894 -0.6988739 
175.03999894 -0.6988739 
175.07999894 -0.8728294 
175.11999894 -0.6988739 
175.15999894 -0.6988739 
175.19999894 -0.8728294 
175.23999893 -0.6988739 
175.27999893 -0.6988739 
175.31999893 -0.6988739 
175.35999893 -0.8728294 
175.39999893 -0.6988739 
175.43999893 -0.8728294 
175.47999893 -0.6988739 
175.51999893 -0.8728294 
175.55999893 -0.6988739 
175.59999893 -0.8728294 
175.63999893 -0.8728294 
175.67999893 -0.8728294 
175.71999893 -0.8728294 
175.75999893 -0.8728294 
175.79999893 -0.8728294 
175.83999893 -0.8728294 
175.87999893 -0.8728294 
175.91999893 -0.8728294 
175.95999893 -0.8728294 
175.99999893 -0.8728294 
176.03999893 -0.8728294 
176.07999893 -0.8728294 
176.11999893 -0.8728294 
176.15999893 -0.8728294 
176.19999893 -0.8728294 
176.23999893 -0.8728294 
176.27999893 -0.8728294 
176.31999893 -0.8728294 
176.35999893 -0.8728294 
176.39999893 -0.8728294 
176.43999893 -0.8728294 
176.47999893 -0.8728294 
176.51999893 -0.8728294 
176.55999893 -0.8728294 
176.59999893 -0.8728294 
176.63999893 -0.8728294 
176.67999893 -0.8728294 
176.71999893 -0.8728294 
176.75999893 -0.8728294 
176.79999893 -0.8728294 
176.83999893 -0.8728294 
176.87999893 -0.8728294 
176.91999892 -0.8728294 
176.95999892 -0.8728294 
176.99999892 -0.8728294 
177.03999892 -0.8728294 
177.07999892 -0.8728294 
177.11999892 -0.8728294 
177.15999892 -0.8728294 
177.19999892 -1.046785 
177.23999892 -0.8728294 
177.27999892 -0.8728294 
177.31999892 -0.8728294 
177.35999892 -1.046785 
177.39999892 -0.8728294 
177.43999892 -0.8728294 
177.47999892 -1.046785 
177.51999892 -1.046785 
177.55999892 -0.8728294 
177.59999892 -0.8728294 
177.63999892 -1.046785 
177.67999892 -1.046785 
177.71999892 -0.8728294 
177.75999892 -0.8728294 
177.79999892 -0.8728294 
177.83999892 -1.046785 
177.87999892 -1.046785 
177.91999892 -1.046785 
177.95999892 -1.046785 
177.99999892 -0.8728294 
178.03999892 -1.046785 
178.07999892 -1.046785 
178.11999892 -1.046785 
178.15999892 -1.046785 
178.19999892 -1.046785 
178.23999892 -0.8728294 
178.27999892 -1.046785 
178.31999892 -1.046785 
178.35999892 -1.046785 
178.39999892 -1.046785 
178.43999892 -1.046785 
178.47999892 -1.046785 
178.51999892 -1.046785 
178.55999891 -1.046785 
178.59999891 -1.046785 
178.63999891 -1.046785 
178.67999891 -1.046785 
178.71999891 -1.046785 
178.75999891 -1.046785 
178.79999891 -1.046785 
178.83999891 -1.046785 
178.87999891 -1.046785 
178.91999891 -1.046785 
178.95999891 -1.046785 
178.99999891 -1.22074 
179.03999891 -1.22074 
179.07999891 -1.22074 
179.11999891 -1.22074 
179.15999891 -1.046785 
179.19999891 -1.22074 
179.23999891 -1.046785 
179.27999891 -1.046785 
179.31999891 -1.22074 
179.35999891 -1.22074 
179.39999891 -1.22074 
179.43999891 -1.22074 
179.47999891 -1.22074 
179.51999891 -1.22074 
179.55999891 -1.22074 
179.59999891 -1.22074 
179.63999891 -1.22074 
179.67999891 -1.22074 
179.71999891 -1.22074 
179.75999891 -1.22074 
179.79999891 -1.046785 
179.83999891 -1.22074 
179.87999891 -1.22074 
179.91999891 -1.046785 
179.95999891 -1.22074 
179.99999891 -1.046785 
180.03999891 -1.046785 
180.07999891 -1.22074 
180.11999891 -1.22074 
180.15999891 -1.046785 
180.1999989 -1.22074 
180.2399989 -1.22074 
180.2799989 -1.22074 
180.3199989 -1.046785 
180.3599989 -1.22074 
180.3999989 -1.22074 
180.4399989 -1.395306 
180.4799989 -1.395306 
180.5199989 -1.22074 
180.5599989 -1.395306 
180.5999989 -1.22074 
180.6399989 -1.22074 
180.6799989 -1.395306 
180.7199989 -1.22074 
180.7599989 -1.22074 
180.7999989 -1.395306 
180.8399989 -1.22074 
180.8799989 -1.395306 
180.9199989 -1.395306 
180.9599989 -1.395306 
180.9999989 -1.395306 
181.0399989 -1.395306 
181.0799989 -1.395306 
181.1199989 -1.395306 
181.1599989 -1.395306 
181.1999989 -1.395306 
181.2399989 -1.395306 
181.2799989 -1.395306 
181.3199989 -1.395306 
181.3599989 -1.395306 
181.3999989 -1.395306 
181.4399989 -1.395306 
181.4799989 -1.395306 
181.5199989 -1.395306 
181.5599989 -1.395306 
181.5999989 -1.395306 
181.6399989 -1.395306 
181.6799989 -1.395306 
181.7199989 -1.395306 
181.7599989 -1.395306 
181.7999989 -1.395306 
181.83999889 -1.395306 
181.87999889 -1.395306 
181.91999889 -1.395306 
181.95999889 -1.395306 
181.99999889 -1.395306 
182.03999889 -1.395306 
182.07999889 -1.395306 
182.11999889 -1.395306 
182.15999889 -1.395306 
182.19999889 -1.395306 
182.23999889 -1.395306 
182.27999889 -1.395306 
182.31999889 -1.569262 
182.35999889 -1.395306 
182.39999889 -1.569262 
182.43999889 -1.395306 
182.47999889 -1.569262 
182.51999889 -1.569262 
182.55999889 -1.395306 
182.59999889 -1.569262 
182.63999889 -1.569262 
182.67999889 -1.569262 
182.71999889 -1.395306 
182.75999889 -1.395306 
182.79999889 -1.569262 
182.83999889 -1.569262 
182.87999889 -1.395306 
182.91999889 -1.569262 
182.95999889 -1.569262 
182.99999889 -1.569262 
183.03999889 -1.569262 
183.07999889 -1.569262 
183.11999889 -1.569262 
183.15999889 -1.569262 
183.19999889 -1.569262 
183.23999889 -1.569262 
183.27999889 -1.569262 
183.31999889 -1.569262 
183.35999889 -1.569262 
183.39999889 -1.569262 
183.43999889 -1.569262 
183.47999888 -1.569262 
183.51999888 -1.569262 
183.55999888 -1.569262 
183.59999888 -1.569262 
183.63999888 -1.569262 
183.67999888 -1.569262 
183.71999888 -1.569262 
183.75999888 -1.569262 
183.79999888 -1.569262 
183.83999888 -1.569262 
183.87999888 -1.569262 
183.91999888 -1.569262 
183.95999888 -1.569262 
183.99999888 -1.743217 
184.03999888 -1.569262 
184.07999888 -1.743217 
184.11999888 -1.743217 
184.15999888 -1.569262 
184.19999888 -1.569262 
184.23999888 -1.569262 
184.27999888 -1.569262 
184.31999888 -1.569262 
184.35999888 -1.743217 
184.39999888 -1.743217 
184.43999888 -1.743217 
184.47999888 -1.743217 
184.51999888 -1.743217 
184.55999888 -1.569262 
184.59999888 -1.569262 
184.63999888 -1.743217 
184.67999888 -1.743217 
184.71999888 -1.569262 
184.75999888 -1.743217 
184.79999888 -1.743217 
184.83999888 -1.743217 
184.87999888 -1.743217 
184.91999888 -1.743217 
184.95999888 -1.743217 
184.99999888 -1.743217 
185.03999888 -1.743217 
185.07999888 -1.743217 
185.11999887 -1.743217 
185.15999887 -1.743217 
185.19999887 -1.743217 
185.23999887 -1.743217 
185.27999887 -1.743217 
185.31999887 -1.743217 
185.35999887 -1.743217 
185.39999887 -1.743217 
185.43999887 -1.743217 
185.47999887 -1.743217 
185.51999887 -1.743217 
185.55999887 -1.743217 
185.59999887 -1.743217 
185.63999887 -1.743217 
185.67999887 -1.743217 
185.71999887 -1.743217 
185.75999887 -1.743217 
185.79999887 -1.743217 
185.83999887 -1.743217 
185.87999887 -1.743217 
185.91999887 -1.743217 
185.95999887 -1.743217 
185.99999887 -1.743217 
186.03999887 -1.743217 
186.07999887 -1.743217 
186.11999887 -1.743217 
186.15999887 -1.743217 
186.19999887 -1.743217 
186.23999887 -1.743217 
186.27999887 -1.743217 
186.31999887 -1.743217 
186.35999887 -1.743217 
186.39999887 -1.743217 
186.43999887 -1.917173 
186.47999887 -1.743217 
186.51999887 -1.917173 
186.55999887 -1.743217 
186.59999887 -1.743217 
186.63999887 -1.743217 
186.67999887 -1.743217 
186.71999887 -1.917173 
186.75999886 -1.743217 
186.79999886 -1.917173 
186.83999886 -2.091739 
186.87999886 -1.917173 
186.91999886 -1.917173 
186.95999886 -1.743217 
186.99999886 -1.917173 
187.03999886 -1.917173 
187.07999886 -1.743217 
187.11999886 -1.917173 
187.15999886 -1.917173 
187.19999886 -1.917173 
187.23999886 -2.091739 
187.27999886 -1.917173 
187.31999886 -1.917173 
187.35999886 -1.917173 
187.39999886 -1.917173 
187.43999886 -1.917173 
187.47999886 -1.917173 
187.51999886 -2.091739 
187.55999886 -2.091739 
187.59999886 -1.917173 
187.63999886 -1.917173 
187.67999886 -2.091739 
187.71999886 -2.091739 
187.75999886 -1.917173 
187.79999886 -2.091739 
187.83999886 -2.091739 
187.87999886 -1.917173 
187.91999886 -2.091739 
187.95999886 -1.917173 
187.99999886 -2.091739 
188.03999886 -2.091739 
188.07999886 -2.091739 
188.11999886 -2.091739 
188.15999886 -2.091739 
188.19999886 -2.091739 
188.23999886 -2.091739 
188.27999886 -2.091739 
188.31999886 -2.091739 
188.35999886 -2.091739 
188.39999886 -2.091739 
188.43999885 -2.091739 
188.47999885 -2.091739 
188.51999885 -2.091739 
188.55999885 -2.091739 
188.59999885 -2.091739 
188.63999885 -2.091739 
188.67999885 -2.091739 
188.71999885 -2.091739 
188.75999885 -2.091739 
188.79999885 -2.091739 
188.83999885 -2.091739 
188.87999885 -2.091739 
188.91999885 -2.091739 
188.95999885 -2.091739 
188.99999885 -2.091739 
189.03999885 -2.091739 
189.07999885 -2.265694 
189.11999885 -2.091739 
189.15999885 -2.091739 
189.19999885 -2.091739 
189.23999885 -2.091739 
189.27999885 -2.091739 
189.31999885 -2.265694 
189.35999885 -2.091739 
189.39999885 -2.265694 
189.43999885 -2.091739 
189.47999885 -2.091739 
189.51999885 -2.265694 
189.55999885 -2.091739 
189.59999885 -2.091739 
189.63999885 -2.265694 
189.67999885 -2.265694 
189.71999885 -2.265694 
189.75999885 -2.265694 
189.79999885 -2.265694 
189.83999885 -2.265694 
189.87999885 -2.265694 
189.91999885 -2.265694 
189.95999885 -2.265694 
189.99999885 -2.265694 
190.03999885 -2.265694 
190.07999884 -2.265694 
190.11999884 -2.265694 
190.15999884 -2.265694 
190.19999884 -2.265694 
190.23999884 -2.265694 
190.27999884 -2.265694 
190.31999884 -2.265694 
190.35999884 -2.265694 
190.39999884 -2.265694 
190.43999884 -2.265694 
190.47999884 -2.265694 
190.51999884 -2.265694 
190.55999884 -2.265694 
190.59999884 -2.265694 
190.63999884 -2.265694 
190.67999884 -2.265694 
190.71999884 -2.265694 
190.75999884 -2.43965 
190.79999884 -2.265694 
190.83999884 -2.265694 
190.87999884 -2.265694 
190.91999884 -2.265694 
190.95999884 -2.265694 
190.99999884 -2.43965 
191.03999884 -2.43965 
191.07999884 -2.265694 
191.11999884 -2.43965 
191.15999884 -2.265694 
191.19999884 -2.265694 
191.23999884 -2.265694 
191.27999884 -2.265694 
191.31999884 -2.43965 
191.35999884 -2.43965 
191.39999884 -2.265694 
191.43999884 -2.43965 
191.47999884 -2.43965 
191.51999884 -2.43965 
191.55999884 -2.43965 
191.59999884 -2.43965 
191.63999884 -2.43965 
191.67999884 -2.43965 
191.71999883 -2.43965 
191.75999883 -2.43965 
191.79999883 -2.43965 
191.83999883 -2.43965 
191.87999883 -2.43965 
191.91999883 -2.43965 
191.95999883 -2.613605 
191.99999883 -2.43965 
192.03999883 -2.43965 
192.07999883 -2.43965 
192.11999883 -2.43965 
192.15999883 -2.613605 
192.19999883 -2.43965 
192.23999883 -2.43965 
192.27999883 -2.613605 
192.31999883 -2.43965 
192.35999883 -2.613605 
192.39999883 -2.43965 
192.43999883 -2.43965 
192.47999883 -2.613605 
192.51999883 -2.613605 
192.55999883 -2.43965 
192.59999883 -2.613605 
192.63999883 -2.613605 
192.67999883 -2.613605 
192.71999883 -2.613605 
192.75999883 -2.613605 
192.79999883 -2.613605 
192.83999883 -2.43965 
192.87999883 -2.613605 
192.91999883 -2.613605 
192.95999883 -2.613605 
192.99999883 -2.613605 
193.03999883 -2.43965 
193.07999883 -2.613605 
193.11999883 -2.613605 
193.15999883 -2.613605 
193.19999883 -2.43965 
193.23999883 -2.613605 
193.27999883 -2.613605 
193.31999883 -2.613605 
193.35999882 -2.613605 
193.39999882 -2.613605 
193.43999882 -2.43965 
193.47999882 -2.613605 
193.51999882 -2.613605 
193.55999882 -2.613605 
193.59999882 -2.613605 
193.63999882 -2.613605 
193.67999882 -2.613605 
193.71999882 -2.613605 
193.75999882 -2.788171 
193.79999882 -2.788171 
193.83999882 -2.788171 
193.87999882 -2.613605 
193.91999882 -2.613605 
193.95999882 -2.788171 
193.99999882 -2.613605 
194.03999882 -2.788171 
194.07999882 -2.788171 
194.11999882 -2.788171 
194.15999882 -2.788171 
194.19999882 -2.613605 
194.23999882 -2.613605 
194.27999882 -2.788171 
194.31999882 -2.788171 
194.35999882 -2.613605 
194.39999882 -2.788171 
194.43999882 -2.788171 
194.47999882 -2.788171 
194.51999882 -2.613605 
194.55999882 -2.788171 
194.59999882 -2.788171 
194.63999882 -2.788171 
194.67999882 -2.613605 
194.71999882 -2.788171 
194.75999882 -2.788171 
194.79999882 -2.788171 
194.83999882 -2.788171 
194.87999882 -2.788171 
194.91999882 -2.788171 
194.95999882 -2.788171 
194.99999881 -2.788171 
195.03999881 -2.788171 
195.07999881 -2.788171 
195.11999881 -2.788171 
195.15999881 -2.788171 
195.19999881 -2.788171 
195.23999881 -2.788171 
195.27999881 -2.788171 
195.31999881 -2.788171 
195.35999881 -2.788171 
195.39999881 -2.788171 
195.43999881 -2.788171 
195.47999881 -2.788171 
195.51999881 -2.788171 
195.55999881 -2.788171 
195.59999881 -2.788171 
195.63999881 -2.788171 
195.67999881 -2.788171 
195.71999881 -2.788171 
195.75999881 -2.788171 
195.79999881 -2.788171 
195.83999881 -2.788171 
195.87999881 -2.788171 
195.91999881 -2.788171 
195.95999881 -2.962126 
195.99999881 -2.788171 
196.03999881 -2.788171 
196.07999881 -2.788171 
196.11999881 -2.962126 
196.15999881 -2.788171 
196.19999881 -2.788171 
196.23999881 -2.788171 
196.27999881 -2.788171 
196.31999881 -2.788171 
196.35999881 -2.788171 
196.39999881 -2.962126 
196.43999881 -2.962126 
196.47999881 -2.788171 
196.51999881 -2.962126 
196.55999881 -2.962126 
196.59999881 -2.788171 
196.6399988 -2.962126 
196.6799988 -2.962126 
196.7199988 -2.962126 
196.7599988 -2.962126 
196.7999988 -2.962126 
196.8399988 -2.962126 
196.8799988 -2.962126 
196.9199988 -2.962126 
196.9599988 -2.962126 
196.9999988 -2.962126 
197.0399988 -2.962126 
197.0799988 -2.962126 
197.1199988 -2.962126 
197.1599988 -2.962126 
197.1999988 -2.962126 
197.2399988 -3.136082 
197.2799988 -2.962126 
197.3199988 -2.962126 
197.3599988 -2.962126 
197.3999988 -2.962126 
197.4399988 -2.962126 
197.4799988 -2.962126 
197.5199988 -2.962126 
197.5599988 -2.962126 
197.5999988 -3.136082 
197.6399988 -2.962126 
197.6799988 -3.136082 
197.7199988 -2.962126 
197.7599988 -2.962126 
197.7999988 -2.962126 
197.8399988 -3.136082 
197.8799988 -2.962126 
197.9199988 -2.962126 
197.9599988 -3.136082 
197.9999988 -3.136082 
198.0399988 -3.136082 
198.0799988 -2.962126 
198.1199988 -3.136082 
198.1599988 -3.136082 
198.1999988 -3.136082 
198.2399988 -3.136082 
198.27999879 -3.136082 
198.31999879 -2.962126 
198.35999879 -3.136082 
198.39999879 -3.136082 
198.43999879 -3.136082 
198.47999879 -3.136082 
198.51999879 -3.136082 
198.55999879 -3.136082 
198.59999879 -3.136082 
198.63999879 -3.136082 
198.67999879 -3.136082 
198.71999879 -3.136082 
198.75999879 -3.136082 
198.79999879 -3.136082 
198.83999879 -3.136082 
198.87999879 -3.136082 
198.91999879 -3.136082 
198.95999879 -3.136082 
198.99999879 -3.136082 
199.03999879 -3.136082 
199.07999879 -3.136082 
199.11999879 -3.136082 
199.15999879 -3.136082 
199.19999879 -3.136082 
199.23999879 -3.136082 
199.27999879 -3.136082 
199.31999879 -3.136082 
199.35999879 -3.136082 
199.39999879 -3.136082 
199.43999879 -3.136082 
199.47999879 -3.136082 
199.51999879 -3.136082 
199.55999879 -3.136082 
199.59999879 -3.136082 
199.63999879 -3.136082 
199.67999879 -3.136082 
199.71999879 -3.136082 
199.75999879 -3.136082 
199.79999879 -3.136082 
199.83999879 -3.136082 
199.87999879 -3.136082 
199.91999878 -3.136082 
199.95999878 -3.136082 
199.99999878 -3.136082 
200.03999878 -3.310038 
200.07999878 -3.136082 
200.11999878 -3.136082 
0 0 
