0.0 -1.825007 
0.04 -1.825007 
0.08 -1.825007 
0.12 -1.382488 
0.16 -1.382488 
0.2 -0.941496 
0.24 -1.382488 
0.28 -1.382488 
0.32 -0.941496 
0.36 -1.382488 
0.4 -1.382488 
0.44 -0.941496 
0.48 -0.941496 
0.52 -0.941496 
0.56 -0.941496 
0.6 -0.4989776 
0.64 -0.941496 
0.68 -0.941496 
0.72 -0.941496 
0.76 -0.4989776 
0.8 -0.4989776 
0.83999999 -0.4989776 
0.87999999 -0.4989776 
9.91999994 -0.4989776 
9.95999994 -0.4989776 
9.99999994 -0.4989776 
10.03999994 -0.4989776 
10.07999994 -0.4989776 
10.11999994 -0.4989776 
10.15999994 -0.4989776 
10.19999994 -0.941496 
10.23999994 -0.941496 
10.27999994 -0.941496 
10.31999994 -0.941496 
10.35999994 -0.941496 
10.39999994 -0.941496 
10.43999994 -0.941496 
10.47999994 -0.941496 
10.51999994 -0.941496 
10.55999994 -0.941496 
10.59999994 -1.382488 
10.63999994 -1.382488 
10.67999994 -0.941496 
10.71999993 -1.382488 
10.75999993 -1.825007 
10.79999993 -1.382488 
10.83999993 -0.941496 
10.87999993 -0.941496 
10.91999993 -1.825007 
10.95999993 -1.382488 
10.99999993 -0.941496 
11.03999993 -1.382488 
11.07999993 -1.825007 
11.11999993 -1.825007 
11.15999993 -1.382488 
11.19999993 -1.382488 
11.23999993 -1.382488 
11.27999993 -1.825007 
11.31999993 -1.825007 
11.35999993 -0.941496 
11.39999993 -1.825007 
11.43999993 -1.825007 
11.47999993 -1.825007 
11.51999993 -0.941496 
11.55999993 -1.382488 
11.59999993 -0.941496 
11.63999993 -1.382488 
11.67999993 -1.382488 
11.71999993 -0.941496 
11.75999993 -2.708518 
11.79999993 -1.825007 
11.83999993 -0.4989776 
11.87999993 -1.825007 
11.91999993 -1.825007 
11.95999993 -0.941496 
11.99999993 -0.941496 
12.03999993 -1.825007 
12.07999993 -0.941496 
12.15999993 -0.4989776 
12.19999993 -0.941496 
12.23999993 -2.267525 
12.27999993 -1.825007 
12.35999992 -0.4989776 
12.39999992 -0.941496 
12.47999992 -0.4989776 
12.51999992 -0.941496 
12.55999992 -0.941496 
12.63999992 -0.4989776 
12.67999992 -0.941496 
14.99999991 -0.4989776 
15.15999991 -0.4989776 
15.19999991 -0.4989776 
15.23999991 -0.941496 
15.27999991 -0.941496 
15.31999991 -0.941496 
15.35999991 -0.4989776 
15.39999991 -0.941496 
15.43999991 -0.4989776 
15.47999991 -0.941496 
15.51999991 -0.941496 
15.55999991 -0.941496 
15.59999991 -0.941496 
15.6399999 -0.941496 
15.6799999 -0.941496 
15.7199999 -0.941496 
15.7599999 -0.941496 
15.7999999 -0.941496 
15.8399999 -0.941496 
15.8799999 -0.941496 
15.9199999 -0.941496 
15.9599999 -0.941496 
15.9999999 -0.941496 
16.0399999 -0.941496 
16.0799999 -0.941496 
16.1199999 -0.941496 
16.1599999 -0.941496 
16.1999999 -0.941496 
16.2399999 -0.941496 
16.2799999 -0.941496 
16.3199999 -0.941496 
16.3599999 -0.941496 
16.3999999 -0.941496 
16.4399999 -0.941496 
16.4799999 -0.941496 
16.5199999 -0.941496 
16.5599999 -0.941496 
16.5999999 -0.941496 
16.6399999 -0.4989776 
16.6799999 -0.4989776 
16.7199999 -0.4989776 
16.7599999 -0.4989776 
16.7999999 -0.4989776 
16.8399999 -0.4989776 
16.8799999 -0.4989776 
16.9599999 -0.4989776 
25.31999985 -0.4989776 
25.35999985 -0.4989776 
25.39999985 -0.4989776 
25.43999985 -0.4989776 
25.47999985 -0.4989776 
25.51999984 -0.4989776 
25.55999984 -0.4989776 
25.59999984 -0.4989776 
25.63999984 -0.4989776 
25.67999984 -0.941496 
25.71999984 -0.941496 
25.75999984 -0.941496 
25.79999984 -0.941496 
25.83999984 -0.941496 
25.87999984 -0.941496 
25.91999984 -0.941496 
25.95999984 -0.941496 
25.99999984 -0.941496 
26.03999984 -0.941496 
26.07999984 -0.941496 
26.11999984 -0.941496 
26.15999984 -0.941496 
26.19999984 -0.941496 
26.23999984 -0.941496 
26.27999984 -0.941496 
26.31999984 -0.941496 
26.35999984 -0.941496 
26.39999984 -0.941496 
26.43999984 -0.941496 
26.47999984 -0.941496 
26.51999984 -0.941496 
26.55999984 -0.941496 
26.59999984 -0.941496 
26.63999984 -0.941496 
26.67999984 -1.382488 
26.71999984 -0.941496 
26.75999984 -0.941496 
26.79999984 -1.382488 
26.83999984 -0.941496 
26.87999984 -0.941496 
26.91999984 -1.382488 
26.95999984 -0.941496 
26.99999984 -0.941496 
27.03999984 -0.941496 
27.07999984 -0.941496 
27.11999984 -0.941496 
27.15999983 -0.941496 
27.19999983 -0.941496 
27.23999983 -0.941496 
27.27999983 -0.941496 
27.31999983 -0.941496 
27.35999983 -0.941496 
27.39999983 -0.4989776 
27.43999983 -0.941496 
27.47999983 -0.941496 
27.51999983 -0.4989776 
27.55999983 -0.941496 
27.59999983 -0.4989776 
27.63999983 -0.4989776 
27.67999983 -0.941496 
27.71999983 -0.4989776 
27.75999983 -0.4989776 
27.79999983 -0.4989776 
27.83999983 -0.4989776 
27.87999983 -0.4989776 
27.91999983 -0.4989776 
27.95999983 -0.4989776 
36.67999978 -0.4989776 
36.75999978 -0.4989776 
36.79999978 -0.4989776 
36.83999978 -0.4989776 
36.87999978 -0.4989776 
36.91999978 -0.941496 
36.95999978 -0.941496 
37.03999977 -0.941496 
37.07999977 -0.941496 
37.11999977 -0.4989776 
37.15999977 -0.4989776 
37.19999977 -0.941496 
37.23999977 -0.941496 
37.27999977 -0.941496 
37.31999977 -0.941496 
37.35999977 -0.941496 
37.39999977 -0.941496 
37.43999977 -0.941496 
37.47999977 -0.941496 
37.51999977 -0.941496 
37.55999977 -0.941496 
37.59999977 -0.941496 
37.63999977 -0.941496 
37.67999977 -0.941496 
37.71999977 -0.941496 
37.75999977 -0.941496 
37.79999977 -0.941496 
37.83999977 -0.941496 
37.87999977 -0.941496 
37.91999977 -0.941496 
37.95999977 -0.941496 
37.99999977 -0.941496 
38.03999977 -0.941496 
38.07999977 -0.941496 
38.11999977 -0.941496 
38.15999977 -0.941496 
38.19999977 -0.941496 
38.23999977 -0.941496 
38.27999977 -0.941496 
38.31999977 -0.941496 
38.35999977 -0.941496 
38.39999977 -0.941496 
38.43999977 -0.941496 
38.47999977 -0.941496 
38.51999977 -0.941496 
38.55999977 -0.941496 
38.59999977 -0.941496 
38.63999977 -0.941496 
38.67999976 -0.941496 
38.71999976 -0.4989776 
38.75999976 -0.941496 
38.79999976 -0.4989776 
38.83999976 -0.4989776 
38.87999976 -0.4989776 
38.91999976 -0.4989776 
38.95999976 -0.4989776 
38.99999976 -0.4989776 
39.03999976 -0.4989776 
39.07999976 -0.4989776 
39.11999976 -0.4989776 
43.71999973 -0.4989776 
43.87999973 -0.4989776 
43.91999973 -0.4989776 
43.95999973 -0.4989776 
43.99999973 -0.4989776 
44.03999973 -0.4989776 
44.07999973 -0.4989776 
44.11999973 -0.4989776 
44.15999973 -0.4989776 
44.19999973 -0.941496 
44.23999973 -0.4989776 
44.27999973 -0.4989776 
44.31999973 -0.4989776 
44.35999973 -0.4989776 
44.39999973 -0.4989776 
44.43999973 -0.4989776 
44.47999973 -0.4989776 
44.51999973 -0.4989776 
44.55999973 -0.4989776 
44.59999973 -0.4989776 
44.63999973 -0.4989776 
44.67999973 -0.4989776 
44.71999973 -0.4989776 
44.79999973 -0.4989776 
44.87999973 -0.4989776 
44.91999973 -0.4989776 
44.99999973 -0.4989776 
47.95999971 -0.4989776 
47.99999971 -0.4989776 
48.03999971 -0.4989776 
48.07999971 -0.4989776 
48.11999971 -0.4989776 
48.15999971 -0.941496 
48.19999971 -0.4989776 
48.23999971 -0.941496 
48.27999971 -0.941496 
48.31999971 -0.941496 
48.35999971 -0.941496 
48.39999971 -0.941496 
48.43999971 -0.941496 
48.47999971 -0.941496 
48.51999971 -0.941496 
48.5599997 -0.941496 
48.5999997 -1.382488 
48.6399997 -0.941496 
48.6799997 -0.941496 
48.7199997 -1.382488 
48.7599997 -0.941496 
48.7999997 -1.382488 
48.8399997 -1.382488 
48.8799997 -0.941496 
48.9199997 -1.382488 
48.9599997 -1.825007 
48.9999997 -1.825007 
49.0399997 -1.825007 
49.0799997 -1.382488 
49.1199997 -1.825007 
49.1599997 -1.825007 
49.1999997 -1.825007 
49.2399997 -1.825007 
49.2799997 -1.382488 
49.3199997 -1.825007 
49.3599997 -1.825007 
49.3999997 -1.825007 
49.4399997 -1.825007 
49.4799997 -1.825007 
49.5199997 -1.825007 
49.5599997 -1.825007 
49.5999997 -1.825007 
49.6399997 -1.825007 
49.6799997 -1.825007 
49.7199997 -1.825007 
49.7599997 -1.382488 
49.7999997 -0.941496 
49.8399997 -2.267525 
49.8799997 -1.825007 
49.9199997 -1.825007 
49.9599997 -1.825007 
49.9999997 -1.382488 
50.0399997 -0.941496 
50.0799997 -1.382488 
50.1199997 -1.825007 
50.1599997 -0.941496 
50.19999969 -0.941496 
50.23999969 -0.941496 
50.27999969 -0.941496 
50.31999969 -0.941496 
50.35999969 -0.941496 
50.39999969 -1.382488 
50.43999969 -0.941496 
50.47999969 -0.941496 
50.51999969 -0.4989776 
50.55999969 -0.941496 
50.59999969 -0.4989776 
50.63999969 -0.4989776 
50.67999969 -0.4989776 
50.71999969 -0.4989776 
50.75999969 -0.4989776 
50.79999969 -0.4989776 
50.83999969 -0.4989776 
59.15999964 -0.4989776 
59.71999964 -0.4989776 
59.75999964 -0.4989776 
59.79999964 -0.4989776 
59.83999964 -0.941496 
59.87999964 -0.4989776 
59.91999964 -0.4989776 
59.95999964 -0.4989776 
59.99999964 -0.941496 
60.03999964 -0.941496 
60.07999963 -0.941496 
60.11999963 -0.941496 
60.15999963 -0.941496 
60.19999963 -0.941496 
60.23999963 -0.941496 
60.27999963 -0.941496 
60.31999963 -0.941496 
60.35999963 -0.941496 
60.39999963 -0.941496 
60.43999963 -0.941496 
60.47999963 -1.382488 
60.51999963 -0.941496 
60.55999963 -0.941496 
60.59999963 -0.941496 
60.63999963 -0.941496 
60.67999963 -0.941496 
60.71999963 -0.941496 
60.75999963 -0.941496 
60.79999963 -0.941496 
60.83999963 -0.941496 
60.87999963 -0.941496 
60.91999963 -0.941496 
60.95999963 -0.941496 
60.99999963 -0.941496 
61.03999963 -0.941496 
61.07999963 -0.4989776 
61.11999963 -0.941496 
61.15999963 -0.941496 
61.19999963 -0.941496 
61.27999963 -0.4989776 
61.31999963 -0.941496 
61.35999963 -0.4989776 
61.39999963 -0.941496 
61.43999963 -0.941496 
61.47999963 -0.4989776 
61.51999963 -0.4989776 
61.55999963 -0.4989776 
61.59999963 -0.4989776 
61.75999962 -0.4989776 
65.4799996 -0.4989776 
70.91999957 -0.4989776 
70.95999957 -0.4989776 
70.99999957 -0.941496 
71.03999957 -0.4989776 
71.07999957 -0.4989776 
71.15999957 -0.4989776 
71.19999957 -0.941496 
71.23999957 -0.4989776 
71.31999957 -0.941496 
71.35999957 -0.4989776 
71.39999957 -0.4989776 
71.43999957 -0.941496 
71.47999957 -0.4989776 
71.51999957 -0.4989776 
71.55999957 -0.4989776 
71.59999956 -0.941496 
71.63999956 -0.4989776 
71.67999956 -0.941496 
71.71999956 -0.941496 
71.75999956 -0.4989776 
71.79999956 -0.4989776 
71.83999956 -0.4989776 
71.87999956 -0.4989776 
71.91999956 -0.941496 
71.95999956 -0.4989776 
71.99999956 -0.4989776 
72.03999956 -0.941496 
72.07999956 -0.4989776 
72.11999956 -0.4989776 
72.15999956 -0.941496 
72.19999956 -0.4989776 
72.23999956 -0.4989776 
72.27999956 -0.4989776 
72.31999956 -0.941496 
72.35999956 -0.941496 
72.39999956 -0.941496 
72.43999956 -0.4989776 
72.47999956 -0.4989776 
72.51999956 -0.4989776 
72.55999956 -0.941496 
72.59999956 -0.941496 
72.63999956 -0.941496 
72.67999956 -0.4989776 
72.71999956 -0.941496 
72.75999956 -0.941496 
72.79999956 -0.4989776 
72.83999956 -0.4989776 
72.87999956 -0.4989776 
72.91999956 -0.941496 
72.95999956 -0.941496 
72.99999956 -0.941496 
73.03999956 -0.941496 
73.07999956 -0.4989776 
73.11999956 -0.4989776 
73.15999956 -0.941496 
73.19999956 -0.941496 
73.23999955 -0.941496 
73.27999955 -0.4989776 
73.31999955 -0.4989776 
73.35999955 -0.4989776 
73.39999955 -0.941496 
73.43999955 -0.4989776 
73.47999955 -0.4989776 
73.51999955 -0.4989776 
73.55999955 -0.4989776 
73.59999955 -0.4989776 
73.63999955 -0.4989776 
73.67999955 -0.941496 
73.71999955 -0.941496 
73.75999955 -0.4989776 
73.79999955 -0.4989776 
73.83999955 -0.4989776 
73.87999955 -0.941496 
73.91999955 -0.4989776 
73.95999955 -0.4989776 
73.99999955 -0.4989776 
74.03999955 -0.4989776 
74.07999955 -0.4989776 
74.11999955 -0.4989776 
74.15999955 -0.4989776 
74.19999955 -0.4989776 
74.23999955 -0.4989776 
74.27999955 -0.4989776 
74.31999955 -0.4989776 
74.35999955 -0.4989776 
74.39999955 -0.4989776 
74.43999955 -0.941496 
74.47999955 -0.4989776 
74.51999955 -0.4989776 
74.55999955 -0.4989776 
74.59999955 -0.4989776 
74.63999955 -0.4989776 
74.67999955 -0.4989776 
74.71999955 -0.4989776 
74.75999955 -0.4989776 
74.79999955 -0.4989776 
74.83999955 -0.4989776 
74.87999954 -0.941496 
74.91999954 -0.4989776 
74.95999954 -0.4989776 
74.99999954 -0.4989776 
75.03999954 -0.941496 
75.07999954 -0.941496 
75.11999954 -0.4989776 
75.15999954 -0.4989776 
75.19999954 -0.4989776 
75.23999954 -0.4989776 
75.27999954 -0.4989776 
75.31999954 -0.941496 
75.35999954 -0.941496 
75.39999954 -0.941496 
75.47999954 -0.941496 
75.51999954 -0.941496 
75.55999954 -0.941496 
75.59999954 -0.4989776 
75.63999954 -0.941496 
75.67999954 -0.4989776 
75.71999954 -0.4989776 
75.75999954 -0.941496 
75.79999954 -0.941496 
75.83999954 -0.941496 
75.87999954 -0.941496 
75.91999954 -0.941496 
75.95999954 -0.4989776 
75.99999954 -0.4989776 
76.03999954 -0.941496 
76.07999954 -0.941496 
76.11999954 -0.941496 
76.15999954 -0.941496 
76.19999954 -0.941496 
76.23999954 -0.941496 
76.27999954 -0.941496 
76.31999954 -0.941496 
76.35999954 -0.941496 
76.39999954 -0.941496 
76.43999954 -0.941496 
76.47999954 -0.941496 
76.51999953 -0.941496 
76.55999953 -0.941496 
76.59999953 -0.941496 
76.63999953 -0.941496 
76.67999953 -0.941496 
76.71999953 -0.941496 
76.75999953 -0.941496 
76.79999953 -0.941496 
76.83999953 -0.941496 
76.87999953 -0.941496 
76.91999953 -0.941496 
76.95999953 -0.941496 
76.99999953 -0.941496 
77.03999953 -0.941496 
77.07999953 -0.941496 
77.11999953 -0.941496 
77.15999953 -0.941496 
77.19999953 -0.941496 
77.23999953 -0.941496 
77.27999953 -0.941496 
77.31999953 -0.4989776 
77.35999953 -0.4989776 
77.39999953 -0.4989776 
77.43999953 -0.4989776 
77.47999953 -0.4989776 
77.51999953 -0.4989776 
77.55999953 -0.4989776 
77.59999953 -0.4989776 
77.63999953 -0.4989776 
77.67999953 -0.4989776 
77.71999953 -0.4989776 
77.75999953 -0.4989776 
96.87999941 -0.4989776 
96.91999941 -0.4989776 
96.95999941 -0.4989776 
96.99999941 -0.4989776 
97.03999941 -0.941496 
97.07999941 -0.941496 
97.11999941 -0.941496 
97.15999941 -0.941496 
97.19999941 -1.382488 
97.23999941 -0.941496 
97.27999941 -1.825007 
97.31999941 -1.825007 
97.35999941 -1.825007 
97.39999941 -1.825007 
97.43999941 -1.825007 
97.47999941 -1.825007 
97.51999941 -1.825007 
97.55999941 -1.825007 
97.59999941 -2.267525 
97.63999941 -2.267525 
97.67999941 -2.267525 
97.71999941 -2.267525 
97.75999941 -1.382488 
97.79999941 -2.267525 
97.83999941 -3.151036 
97.87999941 -2.267525 
97.9199994 -2.267525 
97.9599994 -2.708518 
97.9999994 -2.708518 
98.0399994 -1.825007 
98.0799994 -2.708518 
98.1199994 -3.151036 
98.1599994 -2.708518 
98.1999994 -2.708518 
98.2399994 -3.151036 
98.2799994 -3.151036 
98.3199994 -2.708518 
98.3599994 -2.708518 
98.3999994 -3.151036 
98.4399994 -2.708518 
98.4799994 -2.708518 
98.5199994 -2.708518 
98.5599994 -2.708518 
98.5999994 -2.267525 
98.6399994 -2.708518 
98.6799994 -2.708518 
98.7199994 -2.708518 
98.7599994 -2.708518 
98.7999994 -2.708518 
98.8399994 -2.267525 
98.8799994 -2.267525 
98.9199994 -2.267525 
98.9599994 -2.267525 
98.9999994 -2.708518 
99.0399994 -2.267525 
99.0799994 -2.267525 
99.1199994 -2.267525 
99.1599994 -2.267525 
99.1999994 -1.825007 
99.2399994 -2.267525 
99.2799994 -1.825007 
99.3199994 -1.825007 
99.3599994 -1.825007 
99.3999994 -1.825007 
99.4399994 -1.825007 
99.4799994 -1.825007 
99.5199994 -1.825007 
99.55999939 -1.825007 
99.59999939 -1.825007 
99.63999939 -1.825007 
99.67999939 -0.941496 
99.71999939 -0.941496 
99.75999939 -0.941496 
99.79999939 -0.941496 
99.83999939 -0.941496 
99.87999939 -0.941496 
99.91999939 -0.4989776 
99.95999939 -0.941496 
99.99999939 -0.4989776 
100.03999939 -0.4989776 
100.07999939 -0.4989776 
100.11999939 -0.4989776 
100.15999939 -0.4989776 
100.19999939 -0.941496 
100.27999939 -0.4989776 
102.27999938 -0.4989776 
102.39999938 -0.4989776 
102.43999938 -0.4989776 
102.47999938 -0.4989776 
102.71999938 -0.4989776 
102.75999938 -0.4989776 
102.99999937 -0.4989776 
103.03999937 -0.4989776 
103.19999937 -0.4989776 
108.95999934 -0.4989776 
108.99999934 -0.4989776 
109.03999934 -0.4989776 
109.11999934 -0.4989776 
109.15999934 -0.4989776 
109.19999934 -0.4989776 
109.23999934 -0.4989776 
109.27999934 -0.941496 
109.31999934 -0.941496 
109.35999934 -0.941496 
109.39999934 -0.941496 
109.43999933 -0.941496 
109.47999933 -0.941496 
109.51999933 -0.941496 
109.55999933 -0.941496 
109.59999933 -0.941496 
109.63999933 -1.825007 
109.67999933 -1.382488 
109.71999933 -0.941496 
109.75999933 -1.382488 
109.79999933 -0.941496 
109.83999933 -1.382488 
109.87999933 -1.382488 
109.91999933 -1.382488 
109.95999933 -0.941496 
109.99999933 -0.941496 
110.03999933 -1.382488 
110.07999933 -1.382488 
110.11999933 -1.382488 
110.15999933 -1.382488 
110.19999933 -0.941496 
110.23999933 -1.825007 
110.27999933 -0.941496 
110.31999933 -0.941496 
110.35999933 -1.382488 
110.39999933 -1.382488 
110.43999933 -0.941496 
110.47999933 -0.941496 
110.51999933 -0.941496 
110.55999933 -0.941496 
110.59999933 -0.941496 
110.63999933 -0.941496 
110.67999933 -0.941496 
110.71999933 -0.941496 
110.75999933 -0.4989776 
110.79999933 -0.941496 
110.87999933 -0.4989776 
110.91999933 -0.4989776 
110.95999933 -0.4989776 
110.99999933 -0.4989776 
111.03999933 -0.4989776 
111.07999932 -0.4989776 
111.35999932 -0.4989776 
120.15999927 -0.4989776 
120.63999927 -0.4989776 
120.79999927 -0.4989776 
120.87999927 -0.4989776 
120.91999927 -0.4989776 
120.95999926 -0.4989776 
120.99999926 -0.4989776 
121.03999926 -0.4989776 
121.07999926 -0.4989776 
121.11999926 -0.4989776 
121.15999926 -0.4989776 
121.19999926 -0.4989776 
121.23999926 -0.4989776 
121.27999926 -0.4989776 
121.31999926 -0.941496 
121.35999926 -0.4989776 
121.39999926 -0.4989776 
121.43999926 -0.4989776 
121.47999926 -0.4989776 
121.51999926 -0.4989776 
121.55999926 -0.941496 
121.59999926 -0.4989776 
121.63999926 -0.4989776 
121.67999926 -0.4989776 
121.71999926 -0.941496 
121.75999926 -0.4989776 
121.79999926 -0.941496 
121.83999926 -0.4989776 
121.87999926 -0.4989776 
121.91999926 -0.4989776 
121.95999926 -0.4989776 
121.99999926 -0.4989776 
122.03999926 -0.4989776 
122.07999926 -0.4989776 
122.11999926 -0.4989776 
122.15999926 -0.4989776 
122.19999926 -0.4989776 
122.23999926 -0.4989776 
122.27999926 -0.4989776 
122.31999926 -0.4989776 
122.35999926 -0.4989776 
122.39999926 -0.4989776 
122.43999926 -0.4989776 
122.47999926 -0.4989776 
122.51999926 -0.4989776 
122.55999926 -0.4989776 
122.59999925 -0.4989776 
122.63999925 -0.4989776 
122.67999925 -0.4989776 
122.75999925 -0.4989776 
122.83999925 -0.4989776 
122.87999925 -0.4989776 
123.07999925 -0.4989776 
124.11999925 -0.4989776 
124.27999924 -0.4989776 
124.43999924 -0.4989776 
124.51999924 -0.4989776 
124.55999924 -0.941496 
124.71999924 -0.941496 
124.75999924 -0.4989776 
124.79999924 -0.941496 
124.83999924 -0.941496 
124.87999924 -0.4989776 
124.91999924 -0.4989776 
124.95999924 -0.4989776 
124.99999924 -0.4989776 
125.03999924 -2.267525 
125.07999924 -1.825007 
125.11999924 -0.4989776 
125.15999924 -0.4989776 
125.19999924 -1.825007 
125.23999924 -0.941496 
125.27999924 -0.941496 
125.31999924 -2.267525 
125.35999924 -1.825007 
125.39999924 -0.4989776 
125.43999924 -0.941496 
125.47999924 -1.825007 
125.51999924 -1.825007 
125.55999924 -0.941496 
125.59999924 -0.941496 
125.63999924 -1.825007 
125.67999924 -1.825007 
125.71999924 -0.941496 
125.75999924 -1.382488 
125.79999924 -1.825007 
125.83999924 -1.825007 
125.87999923 -1.825007 
125.91999923 -1.825007 
125.95999923 -1.825007 
125.99999923 -1.825007 
126.03999923 -1.825007 
126.07999923 -0.941496 
126.11999923 -1.825007 
126.15999923 -1.825007 
126.19999923 -1.382488 
126.23999923 -0.941496 
126.27999923 -1.825007 
126.31999923 -1.825007 
126.35999923 -1.825007 
126.39999923 -1.825007 
126.43999923 -1.825007 
126.47999923 -1.825007 
126.51999923 -1.825007 
126.55999923 -1.825007 
126.59999923 -1.825007 
126.63999923 -1.825007 
126.67999923 -1.825007 
126.71999923 -1.825007 
126.75999923 -1.382488 
126.79999923 -1.382488 
126.83999923 -0.941496 
126.87999923 -0.941496 
126.91999923 -1.382488 
126.95999923 -1.382488 
126.99999923 -1.382488 
127.03999923 -0.941496 
127.07999923 -0.941496 
127.11999923 -0.941496 
127.15999923 -0.941496 
127.19999923 -0.941496 
127.23999923 -0.4989776 
127.27999923 -0.4989776 
127.31999923 -0.4989776 
127.35999923 -0.4989776 
127.39999923 -0.4989776 
127.43999923 -0.4989776 
127.47999923 -0.4989776 
131.6399992 -0.4989776 
131.7199992 -0.4989776 
131.7599992 -0.4989776 
131.7999992 -0.4989776 
131.8399992 -0.4989776 
131.8799992 -0.4989776 
131.9199992 -0.4989776 
131.9599992 -0.4989776 
131.9999992 -0.4989776 
132.0399992 -0.4989776 
132.0799992 -0.4989776 
132.1199992 -0.4989776 
132.1599992 -0.4989776 
132.1999992 -0.4989776 
132.2399992 -0.4989776 
132.2799992 -0.4989776 
132.3199992 -0.4989776 
132.3599992 -0.4989776 
132.3999992 -0.4989776 
132.47999919 -0.4989776 
132.55999919 -0.4989776 
132.59999919 -0.4989776 
132.67999919 -0.4989776 
132.71999919 -0.4989776 
136.03999917 -0.4989776 
136.11999917 -0.4989776 
136.23999917 -0.4989776 
136.27999917 -0.4989776 
136.39999917 -0.4989776 
136.47999917 -0.4989776 
136.51999917 -0.4989776 
136.63999917 -0.4989776 
136.67999917 -0.4989776 
136.71999917 -0.4989776 
136.75999917 -0.4989776 
136.79999917 -0.4989776 
136.87999917 -0.4989776 
136.91999917 -0.4989776 
136.99999917 -0.4989776 
137.03999917 -0.4989776 
137.07999917 -0.4989776 
137.11999917 -0.4989776 
137.27999917 -0.4989776 
137.35999917 -0.4989776 
137.39999916 -0.4989776 
137.43999916 -0.941496 
137.51999916 -0.4989776 
137.55999916 -0.4989776 
137.67999916 -0.4989776 
137.71999916 -0.4989776 
146.87999911 -0.941496 
146.99999911 -0.4989776 
147.03999911 -0.941496 
147.07999911 -0.4989776 
147.15999911 -0.941496 
147.19999911 -0.941496 
147.23999911 -0.4989776 
147.2799991 -0.4989776 
147.3199991 -0.941496 
147.3599991 -2.267525 
147.3999991 -2.267525 
147.4399991 -0.941496 
147.4799991 -0.941496 
147.5199991 -1.825007 
147.5599991 -0.941496 
147.5999991 -0.941496 
147.6399991 -2.267525 
147.6799991 -1.825007 
147.7199991 -0.941496 
147.7599991 -0.941496 
147.7999991 -2.267525 
147.8399991 -1.825007 
147.8799991 -0.941496 
147.9199991 -1.825007 
147.9599991 -1.825007 
147.9999991 -1.825007 
148.0399991 -1.825007 
148.0799991 -1.825007 
148.1199991 -1.825007 
148.1599991 -1.825007 
148.1999991 -1.825007 
148.2399991 -1.382488 
148.2799991 -1.825007 
148.3199991 -2.267525 
148.3599991 -2.708518 
148.3999991 -1.825007 
148.4399991 -0.941496 
148.4799991 -1.825007 
148.5199991 -1.825007 
148.5599991 -1.382488 
148.5999991 -1.825007 
148.6399991 -1.382488 
148.6799991 -1.825007 
148.7199991 -0.941496 
148.7599991 -0.941496 
148.7999991 -1.825007 
148.8399991 -0.941496 
148.8799991 -0.941496 
148.91999909 -0.941496 
148.95999909 -0.941496 
148.99999909 -0.941496 
149.03999909 -0.941496 
149.07999909 -0.941496 
149.11999909 -0.941496 
149.15999909 -0.941496 
149.19999909 -0.4989776 
149.23999909 -0.941496 
149.27999909 -0.4989776 
149.31999909 -0.4989776 
149.35999909 -0.4989776 
149.39999909 -0.4989776 
149.43999909 -0.4989776 
149.47999909 -0.4989776 
149.51999909 -0.4989776 
149.59999909 -0.4989776 
157.99999904 -0.941496 
158.03999904 -0.4989776 
158.07999904 -0.941496 
158.11999904 -0.941496 
158.15999904 -0.4989776 
158.19999904 -0.4989776 
158.23999904 -0.4989776 
158.27999904 -0.941496 
158.31999904 -0.941496 
158.35999904 -0.941496 
158.39999904 -0.941496 
158.43999904 -0.941496 
158.47999904 -1.382488 
158.51999904 -1.382488 
158.55999904 -1.382488 
158.59999904 -1.825007 
158.63999904 -1.382488 
158.67999904 -1.382488 
158.71999904 -1.825007 
158.75999904 -1.825007 
158.79999903 -1.825007 
158.83999903 -1.825007 
158.87999903 -1.825007 
158.91999903 -2.267525 
158.95999903 -1.825007 
158.99999903 -2.267525 
159.03999903 -2.267525 
159.07999903 -2.267525 
159.11999903 -2.267525 
159.15999903 -2.267525 
159.19999903 -2.267525 
159.23999903 -2.267525 
159.27999903 -2.267525 
159.31999903 -2.267525 
159.35999903 -2.708518 
159.39999903 -2.267525 
159.43999903 -2.267525 
159.47999903 -2.267525 
159.51999903 -2.708518 
159.55999903 -2.267525 
159.59999903 -2.267525 
159.63999903 -2.267525 
159.67999903 -2.267525 
159.71999903 -2.708518 
159.75999903 -2.708518 
159.79999903 -2.267525 
159.83999903 -2.267525 
159.87999903 -2.267525 
159.91999903 -2.267525 
159.95999903 -2.267525 
159.99999903 -2.267525 
160.03999903 -2.267525 
160.07999903 -1.825007 
160.11999903 -2.267525 
160.15999903 -1.825007 
160.19999903 -1.825007 
160.23999903 -1.825007 
160.27999903 -1.825007 
160.31999903 -1.825007 
160.35999903 -1.825007 
160.39999903 -1.825007 
160.43999902 -1.825007 
160.47999902 -1.825007 
160.51999902 -1.825007 
160.55999902 -0.941496 
160.59999902 -0.941496 
160.63999902 -1.382488 
160.67999902 -0.941496 
160.71999902 -0.941496 
160.75999902 -0.941496 
160.79999902 -0.941496 
160.83999902 -0.941496 
160.87999902 -0.941496 
160.91999902 -0.4989776 
160.95999902 -0.4989776 
160.99999902 -0.941496 
161.03999902 -0.4989776 
161.07999902 -0.4989776 
161.11999902 -0.4989776 
163.59999901 -0.4989776 
163.719999 -0.4989776 
163.999999 -0.4989776 
164.399999 -0.4989776 
174.55999894 -0.4989776 
174.59999894 -0.4989776 
174.63999894 -0.4989776 
174.71999894 -0.4989776 
174.75999894 -0.4989776 
174.79999894 -0.4989776 
174.83999894 -0.4989776 
174.87999894 -0.4989776 
174.91999894 -0.4989776 
174.95999894 -0.4989776 
174.99999894 -0.4989776 
175.03999894 -0.4989776 
175.11999894 -0.4989776 
175.15999894 -0.4989776 
175.19999894 -0.4989776 
175.23999893 -0.4989776 
175.27999893 -0.4989776 
175.31999893 -0.941496 
175.35999893 -0.941496 
175.39999893 -0.941496 
175.43999893 -0.941496 
175.47999893 -0.4989776 
175.51999893 -0.4989776 
175.55999893 -0.941496 
175.59999893 -0.941496 
175.63999893 -0.941496 
175.67999893 -0.4989776 
175.71999893 -0.4989776 
175.75999893 -0.941496 
175.79999893 -0.941496 
175.83999893 -0.4989776 
175.87999893 -0.941496 
175.91999893 -0.941496 
175.95999893 -0.4989776 
175.99999893 -0.941496 
176.03999893 -0.4989776 
176.07999893 -0.4989776 
176.11999893 -0.4989776 
176.15999893 -0.4989776 
176.23999893 -0.4989776 
176.27999893 -0.4989776 
176.31999893 -0.4989776 
176.35999893 -0.4989776 
180.3999989 -0.4989776 
180.4799989 -0.4989776 
180.5199989 -0.4989776 
180.5599989 -0.4989776 
180.5999989 -0.4989776 
180.6399989 -0.4989776 
180.6799989 -0.4989776 
180.7199989 -0.941496 
180.7599989 -0.941496 
180.7999989 -0.4989776 
180.8399989 -0.941496 
180.8799989 -0.941496 
180.9199989 -0.941496 
180.9599989 -0.941496 
180.9999989 -0.941496 
181.0399989 -0.941496 
181.0799989 -0.941496 
181.1199989 -0.941496 
181.1599989 -0.941496 
181.1999989 -0.941496 
181.2399989 -0.941496 
181.2799989 -1.382488 
181.3199989 -1.382488 
181.3599989 -0.941496 
181.3999989 -1.825007 
181.4399989 -0.941496 
181.4799989 -0.4989776 
181.5199989 -0.941496 
181.5599989 -0.941496 
181.5999989 -0.941496 
181.6399989 -0.941496 
181.6799989 -0.941496 
181.7199989 -0.941496 
181.7599989 -0.941496 
181.7999989 -0.941496 
181.83999889 -0.941496 
181.87999889 -0.941496 
181.91999889 -0.941496 
181.95999889 -0.4989776 
181.99999889 -0.4989776 
182.03999889 -0.941496 
182.07999889 -0.4989776 
182.11999889 -0.941496 
182.15999889 -0.4989776 
182.19999889 -0.4989776 
182.23999889 -0.4989776 
182.27999889 -0.941496 
182.31999889 -0.4989776 
182.35999889 -0.4989776 
182.39999889 -0.941496 
182.43999889 -0.4989776 
182.47999889 -0.4989776 
182.51999889 -0.941496 
182.55999889 -0.4989776 
182.59999889 -0.4989776 
182.63999889 -0.4989776 
182.67999889 -0.4989776 
182.71999889 -0.4989776 
182.75999889 -0.4989776 
182.79999889 -0.4989776 
182.83999889 -0.4989776 
182.87999889 -0.4989776 
182.95999889 -0.4989776 
182.99999889 -0.4989776 
183.03999889 -0.4989776 
183.07999889 -0.4989776 
183.11999889 -0.941496 
183.15999889 -0.4989776 
183.19999889 -0.4989776 
183.23999889 -0.4989776 
183.27999889 -0.4989776 
183.31999889 -0.4989776 
183.35999889 -0.4989776 
183.39999889 -0.4989776 
183.43999889 -0.4989776 
183.47999888 -0.4989776 
183.51999888 -0.4989776 
183.59999888 -0.4989776 
183.63999888 -0.4989776 
183.67999888 -0.4989776 
183.71999888 -0.4989776 
183.75999888 -0.4989776 
183.79999888 -0.4989776 
183.83999888 -0.4989776 
183.87999888 -0.4989776 
183.91999888 -0.4989776 
183.95999888 -0.4989776 
183.99999888 -0.4989776 
184.03999888 -0.4989776 
184.07999888 -0.4989776 
184.11999888 -0.4989776 
184.15999888 -0.4989776 
184.19999888 -0.941496 
184.23999888 -0.941496 
184.27999888 -0.4989776 
184.31999888 -0.4989776 
184.35999888 -0.941496 
184.39999888 -0.941496 
184.43999888 -0.4989776 
184.47999888 -0.941496 
184.51999888 -0.941496 
184.55999888 -0.941496 
184.59999888 -0.941496 
184.63999888 -0.941496 
184.67999888 -0.941496 
184.71999888 -0.941496 
184.75999888 -0.941496 
184.79999888 -0.941496 
184.83999888 -0.941496 
184.87999888 -0.941496 
184.91999888 -1.382488 
184.95999888 -0.941496 
184.99999888 -0.941496 
185.03999888 -1.382488 
185.07999888 -1.382488 
185.11999887 -1.382488 
185.15999887 -0.941496 
185.19999887 -1.382488 
185.23999887 -1.825007 
185.27999887 -1.382488 
185.31999887 -1.382488 
185.35999887 -1.382488 
185.39999887 -1.382488 
185.43999887 -1.382488 
185.47999887 -1.382488 
185.51999887 -1.825007 
185.55999887 -1.825007 
185.59999887 -1.825007 
185.63999887 -1.825007 
185.67999887 -1.825007 
185.71999887 -1.825007 
185.75999887 -1.825007 
185.79999887 -1.825007 
185.83999887 -1.825007 
185.87999887 -1.825007 
185.91999887 -1.825007 
185.95999887 -1.825007 
185.99999887 -1.825007 
186.03999887 -1.382488 
186.07999887 -1.825007 
186.11999887 -1.825007 
186.15999887 -1.825007 
186.19999887 -1.825007 
186.23999887 -1.825007 
186.27999887 -1.825007 
186.31999887 -1.825007 
186.35999887 -1.825007 
186.39999887 -1.825007 
186.43999887 -1.825007 
186.47999887 -1.825007 
186.51999887 -1.825007 
186.55999887 -1.382488 
186.59999887 -1.382488 
186.63999887 -1.825007 
186.67999887 -0.941496 
186.71999887 -0.941496 
186.75999886 -1.382488 
186.79999886 -0.941496 
186.83999886 -0.941496 
186.87999886 -0.941496 
186.91999886 -0.941496 
186.95999886 -0.941496 
186.99999886 -0.941496 
187.03999886 -0.4989776 
187.07999886 -0.941496 
187.11999886 -0.941496 
187.15999886 -0.941496 
187.19999886 -0.941496 
187.23999886 -0.4989776 
187.27999886 -0.4989776 
187.31999886 -0.4989776 
187.35999886 -0.4989776 
187.39999886 -0.4989776 
187.43999886 -0.4989776 
187.47999886 -0.4989776 
187.51999886 -0.4989776 
187.55999886 -0.4989776 
187.59999886 -0.4989776 
187.83999886 -0.4989776 
192.75999883 -0.4989776 
192.79999883 -0.4989776 
193.03999883 -0.4989776 
196.7199988 -0.4989776 
196.7599988 -0.4989776 
196.8399988 -0.4989776 
196.9599988 -0.4989776 
196.9999988 -0.4989776 
197.0399988 -0.4989776 
197.0799988 -0.4989776 
197.1199988 -0.4989776 
197.1999988 -0.4989776 
197.2399988 -0.4989776 
197.2799988 -0.4989776 
197.3199988 -0.4989776 
197.3599988 -0.941496 
197.3999988 -0.941496 
197.4399988 -0.4989776 
197.4799988 -0.4989776 
197.5199988 -0.941496 
197.5599988 -0.4989776 
197.5999988 -0.941496 
197.6399988 -0.941496 
197.6799988 -0.4989776 
197.7199988 -0.941496 
197.7599988 -0.941496 
197.7999988 -0.4989776 
197.8399988 -0.941496 
197.8799988 -0.941496 
197.9199988 -0.941496 
197.9599988 -0.941496 
197.9999988 -0.4989776 
198.0399988 -0.941496 
198.0799988 -0.941496 
198.1199988 -0.941496 
198.1599988 -0.4989776 
198.1999988 -0.4989776 
198.2399988 -0.941496 
198.27999879 -0.4989776 
198.31999879 -0.4989776 
198.35999879 -0.941496 
198.39999879 -0.4989776 
198.43999879 -0.941496 
198.47999879 -0.4989776 
198.51999879 -0.4989776 
198.55999879 -0.4989776 
198.59999879 -0.4989776 
198.67999879 -0.4989776 
198.71999879 -0.4989776 
198.75999879 -0.4989776 
0 0 
