78.99999952 -4.547257 
79.03999952 -4.547257 
79.07999952 -8.941923 
79.11999952 -8.941923 
79.15999952 -8.941923 
79.19999952 -8.941923 
112.95999931 -8.941923 
118.31999928 -4.547257 
118.35999928 -4.547257 
118.39999928 -8.941923 
121.63999926 -8.941923 
121.67999926 -8.941923 
121.71999926 -4.547257 
126.31999923 -4.547257 
126.35999923 -8.941923 
126.39999923 -8.941923 
126.43999923 -8.941923 
128.43999922 -8.941923 
128.47999922 -8.941923 
128.51999922 -8.941923 
128.55999922 -4.547257 
128.59999922 -4.547257 
128.63999922 -4.547257 
133.15999919 -4.547257 
133.19999919 -4.547257 
133.23999919 -4.547257 
133.27999919 -8.941923 
133.31999919 -8.941923 
133.35999919 -8.941923 
133.39999919 -8.941923 
133.43999919 -8.941923 
134.71999918 -8.941923 
134.75999918 -8.941923 
134.79999918 -8.941923 
134.83999918 -8.941923 
134.87999918 -8.941923 
134.91999918 -4.547257 
134.95999918 -4.547257 
134.99999918 -4.547257 
135.03999918 -4.547257 
135.07999918 -4.547257 
139.67999915 -4.547257 
139.71999915 -4.547257 
139.75999915 -4.547257 
139.79999915 -8.941923 
139.83999915 -8.941923 
139.87999915 -8.941923 
139.91999915 -8.941923 
139.95999915 -8.941923 
139.99999915 -8.941923 
140.03999915 -8.941923 
140.07999915 -8.941923 
140.11999915 -8.941923 
140.15999915 -8.941923 
140.19999915 -8.941923 
140.35999915 -8.941923 
140.63999915 -8.941923 
140.87999914 -8.941923 
140.91999914 -8.941923 
140.95999914 -8.941923 
140.99999914 -8.941923 
141.03999914 -8.941923 
141.07999914 -8.941923 
141.11999914 -8.941923 
141.15999914 -8.941923 
141.19999914 -4.547257 
141.23999914 -4.547257 
141.27999914 -4.547257 
141.35999914 -4.547257 
141.39999914 -4.547257 
146.23999911 -4.547257 
146.27999911 -4.547257 
146.31999911 -4.547257 
146.35999911 -4.547257 
146.39999911 -4.547257 
146.43999911 -4.547257 
146.47999911 -8.941923 
146.51999911 -8.941923 
146.55999911 -4.547257 
146.59999911 -8.941923 
146.63999911 -8.941923 
146.67999911 -8.941923 
146.71999911 -8.941923 
146.75999911 -8.941923 
146.79999911 -8.941923 
146.83999911 -4.547257 
146.87999911 -8.941923 
146.91999911 -8.941923 
146.95999911 -8.941923 
146.99999911 -8.941923 
147.03999911 -8.941923 
147.07999911 -8.941923 
147.11999911 -8.941923 
147.15999911 -8.941923 
147.19999911 -4.547257 
147.23999911 -4.547257 
147.2799991 -8.941923 
147.3199991 -4.547257 
147.3599991 -4.547257 
147.3999991 -4.547257 
147.4399991 -4.547257 
147.4799991 -4.547257 
147.5199991 -4.547257 
153.03999907 -4.547257 
153.07999907 -4.547257 
153.39999907 -4.547257 
165.079999 -4.547257 
165.119999 -4.547257 
165.199999 -4.547257 
165.239999 -4.547257 
165.279999 -4.547257 
165.319999 -4.547257 
165.359999 -4.547257 
165.39999899 -4.547257 
165.43999899 -4.547257 
165.47999899 -4.547257 
165.51999899 -4.547257 
165.55999899 -4.547257 
165.63999899 -4.547257 
165.67999899 -4.547257 
165.75999899 -4.547257 
165.79999899 -4.547257 
165.87999899 -4.547257 
166.03999899 -4.547257 
0 0 
