5.31999997 -2.708518 
5.35999997 -0.941496 
5.47999997 -0.941496 
5.51999997 -0.4989776 
5.75999996 -0.941496 
5.99999996 -1.382488 
6.03999996 -1.825007 
6.07999996 -0.941496 
6.31999996 -0.4989776 
6.35999996 -0.941496 
6.51999996 -0.941496 
6.55999996 -0.4989776 
6.79999996 -0.4989776 
6.83999996 -0.4989776 
6.95999996 -0.4989776 
6.99999996 -0.4989776 
7.15999996 -0.4989776 
7.35999996 -0.4989776 
7.39999996 -0.4989776 
7.63999995 -0.4989776 
7.67999995 -0.4989776 
7.71999995 -0.4989776 
7.75999995 -0.4989776 
9.31999994 -1.382488 
9.35999994 -3.151036 
9.39999994 -0.4989776 
9.55999994 -4.034547 
9.71999994 -4.477065 
9.83999994 -0.4989776 
10.03999994 -0.941496 
10.07999994 -2.708518 
10.11999994 -0.4989776 
10.19999994 -0.941496 
10.35999994 -1.825007 
10.39999994 -0.941496 
13.67999992 -0.4989776 
15.03999991 -0.4989776 
16.1199999 -0.941496 
16.1599999 -0.941496 
16.9199999 -0.941496 
16.9599999 -0.4989776 
17.35999989 -0.4989776 
17.63999989 -0.4989776 
18.15999989 -0.4989776 
18.19999989 -0.4989776 
18.23999989 -0.941496 
18.27999989 -0.4989776 
18.67999989 -0.4989776 
18.71999989 -0.4989776 
23.31999986 -2.267525 
32.6799998 -2.267525 
32.7199998 -1.825007 
32.8799998 -0.4989776 
33.5999998 -0.4989776 
34.03999979 -0.941496 
35.35999979 -0.4989776 
36.31999978 -0.4989776 
36.87999978 -1.825007 
36.95999978 -2.267525 
36.99999978 -5.803094 
37.03999977 -0.4989776 
37.15999977 -0.4989776 
37.39999977 -2.267525 
37.43999977 -0.4989776 
37.55999977 -0.941496 
37.67999977 -1.382488 
37.71999977 -0.941496 
40.87999975 -0.4989776 
40.91999975 -0.4989776 
44.11999973 -0.4989776 
44.15999973 -0.4989776 
45.67999972 -0.4989776 
46.43999972 -0.941496 
55.07999967 -0.4989776 
55.55999966 -0.4989776 
55.83999966 -0.4989776 
55.87999966 -0.4989776 
56.27999966 -0.4989776 
56.47999966 -0.4989776 
56.71999966 -0.4989776 
58.27999965 -0.4989776 
61.51999963 -2.708518 
61.55999963 -2.267525 
63.15999962 -1.382488 
64.11999961 -2.267525 
64.19999961 -0.941496 
64.23999961 -8.455153 
64.27999961 -4.034547 
64.39999961 -0.941496 
64.63999961 -3.151036 
64.67999961 -0.941496 
64.79999961 -0.4989776 
64.91999961 -1.825007 
64.95999961 -0.941496 
65.0799996 -0.4989776 
65.1199996 -0.4989776 
65.4399996 -0.4989776 
65.5999996 -0.4989776 
65.6399996 -0.4989776 
65.9199996 -0.4989776 
66.3199996 -0.4989776 
66.3599996 -0.4989776 
66.3999996 -0.4989776 
66.63999959 -0.4989776 
66.67999959 -1.382488 
66.71999959 -0.4989776 
66.87999959 -0.4989776 
67.07999959 -0.4989776 
67.11999959 -0.941496 
67.15999959 -0.4989776 
67.27999959 -0.4989776 
67.43999959 -0.4989776 
67.47999959 -0.4989776 
67.51999959 -0.4989776 
67.55999959 -0.4989776 
67.67999959 -0.4989776 
67.71999959 -0.4989776 
67.95999959 -0.4989776 
68.31999958 -0.4989776 
68.59999958 -0.4989776 
69.59999958 -0.4989776 
71.11999957 -0.4989776 
71.51999957 -0.4989776 
74.27999955 -0.941496 
76.03999954 -0.4989776 
76.07999954 -0.941496 
76.79999953 -0.941496 
76.83999953 -0.4989776 
78.51999952 -0.4989776 
83.31999949 -0.4989776 
86.91999947 -0.941496 
86.95999947 -2.267525 
88.27999946 -0.4989776 
89.43999946 -1.825007 
89.47999946 -1.825007 
91.07999945 -0.941496 
91.11999945 -0.941496 
91.15999945 -0.4989776 
91.19999945 -3.151036 
91.23999945 -2.708518 
91.67999944 -2.708518 
91.71999944 -1.825007 
91.83999944 -2.267525 
91.95999944 -2.267525 
91.99999944 -2.267525 
92.11999944 -0.4989776 
92.15999944 -0.941496 
92.19999944 -0.4989776 
92.47999944 -0.4989776 
92.51999944 -0.4989776 
92.63999944 -0.941496 
92.67999944 -0.941496 
92.95999944 -0.4989776 
92.99999943 -0.941496 
93.03999943 -0.4989776 
93.11999943 -0.4989776 
93.15999943 -0.4989776 
93.31999943 -0.4989776 
93.35999943 -0.4989776 
93.43999943 -0.4989776 
93.47999943 -0.4989776 
93.79999943 -0.4989776 
93.83999943 -0.4989776 
93.87999943 -0.4989776 
94.19999943 -0.4989776 
94.23999943 -0.4989776 
94.27999943 -0.4989776 
94.31999943 -0.4989776 
94.51999943 -0.4989776 
94.63999942 -0.4989776 
94.67999942 -0.4989776 
94.71999942 -0.4989776 
94.95999942 -0.4989776 
95.07999942 -0.4989776 
95.11999942 -1.382488 
95.15999942 -0.4989776 
95.47999942 -0.941496 
95.51999942 -0.4989776 
95.79999942 -0.4989776 
95.83999942 -0.941496 
95.87999942 -0.4989776 
96.31999941 -0.941496 
97.03999941 -0.4989776 
97.23999941 -0.4989776 
102.31999938 -0.4989776 
102.35999938 -2.708518 
105.11999936 -0.4989776 
105.15999936 -0.4989776 
105.63999936 -0.4989776 
106.83999935 -0.4989776 
113.71999931 -4.034547 
113.75999931 -2.708518 
114.03999931 -0.4989776 
115.5199993 -0.4989776 
115.6799993 -0.4989776 
115.7199993 -0.941496 
115.7599993 -1.825007 
116.03999929 -0.4989776 
116.07999929 -0.4989776 
116.23999929 -0.4989776 
116.27999929 -0.4989776 
116.43999929 -0.4989776 
116.47999929 -0.4989776 
116.51999929 -0.4989776 
116.55999929 -0.4989776 
116.59999929 -0.4989776 
116.71999929 -0.4989776 
116.75999929 -0.4989776 
116.87999929 -0.941496 
116.91999929 -0.941496 
116.95999929 -0.4989776 
117.15999929 -0.4989776 
117.19999929 -0.4989776 
117.23999929 -0.941496 
117.27999929 -0.4989776 
117.43999929 -0.941496 
117.47999929 -0.941496 
117.51999929 -0.4989776 
117.63999929 -0.4989776 
117.67999928 -0.4989776 
117.71999928 -0.4989776 
117.79999928 -0.4989776 
117.83999928 -0.4989776 
118.11999928 -0.941496 
118.15999928 -2.708518 
118.23999928 -1.825007 
118.27999928 -8.896146 
118.31999928 -4.034547 
118.43999928 -2.267525 
118.47999928 -0.941496 
118.67999928 -3.593554 
118.71999928 -1.825007 
118.95999928 -2.708518 
118.99999928 -1.825007 
119.47999927 -0.4989776 
119.63999927 -0.4989776 
120.27999927 -0.4989776 
120.47999927 -0.4989776 
120.51999927 -0.941496 
120.83999927 -0.4989776 
121.75999926 -0.4989776 
126.47999923 -2.267525 
126.51999923 -0.941496 
127.07999923 -0.4989776 
127.35999923 -0.941496 
127.39999923 -1.382488 
127.59999922 -0.941496 
127.63999922 -0.4989776 
127.79999922 -0.4989776 
127.83999922 -0.4989776 
127.87999922 -0.4989776 
128.15999922 -0.4989776 
128.55999922 -0.4989776 
128.59999922 -0.941496 
128.63999922 -3.593554 
128.79999922 -0.4989776 
129.51999921 -0.4989776 
132.91999919 -0.4989776 
133.51999919 -0.4989776 
137.51999916 -0.941496 
139.91999915 -0.4989776 
140.03999915 -0.4989776 
140.79999914 -3.593554 
140.83999914 -0.941496 
142.03999914 -0.4989776 
142.31999914 -0.941496 
142.35999913 -0.4989776 
142.63999913 -0.4989776 
142.79999913 -0.4989776 
142.83999913 -0.4989776 
143.15999913 -0.4989776 
143.31999913 -0.4989776 
143.63999913 -0.4989776 
143.67999913 -0.4989776 
143.79999913 -0.4989776 
143.95999913 -0.4989776 
143.99999912 -0.941496 
144.03999912 -0.4989776 
144.07999912 -0.4989776 
144.39999912 -0.4989776 
144.43999912 -0.941496 
144.47999912 -0.4989776 
144.63999912 -0.4989776 
144.75999912 -0.4989776 
144.87999912 -0.4989776 
144.99999912 -0.4989776 
145.03999912 -3.151036 
145.11999912 -2.267525 
145.15999912 -8.896146 
145.19999912 -4.034547 
145.31999912 -1.825007 
145.35999912 -0.4989776 
145.55999912 -4.034547 
145.59999912 -1.825007 
145.71999911 -0.4989776 
145.83999911 -2.708518 
145.87999911 -0.941496 
145.99999911 -0.4989776 
146.03999911 -0.4989776 
146.39999911 -0.4989776 
149.47999909 -0.4989776 
149.63999909 -0.4989776 
149.67999909 -0.4989776 
149.95999909 -0.4989776 
150.07999909 -0.4989776 
150.47999909 -0.4989776 
150.51999909 -0.4989776 
150.99999908 -0.4989776 
151.75999908 -0.4989776 
152.67999907 -0.4989776 
152.83999907 -0.4989776 
153.55999907 -0.4989776 
153.59999907 -0.4989776 
153.71999907 -0.4989776 
153.75999907 -1.382488 
153.79999907 -0.4989776 
153.99999906 -0.4989776 
154.03999906 -0.4989776 
154.19999906 -0.4989776 
154.23999906 -0.4989776 
154.43999906 -0.4989776 
154.47999906 -0.4989776 
154.75999906 -0.4989776 
154.91999906 -1.825007 
154.95999906 -1.382488 
155.07999906 -0.941496 
155.23999906 -0.941496 
155.39999906 -0.4989776 
155.67999905 -0.4989776 
155.71999905 -0.4989776 
156.15999905 -0.4989776 
165.079999 -0.941496 
165.119999 -0.4989776 
165.319999 -0.4989776 
165.43999899 -0.4989776 
165.79999899 -0.4989776 
165.83999899 -0.4989776 
165.91999899 -4.919584 
165.95999899 -1.825007 
166.07999899 -0.941496 
166.19999899 -0.4989776 
166.23999899 -0.4989776 
166.27999899 -0.4989776 
166.63999899 -0.4989776 
166.67999899 -0.4989776 
166.71999899 -0.4989776 
167.11999898 -0.4989776 
167.63999898 -1.382488 
167.67999898 -0.4989776 
167.79999898 -0.4989776 
167.95999898 -0.941496 
168.19999898 -0.4989776 
168.23999898 -0.4989776 
168.47999898 -1.825007 
170.31999896 -0.4989776 
170.35999896 -0.4989776 
170.59999896 -0.4989776 
171.87999896 -0.941496 
171.91999896 -2.267525 
171.99999895 -3.593554 
172.03999895 -6.244087 
172.07999895 -0.4989776 
172.19999895 -0.941496 
172.23999895 -0.4989776 
172.43999895 -3.593554 
172.47999895 -1.825007 
172.59999895 -0.941496 
172.71999895 -2.267525 
172.75999895 -1.382488 
172.87999895 -0.941496 
172.91999895 -0.4989776 
174.75999894 -0.4989776 
177.19999892 -0.4989776 
177.47999892 -0.4989776 
177.59999892 -0.4989776 
177.63999892 -0.4989776 
177.67999892 -0.4989776 
177.71999892 -0.4989776 
177.91999892 -0.4989776 
177.95999892 -0.4989776 
178.35999892 -0.4989776 
178.39999892 -0.4989776 
178.63999891 -0.4989776 
178.67999891 -1.825007 
178.79999891 -0.4989776 
178.83999891 -0.4989776 
179.99999891 -0.4989776 
180.8799989 -0.4989776 
181.1199989 -0.4989776 
181.1599989 -0.4989776 
181.3599989 -2.708518 
181.3999989 -0.941496 
181.6399989 -0.4989776 
182.03999889 -0.941496 
188.15999886 -0.941496 
192.07999883 -1.382488 
192.11999883 -0.4989776 
194.63999882 -3.593554 
194.75999882 -1.825007 
194.79999882 -0.4989776 
194.91999882 -0.941496 
198.27999879 -0.4989776 
198.31999879 -0.941496 
198.51999879 -0.4989776 
198.55999879 -0.4989776 
198.59999879 -0.4989776 
198.87999879 -4.034547 
198.99999879 -1.825007 
199.03999879 -6.686605 
199.07999879 -0.4989776 
199.15999879 -0.941496 
199.35999879 -1.825007 
199.39999879 -3.151036 
199.43999879 -0.4989776 
199.51999879 -0.941496 
199.67999879 -2.267525 
199.83999879 -0.941496 
0 0 
