34.67999979 -0.3503525 
34.79999979 -0.3503525 
34.83999979 -0.3503525 
34.87999979 -0.3503525 
35.03999979 -0.3503525 
35.07999979 -0.3503525 
35.15999979 -0.3503525 
35.23999979 -0.3503525 
35.31999979 -0.3503525 
35.39999978 -0.3503525 
35.43999978 -0.3503525 
35.47999978 -0.3503525 
35.51999978 -0.3503525 
35.55999978 -0.3503525 
35.59999978 -0.3503525 
35.63999978 -0.3503525 
35.67999978 -0.3503525 
35.71999978 -0.3503525 
35.75999978 -0.3503525 
35.79999978 -0.3503525 
35.83999978 -0.3503525 
35.87999978 -0.3503525 
35.91999978 -0.3503525 
35.95999978 -0.3503525 
35.99999978 -0.3503525 
36.03999978 -0.3503525 
36.07999978 -0.3503525 
36.11999978 -0.3503525 
36.15999978 -0.3503525 
36.19999978 -0.3503525 
36.23999978 -0.3503525 
36.27999978 -0.3503525 
36.31999978 -0.3503525 
36.35999978 -0.3503525 
36.39999978 -0.3503525 
36.43999978 -0.3503525 
36.47999978 -0.3503525 
36.51999978 -0.3503525 
36.55999978 -0.3503525 
36.59999978 -0.3503525 
36.63999978 -0.3503525 
36.67999978 -0.3503525 
36.71999978 -0.3503525 
36.75999978 -0.3503525 
36.79999978 -0.3503525 
36.83999978 -0.3503525 
36.87999978 -0.3503525 
36.91999978 -0.3503525 
36.95999978 -0.3503525 
36.99999978 -0.3503525 
37.03999977 -0.3503525 
37.07999977 -0.3503525 
37.11999977 -0.3503525 
37.15999977 -0.3503525 
37.19999977 -0.3503525 
37.23999977 -0.3503525 
37.27999977 -0.3503525 
37.31999977 -0.3503525 
37.35999977 -0.3503525 
37.39999977 -0.3503525 
37.43999977 -0.3503525 
37.47999977 -0.3503525 
37.51999977 -0.3503525 
37.55999977 -0.3503525 
37.59999977 -0.3503525 
37.63999977 -0.3503525 
37.67999977 -0.3503525 
37.71999977 -0.3503525 
37.75999977 -0.3503525 
37.79999977 -0.524308 
37.83999977 -0.3503525 
37.87999977 -0.3503525 
37.91999977 -0.524308 
37.95999977 -0.524308 
37.99999977 -0.524308 
38.03999977 -0.524308 
38.07999977 -0.524308 
38.11999977 -0.524308 
38.15999977 -0.3503525 
38.19999977 -0.524308 
38.23999977 -0.6988739 
38.27999977 -0.6988739 
38.31999977 -0.524308 
38.35999977 -0.524308 
38.39999977 -0.6988739 
38.43999977 -0.524308 
38.47999977 -0.524308 
38.51999977 -0.6988739 
38.55999977 -0.6988739 
38.59999977 -0.6988739 
38.63999977 -0.6988739 
38.67999976 -0.6988739 
38.71999976 -0.524308 
38.75999976 -0.6988739 
38.79999976 -0.6988739 
38.83999976 -0.6988739 
38.87999976 -0.6988739 
38.91999976 -0.6988739 
38.95999976 -0.6988739 
38.99999976 -0.6988739 
39.03999976 -0.6988739 
39.07999976 -0.6988739 
39.11999976 -0.6988739 
39.15999976 -0.6988739 
39.19999976 -0.6988739 
39.23999976 -0.6988739 
39.27999976 -0.6988739 
39.31999976 -0.6988739 
39.35999976 -0.6988739 
39.39999976 -0.6988739 
39.43999976 -0.6988739 
39.47999976 -0.6988739 
39.51999976 -0.6988739 
39.55999976 -0.6988739 
39.59999976 -0.6988739 
39.63999976 -0.6988739 
39.67999976 -0.6988739 
39.71999976 -0.6988739 
39.75999976 -0.6988739 
39.79999976 -0.6988739 
39.83999976 -0.6988739 
39.87999976 -0.6988739 
39.91999976 -0.6988739 
39.95999976 -0.6988739 
39.99999976 -0.6988739 
40.03999976 -0.6988739 
40.07999976 -0.6988739 
40.11999976 -0.6988739 
40.15999976 -0.6988739 
40.19999976 -0.6988739 
40.23999976 -0.6988739 
40.27999976 -0.6988739 
40.31999975 -0.6988739 
40.35999975 -0.6988739 
40.39999975 -0.6988739 
40.43999975 -0.6988739 
40.47999975 -0.6988739 
40.51999975 -0.6988739 
40.55999975 -0.8728294 
40.59999975 -0.6988739 
40.63999975 -0.6988739 
40.67999975 -0.8728294 
40.71999975 -0.6988739 
40.75999975 -0.8728294 
40.79999975 -0.8728294 
40.83999975 -0.8728294 
40.87999975 -0.8728294 
40.91999975 -0.6988739 
40.95999975 -0.6988739 
40.99999975 -0.6988739 
41.03999975 -0.8728294 
41.07999975 -0.8728294 
41.11999975 -0.8728294 
41.15999975 -0.6988739 
41.19999975 -0.8728294 
41.23999975 -0.8728294 
41.27999975 -0.8728294 
41.31999975 -0.8728294 
41.35999975 -0.8728294 
41.39999975 -0.8728294 
41.43999975 -0.8728294 
41.47999975 -0.8728294 
41.51999975 -0.8728294 
41.55999975 -0.8728294 
41.59999975 -0.8728294 
41.63999975 -0.8728294 
41.67999975 -0.8728294 
41.71999975 -0.8728294 
41.75999975 -0.8728294 
41.79999975 -0.8728294 
41.83999975 -0.8728294 
41.87999975 -0.8728294 
41.91999975 -0.8728294 
41.95999974 -0.8728294 
41.99999974 -0.8728294 
42.03999974 -0.8728294 
42.07999974 -0.8728294 
42.11999974 -0.8728294 
42.15999974 -0.8728294 
42.19999974 -0.8728294 
42.23999974 -1.046785 
42.27999974 -0.8728294 
42.31999974 -0.8728294 
42.35999974 -0.8728294 
42.39999974 -1.046785 
42.43999974 -0.8728294 
42.47999974 -0.8728294 
42.51999974 -0.8728294 
42.55999974 -0.8728294 
42.59999974 -0.8728294 
42.63999974 -0.8728294 
42.67999974 -1.046785 
42.71999974 -1.046785 
42.75999974 -0.8728294 
42.79999974 -1.046785 
42.83999974 -1.046785 
42.87999974 -0.8728294 
42.91999974 -1.046785 
42.95999974 -1.046785 
42.99999974 -1.046785 
43.03999974 -0.8728294 
43.07999974 -1.046785 
43.11999974 -1.046785 
43.15999974 -1.046785 
43.19999974 -1.046785 
43.23999974 -0.8728294 
43.27999974 -1.046785 
43.31999974 -1.046785 
43.35999974 -1.046785 
43.39999974 -1.046785 
43.43999974 -1.046785 
43.47999974 -1.046785 
43.51999974 -1.046785 
43.55999974 -1.046785 
43.59999974 -1.046785 
43.63999973 -1.046785 
43.67999973 -1.046785 
43.71999973 -1.046785 
43.75999973 -1.046785 
43.79999973 -1.046785 
43.83999973 -1.22074 
43.87999973 -1.046785 
43.91999973 -1.046785 
43.95999973 -1.046785 
43.99999973 -1.046785 
44.03999973 -1.046785 
44.07999973 -1.22074 
44.11999973 -1.046785 
44.15999973 -1.046785 
44.19999973 -1.22074 
44.23999973 -1.046785 
44.27999973 -1.22074 
44.31999973 -1.046785 
44.35999973 -1.046785 
44.39999973 -1.046785 
44.43999973 -1.046785 
44.47999973 -1.046785 
44.51999973 -1.046785 
44.55999973 -1.046785 
44.59999973 -1.22074 
44.63999973 -1.22074 
44.67999973 -1.046785 
44.71999973 -1.22074 
44.75999973 -1.046785 
44.79999973 -1.046785 
44.83999973 -1.22074 
44.87999973 -1.22074 
44.91999973 -1.22074 
44.95999973 -1.046785 
44.99999973 -1.22074 
45.03999973 -1.22074 
45.07999973 -1.046785 
45.11999973 -1.22074 
45.15999973 -1.22074 
45.19999973 -1.22074 
45.23999973 -1.22074 
45.27999972 -1.22074 
45.31999972 -1.22074 
45.35999972 -1.22074 
45.39999972 -1.046785 
45.43999972 -1.22074 
45.47999972 -1.22074 
45.51999972 -1.22074 
45.55999972 -1.046785 
45.59999972 -1.046785 
45.63999972 -1.22074 
45.67999972 -1.22074 
45.71999972 -1.046785 
45.75999972 -1.22074 
45.79999972 -1.22074 
45.83999972 -1.22074 
45.87999972 -1.22074 
45.91999972 -1.22074 
45.95999972 -1.22074 
45.99999972 -1.22074 
46.03999972 -1.046785 
46.07999972 -1.22074 
46.11999972 -1.22074 
46.15999972 -1.22074 
46.19999972 -1.22074 
46.23999972 -1.22074 
46.27999972 -1.22074 
46.31999972 -1.22074 
46.35999972 -1.22074 
46.39999972 -1.22074 
46.43999972 -1.22074 
46.47999972 -1.22074 
46.51999972 -1.22074 
46.55999972 -1.22074 
46.59999972 -1.22074 
46.63999972 -1.046785 
46.67999972 -1.22074 
46.71999972 -1.22074 
46.75999972 -1.22074 
46.79999972 -1.22074 
46.83999972 -1.22074 
46.87999972 -1.22074 
46.91999971 -1.046785 
46.95999971 -1.22074 
46.99999971 -1.22074 
47.03999971 -1.046785 
47.07999971 -1.22074 
47.11999971 -1.22074 
47.15999971 -1.22074 
47.19999971 -1.046785 
47.23999971 -1.22074 
47.27999971 -1.046785 
47.31999971 -1.22074 
47.35999971 -1.22074 
47.39999971 -1.22074 
47.43999971 -1.22074 
47.47999971 -1.22074 
47.51999971 -1.22074 
47.55999971 -1.22074 
47.59999971 -1.22074 
47.63999971 -1.22074 
47.67999971 -1.22074 
47.71999971 -1.22074 
47.75999971 -1.22074 
47.79999971 -1.22074 
47.83999971 -1.22074 
47.87999971 -1.22074 
47.91999971 -1.22074 
47.95999971 -1.22074 
47.99999971 -1.22074 
48.03999971 -1.046785 
48.07999971 -1.22074 
48.11999971 -1.22074 
48.15999971 -1.22074 
48.19999971 -1.22074 
48.23999971 -1.22074 
48.27999971 -1.22074 
48.31999971 -1.22074 
48.35999971 -1.22074 
48.39999971 -1.046785 
48.43999971 -1.22074 
48.47999971 -1.22074 
48.51999971 -1.22074 
48.5599997 -1.22074 
48.5999997 -1.22074 
48.6399997 -1.046785 
48.6799997 -1.22074 
48.7199997 -1.22074 
48.7599997 -1.22074 
48.7999997 -1.22074 
48.8399997 -1.046785 
48.8799997 -1.22074 
48.9199997 -1.22074 
48.9599997 -1.22074 
48.9999997 -1.22074 
49.0399997 -1.22074 
49.0799997 -1.046785 
49.1199997 -1.22074 
49.1599997 -1.22074 
49.1999997 -1.22074 
49.2399997 -1.046785 
49.2799997 -1.046785 
49.3199997 -1.22074 
49.3599997 -1.22074 
49.3999997 -1.046785 
49.4399997 -1.046785 
49.4799997 -1.046785 
49.5199997 -1.046785 
49.5599997 -1.046785 
49.5999997 -1.22074 
49.6399997 -1.046785 
49.6799997 -1.046785 
49.7199997 -1.22074 
49.7599997 -1.046785 
49.7999997 -1.046785 
49.8399997 -1.046785 
49.8799997 -1.046785 
49.9199997 -1.046785 
49.9599997 -1.046785 
49.9999997 -1.046785 
50.0399997 -1.22074 
50.0799997 -1.046785 
50.1199997 -1.046785 
50.1599997 -1.046785 
50.19999969 -1.046785 
50.23999969 -1.046785 
50.27999969 -1.046785 
50.31999969 -1.046785 
50.35999969 -1.046785 
50.39999969 -1.046785 
50.43999969 -1.046785 
50.47999969 -1.046785 
50.51999969 -1.046785 
50.55999969 -1.046785 
50.59999969 -1.046785 
50.63999969 -1.046785 
50.67999969 -1.046785 
50.71999969 -1.046785 
50.75999969 -1.046785 
50.79999969 -1.046785 
50.83999969 -0.8728294 
50.87999969 -0.8728294 
50.91999969 -1.046785 
50.95999969 -1.046785 
50.99999969 -1.046785 
51.03999969 -1.046785 
51.07999969 -1.046785 
51.11999969 -1.046785 
51.15999969 -1.046785 
51.19999969 -1.046785 
51.23999969 -0.8728294 
51.27999969 -0.8728294 
51.31999969 -1.046785 
51.35999969 -1.046785 
51.39999969 -0.8728294 
51.43999969 -0.8728294 
51.47999969 -0.8728294 
51.51999969 -1.046785 
51.55999969 -1.046785 
51.59999969 -1.046785 
51.63999969 -0.8728294 
51.67999969 -0.8728294 
51.71999969 -0.8728294 
51.75999969 -0.8728294 
51.79999969 -0.8728294 
51.83999968 -1.046785 
51.87999968 -0.8728294 
51.91999968 -0.8728294 
51.95999968 -0.8728294 
51.99999968 -0.8728294 
52.03999968 -0.8728294 
52.07999968 -0.8728294 
52.11999968 -0.8728294 
52.15999968 -0.8728294 
52.19999968 -0.8728294 
52.23999968 -0.8728294 
52.27999968 -0.8728294 
52.31999968 -0.8728294 
52.35999968 -0.8728294 
52.39999968 -0.8728294 
52.43999968 -0.8728294 
52.47999968 -0.8728294 
52.51999968 -0.8728294 
52.55999968 -0.8728294 
52.59999968 -0.8728294 
52.63999968 -0.8728294 
52.67999968 -0.8728294 
52.71999968 -0.8728294 
52.75999968 -0.8728294 
52.79999968 -0.8728294 
52.83999968 -0.8728294 
52.87999968 -0.8728294 
52.91999968 -0.8728294 
52.95999968 -0.8728294 
52.99999968 -0.8728294 
53.03999968 -0.8728294 
53.07999968 -0.8728294 
53.11999968 -0.8728294 
53.15999968 -0.8728294 
53.19999968 -0.8728294 
53.23999968 -0.8728294 
53.27999968 -0.6988739 
53.31999968 -0.8728294 
53.35999968 -0.8728294 
53.39999968 -0.8728294 
53.43999968 -0.8728294 
53.47999967 -0.8728294 
53.51999967 -0.8728294 
53.55999967 -0.8728294 
53.59999967 -0.6988739 
53.63999967 -0.8728294 
53.67999967 -0.8728294 
53.71999967 -0.6988739 
53.75999967 -0.6988739 
53.79999967 -0.6988739 
53.83999967 -0.8728294 
53.87999967 -0.6988739 
53.91999967 -0.8728294 
53.95999967 -0.6988739 
53.99999967 -0.8728294 
54.03999967 -0.6988739 
54.07999967 -0.6988739 
54.11999967 -0.6988739 
54.15999967 -0.6988739 
54.19999967 -0.6988739 
54.23999967 -0.6988739 
54.27999967 -0.6988739 
54.31999967 -0.6988739 
54.35999967 -0.6988739 
54.39999967 -0.8728294 
54.43999967 -0.6988739 
54.47999967 -0.6988739 
54.51999967 -0.6988739 
54.55999967 -0.6988739 
54.59999967 -0.6988739 
54.63999967 -0.6988739 
54.67999967 -0.6988739 
54.71999967 -0.6988739 
54.75999967 -0.6988739 
54.79999967 -0.6988739 
54.83999967 -0.6988739 
54.87999967 -0.6988739 
54.91999967 -0.6988739 
54.95999967 -0.6988739 
54.99999967 -0.6988739 
55.03999967 -0.6988739 
55.07999967 -0.6988739 
55.11999967 -0.6988739 
55.15999966 -0.6988739 
55.19999966 -0.6988739 
55.23999966 -0.6988739 
55.27999966 -0.6988739 
55.31999966 -0.6988739 
55.35999966 -0.6988739 
55.39999966 -0.6988739 
55.43999966 -0.6988739 
55.47999966 -0.6988739 
55.51999966 -0.6988739 
55.55999966 -0.6988739 
55.59999966 -0.6988739 
55.63999966 -0.6988739 
55.67999966 -0.6988739 
55.71999966 -0.6988739 
55.75999966 -0.6988739 
55.79999966 -0.6988739 
55.83999966 -0.6988739 
55.87999966 -0.6988739 
55.91999966 -0.524308 
55.95999966 -0.6988739 
55.99999966 -0.6988739 
56.03999966 -0.524308 
56.07999966 -0.524308 
56.11999966 -0.6988739 
56.15999966 -0.524308 
56.19999966 -0.524308 
56.23999966 -0.6988739 
56.27999966 -0.6988739 
56.31999966 -0.524308 
56.35999966 -0.524308 
56.39999966 -0.6988739 
56.43999966 -0.524308 
56.47999966 -0.524308 
56.51999966 -0.524308 
56.55999966 -0.524308 
56.59999966 -0.524308 
56.63999966 -0.524308 
56.67999966 -0.524308 
56.71999966 -0.3503525 
56.75999966 -0.3503525 
56.79999965 -0.3503525 
56.83999965 -0.3503525 
56.87999965 -0.3503525 
56.91999965 -0.524308 
56.95999965 -0.524308 
56.99999965 -0.3503525 
57.03999965 -0.3503525 
57.07999965 -0.3503525 
57.11999965 -0.3503525 
57.15999965 -0.3503525 
57.19999965 -0.3503525 
57.23999965 -0.3503525 
57.27999965 -0.3503525 
57.31999965 -0.3503525 
57.35999965 -0.3503525 
57.39999965 -0.3503525 
57.43999965 -0.3503525 
57.47999965 -0.3503525 
57.51999965 -0.3503525 
57.55999965 -0.3503525 
57.59999965 -0.3503525 
57.63999965 -0.3503525 
57.67999965 -0.3503525 
57.71999965 -0.3503525 
57.75999965 -0.3503525 
57.79999965 -0.3503525 
57.83999965 -0.3503525 
57.87999965 -0.3503525 
57.91999965 -0.3503525 
57.95999965 -0.3503525 
57.99999965 -0.3503525 
58.03999965 -0.3503525 
58.07999965 -0.3503525 
58.11999965 -0.3503525 
58.15999965 -0.3503525 
58.19999965 -0.3503525 
58.23999965 -0.3503525 
58.27999965 -0.3503525 
58.31999965 -0.3503525 
58.35999965 -0.3503525 
58.39999965 -0.3503525 
58.43999964 -0.3503525 
58.47999964 -0.3503525 
58.51999964 -0.3503525 
58.55999964 -0.3503525 
58.59999964 -0.3503525 
58.63999964 -0.3503525 
58.67999964 -0.3503525 
58.71999964 -0.3503525 
58.75999964 -0.3503525 
58.79999964 -0.3503525 
58.83999964 -0.3503525 
58.87999964 -0.3503525 
58.91999964 -0.3503525 
58.95999964 -0.3503525 
58.99999964 -0.3503525 
59.03999964 -0.3503525 
59.07999964 -0.3503525 
59.15999964 -0.3503525 
59.23999964 -0.3503525 
59.27999964 -0.3503525 
59.31999964 -0.3503525 
59.35999964 -0.3503525 
59.39999964 -0.3503525 
59.43999964 -0.3503525 
59.47999964 -0.3503525 
59.51999964 -0.3503525 
59.55999964 -0.3503525 
59.59999964 -0.3503525 
59.63999964 -0.3503525 
59.67999964 -0.3503525 
59.71999964 -0.3503525 
59.75999964 -0.3503525 
59.79999964 -0.3503525 
59.83999964 -0.3503525 
59.87999964 -0.3503525 
59.91999964 -0.3503525 
59.95999964 -0.3503525 
59.99999964 -0.3503525 
60.03999964 -0.3503525 
60.07999963 -0.3503525 
60.11999963 -0.3503525 
60.15999963 -0.3503525 
60.19999963 -0.3503525 
60.23999963 -0.3503525 
60.27999963 -0.3503525 
60.31999963 -0.3503525 
60.35999963 -0.3503525 
60.39999963 -0.3503525 
60.43999963 -0.3503525 
60.47999963 -0.3503525 
60.55999963 -0.3503525 
60.59999963 -0.3503525 
60.63999963 -0.3503525 
60.67999963 -0.3503525 
60.71999963 -0.3503525 
60.75999963 -0.3503525 
60.79999963 -0.3503525 
60.83999963 -0.3503525 
60.87999963 -0.3503525 
60.95999963 -0.3503525 
60.99999963 -0.3503525 
61.07999963 -0.3503525 
61.11999963 -0.3503525 
61.19999963 -0.3503525 
61.23999963 -0.3503525 
61.35999963 -0.3503525 
61.39999963 -0.3503525 
61.47999963 -0.3503525 
61.51999963 -0.3503525 
61.63999963 -0.3503525 
61.67999963 -0.3503525 
61.71999962 -0.3503525 
61.75999962 -0.3503525 
61.79999962 -0.3503525 
61.91999962 -0.3503525 
61.95999962 -0.3503525 
61.99999962 -0.3503525 
62.03999962 -0.3503525 
62.07999962 -0.3503525 
62.11999962 -0.3503525 
62.15999962 -0.3503525 
62.19999962 -0.3503525 
62.27999962 -0.3503525 
62.35999962 -0.3503525 
62.39999962 -0.3503525 
62.43999962 -0.3503525 
62.47999962 -0.3503525 
62.55999962 -0.3503525 
62.63999962 -0.3503525 
62.67999962 -0.3503525 
62.71999962 -0.3503525 
62.75999962 -0.3503525 
62.79999962 -0.3503525 
62.87999962 -0.3503525 
62.99999962 -0.3503525 
63.07999962 -0.3503525 
63.27999962 -0.3503525 
63.31999962 -0.3503525 
63.39999961 -0.3503525 
63.47999961 -0.3503525 
63.51999961 -0.3503525 
63.55999961 -0.3503525 
63.67999961 -0.3503525 
63.79999961 -0.3503525 
63.91999961 -0.3503525 
64.07999961 -0.3503525 
64.11999961 -0.3503525 
64.15999961 -0.3503525 
64.35999961 -0.3503525 
64.39999961 -0.3503525 
64.43999961 -0.3503525 
64.47999961 -0.3503525 
64.55999961 -0.3503525 
64.9999996 -0.3503525 
0 0 
