1.83999999 -0.4989776 
1.99999999 -0.4989776 
2.03999999 -0.4989776 
2.07999999 -0.4989776 
2.11999999 -0.4989776 
2.15999999 -0.4989776 
2.19999999 -0.941496 
2.23999999 -0.941496 
2.27999999 -0.941496 
2.31999999 -0.4989776 
2.35999999 -0.941496 
2.39999999 -0.941496 
2.43999999 -0.941496 
2.47999998 -0.941496 
2.51999998 -0.4989776 
2.55999998 -0.941496 
2.59999998 -0.941496 
2.63999998 -0.941496 
2.67999998 -0.941496 
2.71999998 -0.941496 
2.75999998 -0.941496 
2.79999998 -0.941496 
2.83999998 -0.941496 
2.87999998 -0.941496 
2.91999998 -0.941496 
2.95999998 -0.941496 
2.99999998 -0.941496 
3.03999998 -0.941496 
3.07999998 -0.941496 
3.11999998 -0.941496 
3.15999998 -0.941496 
3.19999998 -0.4989776 
3.23999998 -0.941496 
3.27999998 -0.941496 
3.31999998 -0.941496 
3.35999998 -0.4989776 
3.39999998 -0.941496 
3.43999998 -0.4989776 
3.47999998 -0.4989776 
3.51999998 -0.4989776 
3.55999998 -0.4989776 
3.59999998 -0.4989776 
3.63999998 -0.4989776 
3.75999998 -0.4989776 
6.19999996 -0.4989776 
6.23999996 -0.4989776 
6.27999996 -0.4989776 
6.31999996 -0.4989776 
6.35999996 -0.4989776 
6.39999996 -0.941496 
6.43999996 -0.941496 
6.47999996 -0.941496 
6.51999996 -0.941496 
6.55999996 -0.941496 
6.59999996 -0.941496 
6.63999996 -0.4989776 
6.67999996 -0.941496 
6.71999996 -0.941496 
6.75999996 -0.941496 
6.79999996 -0.941496 
6.83999996 -0.941496 
6.87999996 -0.941496 
6.91999996 -1.382488 
6.95999996 -1.825007 
6.99999996 -1.825007 
7.03999996 -1.825007 
7.07999996 -1.825007 
7.11999996 -1.825007 
7.15999996 -1.825007 
7.19999996 -1.825007 
7.23999996 -1.825007 
7.27999996 -1.825007 
7.31999996 -1.825007 
7.35999996 -1.825007 
7.39999996 -2.267525 
7.43999995 -2.267525 
7.47999995 -1.825007 
7.51999995 -2.267525 
7.55999995 -1.825007 
7.59999995 -1.382488 
7.63999995 -2.267525 
7.67999995 -2.267525 
7.71999995 -1.825007 
7.75999995 -2.267525 
7.79999995 -2.267525 
7.83999995 -2.267525 
7.87999995 -2.267525 
7.91999995 -2.267525 
7.95999995 -2.267525 
7.99999995 -2.267525 
8.03999995 -2.267525 
8.07999995 -2.267525 
8.11999995 -2.267525 
8.15999995 -2.267525 
8.19999995 -2.267525 
8.23999995 -2.267525 
8.27999995 -2.267525 
8.31999995 -2.267525 
8.35999995 -2.267525 
8.39999995 -2.267525 
8.43999995 -2.267525 
8.47999995 -2.267525 
8.51999995 -2.267525 
8.55999995 -1.825007 
8.59999995 -2.267525 
8.63999995 -2.267525 
8.67999995 -2.267525 
8.71999995 -1.825007 
8.75999995 -1.825007 
8.79999995 -1.825007 
8.83999995 -1.825007 
8.87999995 -1.825007 
8.91999995 -1.825007 
8.95999995 -1.825007 
8.99999995 -1.825007 
9.03999995 -1.382488 
9.07999994 -1.382488 
9.11999994 -1.382488 
9.15999994 -0.941496 
9.19999994 -0.941496 
9.23999994 -0.941496 
9.27999994 -0.941496 
9.31999994 -0.941496 
9.35999994 -0.941496 
9.39999994 -0.941496 
9.43999994 -0.4989776 
9.47999994 -0.941496 
9.51999994 -0.4989776 
9.55999994 -0.941496 
9.59999994 -0.941496 
9.63999994 -0.4989776 
9.75999994 -0.4989776 
13.75999992 -0.4989776 
13.87999992 -0.4989776 
13.91999992 -0.4989776 
13.95999992 -0.4989776 
13.99999991 -0.4989776 
14.03999991 -0.4989776 
14.07999991 -0.4989776 
14.11999991 -0.4989776 
14.15999991 -0.4989776 
14.19999991 -0.941496 
14.23999991 -0.4989776 
14.27999991 -0.4989776 
14.31999991 -0.4989776 
14.35999991 -0.4989776 
14.39999991 -0.4989776 
14.43999991 -0.4989776 
14.47999991 -0.4989776 
14.51999991 -0.4989776 
14.55999991 -0.4989776 
14.59999991 -0.4989776 
14.63999991 -0.4989776 
14.67999991 -0.4989776 
18.39999989 -0.4989776 
18.43999989 -0.4989776 
18.47999989 -0.4989776 
18.51999989 -0.941496 
18.55999989 -0.941496 
18.59999989 -0.4989776 
18.63999989 -0.941496 
18.67999989 -0.941496 
18.71999989 -0.941496 
18.75999989 -0.941496 
18.79999989 -0.941496 
18.83999989 -0.941496 
18.87999989 -0.941496 
18.91999989 -0.941496 
18.95999988 -1.382488 
18.99999988 -1.825007 
19.03999988 -1.825007 
19.07999988 -1.382488 
19.11999988 -1.825007 
19.15999988 -1.825007 
19.19999988 -1.825007 
19.23999988 -1.825007 
19.27999988 -1.825007 
19.31999988 -1.825007 
19.35999988 -1.825007 
19.39999988 -1.825007 
19.43999988 -1.825007 
19.47999988 -2.267525 
19.51999988 -1.825007 
19.55999988 -1.825007 
19.59999988 -1.825007 
19.63999988 -2.267525 
19.67999988 -1.825007 
19.71999988 -1.825007 
19.75999988 -1.825007 
19.79999988 -1.825007 
19.83999988 -1.825007 
19.87999988 -1.825007 
19.91999988 -2.267525 
19.95999988 -2.708518 
19.99999988 -1.825007 
20.03999988 -2.267525 
20.07999988 -2.267525 
20.11999988 -1.825007 
20.15999988 -1.825007 
20.19999988 -1.825007 
20.23999988 -1.825007 
20.27999988 -1.825007 
20.31999988 -1.825007 
20.35999988 -1.825007 
20.39999988 -1.825007 
20.43999988 -1.382488 
20.47999988 -0.941496 
20.51999988 -0.941496 
20.55999988 -1.825007 
20.59999987 -0.941496 
20.63999987 -0.941496 
20.67999987 -0.941496 
20.71999987 -0.941496 
20.75999987 -0.941496 
20.79999987 -0.941496 
20.83999987 -0.941496 
20.87999987 -0.941496 
20.91999987 -0.4989776 
20.95999987 -0.4989776 
20.99999987 -0.4989776 
21.03999987 -0.4989776 
21.07999987 -0.4989776 
29.47999982 -0.4989776 
29.51999982 -0.941496 
29.55999982 -0.4989776 
29.59999982 -0.941496 
29.63999982 -0.941496 
29.67999982 -0.941496 
29.71999982 -0.941496 
29.75999982 -0.941496 
29.79999982 -1.382488 
29.83999982 -0.941496 
29.87999982 -0.941496 
29.91999982 -1.382488 
29.95999982 -1.382488 
29.99999982 -1.382488 
30.03999982 -1.382488 
30.07999982 -1.382488 
30.11999982 -1.825007 
30.15999982 -1.825007 
30.19999982 -1.825007 
30.23999982 -1.825007 
30.27999982 -1.825007 
30.31999982 -1.825007 
30.35999982 -2.267525 
30.39999982 -1.825007 
30.43999982 -1.825007 
30.47999981 -2.267525 
30.51999981 -2.267525 
30.55999981 -2.267525 
30.59999981 -2.267525 
30.63999981 -2.267525 
30.67999981 -2.267525 
30.71999981 -2.267525 
30.75999981 -2.267525 
30.79999981 -2.267525 
30.83999981 -2.267525 
30.87999981 -2.267525 
30.91999981 -2.267525 
30.95999981 -1.825007 
30.99999981 -2.267525 
31.03999981 -1.825007 
31.07999981 -1.825007 
31.11999981 -2.267525 
31.15999981 -1.825007 
31.19999981 -2.267525 
31.23999981 -1.825007 
31.27999981 -1.825007 
31.31999981 -1.825007 
31.35999981 -1.825007 
31.39999981 -1.825007 
31.43999981 -1.825007 
31.47999981 -1.825007 
31.51999981 -1.825007 
31.55999981 -1.825007 
31.59999981 -1.825007 
31.63999981 -1.825007 
31.67999981 -1.825007 
31.71999981 -1.825007 
31.75999981 -1.825007 
31.79999981 -1.825007 
31.83999981 -1.382488 
31.87999981 -0.941496 
31.91999981 -1.825007 
31.95999981 -0.941496 
31.99999981 -0.941496 
32.03999981 -0.941496 
32.07999981 -0.941496 
32.1199998 -0.941496 
32.1599998 -0.941496 
32.1999998 -0.941496 
32.2399998 -0.941496 
32.2799998 -0.941496 
32.3199998 -0.941496 
32.3599998 -0.941496 
32.3999998 -0.4989776 
32.4399998 -0.941496 
32.4799998 -0.4989776 
32.5199998 -0.4989776 
32.5599998 -0.941496 
32.5999998 -0.4989776 
32.6399998 -0.4989776 
32.6799998 -0.4989776 
32.7199998 -0.4989776 
32.7999998 -0.4989776 
32.8399998 -0.4989776 
32.9199998 -0.4989776 
32.9599998 -0.4989776 
33.95999979 -0.4989776 
34.19999979 -0.4989776 
34.23999979 -0.4989776 
34.31999979 -0.4989776 
34.35999979 -0.4989776 
34.39999979 -0.4989776 
34.43999979 -0.4989776 
34.47999979 -0.4989776 
34.51999979 -0.941496 
34.55999979 -0.4989776 
34.59999979 -0.4989776 
34.63999979 -0.4989776 
34.67999979 -0.941496 
34.71999979 -0.941496 
34.75999979 -0.941496 
34.79999979 -0.941496 
34.83999979 -0.941496 
34.87999979 -0.941496 
34.91999979 -0.941496 
34.95999979 -0.941496 
34.99999979 -0.941496 
35.03999979 -0.941496 
35.07999979 -0.941496 
35.11999979 -0.941496 
35.15999979 -0.941496 
35.19999979 -0.941496 
35.23999979 -0.941496 
35.27999979 -0.941496 
35.31999979 -1.382488 
35.35999979 -0.941496 
35.39999978 -0.941496 
35.43999978 -0.941496 
35.47999978 -0.941496 
35.51999978 -0.941496 
35.55999978 -0.941496 
35.59999978 -0.941496 
35.63999978 -0.941496 
35.67999978 -0.941496 
35.71999978 -0.941496 
35.75999978 -0.941496 
35.79999978 -0.941496 
35.83999978 -0.941496 
35.87999978 -0.941496 
35.91999978 -0.941496 
35.95999978 -0.941496 
35.99999978 -0.941496 
36.03999978 -0.941496 
36.07999978 -0.941496 
36.11999978 -0.941496 
36.15999978 -0.941496 
36.19999978 -0.4989776 
36.23999978 -0.4989776 
36.27999978 -0.941496 
36.31999978 -0.4989776 
36.35999978 -0.4989776 
36.39999978 -0.4989776 
36.43999978 -0.4989776 
36.47999978 -0.4989776 
36.51999978 -0.4989776 
36.55999978 -0.4989776 
36.63999978 -0.4989776 
41.23999975 -0.4989776 
41.27999975 -0.4989776 
41.35999975 -0.4989776 
41.39999975 -0.4989776 
41.47999975 -0.4989776 
41.51999975 -0.4989776 
41.55999975 -0.4989776 
41.59999975 -0.4989776 
41.63999975 -0.4989776 
41.67999975 -0.941496 
41.71999975 -0.941496 
41.75999975 -0.941496 
41.79999975 -0.4989776 
41.83999975 -0.941496 
41.87999975 -0.941496 
41.91999975 -0.941496 
41.95999974 -0.4989776 
41.99999974 -0.4989776 
42.03999974 -0.4989776 
42.07999974 -0.4989776 
42.11999974 -0.4989776 
42.15999974 -0.4989776 
42.19999974 -0.941496 
42.23999974 -0.941496 
42.27999974 -0.4989776 
42.31999974 -0.4989776 
42.35999974 -0.4989776 
42.39999974 -0.4989776 
42.43999974 -0.4989776 
42.47999974 -0.4989776 
42.51999974 -0.4989776 
42.55999974 -0.4989776 
42.59999974 -0.4989776 
42.63999974 -0.4989776 
42.67999974 -0.4989776 
42.75999974 -0.4989776 
47.35999971 -0.4989776 
54.99999967 -0.4989776 
55.15999966 -0.4989776 
55.31999966 -0.4989776 
55.35999966 -0.4989776 
55.39999966 -1.825007 
55.51999966 -0.941496 
55.55999966 -0.941496 
55.67999966 -0.4989776 
55.79999966 -0.4989776 
55.87999966 -0.941496 
55.91999966 -2.267525 
55.95999966 -0.941496 
56.03999966 -0.4989776 
56.07999966 -1.825007 
56.11999966 -0.4989776 
56.15999966 -0.4989776 
56.19999966 -1.825007 
56.23999966 -0.941496 
56.27999966 -0.4989776 
56.31999966 -0.941496 
56.35999966 -1.825007 
56.39999966 -1.825007 
56.43999966 -0.941496 
56.47999966 -0.941496 
56.51999966 -1.382488 
56.55999966 -1.825007 
56.59999966 -1.825007 
56.63999966 -0.941496 
56.67999966 -1.382488 
56.71999966 -1.825007 
56.75999966 -1.825007 
56.79999965 -1.382488 
56.83999965 -0.941496 
56.87999965 -1.825007 
56.91999965 -1.825007 
56.95999965 -1.382488 
56.99999965 -1.825007 
57.03999965 -1.825007 
57.07999965 -1.825007 
57.11999965 -1.825007 
57.15999965 -1.825007 
57.19999965 -1.825007 
57.23999965 -1.825007 
57.27999965 -1.825007 
57.31999965 -1.382488 
57.35999965 -1.825007 
57.39999965 -1.825007 
57.43999965 -1.825007 
57.47999965 -1.825007 
57.51999965 -1.382488 
57.55999965 -1.825007 
57.59999965 -1.825007 
57.63999965 -1.825007 
57.67999965 -1.825007 
57.71999965 -1.382488 
57.75999965 -1.825007 
57.79999965 -1.825007 
57.83999965 -0.941496 
57.87999965 -1.382488 
57.91999965 -1.825007 
57.95999965 -1.825007 
57.99999965 -1.382488 
58.03999965 -0.941496 
58.07999965 -1.825007 
58.11999965 -0.941496 
58.15999965 -0.941496 
58.19999965 -0.941496 
58.23999965 -0.941496 
58.27999965 -1.382488 
58.31999965 -1.382488 
58.35999965 -0.941496 
58.39999965 -0.941496 
58.43999964 -0.941496 
58.47999964 -0.941496 
58.51999964 -0.941496 
58.55999964 -0.941496 
58.59999964 -0.941496 
58.63999964 -0.941496 
58.67999964 -0.941496 
58.71999964 -0.941496 
58.75999964 -0.4989776 
58.79999964 -0.4989776 
58.83999964 -0.941496 
58.87999964 -0.941496 
58.91999964 -0.4989776 
58.95999964 -0.4989776 
58.99999964 -0.941496 
59.03999964 -0.941496 
59.07999964 -0.4989776 
59.15999964 -0.4989776 
59.19999964 -0.4989776 
59.23999964 -0.4989776 
59.27999964 -0.4989776 
59.31999964 -0.4989776 
59.35999964 -0.4989776 
59.39999964 -0.4989776 
59.43999964 -0.4989776 
59.47999964 -0.4989776 
59.51999964 -0.4989776 
59.55999964 -0.4989776 
60.23999963 -0.4989776 
66.87999959 -0.4989776 
66.91999959 -0.4989776 
66.95999959 -0.4989776 
66.99999959 -0.4989776 
67.03999959 -0.4989776 
67.07999959 -0.941496 
67.11999959 -0.4989776 
67.15999959 -0.941496 
67.19999959 -0.941496 
67.23999959 -0.941496 
67.27999959 -0.941496 
67.31999959 -0.941496 
67.35999959 -0.941496 
67.39999959 -1.382488 
67.43999959 -0.941496 
67.47999959 -1.382488 
67.51999959 -1.382488 
67.55999959 -1.825007 
67.59999959 -1.825007 
67.63999959 -1.825007 
67.67999959 -1.825007 
67.71999959 -1.825007 
67.75999959 -1.825007 
67.79999959 -1.825007 
67.83999959 -1.825007 
67.87999959 -2.267525 
67.91999959 -1.825007 
67.95999959 -1.825007 
67.99999959 -1.825007 
68.03999959 -2.267525 
68.07999959 -2.267525 
68.11999959 -2.267525 
68.15999959 -2.267525 
68.19999959 -2.267525 
68.23999959 -2.267525 
68.27999959 -2.267525 
68.31999958 -2.267525 
68.35999958 -2.267525 
68.39999958 -2.267525 
68.43999958 -2.267525 
68.47999958 -2.267525 
68.51999958 -2.267525 
68.55999958 -2.267525 
68.59999958 -2.267525 
68.63999958 -2.267525 
68.67999958 -2.267525 
68.71999958 -2.267525 
68.75999958 -2.267525 
68.79999958 -2.267525 
68.83999958 -2.267525 
68.87999958 -2.267525 
68.91999958 -1.825007 
68.95999958 -1.825007 
68.99999958 -1.825007 
69.03999958 -1.825007 
69.07999958 -1.825007 
69.11999958 -1.825007 
69.15999958 -1.825007 
69.19999958 -1.825007 
69.23999958 -1.825007 
69.27999958 -1.825007 
69.31999958 -1.825007 
69.35999958 -1.825007 
69.39999958 -1.382488 
69.43999958 -0.941496 
69.47999958 -0.941496 
69.51999958 -1.382488 
69.55999958 -0.941496 
69.59999958 -0.941496 
69.63999958 -0.941496 
69.67999958 -0.941496 
69.71999958 -0.941496 
69.75999958 -0.4989776 
69.79999958 -0.4989776 
69.83999958 -0.4989776 
69.87999958 -0.4989776 
69.91999958 -0.4989776 
69.95999957 -0.4989776 
69.99999957 -0.4989776 
78.95999952 -0.4989776 
79.11999952 -0.4989776 
79.23999952 -0.4989776 
79.27999952 -0.4989776 
79.35999952 -0.4989776 
79.39999952 -0.4989776 
79.43999952 -0.4989776 
79.47999952 -0.4989776 
79.51999952 -0.941496 
79.55999952 -0.4989776 
79.59999952 -0.941496 
79.63999952 -0.941496 
79.67999952 -0.4989776 
79.71999952 -0.941496 
79.75999952 -0.941496 
79.79999952 -0.941496 
79.83999951 -0.941496 
79.87999951 -0.941496 
79.91999951 -0.941496 
79.95999951 -0.941496 
79.99999951 -0.941496 
80.03999951 -0.941496 
80.07999951 -0.941496 
80.11999951 -0.941496 
80.15999951 -0.941496 
80.19999951 -1.382488 
80.23999951 -0.941496 
80.27999951 -0.941496 
80.31999951 -1.382488 
80.35999951 -0.941496 
80.39999951 -1.382488 
80.43999951 -1.382488 
80.47999951 -1.382488 
80.51999951 -1.382488 
80.55999951 -1.825007 
80.59999951 -1.382488 
80.63999951 -1.382488 
80.67999951 -1.382488 
80.71999951 -1.382488 
80.75999951 -0.941496 
80.79999951 -0.941496 
80.83999951 -1.382488 
80.87999951 -1.382488 
80.91999951 -0.941496 
80.95999951 -1.382488 
80.99999951 -1.382488 
81.03999951 -1.382488 
81.07999951 -1.382488 
81.11999951 -0.941496 
81.15999951 -0.941496 
81.19999951 -0.941496 
81.23999951 -0.941496 
81.27999951 -0.941496 
81.31999951 -0.941496 
81.35999951 -0.941496 
81.39999951 -0.941496 
81.43999951 -0.941496 
81.4799995 -0.941496 
81.5199995 -0.941496 
81.5599995 -0.941496 
81.5999995 -0.941496 
81.6399995 -0.941496 
81.6799995 -0.941496 
81.7199995 -0.941496 
81.7599995 -0.941496 
81.7999995 -0.4989776 
81.8399995 -0.4989776 
81.8799995 -0.4989776 
81.9199995 -0.4989776 
81.9599995 -0.4989776 
81.9999995 -0.4989776 
82.0399995 -0.4989776 
82.0799995 -0.4989776 
82.1199995 -0.4989776 
82.1599995 -0.4989776 
83.0799995 -0.941496 
83.23999949 -0.4989776 
83.35999949 -0.4989776 
83.55999949 -0.941496 
83.59999949 -0.941496 
83.71999949 -0.941496 
83.75999949 -0.4989776 
83.83999949 -0.941496 
83.87999949 -0.941496 
83.99999949 -0.941496 
84.03999949 -0.941496 
84.07999949 -0.941496 
84.11999949 -0.941496 
84.15999949 -0.941496 
84.19999949 -0.941496 
84.23999949 -0.941496 
84.27999949 -0.941496 
84.31999949 -0.941496 
84.35999949 -1.382488 
84.39999949 -1.825007 
84.43999949 -0.941496 
84.47999949 -0.4989776 
84.51999949 -0.941496 
84.55999949 -0.941496 
84.59999949 -0.941496 
84.63999949 -0.941496 
84.67999949 -1.382488 
84.71999949 -1.825007 
84.75999948 -1.382488 
84.79999948 -0.941496 
84.83999948 -1.382488 
84.87999948 -1.382488 
84.91999948 -1.825007 
84.95999948 -0.941496 
84.99999948 -1.382488 
85.03999948 -0.941496 
85.07999948 -0.941496 
85.11999948 -0.941496 
85.15999948 -0.941496 
85.19999948 -1.382488 
85.23999948 -1.382488 
85.27999948 -0.941496 
85.31999948 -0.941496 
85.35999948 -0.941496 
85.39999948 -0.941496 
85.43999948 -0.941496 
85.47999948 -0.941496 
85.51999948 -0.941496 
85.55999948 -0.941496 
85.59999948 -0.941496 
85.63999948 -0.941496 
85.67999948 -0.4989776 
85.71999948 -0.941496 
85.75999948 -0.4989776 
85.79999948 -0.941496 
85.83999948 -0.4989776 
85.87999948 -0.4989776 
85.91999948 -0.4989776 
85.95999948 -0.4989776 
85.99999948 -0.4989776 
86.03999948 -0.4989776 
86.07999948 -0.4989776 
86.15999948 -0.4989776 
90.91999945 -0.4989776 
91.07999945 -0.4989776 
91.11999945 -0.4989776 
91.19999945 -0.4989776 
91.23999945 -0.4989776 
91.31999945 -0.4989776 
91.39999944 -0.4989776 
91.43999944 -0.4989776 
91.51999944 -0.4989776 
91.55999944 -0.4989776 
91.59999944 -0.4989776 
91.63999944 -0.4989776 
91.67999944 -0.4989776 
91.71999944 -0.4989776 
91.75999944 -0.4989776 
91.79999944 -0.4989776 
91.87999944 -0.4989776 
91.91999944 -0.4989776 
91.95999944 -0.4989776 
92.03999944 -0.4989776 
92.07999944 -0.4989776 
92.11999944 -0.4989776 
92.15999944 -0.4989776 
92.23999944 -0.4989776 
92.27999944 -0.4989776 
92.31999944 -0.4989776 
92.35999944 -0.4989776 
92.39999944 -0.4989776 
92.63999944 -0.4989776 
92.75999944 -0.4989776 
95.63999942 -0.4989776 
95.67999942 -0.4989776 
95.71999942 -0.4989776 
95.75999942 -0.4989776 
95.79999942 -0.4989776 
95.87999942 -0.4989776 
95.91999942 -0.4989776 
95.95999942 -0.4989776 
95.99999942 -0.4989776 
96.03999942 -0.4989776 
96.07999942 -0.4989776 
96.11999942 -0.941496 
96.15999942 -0.4989776 
96.19999942 -0.4989776 
96.23999942 -0.941496 
96.27999941 -0.941496 
96.31999941 -0.4989776 
96.35999941 -0.941496 
96.39999941 -0.941496 
96.43999941 -0.941496 
96.47999941 -0.941496 
96.51999941 -0.941496 
96.55999941 -0.941496 
96.59999941 -0.941496 
96.63999941 -0.941496 
96.67999941 -0.941496 
96.71999941 -0.941496 
96.75999941 -0.941496 
96.79999941 -0.941496 
96.83999941 -0.941496 
96.87999941 -0.941496 
96.91999941 -0.941496 
96.95999941 -0.941496 
96.99999941 -0.4989776 
97.03999941 -0.941496 
97.07999941 -0.4989776 
97.11999941 -0.4989776 
97.15999941 -0.4989776 
97.19999941 -0.4989776 
97.27999941 -0.4989776 
105.19999936 -0.4989776 
105.23999936 -0.4989776 
105.27999936 -0.4989776 
105.31999936 -0.4989776 
105.35999936 -0.4989776 
105.43999936 -0.4989776 
105.51999936 -0.4989776 
105.55999936 -0.4989776 
105.67999936 -0.4989776 
105.71999936 -0.4989776 
105.75999936 -0.4989776 
105.79999936 -0.4989776 
105.83999936 -0.941496 
105.87999936 -0.4989776 
105.91999936 -0.4989776 
105.95999936 -0.4989776 
105.99999936 -0.4989776 
106.03999936 -0.4989776 
106.07999936 -0.4989776 
106.11999936 -0.4989776 
106.15999935 -0.4989776 
106.19999935 -0.4989776 
106.23999935 -0.4989776 
106.27999935 -0.4989776 
106.31999935 -0.4989776 
106.35999935 -0.4989776 
106.39999935 -0.941496 
106.43999935 -0.4989776 
106.51999935 -0.4989776 
106.55999935 -0.4989776 
106.59999935 -0.4989776 
106.63999935 -0.4989776 
106.67999935 -0.4989776 
106.71999935 -0.4989776 
106.75999935 -0.4989776 
106.79999935 -0.4989776 
106.83999935 -0.4989776 
106.87999935 -0.4989776 
106.91999935 -0.4989776 
106.95999935 -0.4989776 
106.99999935 -0.4989776 
107.03999935 -0.4989776 
107.07999935 -0.4989776 
107.11999935 -0.4989776 
107.19999935 -0.4989776 
107.27999935 -0.4989776 
107.39999935 -0.4989776 
107.43999935 -0.4989776 
107.47999935 -0.4989776 
107.51999935 -0.4989776 
107.59999935 -0.4989776 
107.63999935 -0.4989776 
107.75999935 -0.4989776 
107.79999934 -0.4989776 
107.83999934 -0.4989776 
113.43999931 -0.4989776 
115.8799993 -0.4989776 
115.9999993 -0.4989776 
116.03999929 -0.4989776 
116.07999929 -0.4989776 
116.11999929 -0.4989776 
116.15999929 -0.4989776 
116.19999929 -0.4989776 
116.23999929 -0.4989776 
116.27999929 -0.941496 
116.31999929 -0.941496 
116.35999929 -0.4989776 
116.39999929 -0.941496 
116.43999929 -0.941496 
116.47999929 -0.941496 
116.51999929 -0.941496 
116.55999929 -0.941496 
116.59999929 -0.941496 
116.63999929 -0.941496 
116.67999929 -0.941496 
116.71999929 -0.941496 
116.75999929 -0.941496 
116.79999929 -0.941496 
116.83999929 -1.382488 
116.87999929 -1.382488 
116.91999929 -1.825007 
116.95999929 -1.382488 
116.99999929 -1.825007 
117.03999929 -1.825007 
117.07999929 -1.825007 
117.11999929 -1.825007 
117.15999929 -1.825007 
117.19999929 -1.825007 
117.23999929 -1.825007 
117.27999929 -1.825007 
117.31999929 -1.825007 
117.35999929 -1.825007 
117.39999929 -1.825007 
117.43999929 -1.825007 
117.47999929 -1.825007 
117.51999929 -2.267525 
117.55999929 -1.825007 
117.59999929 -2.267525 
117.63999929 -1.825007 
117.67999928 -2.267525 
117.71999928 -2.267525 
117.75999928 -2.267525 
117.79999928 -2.267525 
117.83999928 -1.825007 
117.87999928 -2.267525 
117.91999928 -2.267525 
117.95999928 -2.267525 
117.99999928 -2.267525 
118.03999928 -2.267525 
118.07999928 -2.267525 
118.11999928 -2.267525 
118.15999928 -2.267525 
118.19999928 -2.267525 
118.23999928 -2.267525 
118.27999928 -2.267525 
118.31999928 -2.267525 
118.35999928 -2.267525 
118.39999928 -2.267525 
118.43999928 -2.267525 
118.47999928 -2.267525 
118.51999928 -2.267525 
118.55999928 -1.825007 
118.59999928 -2.267525 
118.63999928 -2.267525 
118.67999928 -1.825007 
118.71999928 -1.825007 
118.75999928 -1.825007 
118.79999928 -1.825007 
118.83999928 -1.825007 
118.87999928 -1.825007 
118.91999928 -1.825007 
118.95999928 -1.825007 
118.99999928 -1.825007 
119.03999928 -1.382488 
119.07999928 -1.382488 
119.11999928 -0.941496 
119.15999928 -1.825007 
119.19999928 -1.382488 
119.23999928 -0.941496 
119.27999928 -1.382488 
119.31999927 -1.382488 
119.35999927 -0.941496 
119.39999927 -0.941496 
119.43999927 -0.941496 
119.47999927 -0.941496 
119.51999927 -0.4989776 
119.55999927 -0.941496 
119.59999927 -0.4989776 
119.63999927 -0.941496 
119.67999927 -0.4989776 
119.71999927 -0.4989776 
119.75999927 -0.4989776 
119.79999927 -0.4989776 
119.83999927 -0.4989776 
119.87999927 -0.4989776 
128.83999922 -0.4989776 
128.95999922 -0.4989776 
128.99999922 -0.4989776 
129.03999922 -0.4989776 
129.07999922 -0.4989776 
129.11999922 -0.4989776 
129.15999922 -0.4989776 
129.19999921 -0.4989776 
129.23999921 -0.4989776 
129.27999921 -0.941496 
129.31999921 -0.4989776 
129.35999921 -0.4989776 
129.39999921 -0.941496 
129.43999921 -0.941496 
129.47999921 -0.4989776 
129.51999921 -0.4989776 
129.55999921 -0.941496 
129.59999921 -0.941496 
129.63999921 -0.4989776 
129.67999921 -0.941496 
129.71999921 -0.941496 
129.75999921 -0.941496 
129.79999921 -0.941496 
129.83999921 -0.4989776 
129.87999921 -0.941496 
129.91999921 -0.4989776 
129.95999921 -0.941496 
129.99999921 -0.941496 
130.03999921 -0.941496 
130.07999921 -0.4989776 
130.11999921 -0.4989776 
130.15999921 -0.4989776 
130.19999921 -0.4989776 
130.23999921 -0.4989776 
130.27999921 -0.4989776 
130.31999921 -0.4989776 
130.35999921 -0.4989776 
130.39999921 -0.4989776 
130.43999921 -0.4989776 
130.47999921 -0.4989776 
130.51999921 -0.4989776 
130.55999921 -0.4989776 
130.59999921 -0.4989776 
133.71999919 -0.4989776 
134.11999918 -0.4989776 
134.15999918 -0.4989776 
134.19999918 -0.4989776 
134.23999918 -0.4989776 
134.35999918 -0.4989776 
134.39999918 -0.4989776 
134.59999918 -0.4989776 
139.23999915 -0.4989776 
139.27999915 -0.4989776 
139.47999915 -0.4989776 
139.51999915 -0.4989776 
139.55999915 -0.4989776 
139.63999915 -0.4989776 
139.67999915 -0.4989776 
139.71999915 -0.4989776 
139.75999915 -0.4989776 
139.79999915 -0.941496 
139.83999915 -0.4989776 
139.87999915 -0.4989776 
139.91999915 -0.4989776 
139.95999915 -0.941496 
139.99999915 -0.941496 
140.03999915 -0.941496 
140.07999915 -0.941496 
140.11999915 -0.941496 
140.15999915 -0.941496 
140.19999915 -0.941496 
140.23999915 -0.941496 
140.27999915 -0.941496 
140.31999915 -0.941496 
140.35999915 -0.941496 
140.39999915 -0.941496 
140.43999915 -0.941496 
140.47999915 -0.941496 
140.51999915 -0.941496 
140.55999915 -0.941496 
140.59999915 -0.941496 
140.63999915 -1.382488 
140.67999915 -0.941496 
140.71999914 -0.941496 
140.75999914 -1.382488 
140.79999914 -1.382488 
140.83999914 -1.382488 
140.87999914 -1.382488 
140.91999914 -0.941496 
140.95999914 -0.941496 
140.99999914 -0.941496 
141.03999914 -1.382488 
141.07999914 -0.941496 
141.11999914 -1.825007 
141.15999914 -1.382488 
141.19999914 -1.825007 
141.23999914 -1.825007 
141.27999914 -1.382488 
141.31999914 -1.382488 
141.35999914 -1.825007 
141.39999914 -1.382488 
141.43999914 -1.382488 
141.47999914 -1.382488 
141.51999914 -1.382488 
141.55999914 -1.382488 
141.59999914 -1.825007 
141.63999914 -1.382488 
141.67999914 -1.382488 
141.71999914 -1.825007 
141.75999914 -1.825007 
141.79999914 -0.941496 
141.83999914 -1.825007 
141.87999914 -1.825007 
141.91999914 -1.382488 
141.95999914 -1.825007 
141.99999914 -1.382488 
142.03999914 -0.941496 
142.07999914 -1.382488 
142.11999914 -1.825007 
142.15999914 -0.941496 
142.19999914 -0.941496 
142.23999914 -1.382488 
142.27999914 -0.941496 
142.31999914 -0.941496 
142.35999913 -1.382488 
142.39999913 -1.382488 
142.43999913 -0.941496 
142.47999913 -1.382488 
142.51999913 -0.941496 
142.55999913 -0.941496 
142.59999913 -0.941496 
142.63999913 -0.941496 
142.67999913 -0.941496 
142.71999913 -0.941496 
142.75999913 -0.941496 
142.79999913 -0.941496 
142.83999913 -0.941496 
142.87999913 -0.941496 
142.91999913 -0.941496 
142.95999913 -0.941496 
142.99999913 -0.941496 
143.03999913 -0.941496 
143.07999913 -0.941496 
143.11999913 -0.941496 
143.15999913 -0.941496 
143.19999913 -0.941496 
143.23999913 -0.941496 
143.27999913 -0.941496 
143.31999913 -0.941496 
143.35999913 -0.4989776 
143.39999913 -0.941496 
143.43999913 -0.941496 
143.47999913 -0.941496 
143.51999913 -0.4989776 
143.55999913 -0.4989776 
143.59999913 -0.4989776 
143.63999913 -0.941496 
143.67999913 -0.4989776 
143.71999913 -0.4989776 
143.75999913 -0.4989776 
143.79999913 -0.941496 
143.83999913 -0.4989776 
143.87999913 -0.4989776 
143.91999913 -0.4989776 
143.95999913 -0.4989776 
143.99999912 -0.4989776 
144.03999912 -0.4989776 
144.07999912 -0.4989776 
144.11999912 -0.4989776 
144.15999912 -0.4989776 
144.19999912 -0.4989776 
144.27999912 -0.4989776 
144.31999912 -0.4989776 
144.35999912 -0.4989776 
144.39999912 -0.4989776 
144.43999912 -0.4989776 
144.47999912 -0.4989776 
144.55999912 -0.4989776 
144.63999912 -0.4989776 
144.67999912 -0.4989776 
144.75999912 -0.4989776 
144.79999912 -0.4989776 
144.83999912 -0.4989776 
144.87999912 -0.4989776 
144.95999912 -0.4989776 
145.03999912 -0.4989776 
145.07999912 -0.4989776 
145.11999912 -0.4989776 
145.15999912 -0.4989776 
145.19999912 -0.4989776 
145.23999912 -0.4989776 
145.27999912 -0.4989776 
145.31999912 -0.4989776 
145.35999912 -0.4989776 
145.51999912 -0.4989776 
145.63999911 -0.4989776 
145.71999911 -0.4989776 
145.75999911 -0.4989776 
145.79999911 -0.4989776 
145.83999911 -0.4989776 
145.91999911 -0.4989776 
146.03999911 -0.4989776 
150.47999909 -0.941496 
150.51999909 -0.4989776 
151.27999908 -0.4989776 
151.31999908 -0.4989776 
151.39999908 -0.4989776 
155.67999905 -0.4989776 
155.71999905 -0.4989776 
155.75999905 -0.4989776 
155.83999905 -0.4989776 
155.87999905 -0.4989776 
155.91999905 -0.4989776 
155.95999905 -0.4989776 
155.99999905 -0.4989776 
156.07999905 -0.4989776 
156.15999905 -0.4989776 
156.19999905 -0.4989776 
156.23999905 -0.4989776 
156.35999905 -0.4989776 
156.39999905 -0.4989776 
156.47999905 -0.4989776 
156.55999905 -0.4989776 
156.59999905 -0.4989776 
156.63999905 -0.4989776 
156.71999905 -0.4989776 
164.759999 -0.4989776 
165.279999 -0.941496 
165.55999899 -0.941496 
165.71999899 -0.4989776 
165.79999899 -0.4989776 
165.87999899 -0.4989776 
165.91999899 -0.941496 
165.95999899 -0.4989776 
165.99999899 -0.4989776 
166.03999899 -0.941496 
166.07999899 -0.941496 
166.11999899 -0.941496 
166.15999899 -0.941496 
166.19999899 -1.825007 
166.23999899 -0.941496 
166.27999899 -0.941496 
166.31999899 -0.941496 
166.35999899 -1.382488 
166.39999899 -1.825007 
166.43999899 -1.825007 
166.47999899 -1.382488 
166.51999899 -1.825007 
166.55999899 -1.825007 
166.59999899 -1.825007 
166.63999899 -1.825007 
166.67999899 -2.267525 
166.71999899 -2.267525 
166.75999899 -2.267525 
166.79999899 -2.267525 
166.83999899 -2.267525 
166.87999899 -2.267525 
166.91999899 -2.267525 
166.95999899 -2.267525 
166.99999899 -2.708518 
167.03999898 -2.708518 
167.07999898 -2.708518 
167.11999898 -2.708518 
167.15999898 -2.267525 
167.19999898 -2.708518 
167.23999898 -3.151036 
167.27999898 -3.151036 
167.31999898 -2.708518 
167.35999898 -2.708518 
167.39999898 -2.708518 
167.43999898 -2.708518 
167.47999898 -2.708518 
167.51999898 -2.708518 
167.55999898 -3.151036 
167.59999898 -2.267525 
167.63999898 -2.708518 
167.67999898 -2.708518 
167.71999898 -2.708518 
167.75999898 -2.708518 
167.79999898 -2.708518 
167.83999898 -2.708518 
167.87999898 -2.708518 
167.91999898 -2.708518 
167.95999898 -2.267525 
167.99999898 -2.708518 
168.03999898 -2.267525 
168.07999898 -2.267525 
168.11999898 -2.267525 
168.15999898 -2.708518 
168.19999898 -2.267525 
168.23999898 -2.267525 
168.27999898 -2.267525 
168.31999898 -2.267525 
168.35999898 -2.267525 
168.39999898 -2.267525 
168.43999898 -2.267525 
168.47999898 -2.267525 
168.51999898 -2.267525 
168.55999898 -2.267525 
168.59999898 -1.825007 
168.63999898 -1.825007 
168.67999897 -1.825007 
168.71999897 -1.825007 
168.75999897 -1.825007 
168.79999897 -1.825007 
168.83999897 -1.825007 
168.87999897 -1.382488 
168.91999897 -1.382488 
168.95999897 -1.382488 
168.99999897 -0.941496 
169.03999897 -1.382488 
169.07999897 -0.941496 
169.11999897 -0.941496 
169.15999897 -0.941496 
169.19999897 -0.941496 
169.23999897 -0.941496 
169.27999897 -0.941496 
169.31999897 -0.941496 
169.35999897 -0.941496 
169.39999897 -0.4989776 
169.43999897 -0.4989776 
169.47999897 -0.4989776 
169.51999897 -0.4989776 
169.55999897 -0.4989776 
169.59999897 -0.4989776 
169.63999897 -0.4989776 
169.67999897 -0.4989776 
169.75999897 -0.4989776 
177.75999892 -0.4989776 
177.79999892 -0.4989776 
177.83999892 -0.4989776 
177.87999892 -0.4989776 
177.91999892 -0.4989776 
177.95999892 -0.941496 
177.99999892 -0.941496 
178.03999892 -0.941496 
178.07999892 -0.941496 
178.11999892 -0.941496 
178.15999892 -0.941496 
178.19999892 -0.941496 
178.23999892 -0.941496 
178.27999892 -1.382488 
178.31999892 -1.825007 
178.35999892 -1.825007 
178.39999892 -1.825007 
178.43999892 -1.825007 
178.47999892 -1.825007 
178.51999892 -1.825007 
178.55999891 -1.825007 
178.59999891 -1.825007 
178.63999891 -1.825007 
178.67999891 -1.825007 
178.71999891 -1.825007 
178.75999891 -1.825007 
178.79999891 -2.267525 
178.83999891 -2.267525 
178.87999891 -2.267525 
178.91999891 -2.267525 
178.95999891 -2.267525 
178.99999891 -2.267525 
179.03999891 -1.382488 
179.07999891 -2.267525 
179.11999891 -2.267525 
179.15999891 -2.267525 
179.19999891 -2.267525 
179.23999891 -2.267525 
179.27999891 -2.267525 
179.31999891 -2.267525 
179.35999891 -2.267525 
179.39999891 -1.825007 
179.43999891 -2.267525 
179.47999891 -2.267525 
179.51999891 -2.267525 
179.55999891 -2.267525 
179.59999891 -1.825007 
179.63999891 -1.825007 
179.67999891 -1.825007 
179.71999891 -1.825007 
179.75999891 -1.382488 
179.79999891 -1.825007 
179.83999891 -1.825007 
179.87999891 -1.382488 
179.91999891 -1.382488 
179.95999891 -0.941496 
179.99999891 -1.825007 
180.03999891 -0.941496 
180.07999891 -0.941496 
180.11999891 -0.941496 
180.15999891 -0.941496 
180.1999989 -0.4989776 
180.2399989 -0.941496 
180.2799989 -0.4989776 
180.3199989 -0.4989776 
180.3599989 -0.4989776 
180.3999989 -0.4989776 
180.4399989 -0.4989776 
183.47999888 -0.4989776 
183.59999888 -0.4989776 
183.67999888 -0.4989776 
183.75999888 -0.4989776 
183.79999888 -0.4989776 
183.87999888 -0.4989776 
183.91999888 -0.4989776 
183.95999888 -0.4989776 
183.99999888 -0.4989776 
184.03999888 -0.4989776 
184.07999888 -0.4989776 
184.19999888 -0.4989776 
184.31999888 -0.4989776 
184.35999888 -0.4989776 
189.39999885 -0.4989776 
189.43999885 -0.4989776 
189.51999885 -0.4989776 
189.55999885 -0.4989776 
189.59999885 -0.4989776 
189.63999885 -0.4989776 
189.67999885 -0.4989776 
189.71999885 -0.4989776 
189.75999885 -0.941496 
189.79999885 -0.4989776 
189.83999885 -0.941496 
189.87999885 -0.941496 
189.91999885 -0.4989776 
189.95999885 -0.941496 
189.99999885 -0.941496 
190.03999885 -0.941496 
190.07999884 -0.941496 
190.11999884 -0.941496 
190.15999884 -0.941496 
190.19999884 -0.941496 
190.23999884 -0.941496 
190.27999884 -0.941496 
190.31999884 -0.941496 
190.35999884 -0.941496 
190.39999884 -0.941496 
190.43999884 -0.941496 
190.47999884 -0.941496 
190.51999884 -0.941496 
190.55999884 -0.941496 
190.59999884 -0.941496 
190.63999884 -0.941496 
190.67999884 -0.941496 
190.71999884 -0.941496 
190.75999884 -0.941496 
190.79999884 -0.941496 
190.83999884 -0.941496 
190.87999884 -0.941496 
190.91999884 -0.941496 
190.95999884 -0.941496 
190.99999884 -0.941496 
191.03999884 -0.941496 
191.07999884 -0.941496 
191.11999884 -0.4989776 
191.15999884 -0.4989776 
191.19999884 -0.4989776 
191.23999884 -0.4989776 
191.27999884 -0.4989776 
191.31999884 -0.4989776 
191.35999884 -0.4989776 
191.39999884 -0.4989776 
191.51999884 -0.4989776 
191.55999884 -0.4989776 
191.59999884 -0.4989776 
191.71999883 -0.941496 
191.83999883 -0.4989776 
191.87999883 -0.941496 
192.23999883 -0.941496 
194.27999882 -0.4989776 
194.31999882 -0.4989776 
194.35999882 -0.4989776 
194.39999882 -0.4989776 
194.43999882 -0.4989776 
194.47999882 -0.4989776 
194.51999882 -0.4989776 
194.55999882 -0.4989776 
194.59999882 -0.941496 
194.63999882 -0.941496 
194.67999882 -0.941496 
194.71999882 -0.4989776 
194.75999882 -0.4989776 
194.79999882 -0.4989776 
194.83999882 -0.941496 
194.87999882 -0.941496 
194.91999882 -0.941496 
194.95999882 -0.941496 
194.99999881 -0.941496 
195.03999881 -0.941496 
195.07999881 -0.941496 
195.11999881 -0.941496 
195.15999881 -0.941496 
195.19999881 -0.941496 
195.23999881 -0.941496 
195.27999881 -0.941496 
195.31999881 -0.941496 
195.35999881 -0.941496 
195.39999881 -1.382488 
195.43999881 -0.941496 
195.47999881 -0.941496 
195.51999881 -1.382488 
195.55999881 -0.941496 
195.59999881 -0.941496 
195.63999881 -0.941496 
195.67999881 -0.941496 
195.71999881 -0.941496 
195.75999881 -0.941496 
195.79999881 -0.941496 
195.83999881 -0.941496 
195.87999881 -0.941496 
195.91999881 -0.941496 
195.95999881 -0.941496 
195.99999881 -0.941496 
196.03999881 -0.941496 
196.07999881 -0.941496 
196.11999881 -0.941496 
196.15999881 -0.941496 
196.19999881 -0.941496 
196.23999881 -0.4989776 
196.27999881 -0.941496 
196.31999881 -0.941496 
196.35999881 -0.4989776 
196.43999881 -0.4989776 
196.47999881 -0.4989776 
200.03999878 -0.4989776 
0 0 
