7.39999996 -0.4989776 
7.43999995 -0.4989776 
7.47999995 -0.4989776 
7.51999995 -0.4989776 
7.59999995 -0.4989776 
7.63999995 -0.4989776 
7.67999995 -0.941496 
7.71999995 -0.941496 
7.75999995 -0.941496 
7.79999995 -0.941496 
7.83999995 -0.941496 
7.87999995 -0.941496 
7.91999995 -0.941496 
7.95999995 -1.382488 
7.99999995 -0.941496 
8.03999995 -0.941496 
8.07999995 -0.941496 
8.11999995 -0.941496 
8.15999995 -1.382488 
8.19999995 -1.382488 
8.23999995 -0.941496 
8.27999995 -1.382488 
8.31999995 -1.382488 
8.35999995 -1.382488 
8.39999995 -1.825007 
8.43999995 -1.825007 
8.47999995 -1.825007 
8.51999995 -1.825007 
8.55999995 -1.825007 
8.59999995 -1.825007 
8.63999995 -1.382488 
8.67999995 -1.825007 
8.71999995 -1.382488 
8.75999995 -1.825007 
8.79999995 -1.825007 
8.83999995 -1.825007 
8.87999995 -1.825007 
8.91999995 -1.825007 
8.95999995 -1.825007 
8.99999995 -1.825007 
9.03999995 -1.382488 
9.07999994 -1.825007 
9.11999994 -1.825007 
9.15999994 -1.825007 
9.19999994 -1.382488 
9.23999994 -1.825007 
9.27999994 -1.382488 
9.31999994 -1.382488 
9.35999994 -0.941496 
9.39999994 -1.382488 
9.43999994 -0.941496 
9.47999994 -1.382488 
9.51999994 -0.941496 
9.55999994 -0.941496 
9.59999994 -0.941496 
9.63999994 -0.941496 
9.67999994 -0.941496 
9.71999994 -0.941496 
9.75999994 -0.941496 
9.79999994 -0.941496 
9.83999994 -0.941496 
9.87999994 -0.941496 
9.91999994 -0.941496 
9.95999994 -0.4989776 
9.99999994 -0.4989776 
10.03999994 -0.941496 
10.07999994 -0.4989776 
10.11999994 -0.4989776 
10.15999994 -0.4989776 
10.19999994 -0.4989776 
10.23999994 -0.4989776 
10.27999994 -0.4989776 
10.31999994 -0.4989776 
10.39999994 -0.4989776 
12.51999992 -0.4989776 
12.55999992 -0.4989776 
12.59999992 -0.4989776 
12.63999992 -0.4989776 
12.71999992 -0.4989776 
12.75999992 -0.4989776 
12.79999992 -0.4989776 
12.83999992 -0.4989776 
12.87999992 -0.4989776 
12.91999992 -0.4989776 
12.95999992 -0.4989776 
12.99999992 -0.4989776 
13.03999992 -0.4989776 
13.07999992 -0.4989776 
13.11999992 -0.4989776 
13.15999992 -0.4989776 
13.19999992 -0.4989776 
13.23999992 -0.4989776 
13.27999992 -0.4989776 
13.31999992 -0.4989776 
13.35999992 -0.4989776 
13.39999992 -0.4989776 
13.43999992 -0.4989776 
13.51999992 -0.4989776 
13.55999992 -0.941496 
13.59999992 -0.4989776 
13.63999992 -0.4989776 
13.67999992 -0.4989776 
13.71999992 -0.4989776 
13.75999992 -0.4989776 
13.79999992 -0.4989776 
13.83999992 -0.4989776 
13.87999992 -0.4989776 
13.91999992 -0.4989776 
13.95999992 -0.4989776 
13.99999991 -0.941496 
14.07999991 -0.4989776 
14.11999991 -0.4989776 
18.51999989 -0.4989776 
18.79999989 -0.4989776 
19.11999988 -0.4989776 
19.27999988 -0.4989776 
19.31999988 -0.4989776 
19.35999988 -0.4989776 
19.43999988 -0.4989776 
19.47999988 -0.4989776 
19.51999988 -0.4989776 
19.55999988 -0.4989776 
19.63999988 -0.4989776 
19.71999988 -0.4989776 
19.75999988 -0.4989776 
19.79999988 -0.4989776 
19.83999988 -0.4989776 
19.87999988 -0.4989776 
19.95999988 -0.4989776 
19.99999988 -0.4989776 
20.03999988 -0.4989776 
20.07999988 -0.4989776 
20.27999988 -0.4989776 
33.4799998 -0.4989776 
33.5199998 -0.4989776 
33.5599998 -0.4989776 
33.6399998 -0.4989776 
33.6799998 -0.941496 
33.7199998 -0.4989776 
33.75999979 -0.4989776 
33.79999979 -0.4989776 
33.83999979 -0.4989776 
33.87999979 -0.4989776 
33.91999979 -0.941496 
33.95999979 -0.941496 
33.99999979 -0.941496 
34.03999979 -0.941496 
34.07999979 -0.941496 
34.11999979 -0.941496 
34.15999979 -0.941496 
34.19999979 -0.941496 
34.23999979 -0.941496 
34.27999979 -0.941496 
34.31999979 -0.941496 
34.35999979 -0.941496 
34.39999979 -0.941496 
34.43999979 -0.941496 
34.47999979 -0.941496 
34.51999979 -0.941496 
34.55999979 -0.941496 
34.59999979 -0.941496 
34.63999979 -0.941496 
34.67999979 -0.941496 
34.71999979 -1.382488 
34.75999979 -0.941496 
34.79999979 -0.941496 
34.83999979 -0.941496 
34.87999979 -1.382488 
34.91999979 -0.941496 
34.95999979 -1.382488 
34.99999979 -1.382488 
35.03999979 -1.382488 
35.07999979 -0.941496 
35.11999979 -0.941496 
35.15999979 -0.941496 
35.19999979 -1.825007 
35.23999979 -1.382488 
35.27999979 -1.382488 
35.31999979 -0.941496 
35.35999979 -1.382488 
35.39999978 -0.941496 
35.43999978 -1.825007 
35.47999978 -0.941496 
35.51999978 -1.382488 
35.55999978 -1.382488 
35.59999978 -1.825007 
35.63999978 -0.941496 
35.67999978 -0.941496 
35.71999978 -1.825007 
35.75999978 -0.941496 
35.79999978 -1.825007 
35.83999978 -1.382488 
35.87999978 -0.941496 
35.91999978 -1.382488 
35.95999978 -1.382488 
35.99999978 -0.941496 
36.03999978 -0.941496 
36.07999978 -0.941496 
36.11999978 -0.941496 
36.15999978 -0.941496 
36.19999978 -0.941496 
36.23999978 -0.941496 
36.27999978 -0.941496 
36.31999978 -0.4989776 
36.35999978 -0.941496 
36.39999978 -1.825007 
36.43999978 -0.941496 
36.47999978 -0.941496 
36.51999978 -0.941496 
36.55999978 -0.941496 
36.59999978 -0.4989776 
36.63999978 -0.941496 
36.67999978 -0.941496 
36.71999978 -0.941496 
36.75999978 -0.941496 
36.79999978 -0.941496 
36.83999978 -0.4989776 
36.87999978 -0.4989776 
36.91999978 -0.941496 
36.95999978 -0.4989776 
36.99999978 -0.4989776 
37.03999977 -0.4989776 
37.07999977 -0.4989776 
37.11999977 -0.4989776 
37.15999977 -0.4989776 
37.19999977 -0.4989776 
37.23999977 -0.4989776 
37.27999977 -0.4989776 
37.35999977 -0.4989776 
37.39999977 -0.4989776 
41.35999975 -0.4989776 
45.59999972 -0.4989776 
45.67999972 -0.4989776 
45.71999972 -0.4989776 
45.75999972 -0.4989776 
45.79999972 -0.4989776 
45.83999972 -0.4989776 
45.87999972 -0.4989776 
45.91999972 -0.941496 
45.95999972 -0.941496 
45.99999972 -0.4989776 
46.03999972 -0.4989776 
46.07999972 -0.941496 
46.11999972 -0.4989776 
46.15999972 -0.941496 
46.19999972 -0.941496 
46.23999972 -0.941496 
46.27999972 -0.941496 
46.31999972 -0.941496 
46.35999972 -0.4989776 
46.39999972 -0.941496 
46.43999972 -0.941496 
46.47999972 -0.941496 
46.51999972 -0.941496 
46.55999972 -0.941496 
46.59999972 -0.941496 
46.63999972 -0.941496 
46.67999972 -0.941496 
46.71999972 -0.941496 
46.75999972 -0.941496 
46.79999972 -0.941496 
46.83999972 -0.941496 
46.87999972 -0.941496 
46.91999971 -0.941496 
46.95999971 -0.941496 
46.99999971 -0.941496 
47.03999971 -0.941496 
47.07999971 -0.941496 
47.11999971 -0.941496 
47.15999971 -0.941496 
47.19999971 -0.941496 
47.23999971 -0.941496 
47.27999971 -0.941496 
47.31999971 -0.941496 
47.35999971 -0.941496 
47.39999971 -0.4989776 
47.43999971 -0.4989776 
47.47999971 -0.4989776 
47.51999971 -0.4989776 
47.55999971 -0.4989776 
47.59999971 -0.4989776 
47.63999971 -0.4989776 
57.15999965 -0.4989776 
57.31999965 -0.4989776 
57.39999965 -0.4989776 
57.43999965 -0.4989776 
57.51999965 -0.4989776 
57.59999965 -0.4989776 
57.63999965 -0.4989776 
57.67999965 -0.4989776 
57.75999965 -0.4989776 
57.79999965 -0.4989776 
57.83999965 -0.4989776 
57.87999965 -0.4989776 
57.91999965 -0.4989776 
57.95999965 -0.4989776 
57.99999965 -0.4989776 
58.03999965 -0.4989776 
58.07999965 -0.4989776 
58.11999965 -0.4989776 
58.15999965 -0.4989776 
58.19999965 -0.4989776 
58.23999965 -0.4989776 
58.27999965 -0.4989776 
58.31999965 -0.4989776 
58.35999965 -0.4989776 
58.43999964 -0.4989776 
58.47999964 -0.4989776 
58.51999964 -0.4989776 
58.55999964 -0.4989776 
58.59999964 -0.4989776 
58.63999964 -0.4989776 
58.67999964 -0.4989776 
58.71999964 -0.4989776 
58.75999964 -0.4989776 
58.87999964 -0.4989776 
58.95999964 -0.4989776 
58.99999964 -0.4989776 
59.27999964 -0.941496 
59.67999964 -0.4989776 
62.07999962 -0.4989776 
62.19999962 -0.4989776 
62.27999962 -0.4989776 
62.47999962 -0.4989776 
62.59999962 -0.4989776 
62.71999962 -0.4989776 
63.75999961 -0.4989776 
67.55999959 -0.4989776 
67.59999959 -0.4989776 
67.91999959 -0.4989776 
67.99999959 -0.4989776 
68.03999959 -0.4989776 
68.07999959 -0.4989776 
68.11999959 -0.4989776 
68.15999959 -0.4989776 
68.19999959 -0.4989776 
68.23999959 -0.4989776 
68.27999959 -0.4989776 
68.31999958 -0.4989776 
68.35999958 -0.4989776 
68.39999958 -0.4989776 
68.43999958 -0.4989776 
68.47999958 -0.4989776 
68.51999958 -0.4989776 
68.55999958 -0.4989776 
68.59999958 -0.4989776 
68.63999958 -0.4989776 
68.67999958 -0.4989776 
68.71999958 -0.4989776 
68.75999958 -0.941496 
68.79999958 -0.941496 
68.83999958 -0.4989776 
68.87999958 -0.4989776 
68.91999958 -0.4989776 
68.95999958 -0.941496 
68.99999958 -0.4989776 
69.03999958 -0.4989776 
69.07999958 -0.4989776 
69.11999958 -0.4989776 
69.15999958 -0.941496 
69.19999958 -0.941496 
69.23999958 -0.941496 
69.27999958 -0.4989776 
69.31999958 -0.941496 
69.35999958 -0.941496 
69.39999958 -0.941496 
69.43999958 -0.941496 
69.47999958 -0.4989776 
69.51999958 -0.4989776 
69.55999958 -0.4989776 
69.59999958 -0.4989776 
69.63999958 -0.4989776 
69.67999958 -0.4989776 
69.71999958 -0.4989776 
69.75999958 -0.4989776 
69.79999958 -0.4989776 
69.83999958 -0.4989776 
69.87999958 -0.4989776 
69.91999958 -0.4989776 
69.95999957 -0.4989776 
69.99999957 -0.4989776 
70.03999957 -0.4989776 
70.07999957 -0.4989776 
70.11999957 -0.4989776 
70.15999957 -0.4989776 
70.19999957 -0.4989776 
70.23999957 -0.4989776 
70.27999957 -0.4989776 
70.31999957 -0.4989776 
70.35999957 -0.4989776 
70.55999957 -0.4989776 
70.67999957 -0.4989776 
73.95999955 -0.4989776 
74.23999955 -0.4989776 
74.27999955 -0.4989776 
74.35999955 -0.4989776 
83.19999949 -0.4989776 
83.27999949 -0.4989776 
83.31999949 -0.4989776 
83.35999949 -0.4989776 
83.39999949 -0.4989776 
83.43999949 -0.4989776 
83.47999949 -0.4989776 
83.51999949 -0.4989776 
83.55999949 -0.4989776 
83.59999949 -0.4989776 
83.63999949 -0.4989776 
83.67999949 -0.4989776 
83.71999949 -0.4989776 
83.75999949 -0.4989776 
83.79999949 -0.941496 
83.83999949 -0.4989776 
83.87999949 -0.4989776 
83.91999949 -0.941496 
83.95999949 -0.4989776 
83.99999949 -0.4989776 
84.03999949 -0.941496 
84.07999949 -0.941496 
84.11999949 -0.941496 
84.15999949 -0.941496 
84.19999949 -0.941496 
84.23999949 -0.4989776 
84.27999949 -0.4989776 
84.31999949 -0.941496 
84.35999949 -0.941496 
84.39999949 -0.4989776 
84.43999949 -0.941496 
84.47999949 -0.941496 
84.51999949 -0.941496 
84.55999949 -0.4989776 
84.59999949 -0.4989776 
84.63999949 -0.941496 
84.67999949 -0.941496 
84.71999949 -0.4989776 
84.75999948 -0.4989776 
84.79999948 -0.4989776 
84.83999948 -0.4989776 
84.87999948 -0.941496 
84.91999948 -0.941496 
84.95999948 -0.4989776 
84.99999948 -0.4989776 
85.03999948 -0.941496 
85.07999948 -0.4989776 
85.11999948 -0.4989776 
85.15999948 -0.941496 
85.19999948 -0.4989776 
85.23999948 -0.4989776 
85.27999948 -0.4989776 
85.35999948 -0.4989776 
85.39999948 -0.4989776 
85.43999948 -0.4989776 
85.47999948 -0.4989776 
85.95999948 -0.4989776 
86.79999947 -0.4989776 
90.79999945 -0.4989776 
90.83999945 -0.4989776 
91.19999945 -0.4989776 
91.27999945 -0.4989776 
91.43999944 -0.4989776 
91.55999944 -0.4989776 
91.59999944 -0.4989776 
94.39999943 -0.4989776 
94.51999943 -0.4989776 
94.59999943 -0.4989776 
94.63999942 -0.4989776 
94.67999942 -0.4989776 
94.71999942 -0.4989776 
94.75999942 -0.4989776 
94.79999942 -0.941496 
94.83999942 -0.4989776 
94.87999942 -0.4989776 
94.91999942 -0.4989776 
94.95999942 -0.4989776 
94.99999942 -0.4989776 
95.03999942 -0.941496 
95.07999942 -0.941496 
95.11999942 -0.4989776 
95.15999942 -0.941496 
95.19999942 -0.941496 
95.23999942 -0.941496 
95.27999942 -0.941496 
95.31999942 -0.941496 
95.35999942 -0.941496 
95.39999942 -1.382488 
95.43999942 -0.941496 
95.47999942 -0.941496 
95.51999942 -0.941496 
95.55999942 -0.941496 
95.59999942 -0.941496 
95.63999942 -0.941496 
95.67999942 -1.825007 
95.71999942 -1.382488 
95.75999942 -1.382488 
95.79999942 -0.941496 
95.83999942 -0.941496 
95.87999942 -0.941496 
95.91999942 -1.382488 
95.95999942 -0.941496 
95.99999942 -0.941496 
96.03999942 -0.941496 
96.07999942 -1.382488 
96.11999942 -0.941496 
96.15999942 -1.825007 
96.19999942 -1.382488 
96.23999942 -1.382488 
96.27999941 -0.941496 
96.31999941 -1.382488 
96.35999941 -0.941496 
96.39999941 -0.941496 
96.43999941 -0.941496 
96.47999941 -0.941496 
96.51999941 -0.941496 
96.55999941 -0.941496 
96.59999941 -0.941496 
96.63999941 -0.941496 
96.67999941 -0.941496 
96.71999941 -0.941496 
96.75999941 -0.941496 
96.79999941 -0.941496 
96.83999941 -0.941496 
96.87999941 -0.941496 
96.91999941 -0.941496 
96.95999941 -0.941496 
96.99999941 -0.4989776 
97.03999941 -0.941496 
97.07999941 -0.4989776 
97.11999941 -0.4989776 
97.15999941 -0.4989776 
97.19999941 -0.4989776 
97.23999941 -0.4989776 
97.27999941 -0.4989776 
97.31999941 -0.4989776 
97.35999941 -0.4989776 
97.39999941 -0.4989776 
106.91999935 -0.4989776 
106.95999935 -0.4989776 
106.99999935 -0.4989776 
107.03999935 -0.4989776 
107.07999935 -0.4989776 
107.11999935 -0.4989776 
107.15999935 -0.4989776 
107.19999935 -0.4989776 
107.23999935 -0.4989776 
107.27999935 -0.941496 
107.31999935 -0.941496 
107.35999935 -0.4989776 
107.39999935 -0.4989776 
107.43999935 -0.4989776 
107.47999935 -0.941496 
107.51999935 -0.941496 
107.55999935 -0.941496 
107.59999935 -0.941496 
107.63999935 -0.4989776 
107.67999935 -0.4989776 
107.71999935 -0.4989776 
107.75999935 -0.4989776 
107.79999934 -0.4989776 
107.83999934 -0.941496 
107.87999934 -0.4989776 
107.91999934 -0.4989776 
107.95999934 -0.4989776 
107.99999934 -0.4989776 
108.03999934 -0.941496 
108.07999934 -0.4989776 
108.11999934 -0.4989776 
108.15999934 -0.4989776 
108.19999934 -0.4989776 
108.23999934 -0.4989776 
108.27999934 -0.4989776 
108.31999934 -0.4989776 
108.35999934 -0.4989776 
108.39999934 -0.4989776 
111.99999932 -0.4989776 
117.63999929 -0.4989776 
117.67999928 -0.4989776 
117.83999928 -0.4989776 
117.87999928 -0.4989776 
117.91999928 -0.4989776 
117.95999928 -0.4989776 
117.99999928 -0.4989776 
118.03999928 -0.4989776 
118.07999928 -0.4989776 
118.11999928 -0.4989776 
118.15999928 -0.4989776 
118.19999928 -0.941496 
118.23999928 -0.941496 
118.27999928 -0.941496 
118.31999928 -0.4989776 
118.35999928 -0.4989776 
118.39999928 -0.941496 
118.43999928 -0.4989776 
118.47999928 -0.4989776 
118.51999928 -0.941496 
118.55999928 -0.941496 
118.59999928 -0.941496 
118.63999928 -0.941496 
118.67999928 -0.4989776 
118.71999928 -0.941496 
118.75999928 -0.941496 
118.79999928 -0.941496 
118.83999928 -0.941496 
118.87999928 -0.941496 
118.91999928 -0.941496 
118.95999928 -0.941496 
118.99999928 -0.941496 
119.03999928 -0.941496 
119.07999928 -0.941496 
119.11999928 -0.941496 
119.15999928 -0.941496 
119.19999928 -0.941496 
119.23999928 -0.941496 
119.27999928 -0.941496 
119.31999927 -1.825007 
119.35999927 -0.4989776 
119.39999927 -0.941496 
119.43999927 -0.941496 
119.47999927 -0.941496 
119.51999927 -0.941496 
119.55999927 -0.941496 
119.59999927 -0.941496 
119.63999927 -0.941496 
119.67999927 -0.941496 
119.71999927 -0.941496 
119.75999927 -0.941496 
119.79999927 -0.941496 
119.83999927 -0.941496 
119.87999927 -0.941496 
119.91999927 -0.941496 
119.95999927 -0.941496 
119.99999927 -0.941496 
120.03999927 -0.941496 
120.07999927 -0.941496 
120.11999927 -0.4989776 
120.15999927 -0.941496 
120.19999927 -0.4989776 
120.23999927 -0.4989776 
120.27999927 -0.941496 
120.31999927 -0.941496 
120.35999927 -0.941496 
120.39999927 -0.941496 
120.43999927 -0.4989776 
120.47999927 -0.941496 
120.51999927 -0.941496 
120.55999927 -0.4989776 
120.59999927 -0.4989776 
120.63999927 -0.941496 
120.67999927 -0.941496 
120.71999927 -0.4989776 
120.75999927 -0.4989776 
120.79999927 -0.4989776 
120.83999927 -0.4989776 
120.87999927 -0.4989776 
120.91999927 -0.4989776 
120.95999926 -0.4989776 
120.99999926 -0.4989776 
121.03999926 -0.4989776 
121.07999926 -0.4989776 
121.11999926 -0.4989776 
121.15999926 -0.4989776 
121.19999926 -0.4989776 
121.23999926 -0.4989776 
121.27999926 -0.4989776 
121.31999926 -0.4989776 
121.35999926 -0.4989776 
121.39999926 -0.4989776 
121.51999926 -0.4989776 
121.59999926 -0.4989776 
121.83999926 -0.4989776 
121.99999926 -0.4989776 
122.23999926 -0.4989776 
122.39999926 -0.4989776 
122.83999925 -0.4989776 
123.15999925 -0.4989776 
123.23999925 -0.4989776 
123.35999925 -0.4989776 
123.43999925 -0.4989776 
123.47999925 -0.4989776 
123.55999925 -0.4989776 
123.63999925 -0.4989776 
132.99999919 -0.941496 
133.11999919 -0.4989776 
133.15999919 -0.941496 
133.27999919 -0.4989776 
133.47999919 -0.941496 
133.51999919 -0.941496 
133.75999919 -0.4989776 
133.79999919 -0.4989776 
134.15999918 -0.4989776 
143.91999913 -0.4989776 
143.95999913 -0.4989776 
143.99999912 -0.4989776 
144.03999912 -0.4989776 
144.07999912 -0.4989776 
144.11999912 -0.4989776 
144.15999912 -0.941496 
144.19999912 -0.941496 
144.23999912 -0.941496 
144.27999912 -0.941496 
144.31999912 -0.941496 
144.35999912 -0.941496 
144.39999912 -0.941496 
144.43999912 -0.941496 
144.47999912 -0.941496 
144.51999912 -0.941496 
144.55999912 -0.941496 
144.59999912 -0.941496 
144.63999912 -1.382488 
144.67999912 -0.941496 
144.71999912 -1.382488 
144.75999912 -1.382488 
144.79999912 -1.382488 
144.83999912 -1.382488 
144.87999912 -1.382488 
144.91999912 -0.941496 
144.95999912 -1.825007 
144.99999912 -1.382488 
145.03999912 -1.825007 
145.07999912 -1.382488 
145.11999912 -1.382488 
145.15999912 -1.382488 
145.19999912 -1.825007 
145.23999912 -1.825007 
145.27999912 -1.382488 
145.31999912 -1.382488 
145.35999912 -1.382488 
145.39999912 -1.382488 
145.43999912 -0.941496 
145.47999912 -1.825007 
145.51999912 -1.382488 
145.55999912 -1.382488 
145.59999912 -1.382488 
145.63999911 -1.825007 
145.67999911 -0.4989776 
145.71999911 -1.825007 
145.75999911 -0.941496 
145.79999911 -1.382488 
145.83999911 -1.382488 
145.87999911 -1.382488 
145.91999911 -0.941496 
145.95999911 -0.941496 
145.99999911 -0.941496 
146.03999911 -0.941496 
146.07999911 -0.941496 
146.11999911 -0.941496 
146.15999911 -0.941496 
146.19999911 -0.941496 
146.23999911 -0.941496 
146.27999911 -0.941496 
146.31999911 -0.941496 
146.35999911 -0.4989776 
146.39999911 -0.941496 
146.43999911 -0.941496 
146.47999911 -0.4989776 
146.51999911 -0.4989776 
146.55999911 -0.4989776 
146.59999911 -0.941496 
146.63999911 -0.4989776 
146.67999911 -0.4989776 
146.71999911 -0.4989776 
146.75999911 -0.4989776 
146.79999911 -0.4989776 
146.87999911 -0.4989776 
146.95999911 -0.4989776 
146.99999911 -0.4989776 
147.03999911 -0.4989776 
155.99999905 -0.4989776 
156.11999905 -0.4989776 
156.15999905 -0.941496 
156.19999905 -0.4989776 
156.27999905 -0.4989776 
156.31999905 -0.4989776 
156.35999905 -0.4989776 
156.47999905 -0.941496 
156.51999905 -1.382488 
156.55999905 -0.4989776 
156.63999905 -0.941496 
156.67999905 -0.941496 
156.75999905 -0.4989776 
156.79999905 -1.382488 
156.83999905 -0.941496 
156.91999905 -0.4989776 
156.95999905 -0.941496 
156.99999905 -0.941496 
157.03999905 -0.4989776 
157.07999905 -0.4989776 
157.11999905 -0.941496 
157.15999904 -0.941496 
157.19999904 -0.4989776 
157.23999904 -0.4989776 
157.27999904 -0.4989776 
157.31999904 -0.941496 
157.35999904 -0.941496 
157.43999904 -0.4989776 
157.47999904 -0.4989776 
157.51999904 -0.4989776 
157.55999904 -0.4989776 
157.59999904 -0.4989776 
157.63999904 -0.4989776 
157.67999904 -0.4989776 
157.83999904 -0.4989776 
167.15999898 -0.4989776 
167.39999898 -0.4989776 
167.43999898 -0.4989776 
167.47999898 -0.4989776 
167.51999898 -0.4989776 
167.55999898 -0.4989776 
167.59999898 -0.4989776 
167.63999898 -0.4989776 
167.67999898 -0.4989776 
167.71999898 -0.4989776 
167.75999898 -0.4989776 
167.79999898 -0.941496 
167.83999898 -0.4989776 
167.87999898 -0.4989776 
167.91999898 -0.4989776 
167.95999898 -0.4989776 
167.99999898 -0.4989776 
168.03999898 -0.4989776 
168.07999898 -0.4989776 
168.11999898 -0.941496 
168.15999898 -0.4989776 
168.19999898 -0.941496 
168.23999898 -0.4989776 
168.27999898 -0.4989776 
168.31999898 -0.4989776 
168.35999898 -0.941496 
168.39999898 -0.941496 
168.43999898 -0.941496 
168.47999898 -0.4989776 
168.51999898 -0.941496 
168.55999898 -0.4989776 
168.59999898 -0.941496 
168.63999898 -0.4989776 
168.67999897 -0.4989776 
168.71999897 -0.4989776 
168.75999897 -0.4989776 
168.79999897 -0.4989776 
168.83999897 -0.941496 
168.87999897 -0.4989776 
168.91999897 -0.4989776 
168.95999897 -0.941496 
168.99999897 -0.4989776 
169.03999897 -0.4989776 
169.07999897 -0.4989776 
169.11999897 -0.4989776 
169.15999897 -0.4989776 
169.19999897 -0.4989776 
169.23999897 -0.4989776 
169.27999897 -0.4989776 
169.31999897 -0.4989776 
169.35999897 -0.4989776 
171.99999895 -0.4989776 
172.03999895 -0.4989776 
172.11999895 -0.4989776 
172.15999895 -0.4989776 
172.19999895 -0.4989776 
172.23999895 -0.4989776 
172.31999895 -0.4989776 
172.35999895 -0.4989776 
172.39999895 -0.4989776 
172.43999895 -0.4989776 
172.47999895 -0.4989776 
172.51999895 -0.4989776 
172.55999895 -0.4989776 
172.59999895 -0.4989776 
172.63999895 -0.4989776 
172.67999895 -0.941496 
172.71999895 -0.941496 
172.75999895 -0.4989776 
172.79999895 -0.941496 
172.83999895 -0.4989776 
172.87999895 -0.4989776 
172.91999895 -0.4989776 
172.95999895 -0.4989776 
172.99999895 -0.4989776 
173.03999895 -0.4989776 
173.07999895 -0.941496 
173.11999895 -0.4989776 
173.15999895 -0.4989776 
173.19999895 -0.4989776 
173.23999895 -0.4989776 
173.27999895 -0.4989776 
173.31999895 -0.4989776 
173.35999895 -0.4989776 
173.39999895 -0.4989776 
173.43999895 -0.4989776 
173.47999895 -0.4989776 
173.51999895 -0.4989776 
173.55999895 -0.4989776 
173.59999894 -0.4989776 
173.63999894 -0.4989776 
173.67999894 -0.4989776 
173.75999894 -0.4989776 
173.79999894 -0.4989776 
173.83999894 -0.4989776 
173.87999894 -0.4989776 
178.91999891 -0.4989776 
178.95999891 -0.4989776 
179.07999891 -0.4989776 
179.23999891 -0.4989776 
179.39999891 -0.4989776 
179.43999891 -0.941496 
179.47999891 -0.4989776 
179.59999891 -0.4989776 
179.71999891 -0.941496 
179.75999891 -0.4989776 
179.87999891 -0.4989776 
179.91999891 -0.4989776 
180.03999891 -0.4989776 
180.2399989 -0.4989776 
180.3999989 -0.4989776 
180.5599989 -0.4989776 
181.0399989 -0.4989776 
181.0799989 -0.4989776 
181.1599989 -0.4989776 
181.1999989 -0.4989776 
181.3599989 -0.4989776 
181.3999989 -0.4989776 
181.4399989 -0.4989776 
181.4799989 -0.4989776 
181.5199989 -0.4989776 
181.5599989 -0.4989776 
181.5999989 -0.4989776 
181.6799989 -0.4989776 
181.7599989 -0.4989776 
181.83999889 -0.4989776 
181.87999889 -0.4989776 
181.91999889 -0.4989776 
181.95999889 -0.4989776 
182.03999889 -0.4989776 
182.11999889 -0.4989776 
182.15999889 -0.4989776 
182.19999889 -0.4989776 
182.23999889 -0.4989776 
182.27999889 -0.4989776 
182.31999889 -0.4989776 
182.35999889 -0.4989776 
182.39999889 -0.4989776 
182.43999889 -0.4989776 
182.47999889 -0.4989776 
182.51999889 -0.4989776 
182.55999889 -0.4989776 
182.59999889 -0.4989776 
182.63999889 -0.4989776 
182.67999889 -0.4989776 
182.71999889 -0.4989776 
182.75999889 -0.4989776 
182.79999889 -0.4989776 
182.83999889 -0.4989776 
182.87999889 -0.4989776 
182.91999889 -0.4989776 
182.95999889 -0.4989776 
182.99999889 -0.4989776 
183.03999889 -0.4989776 
183.11999889 -0.4989776 
183.15999889 -0.4989776 
183.19999889 -0.4989776 
183.23999889 -0.4989776 
183.27999889 -0.4989776 
183.31999889 -0.4989776 
183.35999889 -0.4989776 
183.39999889 -0.4989776 
183.43999889 -0.4989776 
183.47999888 -0.4989776 
183.51999888 -0.4989776 
183.55999888 -0.4989776 
183.59999888 -0.4989776 
183.63999888 -0.4989776 
183.67999888 -0.4989776 
183.71999888 -0.4989776 
183.75999888 -0.4989776 
183.79999888 -0.4989776 
183.83999888 -0.4989776 
183.87999888 -0.4989776 
183.91999888 -0.4989776 
183.95999888 -0.4989776 
184.03999888 -0.4989776 
184.11999888 -0.4989776 
184.15999888 -0.4989776 
184.19999888 -0.4989776 
184.23999888 -0.4989776 
184.31999888 -0.4989776 
193.51999882 -0.4989776 
193.55999882 -0.4989776 
193.67999882 -0.4989776 
193.75999882 -0.4989776 
193.79999882 -0.4989776 
193.83999882 -0.4989776 
193.87999882 -0.4989776 
193.91999882 -0.4989776 
193.95999882 -0.4989776 
193.99999882 -0.4989776 
194.03999882 -0.4989776 
194.07999882 -0.4989776 
194.11999882 -0.4989776 
194.15999882 -0.941496 
194.19999882 -0.941496 
194.23999882 -0.4989776 
194.27999882 -0.4989776 
194.31999882 -0.4989776 
194.35999882 -0.941496 
194.39999882 -0.941496 
194.43999882 -0.4989776 
194.47999882 -0.941496 
194.51999882 -0.941496 
194.55999882 -0.4989776 
194.59999882 -0.941496 
194.63999882 -0.941496 
194.67999882 -0.941496 
194.71999882 -0.941496 
194.75999882 -0.941496 
194.79999882 -0.941496 
194.83999882 -0.941496 
194.87999882 -0.4989776 
194.91999882 -0.4989776 
194.95999882 -0.941496 
194.99999881 -0.941496 
195.03999881 -0.4989776 
195.07999881 -0.941496 
195.11999881 -0.4989776 
195.15999881 -0.4989776 
195.19999881 -0.941496 
195.23999881 -0.941496 
195.27999881 -0.4989776 
195.31999881 -0.4989776 
195.35999881 -0.4989776 
195.39999881 -0.4989776 
195.43999881 -0.4989776 
195.47999881 -0.4989776 
195.51999881 -0.4989776 
195.55999881 -0.4989776 
195.59999881 -0.4989776 
195.63999881 -0.4989776 
195.67999881 -0.4989776 
195.75999881 -0.4989776 
195.79999881 -0.4989776 
195.91999881 -0.4989776 
0 0 
