2.39999999 -0.4577776 
2.43999999 -0.4577776 
2.47999998 -0.4577776 
2.51999998 -0.4577776 
2.55999998 -0.4577776 
2.59999998 -0.4577776 
2.63999998 -0.4577776 
2.67999998 -1.339762 
2.71999998 -1.339762 
2.75999998 -0.4577776 
2.79999998 -1.339762 
2.83999998 -1.339762 
2.87999998 -1.339762 
2.91999998 -1.339762 
2.95999998 -1.339762 
2.99999998 -1.339762 
3.03999998 -1.339762 
3.07999998 -2.224799 
3.11999998 -1.339762 
3.15999998 -2.224799 
3.19999998 -1.339762 
3.23999998 -2.224799 
3.27999998 -2.224799 
3.31999998 -2.224799 
3.35999998 -2.224799 
3.39999998 -2.224799 
3.43999998 -2.224799 
3.47999998 -1.339762 
3.51999998 -2.224799 
3.55999998 -2.224799 
3.59999998 -2.224799 
3.63999998 -2.224799 
3.67999998 -1.339762 
3.71999998 -2.224799 
3.75999998 -2.224799 
3.79999998 -2.224799 
3.83999998 -1.339762 
3.87999998 -1.339762 
3.91999998 -1.339762 
3.95999998 -1.339762 
3.99999998 -1.339762 
4.03999998 -1.339762 
4.07999998 -1.339762 
4.11999997 -1.339762 
4.15999997 -0.4577776 
4.19999997 -1.339762 
4.23999997 -0.4577776 
4.27999997 -0.4577776 
4.31999997 -1.339762 
4.35999997 -0.4577776 
4.39999997 -0.4577776 
4.43999997 -0.4577776 
4.47999997 -0.4577776 
8.39999995 -0.4577776 
8.43999995 -0.4577776 
8.51999995 -0.4577776 
8.55999995 -0.4577776 
8.59999995 -0.4577776 
8.63999995 -1.339762 
8.67999995 -1.339762 
8.71999995 -1.339762 
8.75999995 -1.339762 
8.79999995 -2.224799 
8.83999995 -1.339762 
8.87999995 -2.224799 
8.91999995 -2.224799 
8.95999995 -2.224799 
8.99999995 -2.224799 
9.03999995 -2.224799 
9.07999994 -2.224799 
9.11999994 -2.224799 
9.15999994 -2.224799 
9.19999994 -2.224799 
9.23999994 -3.109836 
9.27999994 -3.109836 
9.31999994 -3.109836 
9.35999994 -3.109836 
9.39999994 -3.994873 
9.43999994 -3.109836 
9.47999994 -3.994873 
9.51999994 -3.994873 
9.55999994 -3.994873 
9.59999994 -3.994873 
9.63999994 -3.994873 
9.67999994 -3.994873 
9.71999994 -3.994873 
9.75999994 -3.994873 
9.79999994 -3.994873 
9.83999994 -3.994873 
9.87999994 -3.994873 
9.91999994 -3.994873 
9.95999994 -3.994873 
9.99999994 -3.994873 
10.03999994 -3.994873 
10.07999994 -3.109836 
10.11999994 -3.994873 
10.15999994 -3.994873 
10.19999994 -3.109836 
10.23999994 -3.109836 
10.27999994 -3.109836 
10.31999994 -3.109836 
10.35999994 -2.224799 
10.39999994 -2.224799 
10.43999994 -2.224799 
10.47999994 -2.224799 
10.51999994 -2.224799 
10.55999994 -2.224799 
10.59999994 -2.224799 
10.63999994 -2.224799 
10.67999994 -2.224799 
10.71999993 -1.339762 
10.75999993 -1.339762 
10.79999993 -1.339762 
10.83999993 -1.339762 
10.87999993 -1.339762 
10.91999993 -1.339762 
10.95999993 -1.339762 
10.99999993 -0.4577776 
11.03999993 -1.339762 
11.07999993 -0.4577776 
11.11999993 -0.4577776 
11.15999993 -0.4577776 
15.15999991 -0.4577776 
15.19999991 -0.4577776 
15.23999991 -0.4577776 
15.27999991 -0.4577776 
15.31999991 -0.4577776 
15.35999991 -0.4577776 
15.39999991 -0.4577776 
15.43999991 -0.4577776 
15.47999991 -0.4577776 
15.51999991 -0.4577776 
15.55999991 -0.4577776 
15.59999991 -0.4577776 
15.6399999 -0.4577776 
15.6799999 -0.4577776 
15.7199999 -0.4577776 
15.7599999 -0.4577776 
15.7999999 -0.4577776 
15.8399999 -0.4577776 
15.8799999 -0.4577776 
15.9199999 -0.4577776 
15.9599999 -0.4577776 
15.9999999 -0.4577776 
16.0399999 -0.4577776 
16.0799999 -0.4577776 
16.1199999 -0.4577776 
16.1599999 -0.4577776 
16.1999999 -0.4577776 
16.2399999 -0.4577776 
16.2799999 -0.4577776 
16.3199999 -0.4577776 
16.3599999 -0.4577776 
16.3999999 -0.4577776 
20.15999988 -0.4577776 
20.19999988 -0.4577776 
20.23999988 -0.4577776 
20.27999988 -0.4577776 
20.31999988 -0.4577776 
20.35999988 -0.4577776 
20.39999988 -1.339762 
20.43999988 -1.339762 
20.47999988 -1.339762 
20.51999988 -1.339762 
20.55999988 -1.339762 
20.59999987 -1.339762 
20.63999987 -1.339762 
20.67999987 -2.224799 
20.71999987 -2.224799 
20.75999987 -2.224799 
20.79999987 -2.224799 
20.83999987 -2.224799 
20.87999987 -2.224799 
20.91999987 -2.224799 
20.95999987 -2.224799 
20.99999987 -2.224799 
21.03999987 -2.224799 
21.07999987 -3.109836 
21.11999987 -2.224799 
21.15999987 -3.994873 
21.19999987 -3.109836 
21.23999987 -3.994873 
21.27999987 -3.994873 
21.31999987 -3.109836 
21.35999987 -3.109836 
21.39999987 -3.109836 
21.43999987 -3.109836 
21.47999987 -3.994873 
21.51999987 -3.994873 
21.55999987 -3.994873 
21.59999987 -3.994873 
21.63999987 -3.994873 
21.67999987 -3.994873 
21.71999987 -3.994873 
21.75999987 -3.994873 
21.79999987 -3.109836 
21.83999987 -2.224799 
21.87999987 -2.224799 
21.91999987 -2.224799 
21.95999987 -2.224799 
21.99999987 -2.224799 
22.03999987 -2.224799 
22.07999987 -2.224799 
22.11999987 -2.224799 
22.15999987 -2.224799 
22.19999987 -2.224799 
22.23999986 -2.224799 
22.27999986 -2.224799 
22.31999986 -1.339762 
22.35999986 -1.339762 
22.39999986 -1.339762 
22.43999986 -1.339762 
22.47999986 -1.339762 
22.51999986 -0.4577776 
22.55999986 -0.4577776 
22.59999986 -0.4577776 
22.63999986 -0.4577776 
22.67999986 -0.4577776 
27.31999983 -0.4577776 
27.39999983 -0.4577776 
27.43999983 -0.4577776 
27.51999983 -0.4577776 
27.59999983 -0.4577776 
27.63999983 -0.4577776 
27.67999983 -0.4577776 
27.71999983 -0.4577776 
27.75999983 -0.4577776 
27.79999983 -0.4577776 
27.83999983 -0.4577776 
27.87999983 -0.4577776 
27.91999983 -0.4577776 
27.95999983 -0.4577776 
27.99999983 -0.4577776 
28.03999983 -0.4577776 
28.07999983 -0.4577776 
28.11999983 -0.4577776 
28.15999983 -0.4577776 
28.19999983 -0.4577776 
28.23999983 -0.4577776 
28.39999983 -0.4577776 
28.43999983 -0.4577776 
33.5599998 -0.4577776 
33.6399998 -0.4577776 
33.6799998 -0.4577776 
37.75999977 -0.4577776 
37.83999977 -0.4577776 
37.87999977 -0.4577776 
37.95999977 -0.4577776 
37.99999977 -0.4577776 
38.03999977 -0.4577776 
38.07999977 -0.4577776 
38.11999977 -0.4577776 
38.15999977 -0.4577776 
38.19999977 -0.4577776 
38.23999977 -0.4577776 
38.27999977 -1.339762 
38.31999977 -1.339762 
38.35999977 -1.339762 
38.39999977 -1.339762 
38.43999977 -1.339762 
38.47999977 -1.339762 
38.51999977 -1.339762 
38.55999977 -1.339762 
38.59999977 -1.339762 
38.63999977 -1.339762 
38.67999976 -1.339762 
38.71999976 -1.339762 
38.75999976 -1.339762 
38.79999976 -1.339762 
38.83999976 -1.339762 
38.87999976 -2.224799 
38.91999976 -1.339762 
38.95999976 -1.339762 
38.99999976 -1.339762 
39.03999976 -2.224799 
39.07999976 -2.224799 
39.11999976 -1.339762 
39.15999976 -2.224799 
39.19999976 -1.339762 
39.23999976 -1.339762 
39.27999976 -1.339762 
39.31999976 -1.339762 
39.35999976 -1.339762 
39.39999976 -1.339762 
39.43999976 -1.339762 
39.47999976 -1.339762 
39.51999976 -1.339762 
39.55999976 -1.339762 
39.59999976 -1.339762 
39.63999976 -1.339762 
39.67999976 -1.339762 
39.71999976 -0.4577776 
39.75999976 -0.4577776 
39.79999976 -0.4577776 
39.83999976 -0.4577776 
39.87999976 -0.4577776 
39.91999976 -0.4577776 
39.95999976 -0.4577776 
39.99999976 -0.4577776 
40.03999976 -0.4577776 
40.07999976 -0.4577776 
40.11999976 -0.4577776 
43.95999973 -0.4577776 
44.07999973 -0.4577776 
44.11999973 -0.4577776 
44.15999973 -0.4577776 
44.19999973 -0.4577776 
44.23999973 -0.4577776 
44.27999973 -0.4577776 
44.31999973 -0.4577776 
44.35999973 -0.4577776 
44.39999973 -0.4577776 
44.43999973 -1.339762 
44.47999973 -0.4577776 
44.51999973 -1.339762 
44.55999973 -1.339762 
44.59999973 -1.339762 
44.63999973 -1.339762 
44.67999973 -1.339762 
44.71999973 -1.339762 
44.75999973 -1.339762 
44.79999973 -1.339762 
44.83999973 -1.339762 
44.87999973 -1.339762 
44.91999973 -1.339762 
44.95999973 -1.339762 
44.99999973 -1.339762 
45.03999973 -1.339762 
45.07999973 -1.339762 
45.11999973 -1.339762 
45.15999973 -1.339762 
45.19999973 -2.224799 
45.23999973 -2.224799 
45.27999972 -2.224799 
45.31999972 -2.224799 
45.35999972 -1.339762 
45.39999972 -1.339762 
45.43999972 -1.339762 
45.47999972 -1.339762 
45.51999972 -1.339762 
45.55999972 -2.224799 
45.59999972 -1.339762 
45.63999972 -1.339762 
45.67999972 -1.339762 
45.71999972 -0.4577776 
45.75999972 -1.339762 
45.79999972 -1.339762 
45.83999972 -1.339762 
45.87999972 -1.339762 
45.91999972 -1.339762 
45.95999972 -1.339762 
45.99999972 -0.4577776 
46.03999972 -0.4577776 
46.07999972 -0.4577776 
46.11999972 -0.4577776 
46.15999972 -0.4577776 
46.19999972 -0.4577776 
46.23999972 -0.4577776 
46.27999972 -0.4577776 
46.31999972 -0.4577776 
46.35999972 -0.4577776 
46.39999972 -0.4577776 
46.43999972 -0.4577776 
46.47999972 -0.4577776 
67.91999959 -0.4577776 
67.95999959 -0.4577776 
67.99999959 -0.4577776 
68.03999959 -0.4577776 
68.07999959 -0.4577776 
68.11999959 -0.4577776 
68.15999959 -0.4577776 
68.19999959 -0.4577776 
68.23999959 -0.4577776 
68.27999959 -0.4577776 
68.31999958 -0.4577776 
68.35999958 -0.4577776 
68.39999958 -0.4577776 
68.43999958 -0.4577776 
68.47999958 -0.4577776 
68.51999958 -1.339762 
68.55999958 -1.339762 
68.59999958 -1.339762 
68.63999958 -1.339762 
68.67999958 -0.4577776 
68.71999958 -0.4577776 
68.75999958 -0.4577776 
68.79999958 -1.339762 
68.83999958 -0.4577776 
68.87999958 -1.339762 
68.91999958 -0.4577776 
68.95999958 -1.339762 
68.99999958 -0.4577776 
69.03999958 -1.339762 
69.07999958 -1.339762 
69.11999958 -1.339762 
69.15999958 -1.339762 
69.19999958 -2.224799 
69.23999958 -1.339762 
69.27999958 -1.339762 
69.31999958 -1.339762 
69.35999958 -0.4577776 
69.39999958 -0.4577776 
69.43999958 -1.339762 
69.47999958 -1.339762 
69.51999958 -1.339762 
69.55999958 -1.339762 
69.59999958 -1.339762 
69.63999958 -1.339762 
69.67999958 -0.4577776 
69.71999958 -1.339762 
69.75999958 -1.339762 
69.79999958 -1.339762 
69.83999958 -1.339762 
69.87999958 -1.339762 
69.91999958 -0.4577776 
69.95999957 -1.339762 
69.99999957 -1.339762 
70.03999957 -1.339762 
70.07999957 -0.4577776 
70.11999957 -1.339762 
70.15999957 -1.339762 
70.19999957 -1.339762 
70.23999957 -1.339762 
70.27999957 -1.339762 
70.31999957 -0.4577776 
70.35999957 -1.339762 
70.39999957 -0.4577776 
70.43999957 -1.339762 
70.47999957 -0.4577776 
70.51999957 -1.339762 
70.55999957 -0.4577776 
70.59999957 -0.4577776 
70.63999957 -0.4577776 
70.67999957 -0.4577776 
70.71999957 -0.4577776 
70.75999957 -0.4577776 
70.79999957 -0.4577776 
70.83999957 -0.4577776 
70.87999957 -0.4577776 
70.91999957 -0.4577776 
70.95999957 -0.4577776 
70.99999957 -0.4577776 
71.03999957 -0.4577776 
71.07999957 -0.4577776 
71.11999957 -0.4577776 
71.15999957 -0.4577776 
71.19999957 -0.4577776 
71.23999957 -0.4577776 
71.27999957 -0.4577776 
71.39999957 -0.4577776 
71.43999957 -0.4577776 
71.47999957 -0.4577776 
71.59999956 -0.4577776 
71.67999956 -0.4577776 
81.9599995 -0.4577776 
82.0399995 -0.4577776 
82.0799995 -0.4577776 
82.1199995 -0.4577776 
82.1599995 -0.4577776 
82.1999995 -0.4577776 
82.2399995 -0.4577776 
82.2799995 -0.4577776 
82.3199995 -0.4577776 
82.3599995 -0.4577776 
82.3999995 -0.4577776 
82.4399995 -0.4577776 
82.4799995 -0.4577776 
82.5199995 -0.4577776 
82.5599995 -0.4577776 
82.5999995 -0.4577776 
82.6399995 -0.4577776 
82.6799995 -0.4577776 
82.7199995 -0.4577776 
82.7599995 -0.4577776 
82.7999995 -0.4577776 
82.8399995 -0.4577776 
82.8799995 -0.4577776 
82.9199995 -0.4577776 
82.9599995 -0.4577776 
82.9999995 -1.339762 
83.0399995 -0.4577776 
83.0799995 -0.4577776 
83.11999949 -0.4577776 
83.15999949 -1.339762 
83.19999949 -0.4577776 
83.23999949 -0.4577776 
83.27999949 -0.4577776 
83.31999949 -0.4577776 
83.35999949 -0.4577776 
83.39999949 -0.4577776 
83.43999949 -0.4577776 
83.47999949 -0.4577776 
83.51999949 -0.4577776 
83.55999949 -0.4577776 
83.59999949 -0.4577776 
83.63999949 -0.4577776 
83.67999949 -0.4577776 
83.71999949 -0.4577776 
83.75999949 -0.4577776 
83.79999949 -0.4577776 
83.87999949 -0.4577776 
84.03999949 -0.4577776 
88.47999946 -0.4577776 
92.19999944 -0.4577776 
92.31999944 -0.4577776 
92.35999944 -0.4577776 
92.43999944 -0.4577776 
92.47999944 -0.4577776 
92.59999944 -0.4577776 
92.63999944 -0.4577776 
92.67999944 -0.4577776 
92.83999944 -0.4577776 
92.91999944 -0.4577776 
92.95999944 -0.4577776 
92.99999943 -0.4577776 
93.03999943 -0.4577776 
93.07999943 -0.4577776 
93.11999943 -0.4577776 
93.15999943 -0.4577776 
93.19999943 -0.4577776 
93.23999943 -0.4577776 
93.27999943 -0.4577776 
93.31999943 -0.4577776 
93.35999943 -0.4577776 
93.43999943 -0.4577776 
93.47999943 -0.4577776 
93.51999943 -0.4577776 
93.55999943 -0.4577776 
93.59999943 -0.4577776 
93.63999943 -0.4577776 
93.83999943 -0.4577776 
93.87999943 -0.4577776 
93.95999943 -0.4577776 
103.99999937 -0.4577776 
104.11999937 -0.4577776 
104.23999937 -0.4577776 
104.27999937 -0.4577776 
104.31999937 -0.4577776 
104.35999937 -0.4577776 
104.39999937 -0.4577776 
104.43999937 -0.4577776 
104.47999937 -0.4577776 
104.51999936 -0.4577776 
104.55999936 -0.4577776 
104.59999936 -0.4577776 
104.63999936 -0.4577776 
104.67999936 -0.4577776 
104.71999936 -0.4577776 
104.75999936 -0.4577776 
104.79999936 -0.4577776 
104.83999936 -1.339762 
104.87999936 -1.339762 
104.91999936 -1.339762 
104.95999936 -1.339762 
104.99999936 -1.339762 
105.03999936 -1.339762 
105.07999936 -1.339762 
105.11999936 -1.339762 
105.15999936 -1.339762 
105.19999936 -1.339762 
105.23999936 -1.339762 
105.27999936 -1.339762 
105.31999936 -1.339762 
105.35999936 -1.339762 
105.39999936 -1.339762 
105.43999936 -1.339762 
105.47999936 -1.339762 
105.51999936 -1.339762 
105.55999936 -1.339762 
105.59999936 -1.339762 
105.63999936 -1.339762 
105.67999936 -1.339762 
105.71999936 -1.339762 
105.75999936 -1.339762 
105.79999936 -1.339762 
105.83999936 -1.339762 
105.87999936 -0.4577776 
105.91999936 -1.339762 
105.95999936 -1.339762 
105.99999936 -1.339762 
106.03999936 -1.339762 
106.07999936 -1.339762 
106.11999936 -0.4577776 
106.15999935 -0.4577776 
106.19999935 -0.4577776 
106.23999935 -1.339762 
106.27999935 -0.4577776 
106.31999935 -0.4577776 
106.35999935 -0.4577776 
106.39999935 -1.339762 
106.43999935 -0.4577776 
106.47999935 -0.4577776 
106.51999935 -0.4577776 
106.55999935 -0.4577776 
106.59999935 -0.4577776 
106.71999935 -0.4577776 
106.75999935 -0.4577776 
107.03999935 -0.4577776 
119.27999928 -0.4577776 
119.31999927 -0.4577776 
119.35999927 -0.4577776 
119.39999927 -0.4577776 
119.43999927 -0.4577776 
119.47999927 -0.4577776 
119.51999927 -0.4577776 
119.55999927 -0.4577776 
119.59999927 -0.4577776 
119.63999927 -0.4577776 
119.67999927 -0.4577776 
119.71999927 -0.4577776 
119.75999927 -0.4577776 
119.79999927 -0.4577776 
119.83999927 -0.4577776 
119.87999927 -0.4577776 
119.91999927 -0.4577776 
119.95999927 -0.4577776 
119.99999927 -1.339762 
120.03999927 -0.4577776 
120.07999927 -1.339762 
120.11999927 -0.4577776 
120.15999927 -1.339762 
120.19999927 -1.339762 
120.23999927 -1.339762 
120.27999927 -0.4577776 
120.31999927 -1.339762 
120.35999927 -1.339762 
120.39999927 -1.339762 
120.43999927 -1.339762 
120.47999927 -1.339762 
120.51999927 -1.339762 
120.55999927 -1.339762 
120.59999927 -2.224799 
120.63999927 -1.339762 
120.67999927 -1.339762 
120.71999927 -1.339762 
120.75999927 -1.339762 
120.79999927 -1.339762 
120.83999927 -2.224799 
120.87999927 -1.339762 
120.91999927 -2.224799 
120.95999926 -1.339762 
120.99999926 -1.339762 
121.03999926 -2.224799 
121.07999926 -2.224799 
121.11999926 -2.224799 
121.15999926 -2.224799 
121.19999926 -2.224799 
121.23999926 -2.224799 
121.27999926 -2.224799 
121.31999926 -2.224799 
121.35999926 -2.224799 
121.39999926 -2.224799 
121.43999926 -2.224799 
121.47999926 -2.224799 
121.51999926 -2.224799 
121.55999926 -2.224799 
121.59999926 -2.224799 
121.63999926 -2.224799 
121.67999926 -2.224799 
121.71999926 -2.224799 
121.75999926 -2.224799 
121.79999926 -2.224799 
121.83999926 -2.224799 
121.87999926 -2.224799 
121.91999926 -2.224799 
121.95999926 -2.224799 
121.99999926 -2.224799 
122.03999926 -2.224799 
122.07999926 -2.224799 
122.11999926 -2.224799 
122.15999926 -2.224799 
122.19999926 -2.224799 
122.23999926 -2.224799 
122.27999926 -2.224799 
122.31999926 -2.224799 
122.35999926 -2.224799 
122.39999926 -2.224799 
122.43999926 -2.224799 
122.47999926 -2.224799 
122.51999926 -1.339762 
122.55999926 -2.224799 
122.59999925 -1.339762 
122.63999925 -1.339762 
122.67999925 -1.339762 
122.71999925 -1.339762 
122.75999925 -0.4577776 
122.79999925 -1.339762 
122.83999925 -1.339762 
122.87999925 -1.339762 
122.91999925 -1.339762 
122.95999925 -1.339762 
122.99999925 -0.4577776 
123.03999925 -0.4577776 
123.07999925 -1.339762 
123.11999925 -0.4577776 
123.15999925 -0.4577776 
123.19999925 -0.4577776 
123.23999925 -0.4577776 
123.27999925 -0.4577776 
123.31999925 -0.4577776 
123.35999925 -0.4577776 
123.39999925 -0.4577776 
123.55999925 -0.4577776 
136.51999917 -0.4577776 
136.55999917 -0.4577776 
136.67999917 -0.4577776 
136.75999917 -0.4577776 
136.91999917 -0.4577776 
136.95999917 -0.4577776 
136.99999917 -0.4577776 
137.03999917 -0.4577776 
137.11999917 -0.4577776 
137.15999917 -0.4577776 
137.27999917 -0.4577776 
137.47999916 -0.4577776 
137.51999916 -0.4577776 
137.59999916 -0.4577776 
137.63999916 -0.4577776 
137.67999916 -0.4577776 
137.71999916 -0.4577776 
137.75999916 -0.4577776 
137.83999916 -0.4577776 
137.87999916 -0.4577776 
137.91999916 -0.4577776 
137.99999916 -0.4577776 
138.03999916 -0.4577776 
138.07999916 -0.4577776 
138.11999916 -0.4577776 
138.15999916 -0.4577776 
138.23999916 -0.4577776 
138.31999916 -0.4577776 
138.35999916 -0.4577776 
138.47999916 -0.4577776 
151.63999908 -0.4577776 
151.71999908 -0.4577776 
151.75999908 -0.4577776 
151.79999908 -0.4577776 
151.83999908 -0.4577776 
151.87999908 -0.4577776 
151.91999908 -0.4577776 
151.95999908 -0.4577776 
151.99999908 -0.4577776 
152.03999908 -1.339762 
152.07999908 -0.4577776 
152.11999908 -1.339762 
152.15999908 -1.339762 
152.19999908 -1.339762 
152.23999907 -1.339762 
152.27999907 -1.339762 
152.31999907 -1.339762 
152.35999907 -1.339762 
152.39999907 -1.339762 
152.43999907 -2.224799 
152.47999907 -2.224799 
152.51999907 -2.224799 
152.55999907 -2.224799 
152.59999907 -2.224799 
152.63999907 -2.224799 
152.67999907 -2.224799 
152.71999907 -2.224799 
152.75999907 -2.224799 
152.79999907 -2.224799 
152.83999907 -2.224799 
152.87999907 -2.224799 
152.91999907 -2.224799 
152.95999907 -2.224799 
152.99999907 -2.224799 
153.03999907 -2.224799 
153.07999907 -2.224799 
153.11999907 -2.224799 
153.15999907 -3.109836 
153.19999907 -2.224799 
153.23999907 -2.224799 
153.27999907 -2.224799 
153.31999907 -2.224799 
153.35999907 -2.224799 
153.39999907 -2.224799 
153.43999907 -3.109836 
153.47999907 -3.109836 
153.51999907 -3.109836 
153.55999907 -3.994873 
153.59999907 -3.109836 
153.63999907 -3.109836 
153.67999907 -3.109836 
153.71999907 -3.109836 
153.75999907 -3.109836 
153.79999907 -3.109836 
153.83999907 -3.109836 
153.87999906 -3.109836 
153.91999906 -3.109836 
153.95999906 -2.224799 
153.99999906 -2.224799 
154.03999906 -3.109836 
154.07999906 -2.224799 
154.11999906 -2.224799 
154.15999906 -2.224799 
154.19999906 -2.224799 
154.23999906 -2.224799 
154.27999906 -2.224799 
154.31999906 -2.224799 
154.35999906 -2.224799 
154.39999906 -2.224799 
154.43999906 -2.224799 
154.47999906 -2.224799 
154.51999906 -2.224799 
154.55999906 -1.339762 
154.59999906 -1.339762 
154.63999906 -1.339762 
154.67999906 -1.339762 
154.71999906 -1.339762 
154.75999906 -1.339762 
154.79999906 -1.339762 
154.83999906 -1.339762 
154.87999906 -1.339762 
154.91999906 -1.339762 
154.95999906 -0.4577776 
154.99999906 -0.4577776 
155.03999906 -0.4577776 
155.07999906 -0.4577776 
155.11999906 -0.4577776 
155.15999906 -0.4577776 
155.19999906 -0.4577776 
155.23999906 -0.4577776 
155.27999906 -0.4577776 
159.19999903 -0.4577776 
159.23999903 -0.4577776 
159.27999903 -0.4577776 
159.35999903 -0.4577776 
159.59999903 -0.4577776 
159.71999903 -0.4577776 
167.63999898 -0.4577776 
167.67999898 -0.4577776 
167.71999898 -0.4577776 
167.75999898 -0.4577776 
167.79999898 -0.4577776 
167.83999898 -0.4577776 
167.87999898 -0.4577776 
167.91999898 -1.339762 
167.95999898 -0.4577776 
167.99999898 -1.339762 
168.03999898 -0.4577776 
168.07999898 -1.339762 
168.11999898 -1.339762 
168.15999898 -1.339762 
168.19999898 -1.339762 
168.23999898 -1.339762 
168.27999898 -0.4577776 
168.31999898 -2.224799 
168.35999898 -2.224799 
168.39999898 -1.339762 
168.43999898 -2.224799 
168.47999898 -2.224799 
168.51999898 -2.224799 
168.55999898 -2.224799 
168.59999898 -2.224799 
168.63999898 -2.224799 
168.67999897 -2.224799 
168.71999897 -2.224799 
168.75999897 -2.224799 
168.79999897 -2.224799 
168.83999897 -2.224799 
168.87999897 -2.224799 
168.91999897 -2.224799 
168.95999897 -2.224799 
168.99999897 -2.224799 
169.03999897 -2.224799 
169.07999897 -2.224799 
169.11999897 -2.224799 
169.15999897 -2.224799 
169.19999897 -2.224799 
169.23999897 -2.224799 
169.27999897 -2.224799 
169.31999897 -2.224799 
169.35999897 -2.224799 
169.39999897 -2.224799 
169.43999897 -2.224799 
169.47999897 -2.224799 
169.51999897 -2.224799 
169.55999897 -2.224799 
169.59999897 -2.224799 
169.63999897 -1.339762 
169.67999897 -2.224799 
169.71999897 -2.224799 
169.75999897 -2.224799 
169.79999897 -2.224799 
169.83999897 -2.224799 
169.87999897 -2.224799 
169.91999897 -2.224799 
169.95999897 -2.224799 
169.99999897 -2.224799 
170.03999897 -1.339762 
170.07999897 -1.339762 
170.11999897 -1.339762 
170.15999897 -1.339762 
170.19999897 -1.339762 
170.23999897 -1.339762 
170.27999897 -1.339762 
170.31999896 -1.339762 
170.35999896 -1.339762 
170.39999896 -1.339762 
170.43999896 -1.339762 
170.47999896 -1.339762 
170.51999896 -1.339762 
170.55999896 -1.339762 
170.59999896 -0.4577776 
170.63999896 -0.4577776 
170.67999896 -1.339762 
170.71999896 -0.4577776 
170.75999896 -0.4577776 
170.79999896 -0.4577776 
170.83999896 -0.4577776 
170.87999896 -0.4577776 
170.91999896 -0.4577776 
170.95999896 -0.4577776 
171.03999896 -0.4577776 
171.11999896 -0.4577776 
175.07999894 -0.4577776 
175.11999894 -0.4577776 
175.35999893 -0.4577776 
175.39999893 -0.4577776 
175.43999893 -0.4577776 
175.47999893 -0.4577776 
175.51999893 -0.4577776 
175.55999893 -0.4577776 
175.59999893 -0.4577776 
175.63999893 -0.4577776 
175.71999893 -0.4577776 
175.75999893 -0.4577776 
175.79999893 -0.4577776 
175.83999893 -0.4577776 
175.87999893 -0.4577776 
175.91999893 -0.4577776 
175.95999893 -0.4577776 
175.99999893 -0.4577776 
176.03999893 -0.4577776 
176.07999893 -0.4577776 
176.11999893 -0.4577776 
176.15999893 -0.4577776 
176.19999893 -0.4577776 
176.23999893 -0.4577776 
176.27999893 -0.4577776 
176.31999893 -0.4577776 
176.35999893 -0.4577776 
176.39999893 -0.4577776 
176.43999893 -0.4577776 
176.59999893 -0.4577776 
176.63999893 -0.4577776 
189.71999885 -0.4577776 
189.99999885 -0.4577776 
190.03999885 -0.4577776 
190.07999884 -0.4577776 
190.11999884 -1.339762 
190.15999884 -0.4577776 
190.23999884 -0.4577776 
190.27999884 -0.4577776 
190.31999884 -0.4577776 
190.39999884 -0.4577776 
190.43999884 -0.4577776 
190.47999884 -0.4577776 
190.51999884 -0.4577776 
190.55999884 -0.4577776 
190.59999884 -0.4577776 
190.63999884 -1.339762 
190.67999884 -1.339762 
190.75999884 -0.4577776 
190.79999884 -1.339762 
190.83999884 -0.4577776 
190.87999884 -0.4577776 
190.91999884 -1.339762 
190.95999884 -1.339762 
190.99999884 -0.4577776 
191.03999884 -0.4577776 
191.07999884 -0.4577776 
191.11999884 -1.339762 
191.15999884 -1.339762 
191.19999884 -0.4577776 
191.23999884 -0.4577776 
191.27999884 -0.4577776 
191.31999884 -0.4577776 
191.35999884 -0.4577776 
191.39999884 -0.4577776 
191.43999884 -0.4577776 
191.47999884 -0.4577776 
191.51999884 -0.4577776 
191.55999884 -0.4577776 
191.59999884 -0.4577776 
191.63999884 -0.4577776 
191.67999884 -0.4577776 
191.71999883 -0.4577776 
191.75999883 -0.4577776 
191.79999883 -0.4577776 
191.83999883 -0.4577776 
191.87999883 -0.4577776 
191.91999883 -0.4577776 
191.95999883 -0.4577776 
191.99999883 -0.4577776 
192.03999883 -0.4577776 
192.07999883 -0.4577776 
192.11999883 -0.4577776 
192.15999883 -0.4577776 
192.27999883 -0.4577776 
192.31999883 -0.4577776 
192.35999883 -0.4577776 
192.43999883 -0.4577776 
0 0 
