7.07999996 -0.4989776 
7.19999996 -0.4989776 
7.23999996 -0.941496 
7.27999996 -0.4989776 
7.31999996 -0.4989776 
7.35999996 -0.4989776 
7.39999996 -0.4989776 
7.43999995 -0.941496 
7.47999995 -0.941496 
7.51999995 -0.941496 
7.55999995 -0.941496 
7.59999995 -1.382488 
7.63999995 -0.941496 
7.67999995 -1.382488 
7.71999995 -2.267525 
7.75999995 -1.825007 
7.79999995 -1.825007 
7.83999995 -1.825007 
7.87999995 -1.825007 
7.91999995 -1.825007 
7.95999995 -1.825007 
7.99999995 -1.825007 
8.03999995 -1.825007 
8.07999995 -2.267525 
8.11999995 -2.267525 
8.15999995 -2.267525 
8.19999995 -2.267525 
8.23999995 -2.267525 
8.27999995 -2.708518 
8.31999995 -2.267525 
8.35999995 -2.267525 
8.39999995 -2.267525 
8.43999995 -2.708518 
8.47999995 -2.708518 
8.51999995 -2.708518 
8.55999995 -2.708518 
8.59999995 -2.267525 
8.63999995 -2.708518 
8.67999995 -2.708518 
8.71999995 -2.708518 
8.75999995 -2.708518 
8.79999995 -2.708518 
8.83999995 -3.151036 
8.87999995 -2.708518 
8.91999995 -2.267525 
8.95999995 -2.708518 
8.99999995 -2.708518 
9.03999995 -2.267525 
9.07999994 -2.267525 
9.11999994 -2.708518 
9.15999994 -2.267525 
9.19999994 -2.267525 
9.23999994 -1.825007 
9.27999994 -2.267525 
9.31999994 -1.825007 
9.35999994 -1.825007 
9.39999994 -1.825007 
9.43999994 -2.267525 
9.47999994 -1.825007 
9.51999994 -1.825007 
9.55999994 -1.382488 
9.59999994 -0.941496 
9.63999994 -0.941496 
9.67999994 -0.941496 
9.71999994 -0.941496 
9.75999994 -0.941496 
9.79999994 -0.941496 
9.83999994 -0.941496 
9.87999994 -0.941496 
9.91999994 -0.4989776 
9.95999994 -0.4989776 
9.99999994 -0.4989776 
10.03999994 -0.4989776 
18.43999989 -0.941496 
18.47999989 -1.382488 
18.59999989 -0.941496 
18.63999989 -0.4989776 
18.71999989 -1.382488 
18.75999989 -1.825007 
18.79999989 -0.4989776 
18.83999989 -0.4989776 
18.87999989 -0.941496 
18.91999989 -1.382488 
18.95999988 -1.825007 
18.99999988 -1.382488 
19.03999988 -1.382488 
19.07999988 -1.825007 
19.11999988 -1.825007 
19.15999988 -1.825007 
19.19999988 -1.382488 
19.23999988 -1.825007 
19.27999988 -2.267525 
19.31999988 -2.267525 
19.35999988 -1.825007 
19.39999988 -2.267525 
19.43999988 -2.267525 
19.47999988 -2.267525 
19.51999988 -2.267525 
19.55999988 -2.267525 
19.59999988 -2.267525 
19.63999988 -2.267525 
19.67999988 -2.267525 
19.71999988 -2.267525 
19.75999988 -2.708518 
19.79999988 -2.708518 
19.83999988 -2.708518 
19.87999988 -2.267525 
19.91999988 -2.708518 
19.95999988 -2.708518 
19.99999988 -2.267525 
20.03999988 -2.708518 
20.07999988 -2.708518 
20.11999988 -2.708518 
20.15999988 -3.151036 
20.19999988 -2.708518 
20.23999988 -2.708518 
20.27999988 -2.267525 
20.31999988 -2.708518 
20.35999988 -2.708518 
20.39999988 -2.708518 
20.43999988 -2.267525 
20.47999988 -3.151036 
20.51999988 -2.267525 
20.55999988 -2.267525 
20.59999987 -2.267525 
20.63999987 -2.267525 
20.67999987 -2.267525 
20.71999987 -2.267525 
20.75999987 -2.267525 
20.79999987 -2.267525 
20.83999987 -1.825007 
20.87999987 -2.267525 
20.91999987 -2.267525 
20.95999987 -2.267525 
20.99999987 -1.825007 
21.03999987 -1.825007 
21.07999987 -1.825007 
21.11999987 -1.825007 
21.15999987 -1.825007 
21.19999987 -1.825007 
21.23999987 -1.382488 
21.27999987 -1.382488 
21.31999987 -1.382488 
21.35999987 -1.825007 
21.39999987 -1.382488 
21.43999987 -0.941496 
21.47999987 -0.941496 
21.51999987 -0.941496 
21.55999987 -0.941496 
21.59999987 -0.941496 
21.63999987 -0.941496 
21.67999987 -0.941496 
21.71999987 -0.4989776 
21.75999987 -0.941496 
21.79999987 -0.4989776 
21.83999987 -0.4989776 
21.87999987 -0.4989776 
21.91999987 -0.4989776 
22.03999987 -0.4989776 
22.07999987 -0.4989776 
22.95999986 -0.4989776 
23.35999986 -0.4989776 
23.39999986 -0.4989776 
23.43999986 -0.4989776 
23.47999986 -0.4989776 
23.51999986 -0.941496 
23.55999986 -0.4989776 
23.59999986 -0.4989776 
23.63999986 -0.4989776 
23.67999986 -0.941496 
23.71999986 -0.941496 
23.75999986 -0.941496 
23.79999986 -0.941496 
23.83999986 -0.941496 
23.87999985 -0.941496 
23.91999985 -0.941496 
23.95999985 -0.941496 
23.99999985 -1.382488 
24.03999985 -1.382488 
24.07999985 -1.382488 
24.11999985 -1.825007 
24.15999985 -1.825007 
24.19999985 -1.382488 
24.23999985 -1.382488 
24.27999985 -1.825007 
24.31999985 -1.825007 
24.35999985 -1.825007 
24.39999985 -1.825007 
24.43999985 -1.825007 
24.47999985 -1.825007 
24.51999985 -2.267525 
24.55999985 -1.825007 
24.59999985 -2.267525 
24.63999985 -2.267525 
24.67999985 -2.267525 
24.71999985 -1.825007 
24.75999985 -1.825007 
24.79999985 -1.825007 
24.83999985 -2.267525 
24.87999985 -1.825007 
24.91999985 -1.825007 
24.95999985 -1.825007 
24.99999985 -1.825007 
25.03999985 -2.267525 
25.07999985 -2.267525 
25.11999985 -1.825007 
25.15999985 -1.825007 
25.19999985 -1.825007 
25.23999985 -1.825007 
25.27999985 -1.825007 
25.31999985 -1.825007 
25.35999985 -1.825007 
25.39999985 -1.825007 
25.43999985 -1.825007 
25.47999985 -1.825007 
25.51999984 -1.825007 
25.55999984 -1.825007 
25.59999984 -1.825007 
25.63999984 -1.825007 
25.67999984 -0.941496 
25.71999984 -0.941496 
25.75999984 -1.382488 
25.79999984 -1.382488 
25.83999984 -0.941496 
25.87999984 -0.941496 
25.91999984 -0.941496 
25.95999984 -0.941496 
25.99999984 -0.941496 
26.03999984 -0.941496 
26.07999984 -0.941496 
26.11999984 -0.941496 
26.15999984 -0.4989776 
26.19999984 -0.4989776 
26.23999984 -0.4989776 
26.27999984 -0.941496 
26.31999984 -0.4989776 
26.35999984 -0.4989776 
26.39999984 -0.4989776 
26.43999984 -0.4989776 
26.47999984 -0.4989776 
29.03999982 -0.4989776 
29.19999982 -0.4989776 
29.23999982 -0.4989776 
29.27999982 -0.4989776 
29.31999982 -0.4989776 
29.35999982 -0.4989776 
29.39999982 -0.4989776 
29.43999982 -0.941496 
29.47999982 -0.4989776 
29.51999982 -0.941496 
29.55999982 -0.4989776 
29.59999982 -0.941496 
29.63999982 -0.941496 
29.67999982 -0.941496 
29.71999982 -0.941496 
29.75999982 -0.941496 
29.79999982 -0.941496 
29.83999982 -0.941496 
29.87999982 -0.941496 
29.91999982 -0.941496 
29.95999982 -0.941496 
29.99999982 -0.941496 
30.03999982 -0.941496 
30.07999982 -0.941496 
30.11999982 -0.941496 
30.15999982 -0.941496 
30.19999982 -0.941496 
30.23999982 -0.941496 
30.27999982 -0.941496 
30.31999982 -0.941496 
30.35999982 -0.941496 
30.39999982 -0.941496 
30.43999982 -0.941496 
30.47999981 -0.941496 
30.51999981 -0.941496 
30.55999981 -0.941496 
30.59999981 -0.941496 
30.63999981 -0.941496 
30.67999981 -0.941496 
30.71999981 -0.941496 
30.75999981 -0.941496 
30.79999981 -0.941496 
30.83999981 -1.382488 
30.87999981 -0.941496 
30.91999981 -0.941496 
30.95999981 -0.941496 
30.99999981 -1.382488 
31.03999981 -0.941496 
31.07999981 -0.941496 
31.11999981 -0.941496 
31.15999981 -1.825007 
31.19999981 -0.941496 
31.23999981 -0.941496 
31.27999981 -1.382488 
31.31999981 -1.382488 
31.35999981 -0.941496 
31.39999981 -1.382488 
31.43999981 -0.941496 
31.47999981 -1.382488 
31.51999981 -0.941496 
31.55999981 -0.941496 
31.59999981 -0.941496 
31.63999981 -1.382488 
31.67999981 -1.825007 
31.71999981 -0.941496 
31.75999981 -1.382488 
31.79999981 -0.941496 
31.83999981 -1.382488 
31.87999981 -1.825007 
31.91999981 -1.382488 
31.95999981 -0.941496 
31.99999981 -0.941496 
32.03999981 -0.941496 
32.07999981 -0.941496 
32.1199998 -0.941496 
32.1599998 -0.941496 
32.1999998 -0.941496 
32.2399998 -0.941496 
32.2799998 -0.941496 
32.3199998 -1.382488 
32.3599998 -1.382488 
32.3999998 -0.941496 
32.4399998 -0.941496 
32.4799998 -1.382488 
32.5199998 -0.941496 
32.5599998 -0.941496 
32.5999998 -0.941496 
32.6399998 -0.941496 
32.6799998 -1.382488 
32.7199998 -0.941496 
32.7599998 -0.941496 
32.7999998 -0.941496 
32.8399998 -1.382488 
32.8799998 -0.941496 
32.9199998 -0.941496 
32.9599998 -0.941496 
32.9999998 -0.941496 
33.0399998 -0.941496 
33.0799998 -1.382488 
33.1199998 -1.382488 
33.1599998 -0.941496 
33.1999998 -0.941496 
33.2399998 -0.941496 
33.2799998 -0.941496 
33.3199998 -0.941496 
33.3599998 -0.941496 
33.3999998 -0.941496 
33.4399998 -0.941496 
33.4799998 -0.941496 
33.5199998 -0.941496 
33.5599998 -0.941496 
33.5999998 -0.941496 
33.6399998 -0.941496 
33.6799998 -0.941496 
33.7199998 -0.941496 
33.75999979 -0.941496 
33.79999979 -0.941496 
33.83999979 -0.4989776 
33.87999979 -0.941496 
33.91999979 -0.4989776 
33.95999979 -0.941496 
33.99999979 -0.941496 
34.03999979 -0.941496 
34.07999979 -0.941496 
34.11999979 -0.941496 
34.15999979 -0.941496 
34.19999979 -0.941496 
34.23999979 -0.4989776 
34.27999979 -0.941496 
34.31999979 -0.941496 
34.35999979 -0.941496 
34.39999979 -0.941496 
34.43999979 -0.941496 
34.47999979 -0.941496 
34.51999979 -0.941496 
34.55999979 -0.941496 
34.59999979 -0.941496 
34.63999979 -0.941496 
34.67999979 -0.941496 
34.71999979 -0.941496 
34.75999979 -0.941496 
34.79999979 -0.941496 
34.83999979 -0.941496 
34.87999979 -0.941496 
34.91999979 -0.941496 
34.95999979 -0.941496 
34.99999979 -0.941496 
35.03999979 -0.941496 
35.07999979 -0.941496 
35.11999979 -0.941496 
35.15999979 -0.941496 
35.19999979 -0.941496 
35.23999979 -0.941496 
35.27999979 -0.941496 
35.31999979 -0.941496 
35.35999979 -0.941496 
35.39999978 -0.941496 
35.43999978 -0.941496 
35.47999978 -0.941496 
35.51999978 -0.941496 
35.55999978 -0.941496 
35.59999978 -0.941496 
35.63999978 -0.941496 
35.67999978 -0.941496 
35.71999978 -0.941496 
35.75999978 -0.941496 
35.83999978 -0.941496 
35.87999978 -0.941496 
35.91999978 -0.941496 
35.95999978 -0.4989776 
35.99999978 -0.941496 
36.03999978 -0.941496 
36.07999978 -0.941496 
36.11999978 -0.941496 
36.15999978 -0.4989776 
36.19999978 -0.4989776 
36.23999978 -0.941496 
36.27999978 -0.4989776 
36.31999978 -0.4989776 
36.35999978 -0.941496 
36.39999978 -0.4989776 
36.43999978 -0.4989776 
36.47999978 -0.4989776 
36.51999978 -0.4989776 
36.55999978 -0.4989776 
36.59999978 -0.4989776 
36.63999978 -0.4989776 
44.59999973 -0.941496 
44.63999973 -0.941496 
44.75999973 -0.941496 
44.87999973 -0.941496 
44.91999973 -0.941496 
45.03999973 -0.941496 
45.07999973 -0.941496 
45.11999973 -0.941496 
45.15999973 -0.941496 
45.19999973 -0.941496 
45.23999973 -1.382488 
45.27999972 -0.941496 
45.31999972 -0.941496 
45.35999972 -0.941496 
45.39999972 -1.825007 
45.43999972 -1.825007 
45.47999972 -0.941496 
45.51999972 -1.382488 
45.55999972 -1.825007 
45.59999972 -1.382488 
45.63999972 -1.825007 
45.67999972 -1.825007 
45.71999972 -1.825007 
45.75999972 -1.825007 
45.79999972 -1.825007 
45.83999972 -1.825007 
45.87999972 -1.825007 
45.91999972 -2.267525 
45.95999972 -2.267525 
45.99999972 -1.825007 
46.03999972 -2.267525 
46.07999972 -2.267525 
46.11999972 -2.267525 
46.15999972 -2.267525 
46.19999972 -2.267525 
46.23999972 -2.267525 
46.27999972 -2.267525 
46.31999972 -2.267525 
46.35999972 -2.267525 
46.39999972 -2.708518 
46.43999972 -2.267525 
46.47999972 -2.267525 
46.51999972 -2.267525 
46.55999972 -2.267525 
46.59999972 -1.825007 
46.63999972 -2.708518 
46.67999972 -2.267525 
46.71999972 -2.267525 
46.75999972 -2.267525 
46.79999972 -1.825007 
46.83999972 -1.825007 
46.87999972 -2.267525 
46.91999971 -2.267525 
46.95999971 -2.267525 
46.99999971 -2.267525 
47.03999971 -1.825007 
47.07999971 -2.267525 
47.11999971 -1.825007 
47.15999971 -1.825007 
47.19999971 -2.267525 
47.23999971 -1.825007 
47.27999971 -1.825007 
47.31999971 -1.825007 
47.35999971 -1.825007 
47.39999971 -1.825007 
47.43999971 -1.825007 
47.47999971 -1.825007 
47.51999971 -1.825007 
47.55999971 -1.825007 
47.59999971 -1.825007 
47.63999971 -1.825007 
47.67999971 -1.382488 
47.71999971 -1.382488 
47.75999971 -1.382488 
47.79999971 -0.941496 
47.83999971 -1.382488 
47.87999971 -1.382488 
47.91999971 -0.941496 
47.95999971 -0.941496 
47.99999971 -0.941496 
48.03999971 -0.941496 
48.07999971 -0.941496 
48.11999971 -0.4989776 
48.15999971 -0.941496 
48.19999971 -0.941496 
48.23999971 -0.941496 
48.27999971 -0.941496 
48.31999971 -0.941496 
48.35999971 -0.4989776 
48.39999971 -0.4989776 
48.43999971 -0.941496 
48.47999971 -0.4989776 
48.51999971 -0.4989776 
48.5599997 -0.4989776 
48.5999997 -0.4989776 
48.6399997 -0.4989776 
48.6799997 -0.4989776 
51.99999968 -0.4989776 
52.07999968 -0.4989776 
52.11999968 -0.4989776 
52.15999968 -0.941496 
52.19999968 -0.4989776 
52.23999968 -0.4989776 
52.27999968 -0.4989776 
52.31999968 -0.4989776 
52.35999968 -0.4989776 
52.39999968 -0.4989776 
52.43999968 -0.4989776 
52.47999968 -0.4989776 
52.51999968 -0.941496 
52.55999968 -0.941496 
52.59999968 -0.4989776 
52.63999968 -0.941496 
52.67999968 -0.941496 
52.71999968 -0.4989776 
52.75999968 -0.4989776 
52.79999968 -0.941496 
52.83999968 -0.4989776 
52.87999968 -0.941496 
52.91999968 -0.4989776 
52.95999968 -0.4989776 
52.99999968 -0.941496 
53.03999968 -0.941496 
53.07999968 -0.4989776 
53.11999968 -0.4989776 
53.15999968 -0.4989776 
53.19999968 -0.941496 
53.23999968 -0.941496 
53.27999968 -0.4989776 
53.31999968 -0.4989776 
53.35999968 -0.941496 
53.39999968 -0.4989776 
53.43999968 -0.4989776 
53.47999967 -0.4989776 
53.51999967 -0.4989776 
53.55999967 -0.4989776 
53.59999967 -0.4989776 
53.63999967 -0.4989776 
53.67999967 -0.4989776 
53.71999967 -0.4989776 
53.75999967 -0.4989776 
53.79999967 -0.4989776 
53.83999967 -0.4989776 
53.87999967 -0.4989776 
53.91999967 -0.4989776 
55.83999966 -0.4989776 
55.87999966 -0.4989776 
55.95999966 -0.4989776 
55.99999966 -0.4989776 
56.03999966 -0.941496 
56.07999966 -0.941496 
56.11999966 -0.941496 
56.15999966 -0.941496 
56.19999966 -0.941496 
56.23999966 -0.941496 
56.27999966 -0.941496 
56.31999966 -0.941496 
56.35999966 -1.825007 
56.39999966 -1.825007 
56.43999966 -1.382488 
56.47999966 -1.825007 
56.51999966 -1.825007 
56.55999966 -1.825007 
56.59999966 -1.825007 
56.63999966 -1.825007 
56.67999966 -2.267525 
56.71999966 -1.825007 
56.75999966 -2.267525 
56.79999965 -2.267525 
56.83999965 -2.267525 
56.87999965 -2.267525 
56.91999965 -2.708518 
56.95999965 -2.267525 
56.99999965 -2.267525 
57.03999965 -2.708518 
57.07999965 -2.708518 
57.11999965 -2.708518 
57.15999965 -3.151036 
57.19999965 -2.708518 
57.23999965 -3.151036 
57.27999965 -2.708518 
57.31999965 -3.151036 
57.35999965 -3.151036 
57.39999965 -3.151036 
57.43999965 -3.151036 
57.47999965 -3.593554 
57.51999965 -3.151036 
57.55999965 -3.151036 
57.59999965 -3.151036 
57.63999965 -3.151036 
57.67999965 -3.593554 
57.71999965 -3.151036 
57.75999965 -3.593554 
57.79999965 -3.593554 
57.83999965 -3.593554 
57.87999965 -3.151036 
57.91999965 -3.593554 
57.95999965 -3.151036 
57.99999965 -3.151036 
58.03999965 -2.708518 
58.07999965 -3.151036 
58.11999965 -3.151036 
58.15999965 -3.151036 
58.19999965 -3.151036 
58.23999965 -2.708518 
58.27999965 -3.151036 
58.31999965 -2.708518 
58.35999965 -2.708518 
58.39999965 -2.267525 
58.43999964 -2.708518 
58.47999964 -2.708518 
58.51999964 -2.267525 
58.55999964 -2.267525 
58.59999964 -2.267525 
58.63999964 -2.267525 
58.67999964 -2.267525 
58.71999964 -2.267525 
58.75999964 -2.267525 
58.79999964 -1.825007 
58.83999964 -1.825007 
58.87999964 -1.825007 
58.91999964 -1.825007 
58.95999964 -1.382488 
58.99999964 -1.382488 
59.03999964 -1.825007 
59.07999964 -0.941496 
59.11999964 -0.941496 
59.15999964 -1.382488 
59.19999964 -0.941496 
59.23999964 -0.941496 
59.27999964 -0.4989776 
59.31999964 -0.4989776 
59.35999964 -0.941496 
59.39999964 -0.4989776 
59.43999964 -0.4989776 
68.23999959 -0.4989776 
68.35999958 -0.4989776 
68.39999958 -0.4989776 
68.43999958 -0.4989776 
68.47999958 -0.4989776 
68.51999958 -0.4989776 
68.55999958 -0.941496 
68.59999958 -0.941496 
68.63999958 -0.941496 
68.67999958 -0.941496 
68.71999958 -0.941496 
68.75999958 -0.941496 
68.79999958 -1.382488 
68.83999958 -0.941496 
68.87999958 -1.825007 
68.91999958 -1.825007 
68.95999958 -1.825007 
68.99999958 -1.825007 
69.03999958 -1.382488 
69.07999958 -1.825007 
69.11999958 -1.825007 
69.15999958 -1.825007 
69.19999958 -1.825007 
69.23999958 -2.267525 
69.27999958 -2.267525 
69.31999958 -2.708518 
69.35999958 -1.825007 
69.39999958 -1.825007 
69.43999958 -3.151036 
69.47999958 -2.708518 
69.51999958 -2.267525 
69.55999958 -2.267525 
69.59999958 -2.708518 
69.63999958 -1.825007 
69.67999958 -1.825007 
69.71999958 -1.825007 
69.75999958 -1.825007 
69.79999958 -3.593554 
69.83999958 -2.708518 
69.87999958 -0.941496 
69.91999958 -1.825007 
69.95999957 -2.267525 
69.99999957 -1.825007 
70.03999957 -0.941496 
70.07999957 -2.267525 
70.11999957 -2.267525 
70.15999957 -0.941496 
70.19999957 -0.941496 
70.23999957 -1.825007 
70.27999957 -1.825007 
70.31999957 -1.382488 
70.35999957 -0.941496 
70.39999957 -1.382488 
70.43999957 -1.382488 
70.47999957 -0.941496 
70.51999957 -0.941496 
70.55999957 -0.941496 
70.59999957 -0.941496 
70.63999957 -0.941496 
70.67999957 -0.941496 
70.71999957 -0.941496 
70.75999957 -0.941496 
70.79999957 -0.4989776 
70.83999957 -0.4989776 
70.87999957 -0.4989776 
70.91999957 -0.4989776 
70.95999957 -0.4989776 
70.99999957 -0.4989776 
73.63999955 -0.4989776 
73.75999955 -0.4989776 
73.79999955 -0.4989776 
73.83999955 -0.4989776 
73.87999955 -0.4989776 
73.91999955 -0.4989776 
73.95999955 -0.4989776 
73.99999955 -0.4989776 
74.03999955 -0.4989776 
74.07999955 -0.4989776 
74.11999955 -0.4989776 
74.15999955 -0.941496 
74.19999955 -0.4989776 
74.23999955 -0.4989776 
74.27999955 -0.4989776 
74.31999955 -0.4989776 
74.35999955 -0.941496 
74.39999955 -0.941496 
74.43999955 -0.4989776 
74.47999955 -0.4989776 
74.51999955 -0.4989776 
74.55999955 -0.4989776 
74.59999955 -0.4989776 
74.63999955 -0.4989776 
74.67999955 -0.4989776 
74.71999955 -0.4989776 
74.75999955 -0.4989776 
74.79999955 -0.4989776 
74.87999954 -0.4989776 
79.03999952 -0.4989776 
79.07999952 -0.4989776 
79.11999952 -0.4989776 
79.15999952 -0.941496 
79.19999952 -0.941496 
79.23999952 -0.941496 
79.27999952 -0.941496 
79.31999952 -0.941496 
79.35999952 -0.941496 
79.39999952 -0.941496 
79.43999952 -0.941496 
79.47999952 -0.941496 
79.51999952 -1.382488 
79.55999952 -1.382488 
79.59999952 -1.825007 
79.63999952 -1.825007 
79.67999952 -1.825007 
79.71999952 -1.825007 
79.75999952 -1.825007 
79.79999952 -2.267525 
79.83999951 -1.825007 
79.87999951 -2.267525 
79.91999951 -2.267525 
79.95999951 -2.267525 
79.99999951 -2.267525 
80.03999951 -2.267525 
80.07999951 -2.708518 
80.11999951 -2.708518 
80.15999951 -2.708518 
80.19999951 -2.708518 
80.23999951 -2.708518 
80.27999951 -3.151036 
80.31999951 -3.151036 
80.35999951 -2.708518 
80.39999951 -3.151036 
80.43999951 -3.151036 
80.47999951 -3.593554 
80.51999951 -3.593554 
80.55999951 -3.151036 
80.59999951 -3.593554 
80.63999951 -3.593554 
80.67999951 -3.593554 
80.71999951 -3.151036 
80.75999951 -3.151036 
80.79999951 -3.593554 
80.83999951 -3.593554 
80.87999951 -3.593554 
80.91999951 -3.593554 
80.95999951 -3.593554 
80.99999951 -3.593554 
81.03999951 -3.593554 
81.07999951 -3.593554 
81.11999951 -3.151036 
81.15999951 -3.593554 
81.19999951 -3.593554 
81.23999951 -3.593554 
81.27999951 -3.593554 
81.31999951 -3.593554 
81.35999951 -3.593554 
81.39999951 -3.593554 
81.43999951 -3.593554 
81.4799995 -3.593554 
81.5199995 -3.593554 
81.5599995 -3.593554 
81.5999995 -3.593554 
81.6399995 -3.593554 
81.6799995 -3.593554 
81.7199995 -3.593554 
81.7599995 -3.593554 
81.7999995 -3.593554 
81.8399995 -3.593554 
81.8799995 -3.593554 
81.9199995 -3.151036 
81.9599995 -3.151036 
81.9999995 -3.593554 
82.0399995 -3.593554 
82.0799995 -3.593554 
82.1199995 -3.151036 
82.1599995 -2.708518 
82.1999995 -3.151036 
82.2399995 -3.151036 
82.2799995 -3.151036 
82.3199995 -2.708518 
82.3599995 -3.151036 
82.3999995 -2.708518 
82.4399995 -2.708518 
82.4799995 -2.708518 
82.5199995 -2.708518 
82.5599995 -2.708518 
82.5999995 -2.708518 
82.6399995 -2.708518 
82.6799995 -2.267525 
82.7199995 -2.267525 
82.7599995 -2.708518 
82.7999995 -2.267525 
82.8399995 -2.267525 
82.8799995 -2.267525 
82.9199995 -2.267525 
82.9599995 -2.267525 
82.9999995 -2.267525 
83.0399995 -2.267525 
83.0799995 -1.825007 
83.11999949 -2.267525 
83.15999949 -2.267525 
83.19999949 -2.267525 
83.23999949 -2.267525 
83.27999949 -2.267525 
83.31999949 -1.825007 
83.35999949 -1.825007 
83.39999949 -1.825007 
83.43999949 -1.825007 
83.47999949 -1.825007 
83.51999949 -1.825007 
83.55999949 -1.825007 
83.59999949 -1.825007 
83.63999949 -1.825007 
83.67999949 -1.825007 
83.71999949 -1.825007 
83.75999949 -1.825007 
83.79999949 -1.825007 
83.83999949 -1.825007 
83.87999949 -1.382488 
83.91999949 -1.825007 
83.95999949 -1.825007 
83.99999949 -1.825007 
84.03999949 -1.382488 
84.07999949 -0.941496 
84.11999949 -1.825007 
84.15999949 -1.825007 
84.19999949 -0.941496 
84.23999949 -1.825007 
84.27999949 -1.825007 
84.31999949 -1.382488 
84.35999949 -1.825007 
84.39999949 -1.382488 
84.43999949 -0.941496 
84.47999949 -0.941496 
84.51999949 -1.825007 
84.55999949 -1.825007 
84.59999949 -1.382488 
84.63999949 -1.382488 
84.67999949 -1.382488 
84.71999949 -0.941496 
84.75999948 -1.382488 
84.79999948 -0.941496 
84.83999948 -0.941496 
84.87999948 -0.941496 
84.91999948 -0.941496 
84.95999948 -0.941496 
84.99999948 -1.382488 
85.03999948 -1.825007 
85.07999948 -1.382488 
85.11999948 -1.382488 
85.15999948 -1.382488 
85.19999948 -1.382488 
85.23999948 -1.382488 
85.27999948 -1.382488 
85.31999948 -1.825007 
85.35999948 -1.382488 
85.39999948 -1.382488 
85.43999948 -1.382488 
85.47999948 -1.825007 
85.51999948 -1.382488 
85.55999948 -1.382488 
85.59999948 -1.382488 
85.63999948 -1.825007 
85.67999948 -1.825007 
85.71999948 -1.825007 
85.75999948 -1.825007 
85.79999948 -1.382488 
85.83999948 -1.382488 
85.87999948 -1.825007 
85.91999948 -0.941496 
85.95999948 -1.382488 
85.99999948 -1.382488 
86.03999948 -1.825007 
86.07999948 -1.825007 
86.11999948 -0.941496 
86.15999948 -1.382488 
86.19999948 -0.941496 
86.23999948 -0.941496 
86.27999948 -0.941496 
86.31999948 -0.941496 
86.35999948 -0.941496 
86.39999947 -0.941496 
86.43999947 -0.941496 
86.47999947 -0.941496 
86.51999947 -0.4989776 
86.55999947 -0.4989776 
86.59999947 -0.4989776 
86.67999947 -0.4989776 
86.75999947 -0.4989776 
95.35999942 -0.4989776 
95.47999942 -0.4989776 
95.63999942 -0.4989776 
95.67999942 -0.4989776 
95.71999942 -0.4989776 
95.75999942 -0.4989776 
95.79999942 -0.4989776 
95.83999942 -0.4989776 
95.87999942 -0.4989776 
95.91999942 -0.4989776 
95.95999942 -0.4989776 
95.99999942 -0.4989776 
96.03999942 -0.4989776 
96.07999942 -0.4989776 
96.11999942 -0.4989776 
96.15999942 -0.4989776 
96.19999942 -0.4989776 
96.23999942 -0.4989776 
96.27999941 -0.4989776 
96.31999941 -0.4989776 
96.35999941 -0.4989776 
96.39999941 -0.4989776 
96.43999941 -0.4989776 
96.47999941 -0.4989776 
96.51999941 -0.4989776 
96.55999941 -0.4989776 
96.59999941 -0.4989776 
96.63999941 -0.4989776 
96.67999941 -0.4989776 
96.71999941 -0.4989776 
96.75999941 -0.4989776 
96.79999941 -0.4989776 
96.83999941 -0.4989776 
96.87999941 -0.4989776 
96.91999941 -0.4989776 
96.95999941 -0.4989776 
96.99999941 -0.4989776 
105.47999936 -0.4989776 
105.51999936 -0.4989776 
105.55999936 -0.4989776 
105.59999936 -0.941496 
105.63999936 -0.941496 
105.67999936 -0.941496 
105.71999936 -0.941496 
105.75999936 -0.941496 
105.79999936 -1.382488 
105.83999936 -1.825007 
105.87999936 -1.825007 
105.91999936 -1.825007 
105.95999936 -1.825007 
105.99999936 -1.825007 
106.03999936 -1.825007 
106.07999936 -2.267525 
106.11999936 -2.267525 
106.15999935 -2.267525 
106.19999935 -2.267525 
106.23999935 -2.267525 
106.27999935 -2.708518 
106.31999935 -2.708518 
106.35999935 -3.151036 
106.39999935 -2.708518 
106.43999935 -3.151036 
106.47999935 -3.151036 
106.51999935 -3.151036 
106.55999935 -3.593554 
106.59999935 -3.593554 
106.63999935 -3.593554 
106.67999935 -3.593554 
106.71999935 -3.593554 
106.75999935 -3.593554 
106.79999935 -3.593554 
106.83999935 -4.034547 
106.87999935 -4.034547 
106.91999935 -4.034547 
106.95999935 -3.593554 
106.99999935 -4.034547 
107.03999935 -4.034547 
107.07999935 -4.034547 
107.11999935 -4.034547 
107.15999935 -4.477065 
107.19999935 -4.477065 
107.23999935 -4.034547 
107.27999935 -4.034547 
107.31999935 -4.034547 
107.35999935 -4.477065 
107.39999935 -4.477065 
107.43999935 -4.034547 
107.47999935 -4.477065 
107.51999935 -4.034547 
107.55999935 -4.034547 
107.59999935 -4.477065 
107.63999935 -4.477065 
107.67999935 -4.034547 
107.71999935 -4.034547 
107.75999935 -4.034547 
107.79999934 -4.034547 
107.83999934 -4.034547 
107.87999934 -4.034547 
107.91999934 -4.034547 
107.95999934 -4.034547 
107.99999934 -4.034547 
108.03999934 -3.593554 
108.07999934 -3.593554 
108.11999934 -3.593554 
108.15999934 -3.593554 
108.19999934 -3.593554 
108.23999934 -3.593554 
108.27999934 -3.593554 
108.31999934 -3.593554 
108.35999934 -3.593554 
108.39999934 -3.151036 
108.43999934 -3.151036 
108.47999934 -3.151036 
108.51999934 -2.708518 
108.55999934 -2.708518 
108.59999934 -2.708518 
108.63999934 -2.708518 
108.67999934 -2.708518 
108.71999934 -2.708518 
108.75999934 -2.267525 
108.79999934 -2.267525 
108.83999934 -2.267525 
108.87999934 -2.267525 
108.91999934 -1.825007 
108.95999934 -1.825007 
108.99999934 -1.825007 
109.03999934 -1.825007 
109.07999934 -1.825007 
109.11999934 -1.825007 
109.15999934 -1.382488 
109.19999934 -1.382488 
109.23999934 -1.382488 
109.27999934 -0.941496 
109.31999934 -0.941496 
109.35999934 -0.941496 
109.39999934 -0.941496 
109.43999933 -0.941496 
109.47999933 -0.941496 
109.51999933 -0.941496 
109.55999933 -0.4989776 
109.59999933 -0.4989776 
109.63999933 -0.4989776 
109.67999933 -0.4989776 
109.71999933 -0.4989776 
109.75999933 -0.4989776 
109.87999933 -0.4989776 
117.63999929 -0.4989776 
117.67999928 -0.4989776 
117.71999928 -0.941496 
117.75999928 -0.4989776 
117.79999928 -0.4989776 
117.83999928 -0.941496 
117.87999928 -0.4989776 
117.91999928 -0.941496 
117.95999928 -0.941496 
117.99999928 -0.941496 
118.03999928 -0.941496 
118.07999928 -0.941496 
118.11999928 -0.941496 
118.15999928 -0.941496 
118.19999928 -0.941496 
118.23999928 -1.382488 
118.27999928 -1.382488 
118.31999928 -1.382488 
118.35999928 -1.825007 
118.39999928 -2.708518 
118.43999928 -1.825007 
118.47999928 -1.825007 
118.51999928 -2.267525 
118.55999928 -2.267525 
118.59999928 -1.825007 
118.63999928 -2.267525 
118.67999928 -2.267525 
118.71999928 -1.825007 
118.75999928 -1.382488 
118.79999928 -0.941496 
118.83999928 -1.825007 
118.87999928 -3.151036 
118.91999928 -2.708518 
118.95999928 -0.941496 
118.99999928 -1.382488 
119.03999928 -2.267525 
119.07999928 -1.382488 
119.11999928 -1.382488 
119.15999928 -2.708518 
119.19999928 -2.267525 
119.23999928 -0.941496 
119.27999928 -1.382488 
119.31999927 -2.267525 
119.35999927 -1.825007 
119.39999927 -1.382488 
119.43999927 -1.825007 
119.47999927 -1.825007 
119.51999927 -1.382488 
119.55999927 -0.941496 
119.59999927 -0.941496 
119.63999927 -0.941496 
119.67999927 -0.941496 
119.71999927 -0.941496 
119.75999927 -0.4989776 
119.79999927 -0.941496 
119.83999927 -0.941496 
119.87999927 -0.941496 
119.91999927 -0.4989776 
119.95999927 -0.4989776 
119.99999927 -0.4989776 
120.03999927 -0.4989776 
120.19999927 -0.4989776 
120.31999927 -0.4989776 
129.07999922 -0.4989776 
129.11999922 -0.4989776 
129.23999921 -0.4989776 
129.27999921 -0.4989776 
129.31999921 -0.4989776 
129.35999921 -0.4989776 
129.39999921 -0.941496 
129.43999921 -0.941496 
129.47999921 -0.4989776 
129.51999921 -0.4989776 
129.55999921 -0.941496 
129.59999921 -0.941496 
129.63999921 -0.941496 
129.67999921 -0.941496 
129.71999921 -0.941496 
129.75999921 -0.941496 
129.79999921 -0.941496 
129.83999921 -0.941496 
129.87999921 -0.941496 
129.91999921 -0.941496 
129.95999921 -0.941496 
129.99999921 -0.941496 
130.03999921 -0.941496 
130.07999921 -0.941496 
130.11999921 -0.941496 
130.15999921 -0.941496 
130.19999921 -0.941496 
130.23999921 -1.382488 
130.27999921 -0.941496 
130.31999921 -1.825007 
130.35999921 -1.382488 
130.39999921 -1.825007 
130.43999921 -1.382488 
130.47999921 -1.825007 
130.51999921 -1.825007 
130.55999921 -1.825007 
130.59999921 -1.382488 
130.63999921 -1.825007 
130.67999921 -1.825007 
130.71999921 -1.382488 
130.75999921 -1.382488 
130.79999921 -1.382488 
130.8399992 -1.825007 
130.8799992 -1.825007 
130.9199992 -1.382488 
130.9599992 -0.941496 
130.9999992 -1.825007 
131.0399992 -1.825007 
131.0799992 -0.941496 
131.1199992 -1.382488 
131.1599992 -1.382488 
131.1999992 -0.941496 
131.2399992 -1.382488 
131.2799992 -0.941496 
131.3199992 -0.941496 
131.3599992 -0.941496 
131.3999992 -0.941496 
131.4399992 -0.941496 
131.4799992 -0.941496 
131.5199992 -1.825007 
131.5599992 -0.941496 
131.5999992 -0.941496 
131.6399992 -0.941496 
131.6799992 -0.941496 
131.7199992 -0.941496 
131.7599992 -0.941496 
131.7999992 -0.941496 
131.8399992 -0.941496 
131.8799992 -0.941496 
131.9199992 -0.4989776 
131.9599992 -0.941496 
131.9999992 -0.941496 
132.0399992 -0.4989776 
132.0799992 -0.4989776 
132.1199992 -0.4989776 
132.1599992 -0.4989776 
132.1999992 -0.4989776 
132.2399992 -0.4989776 
132.2799992 -0.4989776 
132.3199992 -0.4989776 
132.3599992 -0.4989776 
132.3999992 -0.4989776 
132.4399992 -0.4989776 
132.51999919 -0.4989776 
132.75999919 -0.4989776 
132.83999919 -0.4989776 
132.91999919 -0.4989776 
132.95999919 -0.4989776 
132.99999919 -0.4989776 
133.03999919 -0.4989776 
133.07999919 -0.4989776 
133.11999919 -0.4989776 
133.15999919 -0.941496 
133.19999919 -0.4989776 
133.23999919 -0.4989776 
133.27999919 -0.941496 
133.31999919 -0.941496 
133.35999919 -0.941496 
133.39999919 -0.941496 
133.43999919 -0.941496 
133.47999919 -0.941496 
133.51999919 -0.941496 
133.55999919 -0.941496 
133.59999919 -0.941496 
133.63999919 -0.941496 
133.67999919 -0.941496 
133.71999919 -1.382488 
133.75999919 -1.382488 
133.79999919 -1.825007 
133.83999919 -1.382488 
133.87999919 -1.825007 
133.91999919 -1.825007 
133.95999919 -1.825007 
133.99999919 -1.825007 
134.03999919 -1.825007 
134.07999919 -1.825007 
134.11999918 -1.825007 
134.15999918 -2.267525 
134.19999918 -1.825007 
134.23999918 -2.267525 
134.27999918 -1.825007 
134.31999918 -1.825007 
134.35999918 -2.267525 
134.39999918 -2.267525 
134.43999918 -1.825007 
134.47999918 -2.267525 
134.51999918 -2.267525 
134.55999918 -2.267525 
134.59999918 -2.267525 
134.63999918 -2.267525 
134.67999918 -2.267525 
134.71999918 -2.267525 
134.75999918 -2.267525 
134.79999918 -2.708518 
134.83999918 -2.708518 
134.87999918 -2.708518 
134.91999918 -2.267525 
134.95999918 -2.708518 
134.99999918 -2.708518 
135.03999918 -2.708518 
135.07999918 -2.267525 
135.11999918 -2.708518 
135.15999918 -2.708518 
135.19999918 -2.267525 
135.23999918 -2.267525 
135.27999918 -2.267525 
135.31999918 -2.267525 
135.35999918 -2.267525 
135.39999918 -2.267525 
135.43999918 -2.267525 
135.47999918 -2.267525 
135.51999918 -2.267525 
135.55999918 -2.267525 
135.59999918 -1.825007 
135.63999918 -1.825007 
135.67999918 -1.825007 
135.71999918 -1.825007 
135.75999917 -1.825007 
135.79999917 -1.825007 
135.83999917 -1.825007 
135.87999917 -1.382488 
135.91999917 -1.825007 
135.95999917 -0.941496 
135.99999917 -0.941496 
136.03999917 -0.941496 
136.07999917 -0.941496 
136.11999917 -0.4989776 
136.15999917 -0.4989776 
136.19999917 -0.4989776 
136.23999917 -0.4989776 
136.27999917 -0.4989776 
136.31999917 -0.4989776 
136.35999917 -0.4989776 
136.39999917 -0.4989776 
139.43999915 -0.4989776 
139.47999915 -0.4989776 
139.51999915 -0.4989776 
139.55999915 -0.4989776 
139.59999915 -0.4989776 
139.63999915 -0.941496 
139.67999915 -0.941496 
139.71999915 -0.941496 
139.75999915 -0.941496 
139.79999915 -0.941496 
139.83999915 -0.941496 
139.87999915 -0.941496 
139.91999915 -0.941496 
139.95999915 -0.941496 
139.99999915 -0.941496 
140.03999915 -1.382488 
140.07999915 -1.382488 
140.11999915 -1.825007 
140.15999915 -1.825007 
140.19999915 -1.382488 
140.23999915 -1.825007 
140.27999915 -1.825007 
140.31999915 -1.825007 
140.35999915 -1.825007 
140.39999915 -1.825007 
140.43999915 -1.825007 
140.47999915 -1.825007 
140.51999915 -1.825007 
140.55999915 -1.825007 
140.59999915 -1.825007 
140.63999915 -1.825007 
140.67999915 -1.825007 
140.71999914 -1.825007 
140.75999914 -1.825007 
140.79999914 -1.825007 
140.83999914 -1.825007 
140.87999914 -1.825007 
140.91999914 -1.825007 
140.95999914 -1.382488 
140.99999914 -1.825007 
141.03999914 -1.382488 
141.07999914 -1.825007 
141.11999914 -0.941496 
141.15999914 -1.825007 
141.19999914 -1.825007 
141.23999914 -1.382488 
141.27999914 -0.941496 
141.31999914 -0.941496 
141.35999914 -0.941496 
141.39999914 -0.941496 
141.43999914 -0.941496 
141.47999914 -1.382488 
141.51999914 -1.382488 
141.55999914 -0.941496 
141.59999914 -0.941496 
141.63999914 -0.941496 
141.67999914 -0.941496 
141.71999914 -0.941496 
141.75999914 -0.941496 
141.79999914 -0.941496 
141.83999914 -0.941496 
141.87999914 -0.941496 
141.91999914 -0.4989776 
141.95999914 -0.941496 
141.99999914 -0.941496 
142.03999914 -0.941496 
142.07999914 -0.4989776 
142.11999914 -0.941496 
142.15999914 -0.4989776 
142.19999914 -0.941496 
142.23999914 -0.4989776 
142.27999914 -0.4989776 
142.31999914 -0.4989776 
142.35999913 -0.4989776 
142.39999913 -0.4989776 
142.43999913 -0.4989776 
142.47999913 -0.4989776 
142.51999913 -0.941496 
142.55999913 -0.941496 
142.63999913 -0.4989776 
142.67999913 -0.941496 
142.71999913 -0.4989776 
142.75999913 -0.4989776 
142.79999913 -0.4989776 
142.83999913 -0.4989776 
142.99999913 -0.941496 
143.03999913 -1.825007 
143.07999913 -0.4989776 
143.15999913 -0.4989776 
143.19999913 -0.941496 
143.27999913 -0.4989776 
143.31999913 -1.825007 
143.35999913 -0.941496 
143.43999913 -0.4989776 
143.47999913 -0.941496 
143.51999913 -0.4989776 
143.55999913 -0.4989776 
143.59999913 -0.4989776 
143.63999913 -0.941496 
143.67999913 -0.941496 
143.71999913 -0.4989776 
143.75999913 -0.4989776 
143.79999913 -0.941496 
143.83999913 -0.941496 
143.87999913 -0.941496 
143.91999913 -0.4989776 
143.95999913 -0.941496 
143.99999912 -0.941496 
144.03999912 -0.941496 
144.07999912 -0.941496 
144.11999912 -0.941496 
144.15999912 -0.941496 
144.19999912 -0.941496 
144.23999912 -0.941496 
144.27999912 -0.941496 
144.31999912 -0.941496 
144.35999912 -0.941496 
144.39999912 -0.941496 
144.43999912 -0.941496 
144.47999912 -0.941496 
144.51999912 -0.941496 
144.55999912 -0.941496 
144.59999912 -0.941496 
144.63999912 -0.941496 
144.67999912 -0.941496 
144.71999912 -0.941496 
144.75999912 -0.941496 
144.79999912 -1.382488 
144.83999912 -1.825007 
144.87999912 -1.382488 
144.91999912 -0.941496 
144.95999912 -1.825007 
144.99999912 -0.941496 
145.03999912 -1.382488 
145.07999912 -1.382488 
145.11999912 -1.825007 
145.15999912 -1.825007 
145.19999912 -1.825007 
145.23999912 -1.382488 
145.27999912 -1.382488 
145.31999912 -1.825007 
145.35999912 -1.825007 
145.39999912 -1.382488 
145.43999912 -1.825007 
145.47999912 -1.825007 
145.51999912 -1.825007 
145.55999912 -1.825007 
145.59999912 -1.825007 
145.63999911 -1.382488 
145.67999911 -1.825007 
145.71999911 -1.825007 
145.75999911 -1.825007 
145.79999911 -1.825007 
145.83999911 -1.825007 
145.87999911 -1.825007 
145.91999911 -1.825007 
145.95999911 -1.382488 
145.99999911 -1.825007 
146.03999911 -1.382488 
146.07999911 -1.825007 
146.11999911 -1.382488 
146.15999911 -1.382488 
146.19999911 -1.382488 
146.23999911 -1.382488 
146.27999911 -0.941496 
146.31999911 -0.941496 
146.35999911 -0.941496 
146.39999911 -0.941496 
146.43999911 -0.941496 
146.47999911 -0.941496 
146.51999911 -0.941496 
146.55999911 -0.941496 
146.59999911 -0.941496 
146.63999911 -0.941496 
146.67999911 -0.4989776 
146.71999911 -0.4989776 
146.75999911 -0.4989776 
146.79999911 -0.4989776 
146.83999911 -0.4989776 
146.87999911 -0.4989776 
155.43999906 -0.4989776 
155.51999905 -0.4989776 
155.55999905 -0.4989776 
155.59999905 -0.4989776 
155.63999905 -0.941496 
155.67999905 -0.941496 
155.71999905 -0.4989776 
155.75999905 -0.941496 
155.79999905 -0.941496 
155.83999905 -0.941496 
155.87999905 -1.382488 
155.91999905 -1.382488 
155.95999905 -1.825007 
155.99999905 -1.825007 
156.03999905 -1.825007 
156.07999905 -1.825007 
156.11999905 -1.825007 
156.15999905 -2.267525 
156.19999905 -2.267525 
156.23999905 -2.267525 
156.27999905 -2.267525 
156.31999905 -2.267525 
156.35999905 -2.267525 
156.39999905 -2.267525 
156.43999905 -2.267525 
156.47999905 -2.708518 
156.51999905 -2.267525 
156.55999905 -2.267525 
156.59999905 -2.708518 
156.63999905 -2.708518 
156.67999905 -2.708518 
156.71999905 -2.708518 
156.75999905 -2.708518 
156.79999905 -2.708518 
156.83999905 -2.708518 
156.87999905 -3.151036 
156.91999905 -2.708518 
156.95999905 -3.151036 
156.99999905 -3.151036 
157.03999905 -3.151036 
157.07999905 -3.151036 
157.11999905 -3.151036 
157.15999904 -2.708518 
157.19999904 -3.151036 
157.23999904 -2.708518 
157.27999904 -2.708518 
157.31999904 -3.151036 
157.35999904 -3.151036 
157.39999904 -3.151036 
157.43999904 -3.151036 
157.47999904 -2.708518 
157.51999904 -2.708518 
157.55999904 -2.708518 
157.59999904 -2.708518 
157.63999904 -2.708518 
157.67999904 -2.708518 
157.71999904 -2.267525 
157.75999904 -2.708518 
157.79999904 -2.267525 
157.83999904 -2.267525 
157.87999904 -2.267525 
157.91999904 -2.267525 
157.95999904 -2.267525 
157.99999904 -2.267525 
158.03999904 -2.267525 
158.07999904 -1.825007 
158.11999904 -2.267525 
158.15999904 -1.825007 
158.19999904 -1.825007 
158.23999904 -1.825007 
158.27999904 -1.825007 
158.31999904 -1.825007 
158.35999904 -1.825007 
158.39999904 -1.825007 
158.43999904 -0.941496 
158.47999904 -0.941496 
158.51999904 -0.941496 
158.55999904 -0.941496 
158.59999904 -0.941496 
158.63999904 -0.941496 
158.67999904 -0.941496 
158.71999904 -0.941496 
158.75999904 -0.941496 
158.79999903 -0.941496 
158.83999903 -0.4989776 
158.87999903 -0.4989776 
158.91999903 -0.4989776 
161.79999902 -0.4989776 
161.83999902 -0.4989776 
161.91999902 -0.4989776 
161.95999902 -0.4989776 
162.03999902 -0.4989776 
162.07999901 -0.941496 
162.11999901 -0.4989776 
162.15999901 -0.4989776 
162.19999901 -0.941496 
162.23999901 -0.941496 
162.27999901 -0.941496 
162.31999901 -0.4989776 
162.35999901 -0.941496 
162.39999901 -0.941496 
162.43999901 -0.941496 
162.47999901 -0.941496 
162.51999901 -0.941496 
162.55999901 -0.941496 
162.59999901 -0.941496 
162.63999901 -0.941496 
162.67999901 -0.941496 
162.71999901 -1.382488 
162.75999901 -0.941496 
162.79999901 -0.941496 
162.83999901 -0.941496 
162.87999901 -0.941496 
162.91999901 -0.941496 
162.95999901 -1.382488 
162.99999901 -0.941496 
163.03999901 -1.382488 
163.07999901 -0.941496 
163.11999901 -0.941496 
163.15999901 -0.941496 
163.19999901 -0.941496 
163.23999901 -0.941496 
163.27999901 -0.941496 
163.31999901 -0.941496 
163.35999901 -1.382488 
163.39999901 -0.941496 
163.43999901 -0.941496 
163.47999901 -0.941496 
163.51999901 -0.941496 
163.55999901 -0.941496 
163.59999901 -0.941496 
163.63999901 -0.941496 
163.67999901 -0.941496 
163.719999 -0.941496 
163.759999 -0.941496 
163.799999 -0.941496 
163.839999 -0.941496 
163.879999 -0.941496 
163.919999 -0.941496 
163.959999 -0.941496 
163.999999 -0.941496 
164.039999 -0.941496 
164.079999 -0.941496 
164.119999 -0.4989776 
164.159999 -0.4989776 
164.199999 -0.4989776 
164.239999 -0.4989776 
164.279999 -0.4989776 
164.319999 -0.4989776 
164.439999 -0.4989776 
164.479999 -0.4989776 
164.519999 -0.4989776 
164.559999 -0.4989776 
164.719999 -0.4989776 
166.47999899 -0.941496 
166.59999899 -0.4989776 
166.71999899 -0.4989776 
166.75999899 -0.4989776 
166.91999899 -0.4989776 
166.95999899 -1.825007 
166.99999899 -0.941496 
167.07999898 -0.4989776 
167.11999898 -0.941496 
167.15999898 -0.4989776 
167.19999898 -0.4989776 
167.23999898 -1.825007 
167.27999898 -1.382488 
167.31999898 -0.4989776 
167.35999898 -0.941496 
167.39999898 -1.825007 
167.43999898 -0.941496 
167.47999898 -0.941496 
167.51999898 -1.382488 
167.55999898 -1.825007 
167.59999898 -1.825007 
167.63999898 -1.382488 
167.67999898 -1.382488 
167.71999898 -1.825007 
167.75999898 -2.267525 
167.79999898 -1.825007 
167.83999898 -1.825007 
167.87999898 -2.267525 
167.91999898 -2.267525 
167.95999898 -2.267525 
167.99999898 -2.267525 
168.03999898 -2.708518 
168.07999898 -2.708518 
168.11999898 -2.708518 
168.15999898 -2.708518 
168.19999898 -2.708518 
168.23999898 -2.708518 
168.27999898 -2.708518 
168.31999898 -2.708518 
168.35999898 -2.708518 
168.39999898 -2.708518 
168.43999898 -2.708518 
168.47999898 -2.708518 
168.51999898 -2.708518 
168.55999898 -3.151036 
168.59999898 -3.151036 
168.63999898 -2.708518 
168.67999897 -3.151036 
168.71999897 -2.708518 
168.75999897 -2.708518 
168.79999897 -2.708518 
168.83999897 -2.708518 
168.87999897 -2.267525 
168.91999897 -2.708518 
168.95999897 -2.267525 
168.99999897 -2.708518 
169.03999897 -2.708518 
169.07999897 -2.708518 
169.11999897 -2.708518 
169.15999897 -2.267525 
169.19999897 -2.267525 
169.23999897 -2.267525 
169.27999897 -2.267525 
169.31999897 -2.267525 
169.35999897 -2.267525 
169.39999897 -1.825007 
169.43999897 -2.267525 
169.47999897 -2.267525 
169.51999897 -2.267525 
169.55999897 -1.825007 
169.59999897 -1.825007 
169.63999897 -1.825007 
169.67999897 -1.825007 
169.71999897 -1.825007 
169.75999897 -1.825007 
169.79999897 -1.825007 
169.83999897 -1.825007 
169.87999897 -1.382488 
169.91999897 -0.941496 
169.95999897 -1.825007 
169.99999897 -1.382488 
170.03999897 -0.941496 
170.07999897 -0.941496 
170.11999897 -0.941496 
170.15999897 -0.941496 
170.19999897 -0.941496 
170.23999897 -0.941496 
170.27999897 -0.941496 
170.31999896 -0.941496 
170.35999896 -0.941496 
170.39999896 -0.4989776 
170.43999896 -0.941496 
170.47999896 -0.941496 
170.51999896 -0.4989776 
170.55999896 -0.4989776 
170.59999896 -0.4989776 
170.63999896 -0.941496 
179.31999891 -0.4989776 
179.39999891 -0.4989776 
179.43999891 -0.4989776 
179.47999891 -0.4989776 
179.51999891 -0.4989776 
179.55999891 -0.4989776 
179.59999891 -0.4989776 
179.63999891 -0.4989776 
179.67999891 -0.4989776 
179.71999891 -0.4989776 
179.75999891 -0.941496 
179.79999891 -0.4989776 
179.83999891 -0.941496 
179.87999891 -0.4989776 
179.91999891 -0.4989776 
179.95999891 -0.941496 
179.99999891 -0.4989776 
180.03999891 -0.941496 
180.07999891 -0.941496 
180.11999891 -0.941496 
180.15999891 -0.941496 
180.1999989 -0.941496 
180.2399989 -0.941496 
180.2799989 -0.941496 
180.3199989 -0.941496 
180.3599989 -0.941496 
180.3999989 -0.941496 
180.4399989 -0.4989776 
180.4799989 -0.941496 
180.5199989 -0.941496 
180.5599989 -0.941496 
180.5999989 -0.941496 
180.6399989 -0.941496 
180.6799989 -0.941496 
180.7199989 -0.4989776 
180.7599989 -0.4989776 
180.7999989 -0.941496 
180.8399989 -0.941496 
180.8799989 -1.825007 
180.9199989 -0.941496 
180.9599989 -0.4989776 
180.9999989 -0.4989776 
181.0399989 -0.941496 
181.0799989 -0.4989776 
181.1199989 -0.4989776 
181.1599989 -0.941496 
181.1999989 -0.4989776 
181.2399989 -0.4989776 
181.2799989 -0.4989776 
181.3199989 -0.4989776 
181.3599989 -0.4989776 
181.3999989 -0.4989776 
181.4399989 -0.4989776 
181.4799989 -0.4989776 
181.5199989 -0.4989776 
181.5599989 -0.4989776 
181.5999989 -0.4989776 
181.6399989 -0.4989776 
181.6799989 -0.4989776 
181.7199989 -0.4989776 
181.7599989 -0.4989776 
181.83999889 -0.4989776 
181.95999889 -0.4989776 
181.99999889 -0.4989776 
182.03999889 -0.4989776 
182.23999889 -0.4989776 
182.31999889 -0.4989776 
182.35999889 -0.4989776 
182.55999889 -0.4989776 
182.67999889 -0.4989776 
182.91999889 -0.4989776 
182.99999889 -0.4989776 
183.03999889 -0.4989776 
183.07999889 -0.4989776 
183.11999889 -0.4989776 
183.15999889 -0.4989776 
183.19999889 -0.4989776 
183.23999889 -0.4989776 
183.27999889 -0.4989776 
183.31999889 -0.4989776 
183.35999889 -0.941496 
183.39999889 -0.4989776 
183.43999889 -0.4989776 
183.47999888 -0.4989776 
183.51999888 -0.4989776 
183.55999888 -0.4989776 
183.59999888 -0.941496 
183.63999888 -0.941496 
183.67999888 -0.941496 
183.71999888 -0.941496 
183.75999888 -0.941496 
183.79999888 -0.941496 
183.83999888 -0.941496 
183.87999888 -0.941496 
183.91999888 -0.941496 
183.95999888 -0.941496 
183.99999888 -0.941496 
184.03999888 -0.4989776 
184.07999888 -0.941496 
184.11999888 -0.941496 
184.15999888 -0.941496 
184.19999888 -0.941496 
184.23999888 -0.941496 
184.27999888 -0.941496 
184.31999888 -0.941496 
184.35999888 -0.941496 
184.39999888 -0.941496 
184.43999888 -0.941496 
184.47999888 -0.941496 
184.51999888 -0.941496 
184.55999888 -0.941496 
184.59999888 -0.941496 
184.63999888 -0.941496 
184.67999888 -0.941496 
184.71999888 -0.941496 
184.75999888 -0.941496 
184.79999888 -0.4989776 
184.83999888 -0.4989776 
184.87999888 -0.941496 
184.91999888 -0.4989776 
184.95999888 -0.4989776 
184.99999888 -0.4989776 
185.03999888 -0.4989776 
185.07999888 -0.4989776 
185.11999887 -0.4989776 
189.03999885 -0.4989776 
189.07999885 -0.4989776 
189.11999885 -0.4989776 
189.15999885 -0.941496 
189.19999885 -0.941496 
189.23999885 -0.941496 
189.27999885 -0.941496 
189.31999885 -0.941496 
189.35999885 -0.941496 
189.39999885 -0.941496 
189.43999885 -0.941496 
189.47999885 -0.941496 
189.51999885 -0.941496 
189.55999885 -0.941496 
189.59999885 -1.382488 
189.63999885 -0.941496 
189.67999885 -1.382488 
189.71999885 -1.382488 
189.75999885 -1.382488 
189.79999885 -1.382488 
189.83999885 -1.382488 
189.87999885 -1.825007 
189.91999885 -1.825007 
189.95999885 -1.825007 
189.99999885 -1.825007 
190.03999885 -1.825007 
190.07999884 -1.825007 
190.11999884 -1.825007 
190.15999884 -1.825007 
190.19999884 -1.825007 
190.23999884 -1.825007 
190.27999884 -1.825007 
190.31999884 -1.825007 
190.35999884 -1.825007 
190.39999884 -1.825007 
190.43999884 -2.708518 
190.47999884 -0.4989776 
190.55999884 -1.382488 
190.59999884 -2.267525 
190.63999884 -1.382488 
190.67999884 -0.941496 
190.71999884 -1.825007 
190.75999884 -1.382488 
190.79999884 -0.941496 
190.83999884 -0.941496 
190.87999884 -0.941496 
190.91999884 -2.267525 
190.95999884 -2.708518 
190.99999884 -0.941496 
191.03999884 -0.941496 
191.07999884 -1.825007 
191.11999884 -1.825007 
191.15999884 -0.941496 
191.19999884 -1.825007 
191.23999884 -2.267525 
191.27999884 -0.941496 
191.31999884 -0.941496 
191.35999884 -1.825007 
191.39999884 -1.825007 
191.43999884 -1.382488 
191.47999884 -0.941496 
191.51999884 -1.825007 
191.55999884 -1.825007 
191.59999884 -1.825007 
191.63999884 -1.382488 
191.67999884 -0.941496 
191.71999883 -1.825007 
191.75999883 -1.825007 
191.79999883 -1.825007 
191.83999883 -1.825007 
191.87999883 -1.825007 
191.91999883 -1.825007 
191.95999883 -1.382488 
191.99999883 -0.941496 
192.03999883 -1.825007 
192.07999883 -1.825007 
192.11999883 -1.825007 
192.15999883 -1.825007 
192.19999883 -1.382488 
192.23999883 -1.825007 
192.27999883 -1.825007 
192.31999883 -1.825007 
192.35999883 -0.941496 
192.39999883 -1.382488 
192.43999883 -1.825007 
192.47999883 -1.825007 
192.51999883 -1.825007 
192.55999883 -1.825007 
192.59999883 -1.382488 
192.63999883 -1.825007 
192.67999883 -1.825007 
192.71999883 -1.825007 
192.75999883 -1.382488 
192.79999883 -1.825007 
192.83999883 -1.825007 
192.87999883 -1.825007 
192.91999883 -1.825007 
192.95999883 -1.825007 
192.99999883 -1.825007 
193.03999883 -1.825007 
193.07999883 -1.825007 
193.11999883 -1.825007 
193.15999883 -1.382488 
193.19999883 -1.382488 
193.23999883 -1.825007 
193.27999883 -1.825007 
193.31999883 -1.382488 
193.35999882 -1.382488 
193.39999882 -1.825007 
193.43999882 -1.825007 
193.47999882 -1.825007 
193.51999882 -1.825007 
193.55999882 -1.825007 
193.59999882 -1.825007 
193.63999882 -1.825007 
193.67999882 -1.825007 
193.71999882 -1.825007 
193.75999882 -1.825007 
193.79999882 -2.267525 
193.83999882 -1.825007 
193.87999882 -1.825007 
193.91999882 -1.825007 
193.95999882 -1.825007 
193.99999882 -1.825007 
194.03999882 -1.825007 
194.07999882 -1.825007 
194.11999882 -1.825007 
194.15999882 -1.825007 
194.19999882 -1.825007 
194.23999882 -1.825007 
194.27999882 -1.825007 
194.31999882 -1.825007 
194.35999882 -1.825007 
194.39999882 -1.825007 
194.43999882 -1.825007 
194.47999882 -1.825007 
194.51999882 -1.825007 
194.55999882 -1.825007 
194.59999882 -1.825007 
194.63999882 -1.825007 
194.67999882 -1.825007 
194.71999882 -1.825007 
194.75999882 -1.825007 
194.79999882 -1.825007 
194.83999882 -1.825007 
194.87999882 -1.825007 
194.91999882 -1.825007 
194.95999882 -1.825007 
194.99999881 -1.825007 
195.03999881 -1.825007 
195.07999881 -1.825007 
195.11999881 -1.825007 
195.15999881 -1.825007 
195.19999881 -1.825007 
195.23999881 -1.825007 
195.27999881 -1.825007 
195.31999881 -1.825007 
195.35999881 -1.825007 
195.39999881 -1.825007 
195.43999881 -1.825007 
195.47999881 -1.825007 
195.51999881 -1.825007 
195.55999881 -1.825007 
195.59999881 -1.825007 
195.63999881 -1.825007 
195.67999881 -1.825007 
195.71999881 -1.825007 
195.75999881 -1.825007 
195.79999881 -1.825007 
195.83999881 -1.825007 
195.87999881 -1.825007 
195.91999881 -1.825007 
195.95999881 -1.825007 
195.99999881 -1.382488 
196.03999881 -1.825007 
196.07999881 -0.941496 
196.11999881 -1.825007 
196.15999881 -1.825007 
196.19999881 -1.382488 
196.23999881 -1.382488 
196.27999881 -1.382488 
196.31999881 -1.382488 
196.35999881 -0.941496 
196.39999881 -1.382488 
196.43999881 -1.382488 
196.47999881 -0.941496 
196.51999881 -0.941496 
196.55999881 -0.941496 
196.59999881 -0.941496 
196.6399988 -0.941496 
196.6799988 -0.941496 
196.7199988 -0.941496 
196.7599988 -0.941496 
196.7999988 -0.941496 
196.8399988 -0.941496 
196.8799988 -0.941496 
196.9199988 -0.941496 
196.9599988 -0.4989776 
196.9999988 -0.4989776 
197.0399988 -0.4989776 
197.0799988 -0.4989776 
197.1199988 -0.4989776 
0 0 
