0.08 -0.4577776 
0.12 -0.4577776 
0.16 -0.4577776 
0.2 -0.4577776 
0.36 -0.4577776 
0.56 -0.4577776 
0.6 -0.4577776 
0.64 -0.4577776 
0.87999999 -0.4577776 
0.91999999 -1.339762 
1.11999999 -0.4577776 
1.15999999 -0.4577776 
1.35999999 -0.4577776 
1.39999999 -0.4577776 
1.47999999 -0.4577776 
1.51999999 -0.4577776 
1.59999999 -0.4577776 
1.63999999 -0.4577776 
1.71999999 -0.4577776 
1.75999999 -0.4577776 
1.79999999 -0.4577776 
1.83999999 -0.4577776 
1.87999999 -0.4577776 
1.91999999 -0.4577776 
1.95999999 -0.4577776 
1.99999999 -0.4577776 
2.03999999 -0.4577776 
2.07999999 -0.4577776 
2.11999999 -0.4577776 
2.15999999 -0.4577776 
2.19999999 -0.4577776 
2.23999999 -0.4577776 
2.27999999 -0.4577776 
2.31999999 -1.339762 
2.35999999 -0.4577776 
2.39999999 -0.4577776 
2.43999999 -1.339762 
2.47999998 -1.339762 
2.51999998 -0.4577776 
2.55999998 -0.4577776 
2.59999998 -0.4577776 
2.63999998 -0.4577776 
2.67999998 -1.339762 
2.71999998 -0.4577776 
2.75999998 -0.4577776 
2.79999998 -0.4577776 
2.83999998 -2.224799 
2.87999998 -2.224799 
2.91999998 -0.4577776 
2.95999998 -0.4577776 
2.99999998 -0.4577776 
3.03999998 -1.339762 
3.07999998 -2.224799 
3.11999998 -1.339762 
3.15999998 -0.4577776 
3.19999998 -2.224799 
3.23999998 -2.224799 
3.27999998 -0.4577776 
3.31999998 -0.4577776 
3.35999998 -0.4577776 
3.39999998 -1.339762 
3.43999998 -2.224799 
3.47999998 -2.224799 
3.51999998 -2.224799 
3.55999998 -0.4577776 
3.59999998 -1.339762 
3.63999998 -1.339762 
3.67999998 -1.339762 
3.71999998 -1.339762 
3.75999998 -1.339762 
3.79999998 -2.224799 
3.83999998 -1.339762 
3.87999998 -1.339762 
3.91999998 -1.339762 
3.95999998 -1.339762 
3.99999998 -2.224799 
4.03999998 -1.339762 
4.07999998 -0.4577776 
4.11999997 -0.4577776 
4.15999997 -1.339762 
4.19999997 -2.224799 
4.23999997 -1.339762 
4.27999997 -1.339762 
4.31999997 -1.339762 
4.35999997 -0.4577776 
4.39999997 -1.339762 
4.43999997 -2.224799 
4.47999997 -1.339762 
4.51999997 -1.339762 
4.55999997 -0.4577776 
4.59999997 -0.4577776 
4.63999997 -1.339762 
4.67999997 -1.339762 
4.71999997 -1.339762 
4.75999997 -1.339762 
4.83999997 -1.339762 
4.87999997 -4.87991 
4.91999997 -2.224799 
4.99999997 -0.4577776 
5.03999997 -1.339762 
5.07999997 -0.4577776 
5.11999997 -1.339762 
5.15999997 -2.224799 
5.19999997 -1.339762 
5.23999997 -0.4577776 
5.27999997 -0.4577776 
5.31999997 -0.4577776 
5.35999997 -1.339762 
5.39999997 -2.224799 
5.43999997 -2.224799 
5.47999997 -0.4577776 
5.59999997 -0.4577776 
5.63999997 -2.224799 
5.67999997 -1.339762 
5.71999997 -0.4577776 
5.75999996 -0.4577776 
5.79999996 -0.4577776 
5.83999996 -1.339762 
5.87999996 -2.224799 
5.91999996 -0.4577776 
6.03999996 -1.339762 
6.07999996 -0.4577776 
6.15999996 -0.4577776 
6.19999996 -1.339762 
6.23999996 -0.4577776 
6.27999996 -0.4577776 
6.31999996 -0.4577776 
6.35999996 -0.4577776 
6.43999996 -0.4577776 
6.47999996 -0.4577776 
6.51999996 -0.4577776 
6.55999996 -0.4577776 
6.59999996 -0.4577776 
6.71999996 -0.4577776 
6.75999996 -0.4577776 
6.79999996 -0.4577776 
6.83999996 -0.4577776 
6.91999996 -0.4577776 
6.95999996 -0.4577776 
6.99999996 -0.4577776 
7.03999996 -0.4577776 
7.15999996 -0.4577776 
7.19999996 -0.4577776 
7.23999996 -0.4577776 
7.39999996 -0.4577776 
7.43999995 -0.4577776 
7.47999995 -0.4577776 
7.51999995 -0.4577776 
7.63999995 -0.4577776 
7.67999995 -0.4577776 
7.71999995 -0.4577776 
7.83999995 -0.4577776 
7.87999995 -0.4577776 
7.91999995 -0.4577776 
7.99999995 -0.4577776 
8.07999995 -0.4577776 
8.11999995 -1.339762 
8.15999995 -1.339762 
8.31999995 -0.4577776 
8.35999995 -1.339762 
8.39999995 -0.4577776 
8.43999995 -0.4577776 
8.59999995 -0.4577776 
8.63999995 -0.4577776 
8.67999995 -0.4577776 
8.71999995 -0.4577776 
8.75999995 -0.4577776 
8.79999995 -0.4577776 
8.87999995 -0.4577776 
8.91999995 -0.4577776 
8.95999995 -0.4577776 
8.99999995 -0.4577776 
9.03999995 -0.4577776 
9.07999994 -0.4577776 
9.11999994 -0.4577776 
9.15999994 -0.4577776 
9.19999994 -0.4577776 
9.31999994 -0.4577776 
9.35999994 -1.339762 
9.39999994 -0.4577776 
9.55999994 -0.4577776 
9.59999994 -0.4577776 
9.71999994 -3.994873 
9.75999994 -2.224799 
9.87999994 -2.224799 
9.91999994 -2.224799 
9.95999994 -0.4577776 
9.99999994 -1.339762 
10.15999994 -1.339762 
10.19999994 -1.339762 
10.23999994 -0.4577776 
10.39999994 -0.4577776 
10.43999994 -1.339762 
10.47999994 -0.4577776 
10.63999994 -1.339762 
10.67999994 -0.4577776 
10.87999993 -0.4577776 
10.91999993 -0.4577776 
12.71999992 -0.4577776 
12.75999992 -0.4577776 
13.27999992 -0.4577776 
13.87999992 -0.4577776 
13.91999992 -0.4577776 
14.11999991 -1.339762 
14.15999991 -2.224799 
14.23999991 -3.994873 
14.31999991 -0.4577776 
14.47999991 -1.339762 
14.51999991 -1.339762 
14.63999991 -0.4577776 
14.67999991 -2.224799 
14.71999991 -2.224799 
14.95999991 -3.994873 
14.99999991 -0.4577776 
15.11999991 -2.224799 
15.15999991 -1.339762 
15.19999991 -0.4577776 
15.35999991 -0.4577776 
15.39999991 -0.4577776 
15.43999991 -1.339762 
15.47999991 -0.4577776 
15.6399999 -0.4577776 
15.6799999 -0.4577776 
15.7999999 -0.4577776 
15.9599999 -1.339762 
15.9999999 -1.339762 
16.0399999 -0.4577776 
16.1199999 -0.4577776 
16.2799999 -0.4577776 
16.3199999 -0.4577776 
16.4799999 -0.4577776 
16.7999999 -0.4577776 
16.9999999 -0.4577776 
17.0399999 -0.4577776 
17.27999989 -0.4577776 
17.47999989 -0.4577776 
17.51999989 -0.4577776 
17.63999989 -0.4577776 
17.75999989 -2.224799 
17.79999989 -2.224799 
17.95999989 -0.4577776 
18.11999989 -0.4577776 
18.15999989 -0.4577776 
18.19999989 -0.4577776 
18.39999989 -0.4577776 
18.43999989 -0.4577776 
18.63999989 -0.4577776 
18.67999989 -0.4577776 
18.71999989 -0.4577776 
18.79999989 -0.4577776 
18.83999989 -0.4577776 
18.91999989 -0.4577776 
19.03999988 -0.4577776 
19.07999988 -0.4577776 
19.11999988 -0.4577776 
19.19999988 -0.4577776 
19.35999988 -0.4577776 
19.39999988 -2.224799 
19.43999988 -6.649983 
19.55999988 -0.4577776 
19.59999988 -2.224799 
19.63999988 -1.339762 
19.83999988 -1.339762 
19.87999988 -0.4577776 
19.99999988 -0.4577776 
20.03999988 -1.339762 
20.07999988 -0.4577776 
20.11999988 -0.4577776 
20.27999988 -0.4577776 
20.31999988 -0.4577776 
20.35999988 -0.4577776 
20.51999988 -0.4577776 
20.55999988 -0.4577776 
20.59999987 -0.4577776 
20.75999987 -0.4577776 
20.91999987 -0.4577776 
20.99999987 -0.4577776 
21.15999987 -0.4577776 
21.31999987 -0.4577776 
21.55999987 -0.4577776 
21.59999987 -0.4577776 
21.63999987 -0.4577776 
23.91999985 -0.4577776 
23.95999985 -0.4577776 
24.59999985 -0.4577776 
24.63999985 -0.4577776 
24.79999985 -0.4577776 
24.83999985 -0.4577776 
24.87999985 -0.4577776 
24.91999985 -0.4577776 
25.07999985 -1.339762 
25.11999985 -1.339762 
25.15999985 -0.4577776 
25.27999985 -0.4577776 
25.31999985 -0.4577776 
25.35999985 -0.4577776 
25.47999985 -0.4577776 
25.51999984 -0.4577776 
25.55999984 -0.4577776 
25.59999984 -0.4577776 
25.63999984 -0.4577776 
25.75999984 -0.4577776 
25.79999984 -0.4577776 
25.83999984 -0.4577776 
25.91999984 -1.339762 
25.95999984 -2.224799 
26.07999984 -0.4577776 
26.11999984 -0.4577776 
26.15999984 -0.4577776 
26.19999984 -1.339762 
26.23999984 -1.339762 
26.27999984 -0.4577776 
26.31999984 -1.339762 
26.35999984 -0.4577776 
26.43999984 -0.4577776 
26.47999984 -2.224799 
26.51999984 -0.4577776 
26.55999984 -0.4577776 
26.59999984 -0.4577776 
26.63999984 -0.4577776 
26.67999984 -1.339762 
26.71999984 -1.339762 
26.75999984 -0.4577776 
26.79999984 -0.4577776 
26.83999984 -1.339762 
26.87999984 -0.4577776 
26.91999984 -1.339762 
26.95999984 -1.339762 
26.99999984 -0.4577776 
27.03999984 -0.4577776 
27.07999984 -0.4577776 
27.11999984 -1.339762 
27.15999983 -2.224799 
27.19999983 -1.339762 
27.23999983 -0.4577776 
27.27999983 -0.4577776 
27.31999983 -0.4577776 
27.35999983 -1.339762 
27.39999983 -1.339762 
27.43999983 -0.4577776 
27.47999983 -0.4577776 
27.51999983 -0.4577776 
27.55999983 -0.4577776 
27.59999983 -1.339762 
27.63999983 -0.4577776 
27.67999983 -0.4577776 
27.71999983 -0.4577776 
27.75999983 -2.224799 
27.79999983 -2.224799 
27.83999983 -1.339762 
27.87999983 -0.4577776 
27.91999983 -1.339762 
27.95999983 -0.4577776 
27.99999983 -1.339762 
28.03999983 -1.339762 
28.07999983 -1.339762 
28.11999983 -1.339762 
28.15999983 -0.4577776 
28.19999983 -0.4577776 
28.23999983 -1.339762 
28.27999983 -1.339762 
28.31999983 -1.339762 
28.35999983 -0.4577776 
28.39999983 -0.4577776 
28.43999983 -0.4577776 
28.47999983 -1.339762 
28.51999983 -1.339762 
28.55999983 -1.339762 
28.59999983 -1.339762 
28.63999983 -0.4577776 
28.67999983 -0.4577776 
28.71999983 -1.339762 
28.75999983 -1.339762 
28.79999982 -1.339762 
28.83999982 -1.339762 
28.87999982 -1.339762 
28.91999982 -1.339762 
28.95999982 -1.339762 
28.99999982 -0.4577776 
29.03999982 -1.339762 
29.07999982 -0.4577776 
29.11999982 -1.339762 
29.15999982 -1.339762 
29.19999982 -2.224799 
29.23999982 -1.339762 
29.27999982 -1.339762 
29.31999982 -0.4577776 
29.35999982 -1.339762 
29.39999982 -1.339762 
29.43999982 -1.339762 
29.47999982 -1.339762 
29.51999982 -1.339762 
29.55999982 -1.339762 
29.63999982 -0.4577776 
29.67999982 -2.224799 
29.71999982 -3.109836 
29.75999982 -1.339762 
29.87999982 -0.4577776 
29.91999982 -1.339762 
29.95999982 -2.224799 
29.99999982 -2.224799 
30.03999982 -0.4577776 
30.07999982 -0.4577776 
30.11999982 -2.224799 
30.15999982 -1.339762 
30.19999982 -0.4577776 
30.23999982 -0.4577776 
30.27999982 -0.4577776 
30.31999982 -1.339762 
30.35999982 -2.224799 
30.39999982 -2.224799 
30.43999982 -1.339762 
30.47999981 -0.4577776 
30.51999981 -0.4577776 
30.55999981 -1.339762 
30.59999981 -2.224799 
30.63999981 -1.339762 
30.67999981 -0.4577776 
30.71999981 -0.4577776 
30.75999981 -0.4577776 
30.79999981 -1.339762 
30.83999981 -1.339762 
30.87999981 -0.4577776 
30.91999981 -0.4577776 
30.95999981 -0.4577776 
30.99999981 -1.339762 
31.03999981 -2.224799 
31.07999981 -0.4577776 
31.15999981 -4.87991 
31.19999981 -2.224799 
31.31999981 -0.4577776 
31.35999981 -0.4577776 
31.39999981 -0.4577776 
31.43999981 -1.339762 
31.47999981 -1.339762 
31.51999981 -0.4577776 
31.55999981 -0.4577776 
31.59999981 -0.4577776 
31.67999981 -0.4577776 
31.71999981 -1.339762 
31.75999981 -1.339762 
31.79999981 -1.339762 
31.91999981 -0.4577776 
31.95999981 -1.339762 
31.99999981 -1.339762 
32.03999981 -0.4577776 
32.1599998 -1.339762 
32.1999998 -3.109836 
32.3199998 -0.4577776 
32.3599998 -0.4577776 
32.3999998 -0.4577776 
32.4399998 -1.339762 
32.4799998 -0.4577776 
32.6399998 -0.4577776 
32.6799998 -0.4577776 
32.7199998 -0.4577776 
32.7599998 -0.4577776 
32.8799998 -0.4577776 
32.9999998 -0.4577776 
33.0399998 -0.4577776 
33.3599998 -0.4577776 
33.3999998 -0.4577776 
33.75999979 -0.4577776 
33.95999979 -0.4577776 
34.19999979 -0.4577776 
34.47999979 -1.339762 
34.51999979 -2.224799 
34.55999979 -2.224799 
34.59999979 -0.4577776 
34.79999979 -2.224799 
34.83999979 -2.224799 
34.87999979 -0.4577776 
35.03999979 -1.339762 
35.07999979 -1.339762 
35.11999979 -0.4577776 
35.27999979 -0.4577776 
35.31999979 -0.4577776 
35.35999979 -0.4577776 
35.51999978 -0.4577776 
35.55999978 -0.4577776 
35.59999978 -0.4577776 
35.63999978 -0.4577776 
35.79999978 -1.339762 
35.83999978 -1.339762 
35.87999978 -0.4577776 
35.99999978 -0.4577776 
36.03999978 -0.4577776 
36.07999978 -0.4577776 
36.11999978 -1.339762 
36.15999978 -1.339762 
36.31999978 -0.4577776 
36.35999978 -0.4577776 
36.47999978 -0.4577776 
36.51999978 -0.4577776 
36.55999978 -0.4577776 
36.59999978 -0.4577776 
36.67999978 -0.4577776 
36.71999978 -0.4577776 
36.75999978 -0.4577776 
36.83999978 -0.4577776 
36.87999978 -0.4577776 
36.91999978 -0.4577776 
36.95999978 -0.4577776 
36.99999978 -0.4577776 
37.03999977 -0.4577776 
37.19999977 -0.4577776 
37.39999977 -0.4577776 
37.43999977 -0.4577776 
37.63999977 -0.4577776 
37.87999977 -0.4577776 
38.71999976 -0.4577776 
38.83999976 -3.109836 
38.87999976 -1.339762 
39.03999976 -1.339762 
39.07999976 -2.224799 
39.11999976 -0.4577776 
39.31999976 -3.994873 
39.35999976 -2.224799 
39.47999976 -0.4577776 
39.59999976 -2.224799 
39.63999976 -1.339762 
39.79999976 -0.4577776 
39.83999976 -0.4577776 
39.99999976 -0.4577776 
40.15999976 -0.4577776 
40.43999975 -0.4577776 
40.47999975 -0.4577776 
40.63999975 -0.4577776 
40.67999975 -0.4577776 
40.71999975 -0.4577776 
40.87999975 -0.4577776 
40.91999975 -0.4577776 
40.95999975 -1.339762 
41.11999975 -0.4577776 
41.15999975 -1.339762 
41.19999975 -0.4577776 
41.23999975 -0.4577776 
41.31999975 -0.4577776 
41.35999975 -0.4577776 
41.39999975 -0.4577776 
41.43999975 -0.4577776 
41.51999975 -0.4577776 
41.55999975 -2.224799 
41.59999975 -0.4577776 
41.71999975 -0.4577776 
41.75999975 -0.4577776 
41.79999975 -1.339762 
41.83999975 -0.4577776 
41.87999975 -0.4577776 
41.91999975 -0.4577776 
41.95999974 -0.4577776 
41.99999974 -0.4577776 
42.03999974 -0.4577776 
42.07999974 -0.4577776 
42.15999974 -0.4577776 
42.19999974 -0.4577776 
42.23999974 -1.339762 
42.27999974 -1.339762 
42.31999974 -0.4577776 
42.35999974 -0.4577776 
42.39999974 -0.4577776 
42.43999974 -0.4577776 
42.47999974 -1.339762 
42.51999974 -0.4577776 
42.55999974 -0.4577776 
42.63999974 -0.4577776 
42.67999974 -1.339762 
42.71999974 -1.339762 
42.75999974 -0.4577776 
42.79999974 -0.4577776 
42.87999974 -0.4577776 
42.91999974 -0.4577776 
42.95999974 -0.4577776 
42.99999974 -0.4577776 
43.07999974 -0.4577776 
43.11999974 -0.4577776 
43.27999974 -0.4577776 
43.31999974 -0.4577776 
43.35999974 -0.4577776 
43.39999974 -0.4577776 
43.63999973 -0.4577776 
43.67999973 -0.4577776 
43.87999973 -0.4577776 
44.07999973 -3.994873 
44.11999973 -1.339762 
44.35999973 -0.4577776 
44.39999973 -0.4577776 
44.59999973 -0.4577776 
45.55999972 -3.994873 
45.59999972 -1.339762 
46.15999972 -0.4577776 
46.31999972 -0.4577776 
46.35999972 -0.4577776 
46.59999972 -0.4577776 
46.63999972 -0.4577776 
46.83999972 -0.4577776 
47.07999971 -0.4577776 
47.55999971 -0.4577776 
47.71999971 -0.4577776 
47.75999971 -0.4577776 
47.79999971 -0.4577776 
48.03999971 -0.4577776 
48.19999971 -0.4577776 
48.23999971 -0.4577776 
48.35999971 -0.4577776 
48.39999971 -0.4577776 
48.43999971 -0.4577776 
48.6799997 -0.4577776 
48.7199997 -0.4577776 
48.8799997 -0.4577776 
48.9199997 -0.4577776 
48.9599997 -0.4577776 
48.9999997 -0.4577776 
49.2399997 -0.4577776 
49.2799997 -1.339762 
49.3199997 -0.4577776 
49.4799997 -0.4577776 
49.5199997 -0.4577776 
49.5599997 -0.4577776 
49.6799997 -0.4577776 
49.8399997 -0.4577776 
49.8799997 -0.4577776 
50.0399997 -1.339762 
50.0799997 -1.339762 
50.27999969 -0.4577776 
50.31999969 -0.4577776 
50.47999969 -0.4577776 
50.75999969 -0.4577776 
51.03999969 -0.4577776 
51.07999969 -0.4577776 
51.19999969 -0.4577776 
51.23999969 -0.4577776 
51.27999969 -0.4577776 
51.31999969 -0.4577776 
51.43999969 -0.4577776 
51.47999969 -0.4577776 
51.51999969 -0.4577776 
51.55999969 -0.4577776 
51.67999969 -0.4577776 
51.71999969 -1.339762 
51.75999969 -1.339762 
51.79999969 -0.4577776 
51.87999968 -0.4577776 
51.91999968 -1.339762 
51.95999968 -0.4577776 
51.99999968 -0.4577776 
52.03999968 -0.4577776 
52.11999968 -0.4577776 
52.15999968 -1.339762 
52.19999968 -1.339762 
52.23999968 -1.339762 
52.27999968 -1.339762 
52.31999968 -0.4577776 
52.35999968 -1.339762 
52.39999968 -1.339762 
52.43999968 -1.339762 
52.47999968 -1.339762 
52.51999968 -1.339762 
52.55999968 -1.339762 
52.59999968 -1.339762 
52.63999968 -1.339762 
52.67999968 -0.4577776 
52.71999968 -1.339762 
52.75999968 -1.339762 
52.79999968 -1.339762 
52.83999968 -1.339762 
52.87999968 -1.339762 
52.91999968 -1.339762 
52.95999968 -1.339762 
52.99999968 -1.339762 
53.03999968 -1.339762 
53.07999968 -2.224799 
53.11999968 -1.339762 
53.15999968 -0.4577776 
53.19999968 -0.4577776 
53.23999968 -1.339762 
53.27999968 -2.224799 
53.31999968 -1.339762 
53.35999968 -1.339762 
53.39999968 -0.4577776 
53.43999968 -0.4577776 
53.47999967 -0.4577776 
53.51999967 -2.224799 
53.55999967 -2.224799 
53.59999967 -1.339762 
53.63999967 -0.4577776 
53.67999967 -0.4577776 
53.71999967 -2.224799 
53.75999967 -1.339762 
53.79999967 -0.4577776 
53.83999967 -0.4577776 
53.87999967 -1.339762 
53.91999967 -2.224799 
53.95999967 -2.224799 
53.99999967 -2.224799 
54.03999967 -0.4577776 
54.11999967 -0.4577776 
54.15999967 -2.224799 
54.19999967 -3.109836 
54.23999967 -1.339762 
54.27999967 -0.4577776 
54.31999967 -0.4577776 
54.35999967 -0.4577776 
54.39999967 -2.224799 
54.43999967 -2.224799 
54.47999967 -1.339762 
54.51999967 -0.4577776 
54.55999967 -0.4577776 
54.59999967 -0.4577776 
54.63999967 -1.339762 
54.67999967 -1.339762 
54.71999967 -1.339762 
54.75999967 -0.4577776 
54.79999967 -0.4577776 
54.83999967 -0.4577776 
54.87999967 -0.4577776 
54.91999967 -1.339762 
54.95999967 -0.4577776 
54.99999967 -0.4577776 
55.03999967 -1.339762 
55.07999967 -0.4577776 
55.11999967 -0.4577776 
55.15999966 -0.4577776 
55.19999966 -0.4577776 
55.23999966 -1.339762 
55.27999966 -1.339762 
55.31999966 -0.4577776 
55.35999966 -0.4577776 
55.39999966 -0.4577776 
55.43999966 -0.4577776 
55.47999966 -0.4577776 
55.51999966 -0.4577776 
55.55999966 -0.4577776 
55.59999966 -0.4577776 
55.63999966 -0.4577776 
55.67999966 -0.4577776 
55.71999966 -0.4577776 
55.75999966 -0.4577776 
55.79999966 -1.339762 
55.83999966 -0.4577776 
55.87999966 -0.4577776 
55.91999966 -0.4577776 
55.95999966 -0.4577776 
55.99999966 -0.4577776 
56.03999966 -1.339762 
56.07999966 -0.4577776 
56.11999966 -0.4577776 
56.15999966 -0.4577776 
56.19999966 -0.4577776 
56.23999966 -0.4577776 
56.27999966 -1.339762 
56.31999966 -0.4577776 
56.43999966 -0.4577776 
56.47999966 -1.339762 
56.51999966 -1.339762 
56.55999966 -1.339762 
56.59999966 -0.4577776 
56.75999966 -0.4577776 
56.79999965 -2.224799 
56.83999965 -1.339762 
56.87999965 -1.339762 
56.91999965 -0.4577776 
56.99999965 -0.4577776 
57.03999965 -0.4577776 
57.07999965 -0.4577776 
57.11999965 -0.4577776 
57.15999965 -0.4577776 
57.19999965 -0.4577776 
57.23999965 -0.4577776 
57.27999965 -0.4577776 
57.31999965 -0.4577776 
57.35999965 -0.4577776 
57.43999965 -1.339762 
57.47999965 -3.109836 
57.59999965 -1.339762 
57.63999965 -2.224799 
57.67999965 -0.4577776 
57.75999965 -0.4577776 
57.79999965 -0.4577776 
57.83999965 -0.4577776 
57.87999965 -1.339762 
57.91999965 -0.4577776 
57.95999965 -0.4577776 
57.99999965 -0.4577776 
58.03999965 -0.4577776 
58.07999965 -0.4577776 
58.11999965 -0.4577776 
58.15999965 -0.4577776 
58.19999965 -0.4577776 
58.23999965 -0.4577776 
58.31999965 -2.224799 
58.35999965 -2.224799 
58.47999964 -0.4577776 
58.51999964 -0.4577776 
58.55999964 -0.4577776 
58.59999964 -1.339762 
58.63999964 -0.4577776 
58.75999964 -1.339762 
58.79999964 -1.339762 
58.91999964 -0.4577776 
58.95999964 -3.994873 
58.99999964 -2.224799 
59.03999964 -0.4577776 
59.15999964 -0.4577776 
59.19999964 -1.339762 
59.23999964 -1.339762 
59.27999964 -0.4577776 
59.39999964 -0.4577776 
59.43999964 -0.4577776 
59.47999964 -0.4577776 
59.51999964 -0.4577776 
59.55999964 -0.4577776 
59.63999964 -0.4577776 
59.67999964 -0.4577776 
59.71999964 -0.4577776 
59.75999964 -0.4577776 
59.79999964 -0.4577776 
59.83999964 -0.4577776 
59.95999964 -0.4577776 
59.99999964 -0.4577776 
60.11999963 -0.4577776 
60.15999963 -0.4577776 
60.19999963 -0.4577776 
60.23999963 -0.4577776 
60.39999963 -0.4577776 
60.43999963 -0.4577776 
60.83999963 -0.4577776 
61.51999963 -0.4577776 
61.55999963 -0.4577776 
61.79999962 -0.4577776 
61.99999962 -0.4577776 
62.95999962 -0.4577776 
63.27999962 -3.994873 
63.43999961 -5.764946 
63.63999961 -0.4577776 
63.67999961 -0.4577776 
63.75999961 -2.224799 
63.79999961 -2.224799 
63.91999961 -2.224799 
63.95999961 -0.4577776 
64.03999961 -0.4577776 
64.07999961 -2.224799 
64.11999961 -0.4577776 
64.19999961 -0.4577776 
64.23999961 -2.224799 
64.27999961 -1.339762 
64.31999961 -0.4577776 
64.39999961 -0.4577776 
64.43999961 -0.4577776 
64.47999961 -1.339762 
64.51999961 -0.4577776 
64.55999961 -0.4577776 
64.59999961 -0.4577776 
64.67999961 -0.4577776 
64.71999961 -1.339762 
64.75999961 -1.339762 
64.79999961 -0.4577776 
64.87999961 -0.4577776 
64.91999961 -0.4577776 
64.95999961 -1.339762 
64.9999996 -0.4577776 
65.0399996 -0.4577776 
65.0799996 -0.4577776 
65.1199996 -0.4577776 
65.1599996 -0.4577776 
65.1999996 -0.4577776 
65.2399996 -1.339762 
65.2799996 -0.4577776 
65.3199996 -0.4577776 
65.3599996 -0.4577776 
65.3999996 -0.4577776 
65.4399996 -0.4577776 
65.4799996 -0.4577776 
65.5199996 -0.4577776 
65.5599996 -0.4577776 
65.5999996 -0.4577776 
65.6399996 -0.4577776 
65.7599996 -0.4577776 
65.7999996 -0.4577776 
65.8399996 -0.4577776 
65.8799996 -0.4577776 
65.9999996 -0.4577776 
66.0399996 -0.4577776 
66.0799996 -0.4577776 
66.1199996 -0.4577776 
66.2799996 -0.4577776 
66.3199996 -1.339762 
66.3599996 -0.4577776 
66.3999996 -0.4577776 
66.4399996 -0.4577776 
66.4799996 -0.4577776 
66.63999959 -1.339762 
66.67999959 -1.339762 
66.95999959 -0.4577776 
67.19999959 -0.4577776 
67.23999959 -0.4577776 
67.47999959 -0.4577776 
67.51999959 -0.4577776 
67.99999959 -0.4577776 
68.03999959 -0.4577776 
68.23999959 -0.4577776 
68.27999959 -0.4577776 
68.47999958 -0.4577776 
68.51999958 -0.4577776 
68.83999958 -0.4577776 
68.87999958 -0.4577776 
69.07999958 -0.4577776 
69.19999958 -0.4577776 
69.23999958 -0.4577776 
69.51999958 -0.4577776 
69.55999958 -0.4577776 
69.83999958 -0.4577776 
70.35999957 -2.224799 
70.39999957 -2.224799 
71.71999956 -2.224799 
71.75999956 -1.339762 
72.03999956 -0.4577776 
73.31999955 -0.4577776 
73.35999955 -0.4577776 
73.83999955 -0.4577776 
73.91999955 -0.4577776 
73.95999955 -0.4577776 
74.15999955 -0.4577776 
74.35999955 -0.4577776 
74.39999955 -0.4577776 
74.63999955 -0.4577776 
74.75999955 -0.4577776 
74.99999954 -0.4577776 
75.03999954 -0.4577776 
75.19999954 -0.4577776 
75.23999954 -0.4577776 
75.27999954 -0.4577776 
75.51999954 -0.4577776 
75.55999954 -0.4577776 
75.79999954 -0.4577776 
75.95999954 -0.4577776 
75.99999954 -0.4577776 
76.19999954 -0.4577776 
76.23999954 -0.4577776 
76.43999954 -0.4577776 
76.63999953 -0.4577776 
76.67999953 -2.224799 
76.71999953 -1.339762 
76.75999953 -0.4577776 
76.87999953 -0.4577776 
76.91999953 -1.339762 
77.15999953 -0.4577776 
77.19999953 -0.4577776 
77.23999953 -0.4577776 
77.35999953 -0.4577776 
77.47999953 -0.4577776 
77.51999953 -0.4577776 
77.63999953 -0.4577776 
77.67999953 -0.4577776 
77.83999953 -0.4577776 
77.87999953 -0.4577776 
77.91999953 -1.339762 
77.95999953 -1.339762 
78.15999952 -1.339762 
78.19999952 -1.339762 
78.23999952 -0.4577776 
78.39999952 -0.4577776 
78.43999952 -0.4577776 
78.47999952 -0.4577776 
78.51999952 -0.4577776 
78.55999952 -0.4577776 
78.59999952 -0.4577776 
78.63999952 -0.4577776 
78.67999952 -0.4577776 
78.71999952 -0.4577776 
78.75999952 -0.4577776 
78.79999952 -0.4577776 
78.83999952 -0.4577776 
78.91999952 -0.4577776 
78.95999952 -1.339762 
78.99999952 -0.4577776 
79.03999952 -0.4577776 
79.07999952 -0.4577776 
79.11999952 -0.4577776 
79.15999952 -0.4577776 
79.19999952 -0.4577776 
79.23999952 -0.4577776 
79.27999952 -0.4577776 
79.31999952 -0.4577776 
79.35999952 -0.4577776 
79.39999952 -0.4577776 
79.43999952 -0.4577776 
79.47999952 -0.4577776 
79.51999952 -0.4577776 
79.55999952 -0.4577776 
79.59999952 -0.4577776 
79.63999952 -1.339762 
79.67999952 -0.4577776 
79.71999952 -0.4577776 
79.75999952 -0.4577776 
79.79999952 -0.4577776 
79.83999951 -0.4577776 
79.87999951 -0.4577776 
79.91999951 -0.4577776 
79.95999951 -0.4577776 
79.99999951 -1.339762 
80.03999951 -1.339762 
80.07999951 -0.4577776 
80.11999951 -0.4577776 
80.15999951 -0.4577776 
80.19999951 -0.4577776 
80.23999951 -1.339762 
80.27999951 -2.224799 
80.31999951 -0.4577776 
80.35999951 -0.4577776 
80.39999951 -0.4577776 
80.43999951 -0.4577776 
80.47999951 -1.339762 
80.51999951 -2.224799 
80.55999951 -0.4577776 
80.63999951 -0.4577776 
80.67999951 -1.339762 
80.71999951 -1.339762 
80.75999951 -0.4577776 
80.79999951 -0.4577776 
80.83999951 -0.4577776 
80.87999951 -0.4577776 
80.91999951 -1.339762 
80.95999951 -1.339762 
80.99999951 -0.4577776 
81.03999951 -0.4577776 
81.07999951 -0.4577776 
81.11999951 -0.4577776 
81.15999951 -1.339762 
81.19999951 -1.339762 
81.23999951 -0.4577776 
81.27999951 -1.339762 
81.31999951 -0.4577776 
81.35999951 -0.4577776 
81.39999951 -1.339762 
81.43999951 -1.339762 
81.4799995 -0.4577776 
81.5199995 -0.4577776 
81.5599995 -0.4577776 
81.5999995 -0.4577776 
81.6399995 -0.4577776 
81.6799995 -0.4577776 
81.7199995 -0.4577776 
81.7599995 -0.4577776 
81.7999995 -0.4577776 
81.8399995 -0.4577776 
81.8799995 -0.4577776 
81.9199995 -0.4577776 
81.9599995 -0.4577776 
81.9999995 -0.4577776 
82.0399995 -0.4577776 
82.0799995 -0.4577776 
82.1199995 -0.4577776 
82.1599995 -0.4577776 
82.1999995 -1.339762 
82.2399995 -0.4577776 
82.2799995 -0.4577776 
82.3999995 -0.4577776 
82.4399995 -0.4577776 
82.4799995 -0.4577776 
82.5199995 -0.4577776 
82.6399995 -1.339762 
82.6799995 -1.339762 
82.8399995 -0.4577776 
82.8799995 -2.224799 
82.9199995 -1.339762 
83.11999949 -1.339762 
83.15999949 -1.339762 
83.19999949 -0.4577776 
83.35999949 -0.4577776 
83.39999949 -0.4577776 
83.51999949 -1.339762 
83.63999949 -0.4577776 
83.67999949 -3.994873 
83.71999949 -2.224799 
83.75999949 -0.4577776 
83.91999949 -1.339762 
83.95999949 -1.339762 
84.19999949 -0.4577776 
84.47999949 -2.224799 
84.51999949 -0.4577776 
84.67999949 -0.4577776 
84.71999949 -0.4577776 
84.75999948 -0.4577776 
84.87999948 -0.4577776 
84.91999948 -0.4577776 
84.95999948 -0.4577776 
85.11999948 -0.4577776 
85.15999948 -0.4577776 
85.19999948 -0.4577776 
85.27999948 -0.4577776 
85.39999948 -0.4577776 
85.43999948 -0.4577776 
85.47999948 -0.4577776 
85.59999948 -0.4577776 
85.63999948 -0.4577776 
85.67999948 -0.4577776 
85.71999948 -0.4577776 
85.79999948 -0.4577776 
85.83999948 -0.4577776 
85.87999948 -0.4577776 
85.91999948 -0.4577776 
85.95999948 -0.4577776 
86.03999948 -0.4577776 
86.07999948 -1.339762 
86.11999948 -0.4577776 
86.15999948 -0.4577776 
86.19999948 -0.4577776 
86.23999948 -0.4577776 
86.27999948 -0.4577776 
86.31999948 -0.4577776 
86.35999948 -0.4577776 
86.39999947 -0.4577776 
86.43999947 -0.4577776 
86.47999947 -0.4577776 
86.51999947 -1.339762 
86.55999947 -1.339762 
86.63999947 -0.4577776 
86.67999947 -1.339762 
86.79999947 -1.339762 
86.83999947 -2.224799 
86.87999947 -1.339762 
86.99999947 -0.4577776 
87.03999947 -1.339762 
87.07999947 -0.4577776 
87.19999947 -0.4577776 
87.23999947 -2.224799 
87.27999947 -0.4577776 
87.35999947 -0.4577776 
87.39999947 -0.4577776 
87.51999947 -0.4577776 
87.55999947 -0.4577776 
87.59999947 -1.339762 
87.63999947 -1.339762 
87.83999947 -0.4577776 
87.87999947 -0.4577776 
87.91999947 -1.339762 
87.95999947 -3.109836 
88.03999946 -3.109836 
88.11999946 -0.4577776 
88.23999946 -1.339762 
88.27999946 -2.224799 
88.31999946 -0.4577776 
88.43999946 -1.339762 
88.47999946 -3.994873 
88.51999946 -2.224799 
88.63999946 -0.4577776 
88.75999946 -3.109836 
88.79999946 -1.339762 
88.91999946 -2.224799 
88.95999946 -0.4577776 
89.03999946 -0.4577776 
89.07999946 -0.4577776 
89.11999946 -0.4577776 
89.15999946 -0.4577776 
89.19999946 -0.4577776 
89.23999946 -0.4577776 
89.27999946 -1.339762 
89.31999946 -0.4577776 
89.35999946 -0.4577776 
89.39999946 -0.4577776 
89.43999946 -0.4577776 
89.47999946 -0.4577776 
89.51999946 -0.4577776 
89.55999946 -0.4577776 
89.59999946 -0.4577776 
89.63999946 -1.339762 
89.67999945 -0.4577776 
89.71999945 -0.4577776 
89.75999945 -0.4577776 
89.79999945 -0.4577776 
89.83999945 -0.4577776 
89.87999945 -0.4577776 
89.91999945 -0.4577776 
89.95999945 -1.339762 
89.99999945 -1.339762 
90.03999945 -0.4577776 
90.07999945 -0.4577776 
90.11999945 -0.4577776 
90.15999945 -0.4577776 
90.19999945 -1.339762 
90.23999945 -1.339762 
90.27999945 -2.224799 
90.31999945 -1.339762 
90.35999945 -0.4577776 
90.39999945 -0.4577776 
90.43999945 -0.4577776 
90.47999945 -0.4577776 
90.51999945 -1.339762 
90.55999945 -1.339762 
90.59999945 -0.4577776 
90.63999945 -1.339762 
90.67999945 -1.339762 
90.71999945 -1.339762 
90.75999945 -1.339762 
90.79999945 -1.339762 
90.83999945 -0.4577776 
90.87999945 -1.339762 
90.91999945 -2.224799 
90.95999945 -1.339762 
90.99999945 -1.339762 
91.03999945 -0.4577776 
91.07999945 -1.339762 
91.11999945 -1.339762 
91.15999945 -1.339762 
91.19999945 -1.339762 
91.23999945 -1.339762 
91.27999945 -1.339762 
91.31999945 -1.339762 
91.35999944 -2.224799 
91.39999944 -1.339762 
91.43999944 -1.339762 
91.47999944 -1.339762 
91.51999944 -1.339762 
91.55999944 -2.224799 
91.59999944 -1.339762 
91.63999944 -1.339762 
91.67999944 -0.4577776 
91.71999944 -1.339762 
91.75999944 -0.4577776 
91.79999944 -1.339762 
91.83999944 -1.339762 
91.87999944 -0.4577776 
91.91999944 -0.4577776 
91.95999944 -1.339762 
91.99999944 -1.339762 
92.03999944 -1.339762 
92.07999944 -1.339762 
92.11999944 -1.339762 
92.15999944 -0.4577776 
92.19999944 -0.4577776 
92.23999944 -0.4577776 
92.27999944 -1.339762 
92.31999944 -0.4577776 
92.39999944 -1.339762 
92.43999944 -2.224799 
92.47999944 -0.4577776 
92.63999944 -0.4577776 
92.67999944 -1.339762 
92.71999944 -0.4577776 
92.83999944 -0.4577776 
92.87999944 -0.4577776 
92.91999944 -0.4577776 
93.15999943 -0.4577776 
93.19999943 -0.4577776 
93.35999943 -0.4577776 
93.47999943 -0.4577776 
93.75999943 -0.4577776 
94.19999943 -0.4577776 
94.23999943 -0.4577776 
96.63999941 -0.4577776 
96.67999941 -3.994873 
96.83999941 -1.339762 
97.23999941 -0.4577776 
97.27999941 -0.4577776 
97.71999941 -0.4577776 
97.87999941 -2.224799 
97.9199994 -0.4577776 
101.07999939 -0.4577776 
101.27999938 -0.4577776 
101.47999938 -0.4577776 
101.51999938 -0.4577776 
101.71999938 -0.4577776 
101.75999938 -0.4577776 
101.79999938 -0.4577776 
101.95999938 -0.4577776 
101.99999938 -1.339762 
102.03999938 -1.339762 
102.07999938 -0.4577776 
102.19999938 -0.4577776 
102.23999938 -0.4577776 
102.27999938 -1.339762 
102.31999938 -0.4577776 
102.35999938 -0.4577776 
102.39999938 -0.4577776 
102.43999938 -0.4577776 
102.47999938 -0.4577776 
102.51999938 -0.4577776 
102.55999938 -0.4577776 
102.59999938 -0.4577776 
102.63999938 -0.4577776 
102.67999938 -1.339762 
102.71999938 -0.4577776 
102.79999938 -0.4577776 
102.83999937 -0.4577776 
102.87999937 -0.4577776 
102.91999937 -1.339762 
102.95999937 -0.4577776 
102.99999937 -0.4577776 
103.03999937 -0.4577776 
103.07999937 -0.4577776 
103.11999937 -0.4577776 
103.15999937 -0.4577776 
103.19999937 -0.4577776 
103.23999937 -0.4577776 
103.27999937 -0.4577776 
103.31999937 -0.4577776 
103.35999937 -0.4577776 
103.39999937 -0.4577776 
103.43999937 -0.4577776 
103.47999937 -0.4577776 
103.51999937 -0.4577776 
103.55999937 -0.4577776 
103.59999937 -0.4577776 
103.63999937 -0.4577776 
103.67999937 -0.4577776 
103.71999937 -0.4577776 
103.75999937 -0.4577776 
103.79999937 -0.4577776 
103.83999937 -0.4577776 
103.87999937 -0.4577776 
104.03999937 -1.339762 
104.07999937 -1.339762 
104.11999937 -0.4577776 
104.31999937 -0.4577776 
104.35999937 -0.4577776 
104.39999937 -0.4577776 
104.43999937 -0.4577776 
104.47999937 -0.4577776 
104.51999936 -0.4577776 
104.55999936 -0.4577776 
104.59999936 -0.4577776 
104.63999936 -0.4577776 
104.83999936 -0.4577776 
104.87999936 -0.4577776 
104.91999936 -0.4577776 
104.95999936 -0.4577776 
105.11999936 -0.4577776 
105.15999936 -0.4577776 
105.19999936 -0.4577776 
105.35999936 -0.4577776 
105.39999936 -0.4577776 
105.51999936 -1.339762 
105.55999936 -0.4577776 
105.63999936 -0.4577776 
105.67999936 -0.4577776 
105.83999936 -0.4577776 
105.87999936 -0.4577776 
105.91999936 -0.4577776 
106.07999936 -0.4577776 
106.11999936 -0.4577776 
106.15999935 -0.4577776 
106.31999935 -0.4577776 
106.35999935 -0.4577776 
106.39999935 -0.4577776 
106.43999935 -0.4577776 
106.47999935 -0.4577776 
106.51999935 -0.4577776 
106.59999935 -0.4577776 
106.63999935 -0.4577776 
106.71999935 -0.4577776 
106.75999935 -0.4577776 
106.79999935 -1.339762 
106.83999935 -1.339762 
106.87999935 -0.4577776 
106.99999935 -0.4577776 
107.03999935 -3.994873 
107.07999935 -2.224799 
107.23999935 -0.4577776 
107.27999935 -1.339762 
107.31999935 -0.4577776 
107.43999935 -0.4577776 
107.47999935 -1.339762 
107.51999935 -0.4577776 
107.55999935 -0.4577776 
107.71999935 -0.4577776 
107.75999935 -0.4577776 
107.79999934 -0.4577776 
107.83999934 -0.4577776 
107.87999934 -0.4577776 
107.91999934 -0.4577776 
107.95999934 -0.4577776 
107.99999934 -0.4577776 
108.03999934 -0.4577776 
108.07999934 -1.339762 
108.11999934 -0.4577776 
108.15999934 -0.4577776 
108.35999934 -2.224799 
108.39999934 -3.994873 
108.43999934 -1.339762 
108.59999934 -0.4577776 
108.63999934 -0.4577776 
108.67999934 -0.4577776 
108.71999934 -0.4577776 
108.79999934 -0.4577776 
108.83999934 -0.4577776 
108.87999934 -0.4577776 
108.91999934 -0.4577776 
108.99999934 -0.4577776 
109.03999934 -0.4577776 
109.07999934 -0.4577776 
109.11999934 -0.4577776 
109.15999934 -0.4577776 
109.19999934 -0.4577776 
109.23999934 -0.4577776 
109.27999934 -0.4577776 
109.31999934 -0.4577776 
109.35999934 -0.4577776 
109.47999933 -0.4577776 
109.51999933 -0.4577776 
109.55999933 -0.4577776 
109.59999933 -0.4577776 
109.71999933 -0.4577776 
109.75999933 -0.4577776 
109.79999933 -0.4577776 
109.91999933 -0.4577776 
109.95999933 -0.4577776 
109.99999933 -0.4577776 
110.03999933 -0.4577776 
110.07999933 -0.4577776 
110.19999933 -3.109836 
110.23999933 -2.224799 
110.35999933 -0.4577776 
110.39999933 -0.4577776 
110.43999933 -0.4577776 
110.47999933 -0.4577776 
110.59999933 -0.4577776 
110.63999933 -1.339762 
110.67999933 -0.4577776 
110.79999933 -0.4577776 
110.91999933 -0.4577776 
111.03999933 -0.4577776 
111.07999932 -0.4577776 
111.15999932 -0.4577776 
111.27999932 -0.4577776 
111.35999932 -0.4577776 
111.39999932 -0.4577776 
111.47999932 -0.4577776 
111.51999932 -0.4577776 
111.67999932 -1.339762 
111.71999932 -1.339762 
111.75999932 -0.4577776 
111.87999932 -0.4577776 
111.91999932 -1.339762 
111.95999932 -1.339762 
111.99999932 -0.4577776 
112.03999932 -0.4577776 
112.07999932 -0.4577776 
112.11999932 -0.4577776 
112.15999932 -0.4577776 
112.19999932 -0.4577776 
112.23999932 -1.339762 
112.27999932 -0.4577776 
112.31999932 -0.4577776 
112.35999932 -0.4577776 
112.39999932 -0.4577776 
112.43999932 -0.4577776 
112.47999932 -0.4577776 
112.51999932 -0.4577776 
112.63999932 -1.339762 
112.67999932 -6.649983 
112.75999931 -1.339762 
112.83999931 -4.87991 
112.95999931 -0.4577776 
112.99999931 -1.339762 
113.03999931 -1.339762 
113.15999931 -2.224799 
113.19999931 -4.87991 
113.23999931 -2.224799 
113.31999931 -1.339762 
113.35999931 -0.4577776 
113.43999931 -1.339762 
113.47999931 -4.87991 
113.51999931 -1.339762 
113.59999931 -0.4577776 
113.63999931 -3.994873 
113.67999931 -2.224799 
113.71999931 -1.339762 
113.79999931 -0.4577776 
113.83999931 -1.339762 
113.87999931 -2.224799 
113.91999931 -0.4577776 
113.95999931 -0.4577776 
113.99999931 -1.339762 
114.03999931 -1.339762 
114.07999931 -0.4577776 
114.11999931 -1.339762 
114.15999931 -1.339762 
114.19999931 -1.339762 
114.23999931 -0.4577776 
114.27999931 -1.339762 
114.31999931 -1.339762 
114.3599993 -0.4577776 
114.3999993 -1.339762 
114.4399993 -1.339762 
114.4799993 -1.339762 
114.5199993 -1.339762 
114.5599993 -1.339762 
114.5999993 -0.4577776 
114.6399993 -0.4577776 
114.6799993 -1.339762 
114.7199993 -0.4577776 
114.7599993 -0.4577776 
114.7999993 -1.339762 
114.8399993 -1.339762 
114.8799993 -0.4577776 
114.9199993 -0.4577776 
114.9599993 -0.4577776 
114.9999993 -1.339762 
115.0399993 -1.339762 
115.0799993 -0.4577776 
115.1199993 -0.4577776 
115.1599993 -0.4577776 
115.1999993 -0.4577776 
115.2399993 -1.339762 
115.2799993 -0.4577776 
115.3199993 -0.4577776 
115.3599993 -0.4577776 
115.3999993 -0.4577776 
115.4399993 -0.4577776 
115.4799993 -1.339762 
115.5199993 -0.4577776 
115.5999993 -0.4577776 
115.6399993 -0.4577776 
115.6799993 -0.4577776 
115.7199993 -0.4577776 
115.8799993 -0.4577776 
115.9199993 -0.4577776 
115.9599993 -0.4577776 
116.11999929 -0.4577776 
116.15999929 -1.339762 
116.19999929 -0.4577776 
116.23999929 -0.4577776 
116.27999929 -0.4577776 
116.31999929 -0.4577776 
116.35999929 -0.4577776 
116.47999929 -0.4577776 
116.51999929 -1.339762 
116.55999929 -1.339762 
116.59999929 -0.4577776 
116.75999929 -0.4577776 
116.79999929 -0.4577776 
116.83999929 -0.4577776 
116.91999929 -0.4577776 
116.95999929 -0.4577776 
117.11999929 -0.4577776 
117.15999929 -1.339762 
117.19999929 -1.339762 
117.23999929 -0.4577776 
117.35999929 -0.4577776 
117.39999929 -0.4577776 
117.43999929 -0.4577776 
117.47999929 -0.4577776 
117.55999929 -0.4577776 
117.59999929 -0.4577776 
117.63999929 -0.4577776 
117.67999928 -0.4577776 
117.75999928 -0.4577776 
117.79999928 -0.4577776 
117.83999928 -1.339762 
117.87999928 -0.4577776 
117.91999928 -0.4577776 
117.95999928 -0.4577776 
117.99999928 -0.4577776 
118.03999928 -0.4577776 
118.07999928 -0.4577776 
118.11999928 -0.4577776 
118.15999928 -0.4577776 
118.19999928 -0.4577776 
118.23999928 -0.4577776 
118.27999928 -0.4577776 
118.31999928 -0.4577776 
118.39999928 -0.4577776 
118.43999928 -1.339762 
118.47999928 -0.4577776 
118.51999928 -0.4577776 
118.55999928 -0.4577776 
118.63999928 -0.4577776 
118.67999928 -1.339762 
118.71999928 -1.339762 
118.75999928 -0.4577776 
118.79999928 -0.4577776 
118.83999928 -0.4577776 
118.87999928 -0.4577776 
118.91999928 -0.4577776 
118.95999928 -0.4577776 
118.99999928 -0.4577776 
119.03999928 -0.4577776 
119.07999928 -0.4577776 
119.11999928 -0.4577776 
119.15999928 -0.4577776 
119.19999928 -0.4577776 
119.23999928 -0.4577776 
119.27999928 -0.4577776 
119.31999927 -0.4577776 
119.35999927 -0.4577776 
119.39999927 -0.4577776 
119.43999927 -0.4577776 
119.55999927 -0.4577776 
119.59999927 -0.4577776 
119.75999927 -0.4577776 
120.03999927 -0.4577776 
120.07999927 -0.4577776 
122.95999925 -0.4577776 
123.11999925 -1.339762 
123.15999925 -0.4577776 
123.83999925 -0.4577776 
123.87999925 -5.764946 
124.03999925 -0.4577776 
124.07999925 -0.4577776 
124.67999924 -0.4577776 
124.95999924 -0.4577776 
125.11999924 -0.4577776 
125.15999924 -0.4577776 
125.19999924 -0.4577776 
125.43999924 -0.4577776 
125.47999924 -0.4577776 
125.63999924 -0.4577776 
125.67999924 -0.4577776 
125.71999924 -0.4577776 
125.75999924 -0.4577776 
125.95999923 -0.4577776 
125.99999923 -1.339762 
126.03999923 -0.4577776 
126.23999923 -0.4577776 
126.27999923 -0.4577776 
126.71999923 -0.4577776 
127.03999923 -0.4577776 
127.15999923 -0.4577776 
127.19999923 -0.4577776 
127.39999923 -0.4577776 
127.55999922 -0.4577776 
127.79999922 -0.4577776 
127.95999922 -0.4577776 
127.99999922 -1.339762 
128.03999922 -0.4577776 
128.19999922 -0.4577776 
128.23999922 -0.4577776 
128.43999922 -0.4577776 
128.47999922 -0.4577776 
128.51999922 -0.4577776 
128.67999922 -0.4577776 
128.71999922 -0.4577776 
128.75999922 -0.4577776 
128.79999922 -0.4577776 
128.91999922 -0.4577776 
128.95999922 -1.339762 
128.99999922 -0.4577776 
129.03999922 -0.4577776 
129.15999922 -0.4577776 
129.19999921 -1.339762 
129.23999921 -0.4577776 
129.35999921 -0.4577776 
129.39999921 -0.4577776 
129.43999921 -1.339762 
129.47999921 -0.4577776 
129.59999921 -0.4577776 
129.63999921 -1.339762 
129.67999921 -1.339762 
129.71999921 -0.4577776 
129.83999921 -0.4577776 
129.87999921 -1.339762 
129.91999921 -0.4577776 
129.95999921 -0.4577776 
130.07999921 -0.4577776 
130.11999921 -1.339762 
130.15999921 -0.4577776 
130.19999921 -0.4577776 
130.23999921 -0.4577776 
130.35999921 -0.4577776 
130.39999921 -1.339762 
130.43999921 -1.339762 
130.47999921 -0.4577776 
130.51999921 -0.4577776 
130.67999921 -0.4577776 
130.71999921 -1.339762 
130.75999921 -0.4577776 
130.79999921 -0.4577776 
130.9599992 -0.4577776 
130.9999992 -0.4577776 
131.0399992 -0.4577776 
131.4799992 -0.4577776 
133.15999919 -2.224799 
133.19999919 -1.339762 
134.31999918 -0.4577776 
134.47999918 -0.4577776 
134.51999918 -0.4577776 
134.55999918 -0.4577776 
134.63999918 -0.4577776 
134.67999918 -0.4577776 
134.83999918 -0.4577776 
134.87999918 -0.4577776 
134.91999918 -0.4577776 
134.95999918 -0.4577776 
135.03999918 -0.4577776 
135.07999918 -0.4577776 
135.11999918 -0.4577776 
135.15999918 -0.4577776 
135.19999918 -0.4577776 
135.35999918 -0.4577776 
135.39999918 -1.339762 
135.43999918 -1.339762 
135.47999918 -1.339762 
135.51999918 -0.4577776 
135.59999918 -0.4577776 
135.63999918 -0.4577776 
135.67999918 -2.224799 
135.71999918 -1.339762 
135.79999917 -0.4577776 
135.83999917 -0.4577776 
135.87999917 -0.4577776 
135.91999917 -0.4577776 
135.95999917 -0.4577776 
135.99999917 -0.4577776 
136.03999917 -0.4577776 
136.07999917 -0.4577776 
136.11999917 -0.4577776 
136.15999917 -0.4577776 
136.19999917 -0.4577776 
136.23999917 -0.4577776 
136.39999917 -0.4577776 
136.47999917 -3.109836 
136.51999917 -3.994873 
136.63999917 -1.339762 
136.75999917 -1.339762 
136.79999917 -1.339762 
136.83999917 -0.4577776 
136.95999917 -0.4577776 
136.99999917 -0.4577776 
137.03999917 -0.4577776 
137.07999917 -0.4577776 
137.11999917 -0.4577776 
137.19999917 -0.4577776 
137.23999917 -0.4577776 
137.35999917 -1.339762 
137.39999916 -1.339762 
137.43999916 -1.339762 
137.47999916 -1.339762 
137.51999916 -1.339762 
137.59999916 -5.764946 
137.63999916 -4.87991 
137.79999916 -1.339762 
137.83999916 -2.224799 
137.87999916 -0.4577776 
138.03999916 -3.994873 
138.07999916 -3.109836 
138.19999916 -0.4577776 
138.31999916 -3.994873 
138.35999916 -1.339762 
138.47999916 -1.339762 
138.51999916 -0.4577776 
138.55999916 -0.4577776 
138.59999916 -0.4577776 
138.67999916 -0.4577776 
138.71999916 -0.4577776 
138.83999916 -1.339762 
138.87999916 -0.4577776 
138.95999916 -0.4577776 
138.99999916 -1.339762 
139.03999915 -0.4577776 
139.15999915 -0.4577776 
139.19999915 -1.339762 
139.23999915 -1.339762 
139.27999915 -0.4577776 
139.31999915 -0.4577776 
139.39999915 -0.4577776 
139.43999915 -1.339762 
139.47999915 -1.339762 
139.51999915 -0.4577776 
139.55999915 -0.4577776 
139.59999915 -0.4577776 
139.63999915 -0.4577776 
139.67999915 -1.339762 
139.71999915 -0.4577776 
139.75999915 -0.4577776 
139.79999915 -1.339762 
139.83999915 -1.339762 
139.95999915 -0.4577776 
139.99999915 -2.224799 
140.03999915 -3.994873 
140.07999915 -2.224799 
140.19999915 -0.4577776 
140.23999915 -1.339762 
140.27999915 -2.224799 
140.31999915 -2.224799 
140.35999915 -1.339762 
140.39999915 -0.4577776 
140.43999915 -0.4577776 
140.47999915 -1.339762 
140.51999915 -1.339762 
140.55999915 -1.339762 
140.59999915 -1.339762 
140.63999915 -1.339762 
140.67999915 -0.4577776 
140.71999914 -1.339762 
140.75999914 -1.339762 
140.79999914 -1.339762 
140.83999914 -1.339762 
140.87999914 -1.339762 
140.91999914 -1.339762 
140.95999914 -1.339762 
140.99999914 -1.339762 
141.03999914 -1.339762 
141.07999914 -1.339762 
141.11999914 -1.339762 
141.15999914 -1.339762 
141.19999914 -1.339762 
141.23999914 -1.339762 
141.27999914 -1.339762 
141.31999914 -2.224799 
141.35999914 -1.339762 
141.39999914 -1.339762 
141.43999914 -1.339762 
141.47999914 -1.339762 
141.51999914 -2.224799 
141.55999914 -1.339762 
141.59999914 -0.4577776 
141.63999914 -1.339762 
141.67999914 -1.339762 
141.71999914 -2.224799 
141.75999914 -1.339762 
141.79999914 -0.4577776 
141.83999914 -0.4577776 
141.87999914 -1.339762 
141.91999914 -1.339762 
141.95999914 -1.339762 
141.99999914 -2.224799 
142.03999914 -0.4577776 
142.07999914 -0.4577776 
142.11999914 -0.4577776 
142.15999914 -1.339762 
142.19999914 -1.339762 
142.23999914 -1.339762 
142.27999914 -0.4577776 
142.31999914 -0.4577776 
142.35999913 -0.4577776 
142.39999913 -1.339762 
142.43999913 -1.339762 
142.47999913 -0.4577776 
142.51999913 -0.4577776 
142.55999913 -0.4577776 
142.59999913 -1.339762 
142.63999913 -0.4577776 
142.67999913 -0.4577776 
142.71999913 -0.4577776 
142.75999913 -0.4577776 
142.83999913 -1.339762 
142.87999913 -0.4577776 
142.91999913 -0.4577776 
142.99999913 -0.4577776 
143.03999913 -0.4577776 
143.07999913 -0.4577776 
143.11999913 -0.4577776 
143.15999913 -0.4577776 
143.23999913 -0.4577776 
143.27999913 -0.4577776 
143.39999913 -0.4577776 
143.43999913 -0.4577776 
143.47999913 -0.4577776 
143.51999913 -0.4577776 
143.63999913 -0.4577776 
143.67999913 -0.4577776 
143.71999913 -0.4577776 
144.11999912 -0.4577776 
144.27999912 -0.4577776 
144.91999912 -0.4577776 
144.95999912 -1.339762 
144.99999912 -0.4577776 
145.15999912 -0.4577776 
145.19999912 -0.4577776 
145.43999912 -0.4577776 
145.67999911 -0.4577776 
145.79999911 -0.4577776 
145.83999911 -0.4577776 
146.03999911 -0.4577776 
146.07999911 -1.339762 
146.11999911 -1.339762 
146.15999911 -0.4577776 
146.27999911 -0.4577776 
146.31999911 -1.339762 
146.35999911 -0.4577776 
146.47999911 -0.4577776 
146.55999911 -0.4577776 
146.59999911 -0.4577776 
146.79999911 -0.4577776 
146.83999911 -0.4577776 
146.87999911 -0.4577776 
146.99999911 -0.4577776 
147.07999911 -0.4577776 
147.11999911 -0.4577776 
147.23999911 -0.4577776 
147.2799991 -0.4577776 
147.3199991 -0.4577776 
147.3599991 -0.4577776 
147.5199991 -1.339762 
147.5599991 -1.339762 
147.7199991 -0.4577776 
147.7599991 -0.4577776 
148.1999991 -0.4577776 
149.43999909 -2.224799 
149.47999909 -0.4577776 
149.99999909 -2.224799 
150.03999909 -2.224799 
150.35999909 -0.4577776 
150.67999908 -0.4577776 
150.87999908 -0.4577776 
150.91999908 -0.4577776 
151.11999908 -0.4577776 
151.15999908 -0.4577776 
151.19999908 -0.4577776 
151.23999908 -0.4577776 
151.31999908 -0.4577776 
151.35999908 -0.4577776 
151.39999908 -0.4577776 
151.43999908 -0.4577776 
151.47999908 -0.4577776 
151.59999908 -0.4577776 
151.63999908 -0.4577776 
151.67999908 -0.4577776 
151.75999908 -0.4577776 
151.79999908 -0.4577776 
151.83999908 -0.4577776 
151.87999908 -0.4577776 
151.91999908 -0.4577776 
151.95999908 -0.4577776 
151.99999908 -0.4577776 
152.03999908 -0.4577776 
152.07999908 -0.4577776 
152.11999908 -0.4577776 
152.23999907 -0.4577776 
152.27999907 -0.4577776 
152.31999907 -0.4577776 
152.35999907 -0.4577776 
152.39999907 -0.4577776 
152.43999907 -0.4577776 
152.47999907 -0.4577776 
152.51999907 -0.4577776 
152.55999907 -0.4577776 
152.63999907 -0.4577776 
152.67999907 -0.4577776 
152.71999907 -0.4577776 
152.75999907 -0.4577776 
152.79999907 -0.4577776 
152.91999907 -0.4577776 
152.95999907 -0.4577776 
152.99999907 -0.4577776 
153.11999907 -0.4577776 
153.15999907 -0.4577776 
153.19999907 -0.4577776 
153.23999907 -0.4577776 
153.27999907 -0.4577776 
153.43999907 -0.4577776 
153.47999907 -0.4577776 
153.59999907 -0.4577776 
153.63999907 -0.4577776 
154.43999906 -0.4577776 
154.67999906 -0.4577776 
156.35999905 -0.4577776 
156.39999905 -0.4577776 
156.63999905 -0.4577776 
157.07999905 -0.4577776 
157.23999904 -0.4577776 
157.43999904 -0.4577776 
157.47999904 -0.4577776 
157.71999904 -0.4577776 
157.75999904 -0.4577776 
157.91999904 -2.224799 
157.95999904 -3.109836 
158.07999904 -0.4577776 
158.11999904 -2.224799 
158.15999904 -2.224799 
158.19999904 -0.4577776 
158.35999904 -0.4577776 
158.39999904 -0.4577776 
158.43999904 -0.4577776 
158.63999904 -0.4577776 
158.83999903 -0.4577776 
158.87999903 -0.4577776 
159.23999903 -0.4577776 
159.27999903 -0.4577776 
161.39999902 -0.4577776 
161.43999902 -0.4577776 
161.67999902 -0.4577776 
161.87999902 -0.4577776 
161.91999902 -2.224799 
161.95999902 -1.339762 
162.11999901 -1.339762 
162.15999901 -2.224799 
162.19999901 -0.4577776 
162.23999901 -1.339762 
162.27999901 -0.4577776 
162.31999901 -0.4577776 
162.35999901 -4.87991 
162.39999901 -3.109836 
162.51999901 -0.4577776 
162.55999901 -3.109836 
162.59999901 -4.87991 
162.63999901 -2.224799 
162.99999901 -3.994873 
163.03999901 -1.339762 
163.07999901 -0.4577776 
163.11999901 -3.994873 
163.15999901 -1.339762 
163.23999901 -0.4577776 
163.27999901 -2.224799 
163.31999901 -2.224799 
163.35999901 -0.4577776 
163.39999901 -0.4577776 
163.43999901 -1.339762 
163.47999901 -2.224799 
163.51999901 -0.4577776 
163.55999901 -0.4577776 
163.63999901 -1.339762 
163.67999901 -2.224799 
163.719999 -1.339762 
163.759999 -0.4577776 
163.799999 -1.339762 
163.839999 -1.339762 
163.879999 -0.4577776 
163.919999 -0.4577776 
163.959999 -2.224799 
163.999999 -2.224799 
164.039999 -2.224799 
164.079999 -1.339762 
164.119999 -0.4577776 
164.159999 -0.4577776 
164.199999 -0.4577776 
164.239999 -1.339762 
164.279999 -1.339762 
164.319999 -1.339762 
164.359999 -1.339762 
164.399999 -1.339762 
164.439999 -1.339762 
164.479999 -1.339762 
164.519999 -0.4577776 
164.559999 -1.339762 
164.599999 -0.4577776 
164.639999 -1.339762 
164.679999 -1.339762 
164.719999 -0.4577776 
164.759999 -0.4577776 
164.799999 -1.339762 
164.839999 -1.339762 
164.879999 -1.339762 
164.919999 -1.339762 
164.959999 -0.4577776 
164.999999 -0.4577776 
165.039999 -1.339762 
165.079999 -1.339762 
165.119999 -1.339762 
165.159999 -1.339762 
165.199999 -0.4577776 
165.239999 -0.4577776 
165.279999 -1.339762 
165.319999 -1.339762 
165.359999 -1.339762 
165.39999899 -0.4577776 
165.43999899 -0.4577776 
165.47999899 -0.4577776 
165.51999899 -1.339762 
165.55999899 -1.339762 
165.59999899 -1.339762 
165.63999899 -0.4577776 
165.67999899 -0.4577776 
165.71999899 -0.4577776 
165.75999899 -1.339762 
165.79999899 -1.339762 
165.83999899 -0.4577776 
165.87999899 -0.4577776 
165.91999899 -0.4577776 
165.95999899 -0.4577776 
165.99999899 -0.4577776 
166.03999899 -0.4577776 
166.07999899 -0.4577776 
166.11999899 -0.4577776 
166.15999899 -0.4577776 
166.19999899 -1.339762 
166.23999899 -1.339762 
166.27999899 -1.339762 
166.31999899 -0.4577776 
166.35999899 -0.4577776 
166.39999899 -0.4577776 
166.43999899 -1.339762 
166.47999899 -1.339762 
166.51999899 -0.4577776 
166.55999899 -0.4577776 
166.59999899 -0.4577776 
166.63999899 -0.4577776 
166.67999899 -0.4577776 
166.71999899 -1.339762 
166.75999899 -1.339762 
166.79999899 -0.4577776 
166.83999899 -0.4577776 
166.87999899 -1.339762 
166.91999899 -1.339762 
166.95999899 -0.4577776 
167.07999898 -1.339762 
167.11999898 -2.224799 
167.15999898 -2.224799 
167.27999898 -0.4577776 
167.31999898 -2.224799 
167.35999898 -1.339762 
167.39999898 -1.339762 
167.51999898 -0.4577776 
167.55999898 -1.339762 
167.59999898 -1.339762 
167.63999898 -0.4577776 
167.71999898 -1.339762 
167.75999898 -2.224799 
167.79999898 -1.339762 
167.91999898 -0.4577776 
167.95999898 -1.339762 
167.99999898 -2.224799 
168.03999898 -1.339762 
168.07999898 -0.4577776 
168.11999898 -0.4577776 
168.15999898 -1.339762 
168.19999898 -0.4577776 
168.23999898 -0.4577776 
168.27999898 -0.4577776 
168.31999898 -1.339762 
168.35999898 -0.4577776 
168.39999898 -0.4577776 
168.43999898 -0.4577776 
168.47999898 -1.339762 
168.51999898 -0.4577776 
168.55999898 -1.339762 
168.59999898 -2.224799 
168.63999898 -2.224799 
168.79999897 -1.339762 
168.83999897 -2.224799 
168.87999897 -1.339762 
168.91999897 -0.4577776 
169.03999897 -0.4577776 
169.07999897 -0.4577776 
169.11999897 -0.4577776 
169.15999897 -1.339762 
169.19999897 -0.4577776 
169.31999897 -0.4577776 
169.35999897 -0.4577776 
169.39999897 -0.4577776 
169.43999897 -0.4577776 
169.59999897 -0.4577776 
169.63999897 -0.4577776 
169.67999897 -0.4577776 
169.87999897 -0.4577776 
169.91999897 -0.4577776 
169.95999897 -0.4577776 
170.11999897 -0.4577776 
170.15999897 -0.4577776 
172.19999895 -0.4577776 
172.23999895 -0.4577776 
172.43999895 -0.4577776 
172.47999895 -0.4577776 
172.59999895 -0.4577776 
172.71999895 -0.4577776 
173.03999895 -0.4577776 
173.07999895 -0.4577776 
173.15999895 -0.4577776 
173.23999895 -0.4577776 
173.27999895 -1.339762 
173.31999895 -0.4577776 
173.43999895 -0.4577776 
173.47999895 -0.4577776 
173.59999894 -0.4577776 
173.63999894 -0.4577776 
173.67999894 -1.339762 
173.71999894 -0.4577776 
173.75999894 -0.4577776 
173.87999894 -0.4577776 
173.91999894 -0.4577776 
173.95999894 -1.339762 
173.99999894 -0.4577776 
174.03999894 -0.4577776 
174.07999894 -0.4577776 
174.11999894 -0.4577776 
174.15999894 -0.4577776 
174.19999894 -0.4577776 
174.23999894 -0.4577776 
174.27999894 -0.4577776 
174.31999894 -0.4577776 
174.35999894 -0.4577776 
174.39999894 -0.4577776 
174.43999894 -0.4577776 
174.47999894 -0.4577776 
174.51999894 -0.4577776 
174.55999894 -0.4577776 
174.59999894 -0.4577776 
174.63999894 -0.4577776 
174.67999894 -0.4577776 
174.71999894 -0.4577776 
174.75999894 -0.4577776 
174.83999894 -1.339762 
174.87999894 -0.4577776 
174.99999894 -0.4577776 
175.03999894 -0.4577776 
175.07999894 -0.4577776 
175.11999894 -0.4577776 
175.15999894 -0.4577776 
175.19999894 -0.4577776 
175.31999893 -0.4577776 
175.47999893 -0.4577776 
175.51999893 -0.4577776 
175.71999893 -3.994873 
175.75999893 -1.339762 
175.95999893 -0.4577776 
175.99999893 -0.4577776 
176.03999893 -0.4577776 
176.15999893 -2.224799 
176.19999893 -3.109836 
176.55999893 -0.4577776 
176.71999893 -0.4577776 
177.03999892 -0.4577776 
177.39999892 -0.4577776 
177.43999892 -0.4577776 
177.63999892 -0.4577776 
177.87999892 -1.339762 
177.91999892 -0.4577776 
178.19999892 -0.4577776 
178.23999892 -1.339762 
178.27999892 -0.4577776 
178.43999892 -0.4577776 
178.47999892 -0.4577776 
178.51999892 -0.4577776 
178.71999891 -0.4577776 
178.79999891 -0.4577776 
178.95999891 -0.4577776 
178.99999891 -0.4577776 
179.23999891 -0.4577776 
179.27999891 -0.4577776 
179.31999891 -0.4577776 
179.51999891 -0.4577776 
179.67999891 -0.4577776 
179.75999891 -0.4577776 
179.87999891 -0.4577776 
179.91999891 -0.4577776 
179.99999891 -0.4577776 
180.03999891 -0.4577776 
180.1999989 -0.4577776 
180.2399989 -0.4577776 
180.3599989 -0.4577776 
180.3999989 -0.4577776 
180.5599989 -0.4577776 
180.5999989 -0.4577776 
180.7999989 -0.4577776 
180.8399989 -0.4577776 
181.0799989 -0.4577776 
181.3199989 -0.4577776 
182.79999889 -2.224799 
182.83999889 -1.339762 
183.03999889 -0.4577776 
184.11999888 -0.4577776 
184.71999888 -0.4577776 
184.95999888 -0.4577776 
184.99999888 -0.4577776 
185.15999887 -0.4577776 
185.19999887 -0.4577776 
185.23999887 -0.4577776 
185.35999887 -0.4577776 
185.39999887 -0.4577776 
185.43999887 -0.4577776 
185.63999887 -0.4577776 
185.67999887 -0.4577776 
185.87999887 -0.4577776 
186.07999887 -0.4577776 
186.11999887 -0.4577776 
186.15999887 -0.4577776 
186.35999887 -0.4577776 
186.39999887 -0.4577776 
186.71999887 -0.4577776 
187.03999886 -0.4577776 
187.15999886 -4.87991 
187.27999886 -3.994873 
187.31999886 -8.420057 
187.35999886 -2.224799 
187.63999886 -3.109836 
187.67999886 -1.339762 
187.79999886 -2.224799 
187.83999886 -0.4577776 
187.95999886 -1.339762 
187.99999886 -0.4577776 
188.11999886 -0.4577776 
188.43999885 -0.4577776 
188.47999885 -0.4577776 
188.63999885 -0.4577776 
188.67999885 -0.4577776 
188.79999885 -1.339762 
188.95999885 -3.994873 
188.99999885 -1.339762 
189.03999885 -0.4577776 
189.07999885 -2.224799 
189.11999885 -5.764946 
189.23999885 -0.4577776 
189.27999885 -2.224799 
189.31999885 -1.339762 
189.35999885 -0.4577776 
189.39999885 -0.4577776 
189.43999885 -0.4577776 
189.47999885 -0.4577776 
189.51999885 -0.4577776 
189.55999885 -2.224799 
189.59999885 -1.339762 
189.67999885 -1.339762 
189.71999885 -2.224799 
189.75999885 -2.224799 
189.79999885 -1.339762 
189.83999885 -0.4577776 
189.91999885 -0.4577776 
189.95999885 -2.224799 
189.99999885 -2.224799 
190.03999885 -0.4577776 
190.07999884 -0.4577776 
190.11999884 -0.4577776 
190.15999884 -1.339762 
190.19999884 -1.339762 
190.23999884 -1.339762 
190.27999884 -0.4577776 
190.31999884 -1.339762 
190.35999884 -1.339762 
190.39999884 -1.339762 
190.43999884 -1.339762 
190.47999884 -1.339762 
190.51999884 -1.339762 
190.55999884 -0.4577776 
190.59999884 -1.339762 
190.63999884 -1.339762 
190.67999884 -1.339762 
190.71999884 -1.339762 
190.75999884 -1.339762 
190.79999884 -1.339762 
190.83999884 -1.339762 
190.87999884 -0.4577776 
190.91999884 -1.339762 
190.95999884 -1.339762 
190.99999884 -1.339762 
191.03999884 -1.339762 
191.07999884 -1.339762 
191.11999884 -1.339762 
191.15999884 -1.339762 
191.19999884 -1.339762 
191.23999884 -1.339762 
191.27999884 -1.339762 
191.31999884 -1.339762 
191.35999884 -1.339762 
191.39999884 -1.339762 
191.43999884 -1.339762 
191.47999884 -1.339762 
191.51999884 -0.4577776 
191.55999884 -0.4577776 
191.59999884 -1.339762 
191.63999884 -1.339762 
191.67999884 -1.339762 
191.71999883 -0.4577776 
191.75999883 -0.4577776 
191.79999883 -0.4577776 
191.83999883 -0.4577776 
191.87999883 -1.339762 
191.91999883 -1.339762 
191.95999883 -0.4577776 
191.99999883 -0.4577776 
192.03999883 -0.4577776 
192.07999883 -1.339762 
192.11999883 -1.339762 
192.15999883 -0.4577776 
192.19999883 -0.4577776 
192.23999883 -1.339762 
192.27999883 -0.4577776 
192.43999883 -2.224799 
192.47999883 -3.994873 
192.51999883 -1.339762 
192.67999883 -2.224799 
192.71999883 -2.224799 
192.75999883 -0.4577776 
192.91999883 -0.4577776 
192.95999883 -0.4577776 
192.99999883 -0.4577776 
193.19999883 -0.4577776 
193.23999883 -0.4577776 
193.43999882 -0.4577776 
193.91999882 -0.4577776 
194.55999882 -0.4577776 
194.59999882 -0.4577776 
194.79999882 -0.4577776 
194.95999882 -0.4577776 
194.99999881 -0.4577776 
195.03999881 -0.4577776 
195.27999881 -0.4577776 
195.31999881 -0.4577776 
195.35999881 -0.4577776 
195.39999881 -0.4577776 
195.43999881 -0.4577776 
195.47999881 -0.4577776 
195.51999881 -0.4577776 
195.55999881 -0.4577776 
195.59999881 -0.4577776 
195.63999881 -0.4577776 
195.71999881 -0.4577776 
195.75999881 -0.4577776 
195.79999881 -0.4577776 
195.91999881 -0.4577776 
195.95999881 -1.339762 
195.99999881 -0.4577776 
196.03999881 -0.4577776 
196.11999881 -0.4577776 
196.15999881 -0.4577776 
196.19999881 -1.339762 
196.23999881 -0.4577776 
196.27999881 -0.4577776 
196.31999881 -0.4577776 
196.35999881 -0.4577776 
196.39999881 -0.4577776 
196.43999881 -1.339762 
196.47999881 -2.224799 
196.51999881 -0.4577776 
196.55999881 -0.4577776 
196.59999881 -0.4577776 
196.6399988 -0.4577776 
196.6799988 -0.4577776 
196.7199988 -0.4577776 
196.7599988 -0.4577776 
196.7999988 -0.4577776 
196.8399988 -1.339762 
196.8799988 -0.4577776 
196.9199988 -0.4577776 
196.9599988 -1.339762 
196.9999988 -1.339762 
197.0399988 -0.4577776 
197.1599988 -1.339762 
197.1999988 -2.224799 
197.2399988 -1.339762 
197.2799988 -0.4577776 
197.3199988 -0.4577776 
197.3599988 -0.4577776 
197.3999988 -1.339762 
197.4399988 -2.224799 
197.4799988 -0.4577776 
197.5599988 -0.4577776 
197.5999988 -1.339762 
197.6399988 -1.339762 
197.6799988 -0.4577776 
197.7199988 -0.4577776 
197.7999988 -0.4577776 
197.8399988 -0.4577776 
197.8799988 -0.4577776 
198.0399988 -1.339762 
198.0799988 -2.224799 
198.1199988 -0.4577776 
198.27999879 -1.339762 
198.31999879 -0.4577776 
198.43999879 -0.4577776 
198.47999879 -0.4577776 
198.51999879 -0.4577776 
198.67999879 -0.4577776 
198.71999879 -1.339762 
198.75999879 -0.4577776 
198.91999879 -0.4577776 
198.95999879 -0.4577776 
198.99999879 -0.4577776 
199.11999879 -0.4577776 
199.15999879 -0.4577776 
199.19999879 -0.4577776 
199.39999879 -0.4577776 
199.43999879 -0.4577776 
199.63999879 -0.4577776 
199.71999879 -0.4577776 
199.75999879 -0.4577776 
199.91999878 -0.4577776 
199.95999878 -0.4577776 
199.99999878 -0.4577776 
200.11999878 -0.4577776 
0 0 
