0.0 -0.941496 
0.04 -0.941496 
0.08 -0.941496 
0.12 -0.4989776 
0.16 -0.4989776 
0.2 -0.4989776 
9.51999994 -0.4989776 
9.55999994 -0.4989776 
9.59999994 -0.4989776 
9.63999994 -0.4989776 
9.67999994 -0.4989776 
9.71999994 -0.941496 
9.75999994 -0.4989776 
9.79999994 -0.941496 
9.83999994 -0.941496 
9.87999994 -0.941496 
9.91999994 -0.941496 
9.95999994 -0.941496 
9.99999994 -0.941496 
10.03999994 -0.941496 
10.07999994 -1.382488 
10.11999994 -0.941496 
10.15999994 -0.941496 
10.19999994 -0.941496 
10.23999994 -0.941496 
10.27999994 -1.382488 
10.31999994 -1.825007 
10.35999994 -1.382488 
10.39999994 -1.382488 
10.43999994 -1.382488 
10.47999994 -0.941496 
10.51999994 -1.825007 
10.55999994 -1.825007 
10.59999994 -1.382488 
10.63999994 -1.382488 
10.67999994 -1.825007 
10.71999993 -1.825007 
10.75999993 -1.825007 
10.79999993 -1.825007 
10.83999993 -1.825007 
10.87999993 -1.382488 
10.91999993 -1.825007 
10.95999993 -1.825007 
10.99999993 -1.825007 
11.03999993 -1.825007 
11.07999993 -1.382488 
11.11999993 -1.825007 
11.15999993 -1.825007 
11.19999993 -1.825007 
11.23999993 -1.825007 
11.27999993 -1.382488 
11.31999993 -1.382488 
11.35999993 -1.825007 
11.39999993 -1.825007 
11.43999993 -1.382488 
11.47999993 -1.382488 
11.51999993 -1.825007 
11.55999993 -1.382488 
11.59999993 -1.382488 
11.63999993 -1.825007 
11.67999993 -0.941496 
11.71999993 -1.825007 
11.75999993 -0.941496 
11.79999993 -0.941496 
11.83999993 -0.941496 
11.87999993 -0.941496 
11.91999993 -0.941496 
11.95999993 -0.941496 
11.99999993 -0.941496 
12.03999993 -0.941496 
12.07999993 -0.941496 
12.11999993 -0.941496 
12.15999993 -0.4989776 
12.19999993 -0.941496 
12.23999993 -0.941496 
12.27999993 -0.941496 
12.31999993 -0.4989776 
12.35999992 -0.4989776 
12.39999992 -0.4989776 
12.43999992 -0.4989776 
12.47999992 -0.4989776 
12.55999992 -0.4989776 
14.51999991 -0.4989776 
14.59999991 -0.4989776 
14.63999991 -0.4989776 
14.67999991 -0.4989776 
14.71999991 -1.825007 
14.75999991 -0.4989776 
14.83999991 -0.941496 
14.87999991 -1.825007 
14.91999991 -0.4989776 
14.95999991 -0.4989776 
14.99999991 -0.941496 
15.03999991 -0.4989776 
15.07999991 -0.941496 
15.11999991 -0.4989776 
15.15999991 -0.4989776 
15.19999991 -1.825007 
15.23999991 -2.267525 
15.27999991 -0.941496 
15.31999991 -0.4989776 
15.35999991 -1.825007 
15.39999991 -1.825007 
15.43999991 -0.4989776 
15.47999991 -1.825007 
15.51999991 -1.825007 
15.55999991 -0.941496 
15.59999991 -0.941496 
15.6399999 -0.941496 
15.6799999 -1.825007 
15.7199999 -1.382488 
15.7599999 -0.941496 
15.7999999 -0.941496 
15.8399999 -1.825007 
15.8799999 -1.825007 
15.9199999 -0.941496 
15.9599999 -0.941496 
15.9999999 -0.941496 
16.0399999 -1.382488 
16.0799999 -0.941496 
16.1199999 -0.941496 
16.1599999 -0.941496 
16.1999999 -0.941496 
16.2399999 -0.941496 
16.2799999 -0.941496 
16.3199999 -0.941496 
16.3599999 -0.941496 
16.3999999 -0.941496 
16.4399999 -0.941496 
16.4799999 -0.941496 
16.5199999 -0.941496 
16.5599999 -0.941496 
16.5999999 -0.4989776 
16.6399999 -0.4989776 
16.6799999 -0.4989776 
16.7199999 -0.4989776 
16.7599999 -0.4989776 
16.7999999 -0.4989776 
16.8799999 -0.4989776 
16.9199999 -0.4989776 
16.9599999 -0.4989776 
16.9999999 -0.4989776 
21.35999987 -0.4989776 
21.59999987 -0.4989776 
21.67999987 -0.4989776 
21.71999987 -0.4989776 
21.75999987 -0.4989776 
21.79999987 -0.4989776 
21.83999987 -0.4989776 
21.87999987 -0.4989776 
21.91999987 -0.4989776 
21.95999987 -0.941496 
21.99999987 -0.941496 
22.03999987 -0.941496 
22.07999987 -0.941496 
22.11999987 -0.4989776 
22.15999987 -0.941496 
22.19999987 -0.941496 
22.23999986 -0.4989776 
22.27999986 -0.941496 
22.31999986 -0.941496 
22.35999986 -0.941496 
22.39999986 -0.4989776 
22.43999986 -0.941496 
22.47999986 -0.941496 
22.51999986 -0.4989776 
22.55999986 -0.941496 
22.59999986 -0.941496 
22.63999986 -0.941496 
22.67999986 -0.941496 
22.71999986 -0.941496 
22.75999986 -0.941496 
22.79999986 -0.941496 
22.83999986 -0.941496 
22.87999986 -0.941496 
22.91999986 -0.941496 
22.95999986 -0.941496 
22.99999986 -0.941496 
23.03999986 -0.941496 
23.07999986 -0.941496 
23.11999986 -0.941496 
23.15999986 -0.941496 
23.19999986 -0.941496 
23.23999986 -0.941496 
23.27999986 -0.941496 
23.31999986 -0.941496 
23.35999986 -0.941496 
23.39999986 -0.941496 
23.43999986 -0.941496 
23.47999986 -0.941496 
23.51999986 -0.941496 
23.55999986 -0.941496 
23.59999986 -0.941496 
23.63999986 -0.941496 
23.67999986 -0.941496 
23.71999986 -0.4989776 
23.75999986 -0.941496 
23.79999986 -0.941496 
23.83999986 -0.941496 
23.87999985 -0.4989776 
23.91999985 -0.4989776 
23.95999985 -0.941496 
23.99999985 -0.4989776 
24.03999985 -0.4989776 
24.07999985 -0.4989776 
24.11999985 -0.941496 
24.15999985 -0.941496 
24.19999985 -0.4989776 
24.23999985 -0.941496 
24.27999985 -0.4989776 
24.31999985 -0.4989776 
24.35999985 -0.4989776 
24.39999985 -0.4989776 
24.43999985 -0.4989776 
24.47999985 -0.4989776 
24.51999985 -0.4989776 
24.55999985 -0.4989776 
24.59999985 -0.4989776 
24.63999985 -0.4989776 
24.67999985 -0.4989776 
24.71999985 -0.4989776 
24.75999985 -0.4989776 
24.83999985 -0.4989776 
24.99999985 -0.4989776 
27.39999983 -0.4989776 
36.27999978 -0.4989776 
36.31999978 -0.4989776 
36.39999978 -0.4989776 
36.43999978 -0.4989776 
36.51999978 -0.4989776 
36.55999978 -0.4989776 
36.59999978 -0.4989776 
36.67999978 -0.4989776 
36.71999978 -0.4989776 
36.75999978 -0.941496 
36.79999978 -0.4989776 
36.83999978 -0.4989776 
36.87999978 -0.4989776 
36.91999978 -0.4989776 
36.95999978 -0.4989776 
36.99999978 -0.941496 
37.03999977 -0.4989776 
37.07999977 -0.4989776 
37.11999977 -0.941496 
37.15999977 -0.941496 
37.19999977 -0.4989776 
37.23999977 -0.941496 
37.27999977 -0.941496 
37.31999977 -0.4989776 
37.35999977 -0.4989776 
37.39999977 -0.4989776 
37.43999977 -0.4989776 
37.47999977 -0.4989776 
37.51999977 -0.4989776 
37.55999977 -0.4989776 
37.59999977 -0.941496 
37.63999977 -0.941496 
37.67999977 -0.4989776 
37.71999977 -0.941496 
37.75999977 -0.4989776 
37.79999977 -0.4989776 
37.83999977 -0.4989776 
37.87999977 -0.4989776 
37.91999977 -0.4989776 
37.95999977 -0.4989776 
37.99999977 -0.4989776 
38.03999977 -0.4989776 
38.07999977 -0.4989776 
38.11999977 -0.941496 
38.19999977 -0.4989776 
38.23999977 -0.4989776 
38.27999977 -0.4989776 
38.31999977 -0.4989776 
38.35999977 -0.4989776 
39.27999976 -0.4989776 
42.91999974 -0.4989776 
43.03999974 -0.4989776 
43.07999974 -0.4989776 
43.19999974 -0.4989776 
43.23999974 -0.4989776 
43.27999974 -0.4989776 
43.31999974 -0.4989776 
43.35999974 -0.4989776 
43.39999974 -0.4989776 
43.43999974 -0.4989776 
43.47999974 -0.4989776 
43.51999974 -0.4989776 
43.55999974 -0.4989776 
43.59999974 -0.4989776 
43.63999973 -0.4989776 
43.67999973 -0.4989776 
43.71999973 -0.4989776 
43.75999973 -0.4989776 
43.79999973 -0.4989776 
43.83999973 -0.4989776 
43.87999973 -0.4989776 
43.91999973 -0.4989776 
43.95999973 -0.4989776 
44.03999973 -0.4989776 
44.07999973 -0.4989776 
44.11999973 -0.4989776 
44.23999973 -0.4989776 
44.27999973 -0.4989776 
44.31999973 -0.4989776 
44.35999973 -0.4989776 
47.23999971 -0.4989776 
47.27999971 -0.4989776 
47.31999971 -0.4989776 
47.35999971 -0.4989776 
47.39999971 -0.941496 
47.43999971 -0.4989776 
47.47999971 -0.4989776 
47.51999971 -0.4989776 
47.55999971 -0.4989776 
47.59999971 -0.4989776 
47.63999971 -0.941496 
47.67999971 -0.941496 
47.71999971 -0.941496 
47.75999971 -0.941496 
47.79999971 -0.941496 
47.83999971 -0.941496 
47.87999971 -0.941496 
47.91999971 -0.941496 
47.95999971 -1.382488 
47.99999971 -0.941496 
48.03999971 -1.382488 
48.07999971 -1.825007 
48.11999971 -1.825007 
48.15999971 -1.825007 
48.19999971 -1.825007 
48.23999971 -1.825007 
48.27999971 -1.825007 
48.31999971 -1.825007 
48.35999971 -1.825007 
48.39999971 -1.825007 
48.43999971 -1.825007 
48.47999971 -1.825007 
48.51999971 -1.825007 
48.5599997 -1.825007 
48.5999997 -1.825007 
48.6399997 -1.825007 
48.6799997 -2.267525 
48.7199997 -2.267525 
48.7599997 -2.267525 
48.7999997 -2.267525 
48.8399997 -1.825007 
48.8799997 -1.825007 
48.9199997 -1.825007 
48.9599997 -1.825007 
48.9999997 -1.825007 
49.0399997 -1.825007 
49.0799997 -1.825007 
49.1199997 -1.825007 
49.1599997 -2.267525 
49.1999997 -1.825007 
49.2399997 -1.825007 
49.2799997 -1.825007 
49.3199997 -1.825007 
49.3599997 -1.825007 
49.3999997 -1.825007 
49.4399997 -1.825007 
49.4799997 -1.825007 
49.5199997 -1.825007 
49.5599997 -1.825007 
49.5999997 -1.825007 
49.6399997 -1.825007 
49.6799997 -1.825007 
49.7199997 -1.382488 
49.7599997 -1.382488 
49.7999997 -1.825007 
49.8399997 -1.825007 
49.8799997 -1.382488 
49.9199997 -0.941496 
49.9599997 -0.941496 
49.9999997 -0.941496 
50.0399997 -0.941496 
50.0799997 -0.941496 
50.1199997 -0.941496 
50.1599997 -0.941496 
50.19999969 -0.941496 
50.23999969 -0.4989776 
50.27999969 -0.4989776 
50.31999969 -0.4989776 
50.35999969 -0.4989776 
50.39999969 -0.4989776 
50.43999969 -0.4989776 
50.47999969 -0.4989776 
50.51999969 -0.4989776 
50.55999969 -0.4989776 
50.71999969 -0.4989776 
59.31999964 -0.4989776 
59.35999964 -0.4989776 
59.39999964 -0.4989776 
59.43999964 -0.4989776 
59.47999964 -0.4989776 
59.51999964 -0.4989776 
59.55999964 -0.4989776 
59.59999964 -0.4989776 
59.63999964 -0.4989776 
59.67999964 -0.941496 
59.71999964 -0.941496 
59.75999964 -0.941496 
59.79999964 -0.941496 
59.83999964 -0.941496 
59.87999964 -0.941496 
59.91999964 -0.941496 
59.95999964 -0.941496 
59.99999964 -0.941496 
60.03999964 -0.941496 
60.07999963 -0.941496 
60.11999963 -0.941496 
60.15999963 -0.941496 
60.19999963 -0.941496 
60.23999963 -0.941496 
60.27999963 -0.941496 
60.31999963 -0.941496 
60.35999963 -0.941496 
60.39999963 -0.941496 
60.43999963 -0.941496 
60.47999963 -0.941496 
60.51999963 -0.941496 
60.55999963 -0.941496 
60.59999963 -0.941496 
60.63999963 -0.941496 
60.67999963 -0.941496 
60.71999963 -0.941496 
60.75999963 -1.382488 
60.79999963 -0.941496 
60.83999963 -0.941496 
60.87999963 -0.941496 
60.91999963 -0.941496 
60.95999963 -0.941496 
60.99999963 -0.941496 
61.03999963 -0.941496 
61.07999963 -0.4989776 
61.11999963 -0.941496 
61.15999963 -0.4989776 
61.19999963 -0.941496 
61.23999963 -0.4989776 
61.27999963 -0.4989776 
61.31999963 -0.4989776 
61.35999963 -0.4989776 
61.39999963 -0.4989776 
61.43999963 -0.4989776 
61.47999963 -0.4989776 
61.51999963 -0.4989776 
61.55999963 -0.4989776 
61.59999963 -0.4989776 
61.63999963 -0.4989776 
61.71999962 -0.4989776 
61.79999962 -0.4989776 
61.87999962 -0.4989776 
61.91999962 -0.4989776 
62.35999962 -0.4989776 
63.99999961 -0.4989776 
64.11999961 -0.4989776 
64.19999961 -0.4989776 
64.23999961 -0.4989776 
64.27999961 -0.4989776 
64.31999961 -0.4989776 
64.35999961 -0.4989776 
64.39999961 -0.4989776 
64.43999961 -0.4989776 
64.47999961 -0.4989776 
64.51999961 -0.4989776 
64.55999961 -0.4989776 
64.59999961 -0.4989776 
64.63999961 -0.4989776 
64.67999961 -0.4989776 
64.71999961 -0.4989776 
64.75999961 -0.4989776 
64.79999961 -0.4989776 
64.83999961 -0.4989776 
64.87999961 -0.4989776 
64.91999961 -0.4989776 
64.95999961 -0.4989776 
64.9999996 -0.4989776 
65.0399996 -0.4989776 
65.0799996 -0.4989776 
65.1999996 -0.4989776 
65.2399996 -0.4989776 
65.3599996 -0.4989776 
66.5599996 -0.941496 
70.07999957 -0.4989776 
70.15999957 -0.4989776 
70.23999957 -0.4989776 
70.27999957 -0.4989776 
70.31999957 -0.4989776 
70.35999957 -0.4989776 
70.39999957 -0.4989776 
70.43999957 -0.4989776 
70.47999957 -0.4989776 
70.51999957 -0.4989776 
70.55999957 -0.4989776 
70.59999957 -0.4989776 
70.63999957 -0.4989776 
70.67999957 -0.4989776 
70.71999957 -0.4989776 
70.75999957 -0.941496 
70.79999957 -0.4989776 
70.83999957 -0.4989776 
70.87999957 -0.941496 
70.91999957 -0.941496 
70.95999957 -0.941496 
70.99999957 -0.4989776 
71.03999957 -0.941496 
71.07999957 -0.941496 
71.11999957 -0.941496 
71.15999957 -0.941496 
71.19999957 -0.941496 
71.23999957 -0.941496 
71.27999957 -0.941496 
71.31999957 -0.941496 
71.35999957 -0.941496 
71.39999957 -0.941496 
71.43999957 -0.941496 
71.47999957 -0.941496 
71.51999957 -0.941496 
71.55999957 -0.941496 
71.59999956 -0.941496 
71.63999956 -0.941496 
71.67999956 -1.382488 
71.71999956 -0.941496 
71.75999956 -0.941496 
71.79999956 -0.941496 
71.83999956 -0.941496 
71.87999956 -0.941496 
71.91999956 -0.941496 
71.95999956 -0.941496 
71.99999956 -0.941496 
72.03999956 -0.941496 
72.07999956 -0.941496 
72.11999956 -0.941496 
72.15999956 -0.941496 
72.19999956 -0.941496 
72.23999956 -0.941496 
72.27999956 -0.941496 
72.31999956 -0.941496 
72.35999956 -0.941496 
72.39999956 -0.941496 
72.43999956 -1.382488 
72.47999956 -0.941496 
72.51999956 -0.941496 
72.55999956 -1.382488 
72.59999956 -0.941496 
72.63999956 -0.941496 
72.67999956 -0.941496 
72.71999956 -0.941496 
72.75999956 -0.941496 
72.79999956 -0.941496 
72.83999956 -0.941496 
72.87999956 -0.941496 
72.91999956 -0.941496 
72.95999956 -0.941496 
72.99999956 -0.941496 
73.03999956 -0.941496 
73.07999956 -0.941496 
73.11999956 -0.941496 
73.15999956 -0.941496 
73.19999956 -0.941496 
73.23999955 -0.941496 
73.27999955 -0.941496 
73.31999955 -0.941496 
73.35999955 -0.941496 
73.39999955 -0.941496 
73.43999955 -0.941496 
73.47999955 -0.941496 
73.51999955 -0.941496 
73.55999955 -0.941496 
73.59999955 -0.941496 
73.63999955 -0.941496 
73.67999955 -0.941496 
73.71999955 -0.941496 
73.75999955 -0.941496 
73.79999955 -0.941496 
73.83999955 -0.941496 
73.87999955 -0.4989776 
73.91999955 -0.941496 
73.95999955 -0.941496 
73.99999955 -0.941496 
74.03999955 -0.941496 
74.07999955 -0.4989776 
74.11999955 -0.941496 
74.15999955 -0.941496 
74.19999955 -0.4989776 
74.23999955 -0.4989776 
74.27999955 -0.941496 
74.31999955 -0.4989776 
74.35999955 -0.4989776 
74.39999955 -0.4989776 
74.43999955 -0.4989776 
74.47999955 -0.4989776 
74.51999955 -0.4989776 
74.55999955 -0.4989776 
74.59999955 -0.4989776 
74.63999955 -0.4989776 
74.67999955 -0.4989776 
74.71999955 -0.4989776 
74.75999955 -0.4989776 
74.79999955 -0.4989776 
74.83999955 -0.4989776 
74.87999954 -0.4989776 
74.91999954 -0.4989776 
74.95999954 -0.4989776 
74.99999954 -0.4989776 
75.07999954 -0.4989776 
75.11999954 -0.4989776 
75.15999954 -0.4989776 
75.19999954 -0.4989776 
75.23999954 -0.4989776 
75.35999954 -0.4989776 
75.39999954 -0.4989776 
75.47999954 -0.4989776 
75.55999954 -0.4989776 
75.59999954 -0.4989776 
75.63999954 -0.4989776 
75.67999954 -0.4989776 
75.71999954 -0.4989776 
75.75999954 -0.4989776 
75.79999954 -0.4989776 
75.83999954 -0.4989776 
75.87999954 -0.4989776 
75.91999954 -0.4989776 
75.95999954 -0.4989776 
75.99999954 -0.4989776 
76.03999954 -0.4989776 
76.07999954 -0.4989776 
76.11999954 -0.4989776 
76.15999954 -0.4989776 
76.19999954 -0.4989776 
76.23999954 -0.4989776 
76.27999954 -0.4989776 
76.31999954 -0.4989776 
76.35999954 -0.941496 
76.39999954 -0.4989776 
76.43999954 -0.941496 
76.47999954 -0.4989776 
76.51999953 -0.4989776 
76.55999953 -0.4989776 
76.59999953 -0.941496 
76.63999953 -0.4989776 
76.67999953 -0.4989776 
76.71999953 -0.4989776 
76.75999953 -0.4989776 
76.79999953 -0.4989776 
76.83999953 -0.4989776 
76.87999953 -0.4989776 
76.91999953 -0.4989776 
76.95999953 -0.4989776 
77.03999953 -0.4989776 
77.15999953 -0.4989776 
81.35999951 -0.4989776 
85.91999948 -0.4989776 
85.99999948 -0.4989776 
86.03999948 -0.4989776 
86.07999948 -0.4989776 
86.11999948 -0.4989776 
86.15999948 -0.4989776 
86.19999948 -0.4989776 
86.23999948 -0.4989776 
86.27999948 -0.4989776 
86.31999948 -0.4989776 
86.35999948 -0.4989776 
86.39999947 -0.941496 
86.43999947 -0.4989776 
86.47999947 -0.4989776 
86.51999947 -0.4989776 
86.55999947 -0.4989776 
86.59999947 -0.4989776 
86.63999947 -0.4989776 
86.67999947 -0.941496 
86.71999947 -0.4989776 
86.75999947 -0.4989776 
86.79999947 -0.4989776 
86.83999947 -0.4989776 
86.87999947 -0.4989776 
86.91999947 -0.4989776 
86.95999947 -0.4989776 
86.99999947 -0.4989776 
87.03999947 -0.4989776 
87.07999947 -0.4989776 
87.15999947 -0.4989776 
87.19999947 -0.4989776 
87.23999947 -0.4989776 
87.27999947 -0.4989776 
87.31999947 -0.4989776 
87.35999947 -0.4989776 
87.39999947 -0.4989776 
87.43999947 -0.4989776 
87.47999947 -0.4989776 
93.15999943 -0.4989776 
96.47999941 -0.4989776 
96.51999941 -0.4989776 
96.55999941 -0.4989776 
96.59999941 -0.941496 
96.63999941 -0.941496 
96.67999941 -0.941496 
96.71999941 -0.941496 
96.75999941 -0.941496 
96.79999941 -0.941496 
96.83999941 -0.941496 
96.87999941 -1.382488 
96.91999941 -0.941496 
96.95999941 -1.382488 
96.99999941 -1.825007 
97.03999941 -1.825007 
97.07999941 -1.825007 
97.11999941 -1.825007 
97.15999941 -1.825007 
97.19999941 -1.825007 
97.23999941 -1.825007 
97.27999941 -1.825007 
97.31999941 -2.267525 
97.35999941 -1.825007 
97.39999941 -2.267525 
97.43999941 -2.267525 
97.47999941 -2.267525 
97.51999941 -2.267525 
97.55999941 -2.267525 
97.59999941 -2.267525 
97.63999941 -2.267525 
97.67999941 -2.267525 
97.71999941 -2.267525 
97.75999941 -2.708518 
97.79999941 -2.267525 
97.83999941 -2.708518 
97.87999941 -2.708518 
97.9199994 -2.708518 
97.9599994 -2.267525 
97.9999994 -2.267525 
98.0399994 -2.267525 
98.0799994 -2.708518 
98.1199994 -2.708518 
98.1599994 -2.708518 
98.1999994 -2.708518 
98.2399994 -2.267525 
98.2799994 -2.708518 
98.3199994 -2.267525 
98.3599994 -2.267525 
98.3999994 -2.708518 
98.4399994 -2.267525 
98.4799994 -2.708518 
98.5199994 -2.267525 
98.5599994 -2.267525 
98.5999994 -2.267525 
98.6399994 -2.267525 
98.6799994 -2.267525 
98.7199994 -1.825007 
98.7599994 -2.267525 
98.7999994 -2.267525 
98.8399994 -2.267525 
98.8799994 -1.825007 
98.9199994 -2.267525 
98.9599994 -1.825007 
98.9999994 -1.825007 
99.0399994 -1.825007 
99.0799994 -1.825007 
99.1199994 -1.825007 
99.1599994 -1.825007 
99.1999994 -1.825007 
99.2399994 -1.825007 
99.2799994 -1.382488 
99.3199994 -1.382488 
99.3599994 -0.941496 
99.3999994 -0.941496 
99.4399994 -0.941496 
99.4799994 -1.382488 
99.5199994 -0.941496 
99.55999939 -0.941496 
99.59999939 -0.941496 
99.63999939 -0.941496 
99.67999939 -0.4989776 
99.71999939 -0.941496 
99.75999939 -0.941496 
99.79999939 -0.941496 
99.83999939 -0.4989776 
99.87999939 -0.4989776 
99.91999939 -0.4989776 
99.95999939 -0.4989776 
99.99999939 -0.4989776 
100.03999939 -0.4989776 
100.07999939 -0.4989776 
100.15999939 -0.4989776 
108.47999934 -0.4989776 
108.67999934 -0.4989776 
108.71999934 -0.4989776 
108.75999934 -0.941496 
108.79999934 -0.4989776 
108.83999934 -0.4989776 
108.87999934 -0.4989776 
108.91999934 -0.4989776 
108.95999934 -0.4989776 
108.99999934 -0.941496 
109.03999934 -0.4989776 
109.07999934 -0.941496 
109.11999934 -0.941496 
109.15999934 -0.941496 
109.19999934 -0.941496 
109.23999934 -0.941496 
109.27999934 -0.941496 
109.31999934 -0.941496 
109.35999934 -0.941496 
109.39999934 -0.941496 
109.43999933 -0.941496 
109.47999933 -0.941496 
109.51999933 -0.941496 
109.55999933 -0.941496 
109.59999933 -0.941496 
109.63999933 -0.941496 
109.67999933 -0.941496 
109.71999933 -0.941496 
109.75999933 -0.941496 
109.79999933 -0.941496 
109.83999933 -0.941496 
109.87999933 -0.941496 
109.91999933 -0.941496 
109.95999933 -0.941496 
109.99999933 -0.941496 
110.03999933 -0.941496 
110.07999933 -0.4989776 
110.11999933 -0.941496 
110.15999933 -0.941496 
110.19999933 -0.941496 
110.23999933 -0.941496 
110.27999933 -0.4989776 
110.31999933 -0.941496 
110.35999933 -0.941496 
110.39999933 -0.4989776 
110.43999933 -0.4989776 
110.47999933 -0.4989776 
110.51999933 -0.4989776 
110.55999933 -0.4989776 
110.59999933 -0.4989776 
110.63999933 -0.4989776 
110.67999933 -0.4989776 
110.79999933 -0.4989776 
113.99999931 -0.4989776 
119.51999927 -0.941496 
119.55999927 -0.4989776 
119.67999927 -0.4989776 
119.79999927 -0.941496 
119.83999927 -0.4989776 
119.95999927 -0.941496 
119.99999927 -0.941496 
120.07999927 -0.4989776 
120.11999927 -0.941496 
120.15999927 -0.941496 
120.19999927 -0.941496 
120.23999927 -0.4989776 
120.27999927 -0.4989776 
120.31999927 -0.941496 
120.35999927 -0.941496 
120.39999927 -0.4989776 
120.43999927 -0.941496 
120.47999927 -0.941496 
120.51999927 -0.941496 
120.55999927 -0.941496 
120.59999927 -0.941496 
120.63999927 -0.941496 
120.67999927 -0.941496 
120.71999927 -0.941496 
120.75999927 -0.941496 
120.79999927 -0.941496 
120.83999927 -1.825007 
120.87999927 -0.941496 
120.91999927 -0.941496 
120.95999926 -1.382488 
120.99999926 -1.825007 
121.03999926 -0.941496 
121.07999926 -0.941496 
121.11999926 -1.382488 
121.15999926 -0.941496 
121.19999926 -0.941496 
121.23999926 -0.941496 
121.27999926 -0.941496 
121.31999926 -1.382488 
121.35999926 -1.825007 
121.39999926 -0.941496 
121.43999926 -0.941496 
121.47999926 -1.382488 
121.51999926 -0.941496 
121.55999926 -1.382488 
121.59999926 -0.941496 
121.63999926 -0.941496 
121.67999926 -0.941496 
121.71999926 -0.941496 
121.75999926 -0.941496 
121.79999926 -0.941496 
121.83999926 -0.941496 
121.87999926 -0.941496 
121.91999926 -0.941496 
121.95999926 -0.941496 
121.99999926 -0.941496 
122.03999926 -0.941496 
122.07999926 -0.941496 
122.11999926 -0.941496 
122.15999926 -0.4989776 
122.19999926 -0.4989776 
122.23999926 -0.4989776 
122.27999926 -0.941496 
122.31999926 -0.4989776 
122.35999926 -0.4989776 
122.39999926 -0.4989776 
122.43999926 -0.941496 
122.47999926 -0.4989776 
122.51999926 -0.4989776 
122.55999926 -0.4989776 
122.59999925 -0.4989776 
122.71999925 -0.4989776 
122.91999925 -0.4989776 
123.99999925 -0.4989776 
124.03999925 -0.4989776 
124.07999925 -0.4989776 
124.11999925 -0.4989776 
124.15999925 -0.4989776 
124.19999925 -0.4989776 
124.23999924 -0.4989776 
124.27999924 -0.4989776 
124.31999924 -0.941496 
124.35999924 -0.941496 
124.39999924 -0.941496 
124.43999924 -0.941496 
124.47999924 -0.941496 
124.51999924 -0.941496 
124.55999924 -0.941496 
124.59999924 -0.941496 
124.63999924 -0.941496 
124.67999924 -0.941496 
124.71999924 -0.941496 
124.75999924 -0.941496 
124.79999924 -0.941496 
124.83999924 -0.941496 
124.87999924 -0.941496 
124.91999924 -0.941496 
124.95999924 -1.382488 
124.99999924 -1.382488 
125.03999924 -1.825007 
125.07999924 -1.825007 
125.11999924 -0.941496 
125.15999924 -1.382488 
125.19999924 -1.382488 
125.23999924 -1.382488 
125.27999924 -1.382488 
125.31999924 -1.825007 
125.35999924 -1.825007 
125.39999924 -1.825007 
125.43999924 -0.941496 
125.47999924 -1.825007 
125.51999924 -1.825007 
125.55999924 -1.825007 
125.59999924 -1.825007 
125.63999924 -1.825007 
125.67999924 -1.825007 
125.71999924 -1.825007 
125.75999924 -1.825007 
125.79999924 -1.825007 
125.83999924 -1.825007 
125.87999923 -1.825007 
125.91999923 -2.267525 
125.95999923 -1.825007 
125.99999923 -1.825007 
126.03999923 -1.825007 
126.07999923 -1.825007 
126.11999923 -1.825007 
126.15999923 -1.825007 
126.19999923 -1.825007 
126.23999923 -1.825007 
126.27999923 -1.825007 
126.31999923 -1.825007 
126.35999923 -1.382488 
126.39999923 -1.825007 
126.43999923 -1.825007 
126.47999923 -1.825007 
126.51999923 -1.382488 
126.55999923 -1.825007 
126.59999923 -0.941496 
126.63999923 -0.941496 
126.67999923 -0.941496 
126.71999923 -0.941496 
126.75999923 -0.941496 
126.79999923 -0.941496 
126.83999923 -0.941496 
126.87999923 -0.941496 
126.91999923 -0.941496 
126.95999923 -0.4989776 
126.99999923 -0.4989776 
127.03999923 -0.4989776 
127.07999923 -0.4989776 
127.11999923 -0.4989776 
131.1599992 -0.4989776 
131.2399992 -0.4989776 
131.2799992 -0.4989776 
131.3199992 -0.4989776 
131.3599992 -0.4989776 
131.3999992 -0.4989776 
131.4399992 -0.4989776 
131.4799992 -0.4989776 
131.5199992 -0.4989776 
131.5599992 -0.4989776 
131.5999992 -0.4989776 
131.6399992 -0.4989776 
131.6799992 -0.4989776 
131.7199992 -0.4989776 
131.7599992 -0.4989776 
131.7999992 -0.4989776 
131.8399992 -0.4989776 
131.8799992 -0.4989776 
131.9199992 -0.4989776 
131.9599992 -0.4989776 
131.9999992 -0.4989776 
132.0399992 -0.4989776 
132.0799992 -0.4989776 
132.1199992 -0.4989776 
132.1599992 -0.4989776 
132.1999992 -0.4989776 
132.2399992 -0.4989776 
132.2799992 -0.4989776 
132.3199992 -0.4989776 
132.3599992 -0.4989776 
132.3999992 -0.4989776 
132.4399992 -0.4989776 
132.55999919 -0.4989776 
132.59999919 -0.4989776 
132.63999919 -0.4989776 
132.67999919 -0.941496 
132.71999919 -0.941496 
133.03999919 -0.4989776 
133.43999919 -0.4989776 
134.63999918 -0.4989776 
134.99999918 -0.4989776 
135.03999918 -0.4989776 
135.11999918 -0.4989776 
135.15999918 -0.4989776 
135.19999918 -0.4989776 
135.31999918 -0.4989776 
135.39999918 -0.4989776 
135.43999918 -0.4989776 
135.47999918 -0.4989776 
135.51999918 -0.4989776 
135.55999918 -0.4989776 
135.59999918 -0.4989776 
135.63999918 -0.4989776 
135.67999918 -0.4989776 
135.71999918 -0.4989776 
135.75999917 -0.4989776 
135.87999917 -0.4989776 
135.91999917 -0.4989776 
135.95999917 -0.4989776 
135.99999917 -0.4989776 
136.03999917 -0.4989776 
136.07999917 -0.4989776 
136.11999917 -0.4989776 
136.15999917 -0.4989776 
136.19999917 -0.4989776 
136.23999917 -0.4989776 
136.27999917 -0.4989776 
136.31999917 -0.4989776 
136.35999917 -0.941496 
136.39999917 -0.4989776 
136.43999917 -0.4989776 
136.47999917 -0.4989776 
136.51999917 -0.4989776 
136.55999917 -0.4989776 
136.59999917 -0.4989776 
136.63999917 -0.4989776 
136.71999917 -0.4989776 
136.75999917 -0.4989776 
136.79999917 -0.4989776 
136.83999917 -0.4989776 
136.87999917 -0.4989776 
136.91999917 -0.4989776 
136.95999917 -0.4989776 
136.99999917 -0.4989776 
137.03999917 -0.4989776 
137.07999917 -0.4989776 
137.11999917 -0.4989776 
137.15999917 -0.941496 
137.19999917 -0.4989776 
137.23999917 -0.4989776 
137.27999917 -0.4989776 
137.31999917 -0.4989776 
137.35999917 -0.4989776 
137.39999916 -0.941496 
137.51999916 -0.4989776 
137.55999916 -0.4989776 
137.59999916 -0.4989776 
137.63999916 -0.4989776 
137.71999916 -0.4989776 
137.75999916 -0.4989776 
137.83999916 -0.4989776 
137.87999916 -0.4989776 
137.91999916 -0.4989776 
145.99999911 -0.941496 
146.27999911 -0.4989776 
146.31999911 -0.4989776 
146.43999911 -0.4989776 
146.47999911 -0.4989776 
146.55999911 -0.4989776 
146.59999911 -0.4989776 
146.63999911 -0.4989776 
146.67999911 -0.4989776 
146.71999911 -0.4989776 
146.75999911 -0.4989776 
146.79999911 -0.941496 
146.83999911 -0.4989776 
146.91999911 -0.4989776 
146.95999911 -0.941496 
146.99999911 -0.941496 
147.03999911 -0.941496 
147.07999911 -0.4989776 
147.11999911 -0.941496 
147.15999911 -0.941496 
147.19999911 -0.941496 
147.23999911 -0.941496 
147.2799991 -0.941496 
147.3199991 -0.941496 
147.3599991 -0.941496 
147.3999991 -0.941496 
147.4399991 -0.941496 
147.4799991 -0.941496 
147.5199991 -0.941496 
147.5599991 -0.941496 
147.5999991 -0.941496 
147.6399991 -0.941496 
147.6799991 -0.941496 
147.7199991 -0.941496 
147.7599991 -0.941496 
147.7999991 -0.941496 
147.8399991 -0.941496 
147.8799991 -0.941496 
147.9199991 -0.941496 
147.9599991 -0.941496 
147.9999991 -0.941496 
148.0399991 -0.4989776 
148.0799991 -0.941496 
148.1199991 -0.941496 
148.1599991 -0.941496 
148.1999991 -0.4989776 
148.2399991 -0.941496 
148.2799991 -0.941496 
148.3199991 -0.941496 
148.3599991 -0.941496 
148.3999991 -0.941496 
148.4399991 -0.941496 
148.4799991 -0.4989776 
148.5199991 -0.4989776 
148.5599991 -0.4989776 
148.5999991 -0.4989776 
148.6399991 -0.4989776 
148.6799991 -0.4989776 
148.7199991 -0.4989776 
148.7599991 -0.4989776 
148.7999991 -0.4989776 
148.8399991 -0.4989776 
148.91999909 -0.4989776 
153.31999907 -0.4989776 
157.51999904 -0.4989776 
157.63999904 -0.4989776 
157.67999904 -0.4989776 
157.71999904 -0.4989776 
157.75999904 -0.4989776 
157.79999904 -0.4989776 
157.83999904 -0.4989776 
157.87999904 -0.941496 
157.91999904 -0.941496 
157.95999904 -0.941496 
157.99999904 -0.4989776 
158.03999904 -0.941496 
158.07999904 -0.941496 
158.11999904 -0.941496 
158.15999904 -0.941496 
158.19999904 -0.941496 
158.23999904 -0.941496 
158.27999904 -0.941496 
158.31999904 -0.941496 
158.35999904 -0.941496 
158.39999904 -0.941496 
158.43999904 -0.941496 
158.47999904 -1.382488 
158.51999904 -1.382488 
158.55999904 -1.382488 
158.59999904 -1.382488 
158.63999904 -1.382488 
158.67999904 -1.825007 
158.71999904 -1.382488 
158.75999904 -1.825007 
158.79999903 -1.382488 
158.83999903 -1.825007 
158.87999903 -1.382488 
158.91999903 -1.825007 
158.95999903 -1.825007 
158.99999903 -2.267525 
159.03999903 -0.941496 
159.07999903 -1.825007 
159.11999903 -1.825007 
159.15999903 -0.941496 
159.19999903 -1.382488 
159.23999903 -1.825007 
159.27999903 -1.825007 
159.31999903 -1.382488 
159.35999903 -1.382488 
159.39999903 -0.941496 
159.43999903 -1.382488 
159.47999903 -1.382488 
159.51999903 -0.941496 
159.55999903 -1.382488 
159.59999903 -0.941496 
159.63999903 -0.941496 
159.67999903 -0.941496 
159.71999903 -0.941496 
159.75999903 -0.941496 
159.79999903 -0.941496 
159.83999903 -0.941496 
159.87999903 -0.941496 
159.91999903 -0.941496 
159.95999903 -0.941496 
159.99999903 -0.941496 
160.03999903 -0.941496 
160.07999903 -0.941496 
160.11999903 -0.4989776 
160.15999903 -0.941496 
160.19999903 -0.941496 
160.23999903 -0.4989776 
160.27999903 -0.4989776 
160.31999903 -0.4989776 
160.35999903 -0.4989776 
160.39999903 -0.4989776 
160.43999902 -0.4989776 
160.47999902 -0.4989776 
160.51999902 -0.4989776 
160.55999902 -0.4989776 
160.63999902 -0.4989776 
160.67999902 -0.4989776 
160.75999902 -0.4989776 
171.87999896 -0.4989776 
172.15999895 -0.4989776 
172.31999895 -0.4989776 
172.43999895 -0.4989776 
172.67999895 -0.941496 
172.71999895 -0.941496 
172.83999895 -0.4989776 
172.95999895 -0.941496 
172.99999895 -0.4989776 
173.11999895 -0.4989776 
173.15999895 -0.941496 
173.23999895 -0.4989776 
173.27999895 -0.4989776 
173.31999895 -0.4989776 
173.35999895 -0.4989776 
173.43999895 -0.4989776 
173.47999895 -0.941496 
173.51999895 -0.941496 
173.55999895 -0.4989776 
173.59999894 -0.4989776 
173.63999894 -0.941496 
173.67999894 -0.4989776 
173.71999894 -0.4989776 
173.75999894 -0.941496 
173.79999894 -0.941496 
173.83999894 -0.941496 
173.87999894 -0.941496 
173.91999894 -0.941496 
173.95999894 -0.941496 
173.99999894 -0.941496 
174.03999894 -0.941496 
174.07999894 -0.941496 
174.11999894 -0.941496 
174.15999894 -0.941496 
174.19999894 -0.941496 
174.23999894 -0.941496 
174.27999894 -0.941496 
174.31999894 -0.941496 
174.35999894 -0.941496 
174.39999894 -0.941496 
174.43999894 -0.941496 
174.47999894 -0.941496 
174.51999894 -0.941496 
174.55999894 -0.941496 
174.59999894 -0.941496 
174.63999894 -0.941496 
174.67999894 -0.941496 
174.71999894 -0.941496 
174.75999894 -0.941496 
174.79999894 -0.941496 
174.83999894 -0.941496 
174.87999894 -0.941496 
174.91999894 -0.941496 
174.95999894 -0.941496 
174.99999894 -0.941496 
175.03999894 -0.941496 
175.07999894 -0.941496 
175.11999894 -0.941496 
175.15999894 -0.941496 
175.19999894 -0.941496 
175.23999893 -0.941496 
175.27999893 -0.941496 
175.31999893 -0.941496 
175.35999893 -0.941496 
175.39999893 -0.941496 
175.43999893 -0.941496 
175.47999893 -0.941496 
175.51999893 -0.941496 
175.55999893 -0.941496 
175.59999893 -0.941496 
175.63999893 -0.941496 
175.67999893 -0.4989776 
175.71999893 -0.4989776 
175.75999893 -0.4989776 
175.79999893 -0.4989776 
175.87999893 -0.4989776 
175.91999893 -0.4989776 
175.95999893 -0.4989776 
179.71999891 -0.4989776 
179.75999891 -0.4989776 
179.79999891 -0.4989776 
179.83999891 -0.4989776 
179.87999891 -0.941496 
179.91999891 -0.941496 
179.95999891 -0.941496 
179.99999891 -0.4989776 
180.03999891 -0.941496 
180.07999891 -0.941496 
180.11999891 -0.941496 
180.15999891 -0.941496 
180.1999989 -0.941496 
180.2399989 -0.941496 
180.2799989 -0.941496 
180.3199989 -0.941496 
180.3599989 -0.941496 
180.3999989 -0.941496 
180.4399989 -0.941496 
180.4799989 -0.941496 
180.5199989 -0.941496 
180.5599989 -0.941496 
180.5999989 -0.941496 
180.6399989 -0.941496 
180.6799989 -0.941496 
180.7199989 -0.941496 
180.7599989 -0.941496 
180.7999989 -0.941496 
180.8399989 -0.941496 
180.8799989 -0.941496 
180.9199989 -0.941496 
180.9599989 -0.941496 
180.9999989 -0.941496 
181.0399989 -0.941496 
181.0799989 -0.941496 
181.1199989 -0.941496 
181.1599989 -0.941496 
181.1999989 -0.941496 
181.2399989 -0.941496 
181.2799989 -0.941496 
181.3199989 -0.941496 
181.3599989 -0.4989776 
181.3999989 -0.4989776 
181.4399989 -0.941496 
181.4799989 -0.4989776 
181.5199989 -0.941496 
181.5599989 -0.4989776 
181.5999989 -0.4989776 
181.6399989 -0.4989776 
181.6799989 -0.4989776 
181.7199989 -0.4989776 
181.7599989 -0.4989776 
181.87999889 -0.4989776 
182.03999889 -0.4989776 
182.59999889 -0.4989776 
183.79999888 -0.4989776 
184.03999888 -0.4989776 
184.07999888 -0.4989776 
184.11999888 -0.4989776 
184.15999888 -0.4989776 
184.19999888 -0.4989776 
184.23999888 -0.4989776 
184.27999888 -0.4989776 
184.31999888 -0.941496 
184.35999888 -0.4989776 
184.39999888 -0.4989776 
184.43999888 -0.941496 
184.47999888 -0.941496 
184.51999888 -0.941496 
184.55999888 -0.941496 
184.59999888 -0.941496 
184.63999888 -0.941496 
184.67999888 -0.941496 
184.71999888 -0.941496 
184.75999888 -0.941496 
184.79999888 -1.382488 
184.83999888 -0.941496 
184.87999888 -0.941496 
184.91999888 -1.825007 
184.95999888 -1.382488 
184.99999888 -1.382488 
185.03999888 -1.382488 
185.07999888 -1.382488 
185.11999887 -1.825007 
185.15999887 -1.825007 
185.19999887 -1.825007 
185.23999887 -1.825007 
185.27999887 -1.825007 
185.31999887 -1.825007 
185.35999887 -0.4989776 
185.39999887 -2.267525 
185.43999887 -2.267525 
185.47999887 -1.825007 
185.51999887 -2.267525 
185.55999887 -1.825007 
185.59999887 -1.825007 
185.63999887 -1.825007 
185.67999887 -2.267525 
185.71999887 -1.825007 
185.75999887 -1.825007 
185.79999887 -1.825007 
185.83999887 -2.267525 
185.87999887 -2.708518 
185.91999887 -1.825007 
185.95999887 -2.267525 
185.99999887 -2.267525 
186.03999887 -2.267525 
186.07999887 -2.267525 
186.11999887 -2.267525 
186.15999887 -2.267525 
186.19999887 -1.825007 
186.23999887 -2.267525 
186.27999887 -2.267525 
186.31999887 -2.267525 
186.35999887 -2.267525 
186.39999887 -2.267525 
186.43999887 -2.267525 
186.47999887 -2.267525 
186.51999887 -1.825007 
186.55999887 -1.825007 
186.59999887 -1.825007 
186.63999887 -1.825007 
186.67999887 -1.825007 
186.71999887 -1.825007 
186.75999886 -1.825007 
186.79999886 -1.825007 
186.83999886 -1.825007 
186.87999886 -1.825007 
186.91999886 -1.825007 
186.95999886 -1.825007 
186.99999886 -1.825007 
187.03999886 -1.825007 
187.07999886 -1.825007 
187.11999886 -1.825007 
187.15999886 -1.825007 
187.19999886 -1.825007 
187.23999886 -1.825007 
187.27999886 -1.382488 
187.31999886 -1.382488 
187.35999886 -1.825007 
187.39999886 -0.941496 
187.43999886 -0.941496 
187.47999886 -0.941496 
187.51999886 -0.941496 
187.55999886 -0.941496 
187.59999886 -0.941496 
187.63999886 -0.941496 
187.67999886 -0.941496 
187.71999886 -0.941496 
187.75999886 -0.941496 
187.79999886 -0.941496 
187.83999886 -0.4989776 
187.87999886 -0.4989776 
187.91999886 -0.4989776 
187.95999886 -0.941496 
187.99999886 -0.4989776 
188.03999886 -0.4989776 
188.07999886 -0.4989776 
196.23999881 -0.4989776 
196.31999881 -0.4989776 
196.39999881 -0.4989776 
196.43999881 -0.4989776 
196.51999881 -0.4989776 
196.6799988 -0.4989776 
196.8799988 -0.4989776 
0 0 
