0.0 -1.382488 
0.04 -1.825007 
0.08 -1.825007 
0.12 -1.382488 
0.16 -1.825007 
0.2 -0.941496 
0.24 -1.382488 
0.28 -0.941496 
0.32 -0.941496 
0.36 -0.941496 
0.4 -0.941496 
0.44 -0.941496 
0.48 -0.4989776 
0.52 -0.4989776 
0.56 -0.941496 
0.6 -0.4989776 
0.64 -0.4989776 
0.68 -0.4989776 
0.76 -0.4989776 
2.07999999 -0.4989776 
2.15999999 -0.4989776 
2.19999999 -0.4989776 
2.23999999 -0.4989776 
2.27999999 -0.4989776 
2.31999999 -0.941496 
2.35999999 -0.4989776 
2.39999999 -0.941496 
2.43999999 -0.941496 
2.47999998 -0.941496 
2.51999998 -0.941496 
2.55999998 -0.941496 
2.59999998 -1.382488 
2.63999998 -1.382488 
2.67999998 -1.382488 
2.71999998 -1.825007 
2.75999998 -1.825007 
2.79999998 -1.825007 
2.83999998 -1.825007 
2.87999998 -2.267525 
2.91999998 -2.267525 
2.95999998 -2.267525 
2.99999998 -2.267525 
3.03999998 -2.267525 
3.07999998 -2.708518 
3.11999998 -2.708518 
3.15999998 -2.708518 
3.19999998 -2.708518 
3.23999998 -3.151036 
3.27999998 -2.708518 
3.31999998 -2.708518 
3.35999998 -2.708518 
3.39999998 -3.151036 
3.43999998 -3.593554 
3.47999998 -3.151036 
3.51999998 -3.593554 
3.55999998 -3.593554 
3.59999998 -3.593554 
3.63999998 -3.593554 
3.67999998 -3.593554 
3.71999998 -3.593554 
3.75999998 -3.593554 
3.79999998 -3.593554 
3.83999998 -3.593554 
3.87999998 -4.034547 
3.91999998 -4.034547 
3.95999998 -4.477065 
3.99999998 -4.477065 
4.03999998 -4.477065 
4.07999998 -4.034547 
4.11999997 -4.477065 
4.15999997 -4.477065 
4.19999997 -4.477065 
4.23999997 -4.477065 
4.27999997 -4.477065 
4.31999997 -4.477065 
4.35999997 -4.477065 
4.39999997 -4.477065 
4.43999997 -4.477065 
4.47999997 -4.477065 
4.51999997 -4.919584 
4.55999997 -4.919584 
4.59999997 -4.919584 
4.63999997 -5.360576 
4.67999997 -4.919584 
4.71999997 -5.360576 
4.75999997 -5.360576 
4.79999997 -4.919584 
4.83999997 -4.919584 
4.87999997 -5.360576 
4.91999997 -5.360576 
4.95999997 -4.919584 
4.99999997 -4.919584 
5.03999997 -4.919584 
5.07999997 -4.919584 
5.11999997 -5.360576 
5.15999997 -4.919584 
5.19999997 -5.360576 
5.23999997 -4.919584 
5.27999997 -4.477065 
5.31999997 -4.477065 
5.35999997 -4.477065 
5.39999997 -4.477065 
5.43999997 -4.477065 
5.47999997 -4.477065 
5.51999997 -4.477065 
5.55999997 -4.477065 
5.59999997 -4.477065 
5.63999997 -4.477065 
5.67999997 -4.034547 
5.71999997 -4.034547 
5.75999996 -4.034547 
5.79999996 -4.034547 
5.83999996 -3.593554 
5.87999996 -4.034547 
5.91999996 -3.593554 
5.95999996 -3.151036 
5.99999996 -3.151036 
6.03999996 -3.151036 
6.07999996 -3.151036 
6.11999996 -3.593554 
6.15999996 -3.151036 
6.19999996 -1.382488 
6.23999996 -2.708518 
6.27999996 -2.708518 
6.31999996 -2.267525 
6.35999996 -2.267525 
6.39999996 -2.267525 
6.43999996 -1.825007 
6.47999996 -1.825007 
6.51999996 -1.825007 
6.55999996 -1.825007 
6.59999996 -1.825007 
6.63999996 -1.382488 
6.67999996 -0.941496 
6.71999996 -1.382488 
6.75999996 -0.941496 
6.79999996 -0.941496 
6.83999996 -0.941496 
6.87999996 -0.4989776 
6.91999996 -0.4989776 
6.95999996 -0.4989776 
6.99999996 -0.4989776 
7.03999996 -0.4989776 
7.07999996 -0.4989776 
7.11999996 -0.4989776 
9.27999994 -0.4989776 
9.35999994 -0.4989776 
9.43999994 -0.4989776 
9.47999994 -0.4989776 
9.51999994 -0.4989776 
9.55999994 -0.941496 
9.59999994 -0.941496 
9.63999994 -0.4989776 
9.67999994 -0.941496 
9.71999994 -0.941496 
9.75999994 -0.941496 
9.79999994 -0.941496 
9.83999994 -1.382488 
9.87999994 -1.825007 
9.91999994 -1.825007 
9.95999994 -1.825007 
9.99999994 -1.825007 
10.03999994 -2.267525 
10.07999994 -2.267525 
10.11999994 -2.267525 
10.15999994 -2.267525 
10.19999994 -2.708518 
10.23999994 -3.151036 
10.27999994 -3.151036 
10.31999994 -3.151036 
10.35999994 -3.593554 
10.39999994 -3.151036 
10.43999994 -3.151036 
10.47999994 -3.593554 
10.51999994 -3.593554 
10.55999994 -3.593554 
10.59999994 -3.593554 
10.63999994 -4.034547 
10.67999994 -4.034547 
10.71999993 -4.034547 
10.75999993 -4.034547 
10.79999993 -4.034547 
10.83999993 -4.477065 
10.87999993 -4.477065 
10.91999993 -4.477065 
10.95999993 -4.477065 
10.99999993 -4.477065 
11.03999993 -4.477065 
11.07999993 -4.477065 
11.11999993 -4.477065 
11.15999993 -4.477065 
11.19999993 -5.360576 
11.23999993 -4.919584 
11.27999993 -5.360576 
11.31999993 -4.477065 
11.35999993 -4.919584 
11.39999993 -4.919584 
11.43999993 -5.360576 
11.47999993 -5.360576 
11.51999993 -4.919584 
11.55999993 -4.919584 
11.59999993 -5.360576 
11.63999993 -5.360576 
11.67999993 -4.919584 
11.71999993 -5.360576 
11.75999993 -4.919584 
11.79999993 -5.360576 
11.83999993 -5.360576 
11.87999993 -5.360576 
11.91999993 -5.360576 
11.95999993 -4.919584 
11.99999993 -5.360576 
12.03999993 -4.919584 
12.07999993 -4.919584 
12.11999993 -4.919584 
12.15999993 -4.477065 
12.19999993 -4.919584 
12.23999993 -4.919584 
12.27999993 -4.477065 
12.31999993 -4.919584 
12.35999992 -4.477065 
12.39999992 -4.477065 
12.43999992 -4.477065 
12.47999992 -4.477065 
12.51999992 -4.477065 
12.55999992 -4.034547 
12.59999992 -4.477065 
12.63999992 -4.477065 
12.67999992 -4.034547 
12.71999992 -4.034547 
12.75999992 -3.593554 
12.79999992 -4.034547 
12.83999992 -3.593554 
12.87999992 -3.593554 
12.91999992 -3.593554 
12.95999992 -3.593554 
12.99999992 -3.151036 
13.03999992 -3.151036 
13.07999992 -3.151036 
13.11999992 -3.151036 
13.15999992 -2.708518 
13.19999992 -2.708518 
13.23999992 -2.267525 
13.27999992 -2.267525 
13.31999992 -2.267525 
13.35999992 -2.267525 
13.39999992 -1.825007 
13.43999992 -2.267525 
13.47999992 -1.825007 
13.51999992 -1.825007 
13.55999992 -1.382488 
13.59999992 -1.382488 
13.63999992 -0.941496 
13.67999992 -0.941496 
13.71999992 -0.941496 
13.75999992 -0.941496 
13.79999992 -0.941496 
13.83999992 -0.941496 
13.87999992 -0.941496 
13.91999992 -0.4989776 
13.95999992 -0.4989776 
14.07999991 -0.4989776 
16.3599999 -0.4989776 
16.5199999 -0.4989776 
16.5999999 -0.4989776 
16.6399999 -0.4989776 
16.7199999 -0.4989776 
16.7599999 -0.4989776 
16.7999999 -0.4989776 
16.8399999 -0.4989776 
16.8799999 -0.4989776 
16.9199999 -0.4989776 
16.9599999 -0.4989776 
16.9999999 -0.4989776 
17.0399999 -0.4989776 
17.0799999 -0.4989776 
17.1199999 -0.941496 
17.1599999 -0.941496 
17.1999999 -0.4989776 
17.2399999 -0.941496 
17.27999989 -0.941496 
17.31999989 -0.941496 
17.35999989 -0.941496 
17.39999989 -0.941496 
17.43999989 -0.941496 
17.47999989 -0.941496 
17.51999989 -0.941496 
17.55999989 -0.941496 
17.59999989 -0.941496 
17.63999989 -0.941496 
17.67999989 -0.941496 
17.71999989 -0.941496 
17.75999989 -1.382488 
17.79999989 -1.382488 
17.83999989 -0.941496 
17.87999989 -0.941496 
17.91999989 -0.941496 
17.95999989 -1.382488 
17.99999989 -0.941496 
18.03999989 -1.382488 
18.07999989 -1.382488 
18.11999989 -1.825007 
18.15999989 -1.382488 
18.19999989 -1.382488 
18.23999989 -1.382488 
18.27999989 -1.825007 
18.31999989 -0.941496 
18.35999989 -1.825007 
18.39999989 -1.382488 
18.43999989 -1.382488 
18.47999989 -1.382488 
18.51999989 -1.825007 
18.55999989 -1.825007 
18.59999989 -1.825007 
18.63999989 -1.825007 
18.67999989 -1.825007 
18.71999989 -1.825007 
18.75999989 -1.825007 
18.79999989 -1.825007 
18.83999989 -1.825007 
18.87999989 -1.825007 
18.91999989 -1.825007 
18.95999988 -1.825007 
18.99999988 -1.825007 
19.03999988 -2.267525 
19.07999988 -1.825007 
19.11999988 -1.825007 
19.15999988 -1.825007 
19.19999988 -0.941496 
19.23999988 -1.825007 
19.27999988 -1.825007 
19.31999988 -1.825007 
19.35999988 -1.825007 
19.39999988 -1.825007 
19.43999988 -1.825007 
19.47999988 -1.825007 
19.51999988 -1.825007 
19.55999988 -1.825007 
19.59999988 -1.825007 
19.63999988 -1.825007 
19.67999988 -1.825007 
19.71999988 -1.825007 
19.75999988 -1.382488 
19.79999988 -1.382488 
19.83999988 -1.825007 
19.87999988 -1.825007 
19.91999988 -0.4989776 
19.95999988 -1.825007 
19.99999988 -1.825007 
20.03999988 -1.382488 
20.07999988 -0.941496 
20.11999988 -1.825007 
20.15999988 -1.825007 
20.19999988 -1.382488 
20.23999988 -1.382488 
20.27999988 -1.825007 
20.31999988 -1.382488 
20.35999988 -1.825007 
20.39999988 -1.382488 
20.43999988 -0.941496 
20.47999988 -0.941496 
20.51999988 -1.825007 
20.55999988 -1.382488 
20.59999987 -0.941496 
20.63999987 -1.382488 
20.67999987 -0.941496 
20.71999987 -1.382488 
20.75999987 -0.941496 
20.79999987 -0.941496 
20.83999987 -0.941496 
20.87999987 -0.941496 
20.91999987 -1.382488 
20.95999987 -0.941496 
20.99999987 -0.941496 
21.03999987 -0.4989776 
21.07999987 -0.941496 
21.11999987 -1.382488 
21.15999987 -0.941496 
21.19999987 -0.941496 
21.23999987 -0.941496 
21.27999987 -0.4989776 
21.31999987 -0.4989776 
21.35999987 -0.941496 
21.39999987 -0.941496 
21.43999987 -0.4989776 
21.47999987 -0.941496 
21.51999987 -0.4989776 
21.55999987 -0.4989776 
21.59999987 -0.941496 
21.63999987 -0.4989776 
21.67999987 -0.941496 
21.71999987 -0.4989776 
21.75999987 -0.4989776 
21.79999987 -0.4989776 
21.83999987 -0.941496 
21.87999987 -0.4989776 
21.91999987 -0.4989776 
21.95999987 -0.4989776 
21.99999987 -0.4989776 
22.03999987 -0.4989776 
22.07999987 -0.941496 
22.11999987 -0.941496 
22.15999987 -0.941496 
22.19999987 -0.941496 
22.23999986 -0.941496 
22.27999986 -0.941496 
22.31999986 -0.941496 
22.35999986 -0.941496 
22.39999986 -0.941496 
22.43999986 -0.941496 
22.47999986 -0.941496 
22.51999986 -0.941496 
22.55999986 -0.941496 
22.59999986 -0.941496 
22.63999986 -0.941496 
22.67999986 -0.941496 
22.71999986 -0.941496 
22.75999986 -0.941496 
22.79999986 -0.941496 
22.83999986 -0.941496 
22.87999986 -0.941496 
22.91999986 -0.941496 
22.95999986 -0.941496 
22.99999986 -0.941496 
23.03999986 -0.941496 
23.07999986 -0.941496 
23.11999986 -0.941496 
23.15999986 -0.941496 
23.19999986 -0.941496 
23.23999986 -0.941496 
23.27999986 -0.941496 
23.31999986 -0.941496 
23.35999986 -1.825007 
23.39999986 -0.941496 
23.43999986 -1.382488 
23.47999986 -1.825007 
23.51999986 -1.382488 
23.55999986 -0.941496 
23.59999986 -1.382488 
23.63999986 -1.382488 
23.67999986 -1.382488 
23.71999986 -1.825007 
23.75999986 -1.382488 
23.79999986 -1.382488 
23.83999986 -1.825007 
23.87999985 -1.825007 
23.91999985 -1.825007 
23.95999985 -1.825007 
23.99999985 -1.382488 
24.03999985 -1.825007 
24.07999985 -1.825007 
24.11999985 -1.825007 
24.15999985 -1.825007 
24.19999985 -1.825007 
24.23999985 -1.825007 
24.27999985 -1.825007 
24.31999985 -1.825007 
24.35999985 -1.825007 
24.39999985 -1.825007 
24.43999985 -1.825007 
24.47999985 -1.825007 
24.51999985 -1.825007 
24.55999985 -1.825007 
24.59999985 -1.825007 
24.63999985 -1.825007 
24.67999985 -1.825007 
24.71999985 -2.267525 
24.75999985 -1.825007 
24.79999985 -1.825007 
24.83999985 -2.267525 
24.87999985 -1.825007 
24.91999985 -2.267525 
24.95999985 -2.267525 
24.99999985 -2.267525 
25.03999985 -2.267525 
25.07999985 -1.825007 
25.11999985 -2.267525 
25.15999985 -1.825007 
25.19999985 -2.267525 
25.23999985 -2.267525 
25.27999985 -1.825007 
25.31999985 -2.267525 
25.35999985 -2.267525 
25.39999985 -2.708518 
25.43999985 -1.825007 
25.47999985 -2.267525 
25.51999984 -2.708518 
25.55999984 -2.267525 
25.59999984 -1.825007 
25.63999984 -2.267525 
25.67999984 -2.267525 
25.71999984 -1.825007 
25.75999984 -1.825007 
25.79999984 -1.825007 
25.83999984 -1.825007 
25.87999984 -2.708518 
25.91999984 -2.708518 
25.95999984 -1.382488 
25.99999984 -1.825007 
26.03999984 -2.708518 
26.07999984 -1.825007 
26.11999984 -1.825007 
26.15999984 -2.708518 
26.19999984 -2.708518 
26.23999984 -1.825007 
26.27999984 -1.382488 
26.31999984 -2.267525 
26.35999984 -2.267525 
26.39999984 -1.825007 
26.43999984 -1.825007 
26.47999984 -1.825007 
26.51999984 -2.267525 
26.55999984 -2.267525 
26.59999984 -1.825007 
26.63999984 -1.825007 
26.67999984 -1.825007 
26.71999984 -1.825007 
26.75999984 -1.825007 
26.79999984 -1.825007 
26.83999984 -1.825007 
26.87999984 -1.825007 
26.91999984 -1.825007 
26.95999984 -1.825007 
26.99999984 -2.267525 
27.03999984 -1.825007 
27.07999984 -1.825007 
27.11999984 -1.825007 
27.15999983 -1.825007 
27.19999983 -2.267525 
27.23999983 -1.825007 
27.27999983 -1.825007 
27.31999983 -1.825007 
27.35999983 -1.825007 
27.39999983 -1.825007 
27.43999983 -1.825007 
27.47999983 -2.267525 
27.51999983 -2.267525 
27.55999983 -2.267525 
27.59999983 -2.267525 
27.63999983 -2.267525 
27.67999983 -2.267525 
27.71999983 -2.267525 
27.75999983 -2.267525 
27.79999983 -2.267525 
27.83999983 -2.267525 
27.87999983 -2.267525 
27.91999983 -2.708518 
27.95999983 -2.267525 
27.99999983 -2.267525 
28.03999983 -2.267525 
28.07999983 -2.267525 
28.11999983 -2.267525 
28.15999983 -2.267525 
28.19999983 -2.267525 
28.23999983 -2.267525 
28.27999983 -2.267525 
28.31999983 -2.708518 
28.35999983 -2.267525 
28.39999983 -2.267525 
28.43999983 -2.267525 
28.47999983 -2.267525 
28.51999983 -2.267525 
28.55999983 -2.708518 
28.59999983 -2.267525 
28.63999983 -2.267525 
28.67999983 -2.267525 
28.71999983 -2.267525 
28.75999983 -2.267525 
28.79999982 -2.267525 
28.83999982 -2.267525 
28.87999982 -1.825007 
28.91999982 -2.267525 
28.95999982 -2.267525 
28.99999982 -2.267525 
29.03999982 -2.267525 
29.07999982 -2.267525 
29.11999982 -2.267525 
29.15999982 -1.825007 
29.19999982 -2.267525 
29.23999982 -1.825007 
29.27999982 -2.267525 
29.31999982 -2.267525 
29.35999982 -2.267525 
29.39999982 -2.267525 
29.43999982 -2.267525 
29.47999982 -1.825007 
29.51999982 -1.825007 
29.55999982 -2.267525 
29.59999982 -1.825007 
29.63999982 -1.825007 
29.67999982 -1.825007 
29.71999982 -1.825007 
29.75999982 -1.825007 
29.79999982 -1.825007 
29.83999982 -1.825007 
29.87999982 -1.825007 
29.91999982 -1.825007 
29.95999982 -1.825007 
29.99999982 -1.825007 
30.03999982 -1.825007 
30.07999982 -1.825007 
30.11999982 -1.825007 
30.15999982 -1.825007 
30.19999982 -1.382488 
30.23999982 -1.382488 
30.27999982 -0.941496 
30.31999982 -1.382488 
30.35999982 -0.941496 
30.39999982 -1.382488 
30.43999982 -0.941496 
30.47999981 -0.941496 
30.51999981 -0.941496 
30.55999981 -0.941496 
30.59999981 -0.4989776 
30.63999981 -0.941496 
30.67999981 -0.941496 
30.71999981 -0.4989776 
30.75999981 -0.941496 
30.79999981 -0.941496 
30.83999981 -0.4989776 
30.87999981 -0.4989776 
30.91999981 -0.4989776 
30.95999981 -0.4989776 
31.03999981 -0.4989776 
34.59999979 -0.4989776 
34.63999979 -0.941496 
34.67999979 -0.941496 
34.71999979 -0.941496 
34.75999979 -0.941496 
34.79999979 -1.382488 
34.83999979 -1.825007 
34.87999979 -1.825007 
34.91999979 -1.825007 
34.95999979 -1.825007 
34.99999979 -2.267525 
35.03999979 -2.267525 
35.07999979 -2.267525 
35.11999979 -2.267525 
35.15999979 -2.708518 
35.19999979 -2.708518 
35.23999979 -2.708518 
35.27999979 -2.708518 
35.31999979 -2.708518 
35.35999979 -2.708518 
35.39999978 -3.151036 
35.43999978 -3.593554 
35.47999978 -3.593554 
35.51999978 -3.593554 
35.55999978 -3.593554 
35.59999978 -4.034547 
35.63999978 -4.034547 
35.67999978 -4.034547 
35.71999978 -4.034547 
35.75999978 -4.034547 
35.79999978 -4.477065 
35.83999978 -4.477065 
35.87999978 -4.477065 
35.91999978 -4.477065 
35.95999978 -4.477065 
35.99999978 -4.477065 
36.03999978 -4.477065 
36.07999978 -4.477065 
36.11999978 -4.477065 
36.15999978 -4.477065 
36.19999978 -4.477065 
36.23999978 -4.477065 
36.27999978 -4.477065 
36.31999978 -4.477065 
36.35999978 -4.477065 
36.39999978 -4.919584 
36.43999978 -4.477065 
36.47999978 -4.919584 
36.51999978 -4.477065 
36.55999978 -4.919584 
36.59999978 -4.477065 
36.63999978 -4.477065 
36.67999978 -4.477065 
36.71999978 -4.477065 
36.75999978 -4.477065 
36.79999978 -4.477065 
36.83999978 -4.919584 
36.87999978 -4.477065 
36.91999978 -4.477065 
36.95999978 -4.477065 
36.99999978 -4.477065 
37.03999977 -4.477065 
37.07999977 -4.477065 
37.11999977 -4.477065 
37.15999977 -4.477065 
37.19999977 -4.034547 
37.23999977 -4.034547 
37.27999977 -4.034547 
37.31999977 -4.034547 
37.35999977 -4.477065 
37.39999977 -4.034547 
37.43999977 -3.593554 
37.47999977 -3.593554 
37.51999977 -3.593554 
37.55999977 -3.593554 
37.59999977 -3.593554 
37.63999977 -3.151036 
37.67999977 -3.593554 
37.71999977 -3.593554 
37.75999977 -3.151036 
37.79999977 -3.151036 
37.83999977 -2.708518 
37.87999977 -2.708518 
37.91999977 -2.267525 
37.95999977 -2.267525 
37.99999977 -2.267525 
38.03999977 -2.267525 
38.07999977 -2.267525 
38.11999977 -1.825007 
38.15999977 -1.825007 
38.19999977 -1.825007 
38.23999977 -1.825007 
38.27999977 -1.825007 
38.31999977 -1.382488 
38.35999977 -0.941496 
38.39999977 -0.941496 
38.43999977 -0.941496 
38.47999977 -0.941496 
38.51999977 -0.4989776 
38.55999977 -0.4989776 
38.59999977 -0.941496 
38.63999977 -0.4989776 
38.67999976 -0.941496 
38.71999976 -0.4989776 
40.03999976 -0.4989776 
40.07999976 -0.4989776 
40.11999976 -0.4989776 
40.15999976 -0.4989776 
40.19999976 -0.4989776 
40.23999976 -0.4989776 
40.27999976 -0.4989776 
40.31999975 -0.4989776 
40.35999975 -0.941496 
40.39999975 -0.4989776 
40.43999975 -0.941496 
40.47999975 -0.941496 
40.51999975 -0.941496 
40.55999975 -0.941496 
40.59999975 -0.941496 
40.63999975 -0.941496 
40.67999975 -1.382488 
40.71999975 -0.941496 
40.75999975 -0.941496 
40.79999975 -1.382488 
40.83999975 -1.825007 
40.87999975 -1.825007 
40.91999975 -1.825007 
40.95999975 -1.825007 
40.99999975 -1.825007 
41.03999975 -1.825007 
41.07999975 -1.825007 
41.11999975 -2.267525 
41.15999975 -2.267525 
41.19999975 -2.267525 
41.23999975 -2.267525 
41.27999975 -2.267525 
41.31999975 -2.267525 
41.35999975 -2.267525 
41.39999975 -2.267525 
41.43999975 -2.267525 
41.47999975 -2.708518 
41.51999975 -2.708518 
41.55999975 -2.267525 
41.59999975 -2.708518 
41.63999975 -2.267525 
41.67999975 -2.708518 
41.71999975 -2.708518 
41.75999975 -3.151036 
41.79999975 -3.151036 
41.83999975 -3.151036 
41.87999975 -3.151036 
41.91999975 -3.151036 
41.95999974 -3.151036 
41.99999974 -3.151036 
42.03999974 -3.151036 
42.07999974 -3.151036 
42.11999974 -3.151036 
42.15999974 -3.151036 
42.19999974 -2.708518 
42.23999974 -2.708518 
42.27999974 -3.151036 
42.31999974 -3.151036 
42.35999974 -2.708518 
42.39999974 -3.151036 
42.43999974 -3.151036 
42.47999974 -3.151036 
42.51999974 -3.593554 
42.55999974 -3.593554 
42.59999974 -3.593554 
42.63999974 -3.151036 
42.67999974 -3.593554 
42.71999974 -3.151036 
42.75999974 -3.151036 
42.79999974 -3.151036 
42.83999974 -3.593554 
42.87999974 -3.593554 
42.91999974 -3.593554 
42.95999974 -3.151036 
42.99999974 -3.151036 
43.03999974 -3.151036 
43.07999974 -2.708518 
43.11999974 -3.151036 
43.15999974 -2.708518 
43.19999974 -3.593554 
43.23999974 -3.151036 
43.27999974 -3.151036 
43.31999974 -2.708518 
43.35999974 -3.151036 
43.39999974 -3.151036 
43.43999974 -2.708518 
43.47999974 -2.708518 
43.51999974 -3.151036 
43.55999974 -2.708518 
43.59999974 -3.151036 
43.63999973 -3.151036 
43.67999973 -2.708518 
43.71999973 -2.708518 
43.75999973 -2.708518 
43.79999973 -2.708518 
43.83999973 -2.267525 
43.87999973 -2.267525 
43.91999973 -2.267525 
43.95999973 -2.267525 
43.99999973 -2.267525 
44.03999973 -2.267525 
44.07999973 -2.267525 
44.11999973 -2.267525 
44.15999973 -2.267525 
44.19999973 -2.267525 
44.23999973 -2.267525 
44.27999973 -2.267525 
44.31999973 -2.267525 
44.35999973 -2.267525 
44.39999973 -2.267525 
44.43999973 -2.267525 
44.47999973 -2.267525 
44.51999973 -1.825007 
44.55999973 -2.267525 
44.59999973 -2.267525 
44.63999973 -2.267525 
44.67999973 -2.267525 
44.71999973 -2.267525 
44.75999973 -2.267525 
44.79999973 -2.267525 
44.83999973 -2.267525 
44.87999973 -2.267525 
44.91999973 -2.267525 
44.95999973 -2.267525 
44.99999973 -1.825007 
45.03999973 -2.267525 
45.07999973 -1.825007 
45.11999973 -2.267525 
45.15999973 -1.825007 
45.19999973 -1.825007 
45.23999973 -1.825007 
45.27999972 -1.825007 
45.31999972 -1.825007 
45.35999972 -2.267525 
45.39999972 -1.382488 
45.43999972 -1.825007 
45.47999972 -1.825007 
45.51999972 -1.382488 
45.55999972 -1.382488 
45.59999972 -1.825007 
45.63999972 -1.825007 
45.67999972 -1.825007 
45.71999972 -1.382488 
45.75999972 -1.382488 
45.79999972 -0.941496 
45.83999972 -1.382488 
45.87999972 -1.825007 
45.91999972 -0.941496 
45.95999972 -1.382488 
45.99999972 -1.825007 
46.03999972 -1.825007 
46.07999972 -0.941496 
46.11999972 -0.941496 
46.15999972 -0.941496 
46.19999972 -1.382488 
46.23999972 -0.941496 
46.27999972 -0.941496 
46.31999972 -0.941496 
46.35999972 -0.941496 
46.39999972 -0.941496 
46.43999972 -0.941496 
46.47999972 -0.941496 
46.51999972 -0.941496 
46.55999972 -0.941496 
46.59999972 -1.382488 
46.63999972 -0.941496 
46.67999972 -0.941496 
46.71999972 -0.941496 
46.75999972 -1.382488 
46.79999972 -0.941496 
46.83999972 -0.941496 
46.87999972 -0.941496 
46.91999971 -0.941496 
46.95999971 -0.941496 
46.99999971 -0.941496 
47.03999971 -1.382488 
47.07999971 -1.382488 
47.11999971 -0.941496 
47.15999971 -0.941496 
47.19999971 -1.825007 
47.23999971 -1.382488 
47.27999971 -1.825007 
47.31999971 -1.825007 
47.35999971 -1.825007 
47.39999971 -1.825007 
47.43999971 -1.825007 
47.47999971 -1.825007 
47.51999971 -1.825007 
47.55999971 -1.825007 
47.59999971 -1.825007 
47.63999971 -1.825007 
47.67999971 -1.825007 
47.71999971 -1.825007 
47.75999971 -1.825007 
47.79999971 -1.825007 
47.83999971 -1.825007 
47.87999971 -1.825007 
47.91999971 -1.825007 
47.95999971 -2.267525 
47.99999971 -1.825007 
48.03999971 -1.825007 
48.07999971 -1.825007 
48.11999971 -2.267525 
48.15999971 -1.825007 
48.19999971 -2.267525 
48.23999971 -2.267525 
48.27999971 -2.267525 
48.31999971 -1.825007 
48.35999971 -2.267525 
48.39999971 -2.267525 
48.43999971 -1.825007 
48.47999971 -2.267525 
48.51999971 -2.267525 
48.5599997 -1.825007 
48.5999997 -2.267525 
48.6399997 -2.267525 
48.6799997 -1.825007 
48.7199997 -1.825007 
48.7599997 -1.825007 
48.7999997 -1.825007 
48.8399997 -1.825007 
48.8799997 -1.825007 
48.9199997 -1.825007 
48.9599997 -1.825007 
48.9999997 -1.825007 
49.0399997 -1.825007 
49.0799997 -1.825007 
49.1199997 -1.825007 
49.1599997 -1.825007 
49.1999997 -1.825007 
49.2399997 -1.825007 
49.2799997 -1.825007 
49.3199997 -1.825007 
49.3599997 -1.825007 
49.3999997 -1.825007 
49.4399997 -1.382488 
49.4799997 -1.825007 
49.5199997 -1.825007 
49.5599997 -1.825007 
49.5999997 -1.825007 
49.6399997 -1.382488 
49.6799997 -1.382488 
49.7199997 -0.941496 
49.7599997 -1.382488 
49.7999997 -1.382488 
49.8399997 -0.941496 
49.8799997 -1.382488 
49.9199997 -0.941496 
49.9599997 -0.941496 
49.9999997 -0.941496 
50.0399997 -0.941496 
50.0799997 -0.941496 
50.1199997 -0.941496 
50.1599997 -0.941496 
50.19999969 -0.941496 
50.23999969 -0.941496 
50.27999969 -0.941496 
50.31999969 -0.941496 
50.35999969 -0.941496 
50.39999969 -0.941496 
50.43999969 -0.941496 
50.47999969 -0.941496 
50.51999969 -0.941496 
50.55999969 -0.941496 
50.59999969 -0.941496 
50.63999969 -0.941496 
50.67999969 -0.941496 
50.71999969 -0.941496 
50.75999969 -0.941496 
50.79999969 -0.941496 
50.83999969 -0.941496 
50.87999969 -0.941496 
50.91999969 -0.941496 
50.95999969 -0.941496 
50.99999969 -0.941496 
51.03999969 -0.941496 
51.07999969 -0.941496 
51.11999969 -0.941496 
51.15999969 -0.941496 
51.19999969 -0.941496 
51.23999969 -0.941496 
51.27999969 -0.941496 
51.31999969 -1.825007 
51.35999969 -0.4989776 
51.39999969 -0.4989776 
51.43999969 -0.941496 
51.47999969 -1.382488 
51.51999969 -0.941496 
51.55999969 -0.941496 
51.59999969 -0.941496 
51.67999969 -0.4989776 
51.71999969 -0.4989776 
51.75999969 -0.4989776 
51.79999969 -1.825007 
51.83999968 -1.825007 
51.95999968 -1.382488 
51.99999968 -0.4989776 
52.07999968 -0.941496 
52.11999968 -1.382488 
52.15999968 -0.4989776 
52.23999968 -0.4989776 
52.27999968 -0.941496 
52.31999968 -0.4989776 
52.35999968 -0.4989776 
52.43999968 -0.4989776 
52.47999968 -0.941496 
52.51999968 -0.4989776 
52.55999968 -0.4989776 
52.59999968 -0.4989776 
52.63999968 -0.4989776 
56.27999966 -0.4989776 
56.31999966 -0.4989776 
56.39999966 -0.4989776 
56.43999966 -0.4989776 
56.47999966 -0.941496 
56.51999966 -0.4989776 
56.55999966 -0.4989776 
56.59999966 -0.941496 
56.63999966 -0.941496 
56.67999966 -0.941496 
56.71999966 -0.941496 
56.75999966 -0.941496 
56.79999965 -0.941496 
56.83999965 -0.941496 
56.87999965 -0.941496 
56.91999965 -0.941496 
56.95999965 -1.382488 
56.99999965 -1.825007 
57.03999965 -1.825007 
57.07999965 -1.825007 
57.11999965 -1.825007 
57.15999965 -1.825007 
57.19999965 -1.825007 
57.23999965 -2.267525 
57.27999965 -1.825007 
57.31999965 -1.825007 
57.35999965 -1.825007 
57.39999965 -1.825007 
57.43999965 -2.267525 
57.47999965 -2.267525 
57.51999965 -2.267525 
57.55999965 -2.267525 
57.59999965 -2.267525 
57.63999965 -2.267525 
57.67999965 -2.267525 
57.71999965 -2.267525 
57.75999965 -2.267525 
57.79999965 -2.267525 
57.83999965 -2.267525 
57.87999965 -2.708518 
57.91999965 -2.267525 
57.95999965 -2.708518 
57.99999965 -2.708518 
58.03999965 -2.708518 
58.07999965 -2.708518 
58.11999965 -2.708518 
58.15999965 -2.708518 
58.19999965 -2.708518 
58.23999965 -2.708518 
58.27999965 -2.708518 
58.31999965 -2.708518 
58.35999965 -2.708518 
58.39999965 -2.708518 
58.43999964 -2.708518 
58.47999964 -2.708518 
58.51999964 -3.151036 
58.55999964 -3.151036 
58.59999964 -2.708518 
58.63999964 -2.708518 
58.67999964 -2.708518 
58.71999964 -3.151036 
58.75999964 -3.151036 
58.79999964 -3.151036 
58.83999964 -1.825007 
58.87999964 -3.151036 
58.91999964 -3.151036 
58.95999964 -3.151036 
58.99999964 -3.593554 
59.03999964 -3.151036 
59.07999964 -2.708518 
59.11999964 -3.151036 
59.15999964 -2.708518 
59.19999964 -3.151036 
59.23999964 -3.151036 
59.27999964 -2.267525 
59.31999964 -2.708518 
59.35999964 -1.825007 
59.39999964 -3.151036 
59.43999964 -2.708518 
59.47999964 -2.708518 
59.51999964 -2.708518 
59.55999964 -2.267525 
59.59999964 -2.708518 
59.63999964 -3.151036 
59.67999964 -3.151036 
59.71999964 -3.593554 
59.75999964 -2.708518 
59.79999964 -2.708518 
59.83999964 -2.708518 
59.87999964 -2.708518 
59.91999964 -2.708518 
59.95999964 -3.151036 
59.99999964 -2.708518 
60.03999964 -2.708518 
60.07999963 -2.708518 
60.11999963 -3.151036 
60.15999963 -2.708518 
60.19999963 -2.708518 
60.23999963 -2.708518 
60.27999963 -2.708518 
60.31999963 -3.151036 
60.35999963 -2.708518 
60.39999963 -2.708518 
60.43999963 -2.708518 
60.47999963 -2.708518 
60.51999963 -3.151036 
60.55999963 -2.708518 
60.59999963 -3.151036 
60.63999963 -3.151036 
60.67999963 -3.151036 
60.71999963 -2.708518 
60.75999963 -2.708518 
60.79999963 -2.708518 
60.83999963 -3.151036 
60.87999963 -3.151036 
60.91999963 -3.151036 
60.95999963 -3.151036 
60.99999963 -2.708518 
61.03999963 -3.151036 
61.07999963 -3.151036 
61.11999963 -3.593554 
61.15999963 -3.593554 
61.19999963 -3.593554 
61.23999963 -3.593554 
61.27999963 -3.151036 
61.31999963 -3.593554 
61.35999963 -3.593554 
61.39999963 -3.151036 
61.43999963 -3.593554 
61.47999963 -3.593554 
61.51999963 -3.151036 
61.55999963 -3.151036 
61.59999963 -3.593554 
61.63999963 -3.593554 
61.67999963 -3.593554 
61.71999962 -4.034547 
61.75999962 -3.593554 
61.79999962 -3.593554 
61.83999962 -4.034547 
61.87999962 -3.593554 
61.91999962 -3.593554 
61.95999962 -4.034547 
61.99999962 -4.034547 
62.03999962 -4.034547 
62.07999962 -4.034547 
62.11999962 -4.034547 
62.15999962 -4.034547 
62.19999962 -4.034547 
62.23999962 -4.034547 
62.27999962 -4.477065 
62.31999962 -4.477065 
62.35999962 -4.477065 
62.39999962 -4.477065 
62.43999962 -4.477065 
62.47999962 -4.477065 
62.51999962 -4.477065 
62.55999962 -4.477065 
62.59999962 -4.477065 
62.63999962 -4.477065 
62.67999962 -4.477065 
62.71999962 -4.477065 
62.75999962 -4.477065 
62.79999962 -4.477065 
62.83999962 -4.477065 
62.87999962 -4.477065 
62.91999962 -4.477065 
62.95999962 -4.477065 
62.99999962 -4.477065 
63.03999962 -4.477065 
63.07999962 -4.477065 
63.11999962 -4.477065 
63.15999962 -4.477065 
63.19999962 -4.477065 
63.23999962 -4.477065 
63.27999962 -4.477065 
63.31999962 -4.477065 
63.35999961 -4.477065 
63.39999961 -4.477065 
63.43999961 -4.477065 
63.47999961 -4.477065 
63.51999961 -4.477065 
63.55999961 -4.477065 
63.59999961 -4.034547 
63.63999961 -4.477065 
63.67999961 -4.477065 
63.71999961 -4.034547 
63.75999961 -4.034547 
63.79999961 -4.477065 
63.83999961 -4.034547 
63.87999961 -4.034547 
63.91999961 -4.034547 
63.95999961 -4.034547 
63.99999961 -4.034547 
64.03999961 -4.034547 
64.07999961 -3.593554 
64.11999961 -3.593554 
64.15999961 -3.593554 
64.19999961 -4.034547 
64.23999961 -3.593554 
64.27999961 -3.593554 
64.31999961 -3.593554 
64.35999961 -3.593554 
64.39999961 -3.593554 
64.43999961 -3.151036 
64.47999961 -3.151036 
64.51999961 -2.708518 
64.55999961 -3.151036 
64.59999961 -3.151036 
64.63999961 -2.708518 
64.67999961 -2.708518 
64.71999961 -2.708518 
64.75999961 -2.708518 
64.79999961 -2.708518 
64.83999961 -2.267525 
64.87999961 -2.267525 
64.91999961 -2.267525 
64.95999961 -2.267525 
64.9999996 -2.267525 
65.0399996 -2.267525 
65.0799996 -2.267525 
65.1199996 -2.267525 
65.1599996 -1.825007 
65.1999996 -1.825007 
65.2399996 -1.825007 
65.2799996 -1.825007 
65.3199996 -1.825007 
65.3599996 -1.825007 
65.3999996 -1.382488 
65.4399996 -1.382488 
65.4799996 -1.825007 
65.5199996 -1.825007 
65.5599996 -0.941496 
65.5999996 -0.941496 
65.6399996 -0.941496 
65.6799996 -0.941496 
65.7199996 -0.941496 
65.7599996 -0.941496 
65.7999996 -0.941496 
65.8399996 -0.4989776 
65.8799996 -0.4989776 
65.9199996 -0.941496 
65.9599996 -0.4989776 
66.1199996 -0.4989776 
67.71999959 -0.4989776 
67.75999959 -0.4989776 
67.79999959 -0.4989776 
67.83999959 -0.4989776 
67.87999959 -0.4989776 
67.91999959 -0.4989776 
67.95999959 -0.4989776 
67.99999959 -0.4989776 
68.03999959 -0.4989776 
68.07999959 -0.4989776 
68.11999959 -0.4989776 
68.15999959 -0.941496 
68.19999959 -0.4989776 
68.23999959 -0.4989776 
68.27999959 -0.941496 
68.31999958 -0.941496 
68.35999958 -0.941496 
68.39999958 -0.941496 
68.43999958 -0.941496 
68.47999958 -0.4989776 
68.51999958 -0.941496 
68.55999958 -0.941496 
68.59999958 -0.941496 
68.63999958 -0.941496 
68.67999958 -0.941496 
68.71999958 -0.4989776 
68.75999958 -0.941496 
68.79999958 -0.941496 
68.83999958 -0.941496 
68.87999958 -0.941496 
68.91999958 -0.941496 
68.95999958 -0.941496 
68.99999958 -0.941496 
69.03999958 -0.941496 
69.07999958 -0.941496 
69.11999958 -0.941496 
69.15999958 -0.941496 
69.19999958 -0.941496 
69.23999958 -0.941496 
69.27999958 -0.4989776 
69.31999958 -0.4989776 
69.35999958 -0.4989776 
69.39999958 -0.4989776 
69.43999958 -0.4989776 
69.47999958 -0.4989776 
69.51999958 -0.4989776 
69.55999958 -0.941496 
69.59999958 -0.4989776 
69.63999958 -0.4989776 
69.67999958 -0.4989776 
69.71999958 -0.941496 
69.75999958 -0.941496 
69.79999958 -0.4989776 
69.83999958 -0.4989776 
69.91999958 -0.4989776 
69.99999957 -0.4989776 
70.07999957 -0.4989776 
70.11999957 -0.4989776 
70.15999957 -0.4989776 
70.19999957 -0.4989776 
70.23999957 -0.4989776 
72.55999956 -0.4989776 
72.59999956 -0.4989776 
72.63999956 -0.941496 
72.67999956 -0.941496 
72.71999956 -0.941496 
72.75999956 -0.941496 
72.79999956 -0.941496 
72.83999956 -0.941496 
72.87999956 -0.941496 
72.91999956 -1.382488 
72.95999956 -2.267525 
72.99999956 -0.941496 
73.03999956 -0.941496 
73.07999956 -2.267525 
73.11999956 -2.267525 
73.15999956 -1.825007 
73.19999956 -2.267525 
73.23999955 -2.267525 
73.27999955 -2.267525 
73.31999955 -2.267525 
73.35999955 -2.267525 
73.39999955 -2.267525 
73.43999955 -2.267525 
73.47999955 -2.708518 
73.51999955 -2.708518 
73.55999955 -2.708518 
73.59999955 -2.708518 
73.63999955 -3.151036 
73.67999955 -3.151036 
73.71999955 -2.708518 
73.75999955 -2.708518 
73.79999955 -3.593554 
73.83999955 -3.593554 
73.87999955 -3.593554 
73.91999955 -3.593554 
73.95999955 -3.593554 
73.99999955 -3.593554 
74.03999955 -3.593554 
74.07999955 -4.034547 
74.11999955 -4.034547 
74.15999955 -4.034547 
74.19999955 -4.034547 
74.23999955 -4.034547 
74.27999955 -4.034547 
74.31999955 -4.034547 
74.35999955 -4.034547 
74.39999955 -4.034547 
74.43999955 -4.477065 
74.47999955 -4.034547 
74.51999955 -4.034547 
74.55999955 -4.477065 
74.59999955 -4.477065 
74.63999955 -4.477065 
74.67999955 -4.477065 
74.71999955 -4.477065 
74.75999955 -4.034547 
74.79999955 -4.477065 
74.83999955 -4.477065 
74.87999954 -4.477065 
74.91999954 -4.477065 
74.95999954 -4.477065 
74.99999954 -4.034547 
75.03999954 -4.034547 
75.07999954 -4.477065 
75.11999954 -4.477065 
75.15999954 -4.477065 
75.19999954 -4.477065 
75.23999954 -4.477065 
75.27999954 -4.477065 
75.31999954 -4.034547 
75.35999954 -4.034547 
75.39999954 -4.477065 
75.43999954 -4.034547 
75.47999954 -4.034547 
75.51999954 -3.593554 
75.55999954 -3.593554 
75.59999954 -3.593554 
75.63999954 -3.593554 
75.67999954 -3.593554 
75.71999954 -3.593554 
75.75999954 -3.593554 
75.79999954 -3.593554 
75.83999954 -2.708518 
75.87999954 -3.151036 
75.91999954 -3.151036 
75.95999954 -3.151036 
75.99999954 -3.151036 
76.03999954 -2.708518 
76.07999954 -2.708518 
76.11999954 -2.267525 
76.15999954 -2.267525 
76.19999954 -2.267525 
76.23999954 -2.267525 
76.27999954 -2.267525 
76.31999954 -2.267525 
76.35999954 -2.267525 
76.39999954 -1.825007 
76.43999954 -1.825007 
76.47999954 -1.825007 
76.51999953 -1.382488 
76.55999953 -1.825007 
76.59999953 -1.825007 
76.63999953 -0.941496 
76.67999953 -0.941496 
76.71999953 -0.941496 
76.75999953 -1.382488 
76.79999953 -1.382488 
76.83999953 -0.941496 
76.87999953 -0.941496 
76.91999953 -0.941496 
76.95999953 -0.941496 
76.99999953 -0.941496 
77.03999953 -0.941496 
77.07999953 -0.941496 
77.11999953 -0.941496 
77.15999953 -0.941496 
77.19999953 -1.825007 
77.23999953 -0.941496 
77.31999953 -1.382488 
77.35999953 -1.825007 
77.39999953 -0.4989776 
77.43999953 -0.4989776 
77.47999953 -0.941496 
77.51999953 -0.941496 
77.55999953 -0.4989776 
77.59999953 -0.4989776 
77.63999953 -0.4989776 
77.67999953 -0.941496 
77.71999953 -2.267525 
77.75999953 -0.941496 
77.79999953 -0.4989776 
77.83999953 -0.941496 
77.87999953 -1.382488 
77.91999953 -0.4989776 
77.95999953 -0.941496 
77.99999953 -2.267525 
78.03999953 -0.941496 
78.07999953 -0.4989776 
78.11999953 -0.941496 
78.15999952 -1.825007 
78.19999952 -1.382488 
78.23999952 -0.941496 
78.27999952 -1.382488 
78.31999952 -0.941496 
78.35999952 -1.825007 
78.39999952 -1.382488 
78.43999952 -0.941496 
78.47999952 -1.382488 
78.51999952 -1.825007 
78.55999952 -1.825007 
78.59999952 -1.382488 
78.63999952 -1.825007 
78.67999952 -1.825007 
78.71999952 -1.825007 
78.75999952 -1.825007 
78.79999952 -1.825007 
78.83999952 -1.825007 
78.87999952 -1.825007 
78.91999952 -1.825007 
78.95999952 -1.825007 
78.99999952 -1.825007 
79.03999952 -1.825007 
79.07999952 -1.825007 
79.11999952 -1.825007 
79.15999952 -1.825007 
79.19999952 -1.825007 
79.23999952 -1.825007 
79.27999952 -1.825007 
79.31999952 -2.267525 
79.35999952 -1.825007 
79.39999952 -1.825007 
79.43999952 -1.825007 
79.47999952 -1.825007 
79.51999952 -2.267525 
79.55999952 -2.267525 
79.59999952 -1.825007 
79.63999952 -2.267525 
79.67999952 -2.267525 
79.71999952 -2.267525 
79.75999952 -1.825007 
79.79999952 -2.267525 
79.83999951 -2.267525 
79.87999951 -2.267525 
79.91999951 -2.267525 
79.95999951 -2.267525 
79.99999951 -2.267525 
80.03999951 -2.267525 
80.07999951 -2.267525 
80.11999951 -1.825007 
80.15999951 -2.267525 
80.19999951 -1.825007 
80.23999951 -2.267525 
80.27999951 -2.267525 
80.31999951 -2.267525 
80.35999951 -1.825007 
80.39999951 -2.267525 
80.43999951 -2.267525 
80.47999951 -1.825007 
80.51999951 -1.825007 
80.55999951 -2.267525 
80.59999951 -1.825007 
80.63999951 -1.825007 
80.67999951 -1.825007 
80.71999951 -1.825007 
80.75999951 -1.825007 
80.79999951 -1.825007 
80.83999951 -1.825007 
80.87999951 -1.825007 
80.91999951 -1.825007 
80.95999951 -1.825007 
80.99999951 -1.825007 
81.03999951 -1.825007 
81.07999951 -1.825007 
81.11999951 -1.825007 
81.15999951 -1.825007 
81.19999951 -1.825007 
81.23999951 -0.941496 
81.27999951 -0.941496 
81.31999951 -0.941496 
81.35999951 -0.941496 
81.39999951 -0.941496 
81.43999951 -0.941496 
81.4799995 -0.941496 
81.5199995 -0.941496 
81.5599995 -0.941496 
81.5999995 -0.941496 
81.6399995 -0.941496 
81.6799995 -0.941496 
81.7199995 -0.4989776 
81.7599995 -0.4989776 
81.7999995 -0.4989776 
81.8399995 -0.4989776 
81.9199995 -0.4989776 
85.99999948 -0.4989776 
86.03999948 -0.4989776 
86.07999948 -0.4989776 
86.11999948 -0.4989776 
86.15999948 -0.4989776 
86.19999948 -0.4989776 
86.31999948 -0.4989776 
86.43999947 -0.4989776 
86.59999947 -0.4989776 
87.71999947 -0.4989776 
87.75999947 -0.4989776 
87.95999947 -0.4989776 
88.11999946 -0.4989776 
88.27999946 -0.4989776 
88.31999946 -0.4989776 
88.35999946 -0.4989776 
88.39999946 -0.4989776 
88.47999946 -0.4989776 
88.51999946 -0.4989776 
88.55999946 -0.4989776 
88.59999946 -0.4989776 
88.63999946 -0.4989776 
88.67999946 -0.4989776 
88.71999946 -0.941496 
88.75999946 -0.4989776 
88.79999946 -0.4989776 
88.83999946 -0.941496 
88.87999946 -0.941496 
88.91999946 -0.941496 
88.95999946 -0.941496 
88.99999946 -0.941496 
89.03999946 -0.941496 
89.07999946 -0.941496 
89.11999946 -0.941496 
89.15999946 -1.382488 
89.19999946 -1.825007 
89.23999946 -0.941496 
89.27999946 -0.941496 
89.31999946 -1.382488 
89.35999946 -1.825007 
89.39999946 -1.825007 
89.43999946 -1.825007 
89.47999946 -1.825007 
89.51999946 -1.825007 
89.55999946 -1.825007 
89.59999946 -1.825007 
89.63999946 -2.267525 
89.67999945 -2.267525 
89.71999945 -2.267525 
89.75999945 -2.267525 
89.79999945 -2.267525 
89.83999945 -2.708518 
89.87999945 -2.708518 
89.91999945 -2.708518 
89.95999945 -2.708518 
89.99999945 -2.708518 
90.03999945 -2.708518 
90.07999945 -3.151036 
90.11999945 -3.151036 
90.15999945 -3.151036 
90.19999945 -3.151036 
90.23999945 -2.708518 
90.27999945 -2.708518 
90.31999945 -3.151036 
90.35999945 -3.593554 
90.39999945 -3.593554 
90.43999945 -3.593554 
90.47999945 -3.593554 
90.51999945 -3.593554 
90.55999945 -3.593554 
90.59999945 -3.593554 
90.63999945 -3.593554 
90.67999945 -3.593554 
90.71999945 -3.593554 
90.75999945 -3.593554 
90.79999945 -3.593554 
90.83999945 -3.593554 
90.87999945 -3.593554 
90.91999945 -3.593554 
90.95999945 -3.593554 
90.99999945 -3.593554 
91.03999945 -3.593554 
91.07999945 -3.593554 
91.11999945 -3.593554 
91.15999945 -3.593554 
91.19999945 -3.593554 
91.23999945 -3.593554 
91.27999945 -3.151036 
91.31999945 -3.593554 
91.35999944 -3.593554 
91.39999944 -3.593554 
91.43999944 -3.593554 
91.47999944 -3.593554 
91.51999944 -3.151036 
91.55999944 -3.593554 
91.59999944 -3.593554 
91.63999944 -3.593554 
91.67999944 -3.151036 
91.71999944 -2.708518 
91.75999944 -3.151036 
91.79999944 -3.151036 
91.83999944 -2.708518 
91.87999944 -2.708518 
91.91999944 -2.708518 
91.95999944 -2.708518 
91.99999944 -2.708518 
92.03999944 -3.151036 
92.07999944 -3.151036 
92.11999944 -2.708518 
92.15999944 -3.151036 
92.19999944 -2.708518 
92.23999944 -2.708518 
92.27999944 -2.267525 
92.31999944 -2.708518 
92.35999944 -2.708518 
92.39999944 -2.708518 
92.43999944 -2.267525 
92.47999944 -2.708518 
92.51999944 -2.708518 
92.55999944 -2.267525 
92.59999944 -2.267525 
92.63999944 -2.708518 
92.67999944 -2.267525 
92.71999944 -2.708518 
92.75999944 -2.267525 
92.79999944 -2.708518 
92.83999944 -2.267525 
92.87999944 -2.267525 
92.91999944 -2.267525 
92.95999944 -2.267525 
92.99999943 -2.267525 
93.03999943 -2.708518 
93.07999943 -2.267525 
93.11999943 -2.267525 
93.15999943 -2.708518 
93.19999943 -2.708518 
93.23999943 -2.267525 
93.27999943 -2.267525 
93.31999943 -2.708518 
93.35999943 -2.267525 
93.39999943 -2.708518 
93.43999943 -2.708518 
93.47999943 -2.267525 
93.51999943 -2.708518 
93.55999943 -2.708518 
93.59999943 -2.708518 
93.63999943 -2.708518 
93.67999943 -2.708518 
93.71999943 -2.708518 
93.75999943 -3.151036 
93.79999943 -3.151036 
93.83999943 -3.151036 
93.87999943 -3.151036 
93.91999943 -3.593554 
93.95999943 -3.151036 
93.99999943 -3.593554 
94.03999943 -3.593554 
94.07999943 -3.593554 
94.11999943 -3.593554 
94.15999943 -3.593554 
94.19999943 -3.593554 
94.23999943 -3.593554 
94.27999943 -3.593554 
94.31999943 -4.034547 
94.35999943 -4.034547 
94.39999943 -4.477065 
94.43999943 -4.034547 
94.47999943 -4.034547 
94.51999943 -4.477065 
94.55999943 -4.034547 
94.59999943 -4.477065 
94.63999942 -4.477065 
94.67999942 -4.477065 
94.71999942 -4.477065 
94.75999942 -4.477065 
94.79999942 -4.477065 
94.83999942 -4.477065 
94.87999942 -4.919584 
94.91999942 -4.919584 
94.95999942 -4.477065 
94.99999942 -4.919584 
95.03999942 -5.360576 
95.07999942 -4.477065 
95.11999942 -4.919584 
95.15999942 -5.360576 
95.19999942 -4.919584 
95.23999942 -5.360576 
95.27999942 -5.360576 
95.31999942 -4.919584 
95.35999942 -5.360576 
95.39999942 -4.919584 
95.43999942 -5.360576 
95.47999942 -4.919584 
95.51999942 -4.919584 
95.55999942 -5.360576 
95.59999942 -5.360576 
95.63999942 -5.360576 
95.67999942 -4.919584 
95.71999942 -4.919584 
95.75999942 -5.360576 
95.79999942 -5.360576 
95.83999942 -5.360576 
95.87999942 -5.360576 
95.91999942 -5.360576 
95.95999942 -5.360576 
95.99999942 -5.360576 
96.03999942 -5.360576 
96.07999942 -5.360576 
96.11999942 -5.360576 
96.15999942 -5.360576 
96.19999942 -5.360576 
96.23999942 -5.360576 
96.27999941 -5.360576 
96.31999941 -5.360576 
96.35999941 -5.360576 
96.39999941 -5.360576 
96.43999941 -5.360576 
96.47999941 -5.360576 
96.51999941 -5.360576 
96.55999941 -4.919584 
96.59999941 -5.360576 
96.63999941 -4.919584 
96.67999941 -4.919584 
96.71999941 -4.477065 
96.75999941 -4.919584 
96.79999941 -4.477065 
96.83999941 -5.360576 
96.87999941 -4.477065 
96.91999941 -4.919584 
96.95999941 -4.477065 
96.99999941 -4.919584 
97.03999941 -4.477065 
97.07999941 -4.477065 
97.11999941 -4.477065 
97.15999941 -4.477065 
97.19999941 -4.477065 
97.23999941 -4.477065 
97.27999941 -4.477065 
97.31999941 -4.034547 
97.35999941 -4.034547 
97.39999941 -4.477065 
97.43999941 -4.477065 
97.47999941 -4.477065 
97.51999941 -4.034547 
97.55999941 -4.034547 
97.59999941 -4.034547 
97.63999941 -4.034547 
97.67999941 -3.593554 
97.71999941 -4.034547 
97.75999941 -3.593554 
97.79999941 -3.593554 
97.83999941 -3.593554 
97.87999941 -3.593554 
97.9199994 -3.593554 
97.9599994 -3.593554 
97.9999994 -3.593554 
98.0399994 -2.708518 
98.0799994 -3.593554 
98.1199994 -3.151036 
98.1599994 -2.708518 
98.1999994 -2.708518 
98.2399994 -3.151036 
98.2799994 -2.267525 
98.3199994 -2.708518 
98.3599994 -2.708518 
98.3999994 -2.267525 
98.4399994 -2.267525 
98.4799994 -2.267525 
98.5199994 -2.267525 
98.5599994 -1.825007 
98.5999994 -1.825007 
98.6399994 -1.382488 
98.6799994 -1.825007 
98.7199994 -1.825007 
98.7599994 -1.825007 
98.7999994 -1.825007 
98.8399994 -1.825007 
98.8799994 -1.382488 
98.9199994 -0.941496 
98.9599994 -1.825007 
98.9999994 -1.382488 
99.0399994 -0.941496 
99.0799994 -0.941496 
99.1199994 -0.941496 
99.1599994 -1.382488 
99.1999994 -0.941496 
99.2399994 -0.941496 
99.2799994 -0.941496 
99.3199994 -0.941496 
99.3599994 -0.941496 
99.3999994 -0.941496 
99.4399994 -0.4989776 
99.4799994 -0.941496 
99.5199994 -0.941496 
99.55999939 -0.941496 
99.59999939 -0.941496 
99.63999939 -0.941496 
99.67999939 -0.4989776 
99.71999939 -0.4989776 
99.75999939 -0.4989776 
99.79999939 -0.941496 
99.83999939 -0.941496 
99.87999939 -0.941496 
99.91999939 -0.941496 
99.95999939 -0.941496 
99.99999939 -0.4989776 
100.03999939 -0.4989776 
100.07999939 -0.4989776 
100.11999939 -0.941496 
100.15999939 -0.4989776 
100.19999939 -0.4989776 
100.23999939 -0.4989776 
100.27999939 -0.4989776 
100.31999939 -0.4989776 
100.35999939 -0.4989776 
100.39999939 -0.4989776 
100.43999939 -0.4989776 
100.47999939 -0.4989776 
100.51999939 -0.4989776 
100.55999939 -0.4989776 
100.59999939 -0.4989776 
100.83999939 -0.4989776 
105.91999936 -0.4989776 
105.99999936 -0.4989776 
106.03999936 -0.4989776 
106.07999936 -0.4989776 
106.11999936 -0.941496 
106.15999935 -0.941496 
106.19999935 -0.941496 
106.23999935 -0.941496 
106.27999935 -0.941496 
106.31999935 -0.941496 
106.35999935 -1.825007 
106.39999935 -1.382488 
106.43999935 -1.825007 
106.47999935 -1.825007 
106.51999935 -1.382488 
106.55999935 -1.825007 
106.59999935 -1.825007 
106.63999935 -1.825007 
106.67999935 -1.825007 
106.71999935 -1.825007 
106.75999935 -1.825007 
106.79999935 -1.825007 
106.83999935 -2.267525 
106.87999935 -1.825007 
106.91999935 -2.267525 
106.95999935 -2.267525 
106.99999935 -2.267525 
107.03999935 -2.267525 
107.07999935 -2.708518 
107.11999935 -2.267525 
107.15999935 -2.267525 
107.19999935 -2.267525 
107.23999935 -2.267525 
107.27999935 -2.708518 
107.31999935 -2.708518 
107.35999935 -2.708518 
107.39999935 -2.267525 
107.43999935 -2.267525 
107.47999935 -2.708518 
107.51999935 -2.267525 
107.55999935 -2.708518 
107.59999935 -2.267525 
107.63999935 -2.267525 
107.67999935 -2.267525 
107.71999935 -2.708518 
107.75999935 -2.267525 
107.79999934 -2.267525 
107.83999934 -2.267525 
107.87999934 -2.267525 
107.91999934 -2.267525 
107.95999934 -2.267525 
107.99999934 -2.267525 
108.03999934 -1.825007 
108.07999934 -2.267525 
108.11999934 -2.267525 
108.15999934 -1.825007 
108.19999934 -1.825007 
108.23999934 -2.267525 
108.27999934 -1.825007 
108.31999934 -2.267525 
108.35999934 -1.825007 
108.39999934 -1.825007 
108.43999934 -2.267525 
108.47999934 -2.267525 
108.51999934 -2.267525 
108.55999934 -1.825007 
108.59999934 -1.825007 
108.63999934 -1.825007 
108.67999934 -1.825007 
108.71999934 -1.825007 
108.75999934 -1.825007 
108.79999934 -1.825007 
108.83999934 -1.825007 
108.87999934 -1.825007 
108.91999934 -1.825007 
108.95999934 -1.825007 
108.99999934 -1.825007 
109.03999934 -1.825007 
109.07999934 -1.825007 
109.11999934 -2.267525 
109.15999934 -1.825007 
109.19999934 -1.825007 
109.23999934 -1.825007 
109.27999934 -1.825007 
109.31999934 -1.825007 
109.35999934 -1.825007 
109.39999934 -1.825007 
109.43999933 -1.825007 
109.47999933 -1.825007 
109.51999933 -1.825007 
109.55999933 -1.825007 
109.59999933 -1.825007 
109.63999933 -2.267525 
109.67999933 -1.825007 
109.71999933 -1.825007 
109.75999933 -1.825007 
109.79999933 -2.267525 
109.83999933 -2.267525 
109.87999933 -2.267525 
109.91999933 -2.267525 
109.95999933 -2.267525 
109.99999933 -2.267525 
110.03999933 -2.267525 
110.07999933 -2.267525 
110.11999933 -2.267525 
110.15999933 -2.267525 
110.19999933 -2.708518 
110.23999933 -2.708518 
110.27999933 -3.151036 
110.31999933 -3.151036 
110.35999933 -2.708518 
110.39999933 -3.151036 
110.43999933 -3.151036 
110.47999933 -3.151036 
110.51999933 -3.151036 
110.55999933 -3.593554 
110.59999933 -3.593554 
110.63999933 -3.593554 
110.67999933 -3.593554 
110.71999933 -3.593554 
110.75999933 -4.034547 
110.79999933 -4.034547 
110.83999933 -4.034547 
110.87999933 -3.593554 
110.91999933 -4.034547 
110.95999933 -4.034547 
110.99999933 -4.034547 
111.03999933 -4.034547 
111.07999932 -4.034547 
111.11999932 -4.034547 
111.15999932 -4.477065 
111.19999932 -4.477065 
111.23999932 -4.477065 
111.27999932 -4.477065 
111.31999932 -4.477065 
111.35999932 -4.477065 
111.39999932 -4.477065 
111.43999932 -4.477065 
111.47999932 -4.034547 
111.51999932 -5.360576 
111.55999932 -4.477065 
111.59999932 -4.919584 
111.63999932 -4.919584 
111.67999932 -4.477065 
111.71999932 -4.477065 
111.75999932 -4.919584 
111.79999932 -4.919584 
111.83999932 -4.919584 
111.87999932 -4.919584 
111.91999932 -4.919584 
111.95999932 -5.360576 
111.99999932 -4.919584 
112.03999932 -4.919584 
112.07999932 -5.360576 
112.11999932 -4.919584 
112.15999932 -5.360576 
112.19999932 -5.360576 
112.23999932 -4.919584 
112.27999932 -4.919584 
112.31999932 -5.360576 
112.35999932 -4.919584 
112.39999932 -4.919584 
112.43999932 -4.919584 
112.47999932 -5.360576 
112.51999932 -4.919584 
112.55999932 -5.360576 
112.59999932 -5.360576 
112.63999932 -5.360576 
112.67999932 -4.919584 
112.71999931 -4.477065 
112.75999931 -4.919584 
112.79999931 -5.360576 
112.83999931 -4.919584 
112.87999931 -4.919584 
112.91999931 -4.477065 
112.95999931 -4.477065 
112.99999931 -4.919584 
113.03999931 -4.919584 
113.07999931 -4.477065 
113.11999931 -4.477065 
113.15999931 -4.477065 
113.19999931 -4.477065 
113.23999931 -4.477065 
113.27999931 -4.477065 
113.31999931 -4.477065 
113.35999931 -4.477065 
113.39999931 -4.477065 
113.43999931 -4.034547 
113.47999931 -4.034547 
113.51999931 -4.034547 
113.55999931 -4.034547 
113.59999931 -4.034547 
113.63999931 -4.034547 
113.67999931 -3.593554 
113.71999931 -3.593554 
113.75999931 -3.593554 
113.79999931 -3.593554 
113.83999931 -3.151036 
113.87999931 -3.151036 
113.91999931 -3.151036 
113.95999931 -2.708518 
113.99999931 -3.151036 
114.03999931 -2.708518 
114.07999931 -2.708518 
114.11999931 -2.708518 
114.15999931 -2.267525 
114.19999931 -2.267525 
114.23999931 -2.267525 
114.27999931 -2.267525 
114.31999931 -2.267525 
114.3599993 -1.825007 
114.3999993 -1.825007 
114.4399993 -1.382488 
114.4799993 -1.825007 
114.5199993 -1.382488 
114.5599993 -0.941496 
114.5999993 -0.941496 
114.6399993 -0.941496 
114.6799993 -0.941496 
114.7199993 -0.941496 
114.7599993 -0.4989776 
114.7999993 -0.4989776 
117.19999929 -0.4989776 
117.23999929 -0.4989776 
117.27999929 -0.4989776 
117.31999929 -0.4989776 
117.35999929 -0.4989776 
117.39999929 -0.941496 
117.43999929 -0.941496 
117.47999929 -0.941496 
117.51999929 -0.941496 
117.55999929 -0.941496 
117.59999929 -1.382488 
117.63999929 -1.825007 
117.67999928 -1.382488 
117.71999928 -1.825007 
117.75999928 -1.825007 
117.79999928 -1.825007 
117.83999928 -1.825007 
117.87999928 -1.825007 
117.91999928 -1.825007 
117.95999928 -1.825007 
117.99999928 -2.267525 
118.03999928 -2.267525 
118.07999928 -2.267525 
118.11999928 -2.267525 
118.15999928 -2.267525 
118.19999928 -2.267525 
118.23999928 -2.267525 
118.27999928 -2.708518 
118.31999928 -2.267525 
118.35999928 -2.708518 
118.39999928 -2.708518 
118.43999928 -2.708518 
118.47999928 -2.708518 
118.51999928 -2.708518 
118.55999928 -3.151036 
118.59999928 -2.708518 
118.63999928 -2.708518 
118.67999928 -2.267525 
118.71999928 -2.708518 
118.75999928 -2.708518 
118.79999928 -3.151036 
118.83999928 -2.708518 
118.87999928 -3.151036 
118.91999928 -2.708518 
118.95999928 -2.708518 
118.99999928 -2.708518 
119.03999928 -2.708518 
119.07999928 -2.708518 
119.11999928 -2.708518 
119.15999928 -2.708518 
119.19999928 -2.708518 
119.23999928 -2.708518 
119.27999928 -2.267525 
119.31999927 -2.708518 
119.35999927 -2.708518 
119.39999927 -2.708518 
119.43999927 -2.267525 
119.47999927 -2.267525 
119.51999927 -2.267525 
119.55999927 -2.267525 
119.59999927 -2.267525 
119.63999927 -2.267525 
119.67999927 -1.825007 
119.71999927 -2.267525 
119.75999927 -1.825007 
119.79999927 -1.825007 
119.83999927 -1.825007 
119.87999927 -1.825007 
119.91999927 -1.825007 
119.95999927 -1.825007 
119.99999927 -1.382488 
120.03999927 -1.382488 
120.07999927 -1.825007 
120.11999927 -1.382488 
120.15999927 -0.941496 
120.19999927 -0.941496 
120.23999927 -0.941496 
120.27999927 -0.941496 
120.31999927 -0.941496 
120.35999927 -0.941496 
120.39999927 -0.941496 
120.43999927 -0.941496 
120.47999927 -0.941496 
120.51999927 -0.941496 
120.55999927 -0.4989776 
120.59999927 -0.941496 
120.63999927 -0.941496 
120.67999927 -0.4989776 
120.71999927 -0.4989776 
120.75999927 -0.4989776 
120.79999927 -0.4989776 
120.83999927 -0.4989776 
120.87999927 -0.4989776 
120.91999927 -0.4989776 
120.95999926 -0.4989776 
120.99999926 -0.4989776 
121.03999926 -0.4989776 
121.07999926 -0.4989776 
121.11999926 -0.4989776 
121.15999926 -0.4989776 
121.19999926 -0.4989776 
121.23999926 -0.4989776 
121.27999926 -0.4989776 
121.31999926 -0.4989776 
121.35999926 -0.4989776 
121.43999926 -0.4989776 
121.47999926 -0.4989776 
121.55999926 -0.4989776 
121.59999926 -0.4989776 
121.63999926 -0.4989776 
121.67999926 -0.4989776 
121.71999926 -0.4989776 
121.75999926 -0.4989776 
121.79999926 -0.4989776 
121.83999926 -0.4989776 
121.87999926 -0.4989776 
121.91999926 -0.4989776 
121.95999926 -0.4989776 
121.99999926 -0.4989776 
122.03999926 -0.4989776 
122.07999926 -0.4989776 
122.11999926 -0.941496 
122.15999926 -0.4989776 
122.19999926 -0.941496 
122.23999926 -0.4989776 
122.27999926 -0.4989776 
122.31999926 -0.4989776 
122.35999926 -0.4989776 
122.39999926 -0.941496 
122.43999926 -0.941496 
122.47999926 -0.941496 
122.51999926 -0.941496 
122.55999926 -0.941496 
122.59999925 -0.941496 
122.63999925 -0.941496 
122.67999925 -0.941496 
122.71999925 -0.941496 
122.75999925 -0.941496 
122.79999925 -0.941496 
122.83999925 -0.941496 
122.87999925 -0.941496 
122.91999925 -1.382488 
122.95999925 -0.941496 
122.99999925 -0.941496 
123.03999925 -1.382488 
123.07999925 -0.941496 
123.11999925 -1.825007 
123.15999925 -1.825007 
123.19999925 -1.825007 
123.23999925 -1.825007 
123.27999925 -1.825007 
123.31999925 -1.825007 
123.35999925 -1.825007 
123.39999925 -1.825007 
123.43999925 -1.825007 
123.47999925 -2.267525 
123.51999925 -2.267525 
123.55999925 -2.267525 
123.59999925 -2.267525 
123.63999925 -2.267525 
123.67999925 -2.708518 
123.71999925 -2.708518 
123.75999925 -2.708518 
123.79999925 -2.708518 
123.83999925 -2.267525 
123.87999925 -2.708518 
123.91999925 -2.708518 
123.95999925 -3.151036 
123.99999925 -3.151036 
124.03999925 -3.593554 
124.07999925 -3.151036 
124.11999925 -3.151036 
124.15999925 -3.593554 
124.19999925 -3.593554 
124.23999924 -3.593554 
124.27999924 -4.034547 
124.31999924 -3.593554 
124.35999924 -2.708518 
124.39999924 -3.593554 
124.43999924 -3.593554 
124.47999924 -3.593554 
124.51999924 -4.034547 
124.55999924 -4.034547 
124.59999924 -3.593554 
124.63999924 -3.593554 
124.67999924 -4.034547 
124.71999924 -4.034547 
124.75999924 -3.593554 
124.79999924 -4.034547 
124.83999924 -4.034547 
124.87999924 -4.034547 
124.91999924 -4.034547 
124.95999924 -4.034547 
124.99999924 -3.593554 
125.03999924 -4.034547 
125.07999924 -4.034547 
125.11999924 -4.034547 
125.15999924 -4.034547 
125.19999924 -4.034547 
125.23999924 -3.593554 
125.27999924 -4.034547 
125.31999924 -3.593554 
125.35999924 -4.034547 
125.39999924 -4.034547 
125.43999924 -4.034547 
125.47999924 -4.034547 
125.51999924 -3.593554 
125.55999924 -3.593554 
125.59999924 -4.034547 
125.63999924 -4.034547 
125.67999924 -3.593554 
125.71999924 -3.593554 
125.75999924 -3.593554 
125.79999924 -3.151036 
125.83999924 -3.151036 
125.87999923 -3.151036 
125.91999923 -3.151036 
125.95999923 -3.151036 
125.99999923 -3.151036 
126.03999923 -3.151036 
126.07999923 -3.151036 
126.11999923 -3.151036 
126.15999923 -2.708518 
126.19999923 -3.593554 
126.23999923 -3.593554 
126.27999923 -3.593554 
126.31999923 -3.151036 
126.35999923 -3.151036 
126.39999923 -2.708518 
126.43999923 -3.151036 
126.47999923 -3.151036 
126.51999923 -2.708518 
126.55999923 -3.151036 
126.59999923 -3.151036 
126.63999923 -3.151036 
126.67999923 -2.708518 
126.71999923 -2.708518 
126.75999923 -2.708518 
126.79999923 -3.151036 
126.83999923 -3.151036 
126.87999923 -2.708518 
126.91999923 -2.708518 
126.95999923 -2.708518 
126.99999923 -3.151036 
127.03999923 -3.151036 
127.07999923 -3.151036 
127.11999923 -2.708518 
127.15999923 -3.151036 
127.19999923 -2.708518 
127.23999923 -3.151036 
127.27999923 -3.151036 
127.31999923 -3.151036 
127.35999923 -3.151036 
127.39999923 -2.708518 
127.43999923 -2.708518 
127.47999923 -2.708518 
127.51999923 -2.708518 
127.55999922 -3.151036 
127.59999922 -3.151036 
127.63999922 -2.708518 
127.67999922 -3.151036 
127.71999922 -2.708518 
127.75999922 -3.151036 
127.79999922 -2.708518 
127.83999922 -2.708518 
127.87999922 -3.151036 
127.91999922 -3.151036 
127.95999922 -2.708518 
127.99999922 -2.708518 
128.03999922 -2.708518 
128.07999922 -2.708518 
128.11999922 -2.708518 
128.15999922 -3.151036 
128.19999922 -3.151036 
128.23999922 -3.151036 
128.27999922 -3.151036 
128.31999922 -2.708518 
128.35999922 -3.151036 
128.39999922 -3.151036 
128.43999922 -2.708518 
128.47999922 -2.708518 
128.51999922 -3.151036 
128.55999922 -2.708518 
128.59999922 -2.708518 
128.63999922 -2.708518 
128.67999922 -2.708518 
128.71999922 -2.708518 
128.75999922 -3.593554 
128.79999922 -3.151036 
128.83999922 -2.267525 
128.87999922 -2.708518 
128.91999922 -3.593554 
128.95999922 -3.151036 
128.99999922 -2.708518 
129.03999922 -3.151036 
129.07999922 -2.708518 
129.11999922 -2.267525 
129.15999922 -2.708518 
129.19999921 -2.267525 
129.23999921 -3.151036 
129.27999921 -3.593554 
129.31999921 -3.151036 
129.35999921 -1.825007 
129.39999921 -2.267525 
129.43999921 -3.151036 
129.47999921 -2.267525 
129.51999921 -2.267525 
129.55999921 -3.593554 
129.59999921 -3.151036 
129.63999921 -1.825007 
129.67999921 -2.267525 
129.71999921 -2.708518 
129.75999921 -2.708518 
129.79999921 -2.267525 
129.83999921 -2.267525 
129.87999921 -2.267525 
129.91999921 -2.267525 
129.95999921 -2.267525 
129.99999921 -2.267525 
130.03999921 -1.825007 
130.07999921 -2.267525 
130.11999921 -2.267525 
130.15999921 -1.825007 
130.19999921 -1.825007 
130.23999921 -1.825007 
130.27999921 -1.825007 
130.31999921 -1.825007 
130.35999921 -1.825007 
130.39999921 -1.825007 
130.43999921 -1.825007 
130.47999921 -1.825007 
130.51999921 -1.382488 
130.55999921 -1.382488 
130.59999921 -0.941496 
130.63999921 -0.941496 
130.67999921 -0.941496 
130.71999921 -0.941496 
130.75999921 -0.941496 
130.79999921 -0.941496 
130.8399992 -0.941496 
130.8799992 -0.4989776 
130.9199992 -0.4989776 
130.9599992 -0.4989776 
130.9999992 -0.4989776 
131.0399992 -0.4989776 
133.79999919 -0.4989776 
133.83999919 -0.4989776 
133.87999919 -0.4989776 
133.91999919 -0.4989776 
133.95999919 -0.941496 
133.99999919 -0.941496 
134.03999919 -0.941496 
134.07999919 -0.941496 
134.11999918 -0.941496 
134.15999918 -0.941496 
134.19999918 -0.941496 
134.23999918 -0.941496 
134.27999918 -0.941496 
134.31999918 -0.941496 
134.35999918 -1.825007 
134.39999918 -1.825007 
134.43999918 -1.825007 
134.47999918 -1.825007 
134.51999918 -1.825007 
134.55999918 -1.825007 
134.59999918 -1.825007 
134.63999918 -2.267525 
134.67999918 -2.267525 
134.71999918 -2.267525 
134.75999918 -2.267525 
134.79999918 -2.267525 
134.83999918 -2.708518 
134.87999918 -2.267525 
134.91999918 -2.267525 
134.95999918 -2.708518 
134.99999918 -2.708518 
135.03999918 -2.708518 
135.07999918 -2.708518 
135.11999918 -2.708518 
135.15999918 -2.708518 
135.19999918 -2.708518 
135.23999918 -3.151036 
135.27999918 -2.708518 
135.31999918 -2.708518 
135.35999918 -3.151036 
135.39999918 -3.151036 
135.43999918 -3.151036 
135.47999918 -3.151036 
135.51999918 -3.151036 
135.55999918 -3.151036 
135.59999918 -3.151036 
135.63999918 -3.151036 
135.67999918 -2.708518 
135.71999918 -3.151036 
135.75999917 -3.151036 
135.79999917 -2.708518 
135.83999917 -2.708518 
135.87999917 -2.708518 
135.91999917 -2.708518 
135.95999917 -2.708518 
135.99999917 -2.708518 
136.03999917 -2.708518 
136.07999917 -2.708518 
136.11999917 -2.267525 
136.15999917 -2.267525 
136.19999917 -2.267525 
136.23999917 -2.267525 
136.27999917 -2.267525 
136.31999917 -2.267525 
136.35999917 -2.267525 
136.39999917 -1.825007 
136.43999917 -1.825007 
136.47999917 -1.825007 
136.51999917 -1.825007 
136.55999917 -1.825007 
136.59999917 -1.825007 
136.63999917 -1.825007 
136.67999917 -1.382488 
136.71999917 -0.941496 
136.75999917 -0.941496 
136.79999917 -0.941496 
136.83999917 -0.941496 
136.87999917 -0.941496 
136.91999917 -0.941496 
136.95999917 -0.941496 
136.99999917 -0.4989776 
137.03999917 -0.4989776 
137.07999917 -0.4989776 
137.11999917 -0.4989776 
137.15999917 -0.4989776 
140.03999915 -0.4989776 
140.07999915 -0.4989776 
140.11999915 -0.4989776 
140.15999915 -0.941496 
140.19999915 -0.4989776 
140.23999915 -0.4989776 
140.27999915 -0.941496 
140.31999915 -0.941496 
140.35999915 -0.941496 
140.39999915 -0.941496 
140.43999915 -1.382488 
140.47999915 -0.941496 
140.51999915 -0.941496 
140.55999915 -0.941496 
140.59999915 -0.941496 
140.63999915 -0.941496 
140.67999915 -1.382488 
140.71999914 -1.825007 
140.75999914 -1.382488 
140.79999914 -1.825007 
140.83999914 -1.825007 
140.87999914 -1.825007 
140.91999914 -1.825007 
140.95999914 -1.825007 
140.99999914 -1.825007 
141.03999914 -1.825007 
141.07999914 -1.825007 
141.11999914 -1.825007 
141.15999914 -2.267525 
141.19999914 -1.825007 
141.23999914 -1.825007 
141.27999914 -2.267525 
141.31999914 -2.267525 
141.35999914 -2.267525 
141.39999914 -2.267525 
141.43999914 -2.267525 
141.47999914 -2.267525 
141.51999914 -2.267525 
141.55999914 -2.267525 
141.59999914 -2.267525 
141.63999914 -2.267525 
141.67999914 -2.267525 
141.71999914 -2.267525 
141.75999914 -2.267525 
141.79999914 -2.267525 
141.83999914 -2.267525 
141.87999914 -2.708518 
141.91999914 -2.708518 
141.95999914 -2.267525 
141.99999914 -2.267525 
142.03999914 -2.267525 
142.07999914 -2.267525 
142.11999914 -2.267525 
142.15999914 -2.708518 
142.19999914 -2.267525 
142.23999914 -2.267525 
142.27999914 -2.267525 
142.31999914 -2.708518 
142.35999913 -2.267525 
142.39999913 -2.267525 
142.43999913 -2.267525 
142.47999913 -2.267525 
142.51999913 -2.267525 
142.55999913 -2.267525 
142.59999913 -2.267525 
142.63999913 -2.267525 
142.67999913 -1.825007 
142.71999913 -1.825007 
142.75999913 -1.825007 
142.79999913 -2.267525 
142.83999913 -2.267525 
142.87999913 -1.825007 
142.91999913 -1.825007 
142.95999913 -1.825007 
142.99999913 -1.825007 
143.03999913 -1.825007 
143.07999913 -1.825007 
143.11999913 -1.825007 
143.15999913 -1.825007 
143.19999913 -1.825007 
143.23999913 -1.382488 
143.27999913 -1.825007 
143.31999913 -1.382488 
143.35999913 -0.941496 
143.39999913 -0.941496 
143.43999913 -0.941496 
143.47999913 -0.941496 
143.51999913 -0.941496 
143.55999913 -0.941496 
143.59999913 -0.941496 
143.63999913 -0.941496 
143.67999913 -0.941496 
143.71999913 -0.941496 
143.75999913 -0.941496 
143.79999913 -0.941496 
143.83999913 -0.941496 
143.87999913 -0.4989776 
143.91999913 -0.941496 
143.95999913 -0.941496 
143.99999912 -0.941496 
144.03999912 -0.941496 
144.07999912 -0.4989776 
144.11999912 -0.4989776 
144.15999912 -0.941496 
144.19999912 -0.4989776 
144.23999912 -0.941496 
144.27999912 -0.941496 
144.31999912 -0.941496 
144.35999912 -0.4989776 
144.39999912 -0.4989776 
144.43999912 -0.4989776 
144.47999912 -0.941496 
144.51999912 -0.941496 
144.55999912 -0.941496 
144.59999912 -0.4989776 
144.63999912 -0.941496 
144.67999912 -0.4989776 
144.71999912 -0.941496 
144.75999912 -0.941496 
144.79999912 -0.941496 
144.83999912 -0.941496 
144.87999912 -0.941496 
144.91999912 -0.941496 
144.95999912 -0.941496 
144.99999912 -1.382488 
145.03999912 -1.825007 
145.07999912 -0.941496 
145.11999912 -1.382488 
145.15999912 -0.941496 
145.19999912 -1.825007 
145.23999912 -1.825007 
145.27999912 -1.825007 
145.31999912 -1.825007 
145.35999912 -1.825007 
145.39999912 -1.825007 
145.43999912 -1.825007 
145.47999912 -2.267525 
145.51999912 -2.267525 
145.55999912 -2.267525 
145.59999912 -2.267525 
145.63999911 -2.267525 
145.67999911 -2.267525 
145.71999911 -2.708518 
145.75999911 -2.708518 
145.79999911 -2.708518 
145.83999911 -2.708518 
145.87999911 -2.708518 
145.91999911 -2.708518 
145.95999911 -3.151036 
145.99999911 -3.151036 
146.03999911 -3.151036 
146.07999911 -3.151036 
146.11999911 -3.593554 
146.15999911 -3.593554 
146.19999911 -3.593554 
146.23999911 -3.593554 
146.27999911 -3.593554 
146.31999911 -3.593554 
146.35999911 -3.593554 
146.39999911 -3.593554 
146.43999911 -3.593554 
146.47999911 -3.593554 
146.51999911 -3.593554 
146.55999911 -3.593554 
146.59999911 -3.593554 
146.63999911 -3.593554 
146.67999911 -3.593554 
146.71999911 -3.593554 
146.75999911 -3.593554 
146.79999911 -3.593554 
146.83999911 -3.593554 
146.87999911 -3.593554 
146.91999911 -3.593554 
146.95999911 -3.593554 
146.99999911 -3.593554 
147.03999911 -3.593554 
147.07999911 -3.593554 
147.11999911 -3.593554 
147.15999911 -3.151036 
147.19999911 -3.593554 
147.23999911 -3.151036 
147.2799991 -3.593554 
147.3199991 -3.593554 
147.3599991 -3.593554 
147.3999991 -3.593554 
147.4399991 -3.593554 
147.4799991 -3.593554 
147.5199991 -3.151036 
147.5599991 -3.593554 
147.5999991 -3.593554 
147.6399991 -3.593554 
147.6799991 -3.593554 
147.7199991 -3.593554 
147.7599991 -3.593554 
147.7999991 -3.593554 
147.8399991 -3.593554 
147.8799991 -3.593554 
147.9199991 -3.593554 
147.9599991 -3.593554 
147.9999991 -3.593554 
148.0399991 -3.593554 
148.0799991 -3.593554 
148.1199991 -3.593554 
148.1599991 -3.593554 
148.1999991 -3.151036 
148.2399991 -3.593554 
148.2799991 -3.593554 
148.3199991 -3.593554 
148.3599991 -3.593554 
148.3999991 -3.593554 
148.4399991 -3.593554 
148.4799991 -3.593554 
148.5199991 -3.593554 
148.5599991 -3.593554 
148.5999991 -3.593554 
148.6399991 -3.593554 
148.6799991 -3.593554 
148.7199991 -3.593554 
148.7599991 -3.151036 
148.7999991 -3.593554 
148.8399991 -3.593554 
148.8799991 -3.593554 
148.91999909 -3.593554 
148.95999909 -3.593554 
148.99999909 -3.593554 
149.03999909 -3.593554 
149.07999909 -3.593554 
149.11999909 -3.593554 
149.15999909 -3.593554 
149.19999909 -3.593554 
149.23999909 -3.593554 
149.27999909 -3.593554 
149.31999909 -3.593554 
149.35999909 -3.593554 
149.39999909 -3.593554 
149.43999909 -3.593554 
149.47999909 -4.034547 
149.51999909 -4.034547 
149.55999909 -3.593554 
149.59999909 -4.034547 
149.63999909 -4.034547 
149.67999909 -4.034547 
149.71999909 -4.034547 
149.75999909 -4.034547 
149.79999909 -3.593554 
149.83999909 -4.034547 
149.87999909 -4.034547 
149.91999909 -4.034547 
149.95999909 -4.034547 
149.99999909 -4.034547 
150.03999909 -4.034547 
150.07999909 -4.034547 
150.11999909 -4.034547 
150.15999909 -4.034547 
150.19999909 -3.593554 
150.23999909 -4.034547 
150.27999909 -4.034547 
150.31999909 -3.593554 
150.35999909 -4.034547 
150.39999909 -3.593554 
150.43999909 -4.034547 
150.47999909 -4.034547 
150.51999909 -4.034547 
150.55999908 -4.477065 
150.59999908 -4.034547 
150.63999908 -4.034547 
150.67999908 -3.593554 
150.71999908 -4.034547 
150.75999908 -4.034547 
150.79999908 -4.034547 
150.83999908 -4.034547 
150.87999908 -4.034547 
150.91999908 -4.034547 
150.95999908 -4.034547 
150.99999908 -4.034547 
151.03999908 -4.034547 
151.07999908 -4.034547 
151.11999908 -3.593554 
151.15999908 -4.034547 
151.19999908 -4.034547 
151.23999908 -4.034547 
151.27999908 -3.593554 
151.31999908 -3.593554 
151.35999908 -3.593554 
151.39999908 -3.593554 
151.43999908 -3.593554 
151.47999908 -3.593554 
151.51999908 -3.593554 
151.55999908 -3.593554 
151.59999908 -3.151036 
151.63999908 -3.593554 
151.67999908 -3.151036 
151.71999908 -3.151036 
151.75999908 -3.151036 
151.79999908 -3.151036 
151.83999908 -2.708518 
151.87999908 -2.708518 
151.91999908 -2.708518 
151.95999908 -3.151036 
151.99999908 -2.708518 
152.03999908 -2.708518 
152.07999908 -2.708518 
152.11999908 -2.267525 
152.15999908 -2.267525 
152.19999908 -2.267525 
152.23999907 -2.267525 
152.27999907 -2.267525 
152.31999907 -1.825007 
152.35999907 -1.825007 
152.39999907 -1.825007 
152.43999907 -1.825007 
152.47999907 -1.825007 
152.51999907 -1.825007 
152.55999907 -1.825007 
152.59999907 -1.382488 
152.63999907 -1.382488 
152.67999907 -1.382488 
152.71999907 -0.941496 
152.75999907 -0.941496 
152.79999907 -0.941496 
152.83999907 -0.941496 
152.87999907 -0.941496 
152.91999907 -0.941496 
152.95999907 -0.941496 
152.99999907 -0.941496 
153.03999907 -0.941496 
153.07999907 -0.941496 
153.11999907 -0.4989776 
153.15999907 -0.4989776 
153.19999907 -0.4989776 
153.23999907 -0.4989776 
153.27999907 -0.4989776 
153.31999907 -0.4989776 
153.35999907 -0.4989776 
153.39999907 -0.4989776 
154.99999906 -0.4989776 
156.27999905 -0.4989776 
156.35999905 -0.4989776 
156.39999905 -0.4989776 
156.47999905 -0.4989776 
156.51999905 -0.4989776 
156.55999905 -0.4989776 
156.59999905 -0.4989776 
156.63999905 -0.941496 
156.67999905 -0.4989776 
156.71999905 -0.4989776 
156.75999905 -0.941496 
156.79999905 -0.941496 
156.83999905 -0.941496 
156.87999905 -0.941496 
156.91999905 -0.941496 
156.95999905 -0.941496 
156.99999905 -0.941496 
157.03999905 -0.941496 
157.07999905 -0.941496 
157.11999905 -0.941496 
157.15999904 -0.941496 
157.19999904 -0.941496 
157.23999904 -1.825007 
157.27999904 -1.825007 
157.31999904 -1.382488 
157.35999904 -1.825007 
157.39999904 -1.382488 
157.43999904 -1.825007 
157.47999904 -1.825007 
157.51999904 -1.825007 
157.55999904 -1.825007 
157.59999904 -1.825007 
157.63999904 -1.825007 
157.67999904 -1.825007 
157.71999904 -1.825007 
157.75999904 -1.825007 
157.79999904 -2.267525 
157.83999904 -2.267525 
157.87999904 -2.267525 
157.91999904 -2.267525 
157.95999904 -2.267525 
157.99999904 -2.267525 
158.03999904 -2.267525 
158.07999904 -2.267525 
158.11999904 -2.267525 
158.15999904 -2.267525 
158.19999904 -2.267525 
158.23999904 -2.267525 
158.27999904 -2.708518 
158.31999904 -2.267525 
158.35999904 -2.708518 
158.39999904 -2.267525 
158.43999904 -2.267525 
158.47999904 -2.267525 
158.51999904 -2.267525 
158.55999904 -2.267525 
158.59999904 -2.267525 
158.63999904 -2.267525 
158.67999904 -2.267525 
158.71999904 -2.267525 
158.75999904 -2.267525 
158.79999903 -2.267525 
158.83999903 -2.267525 
158.87999903 -2.267525 
158.91999903 -2.267525 
158.95999903 -2.267525 
158.99999903 -2.267525 
159.03999903 -2.267525 
159.07999903 -2.267525 
159.11999903 -2.267525 
159.15999903 -2.267525 
159.19999903 -2.267525 
159.23999903 -2.267525 
159.27999903 -2.267525 
159.31999903 -2.267525 
159.35999903 -1.825007 
159.39999903 -1.825007 
159.43999903 -1.825007 
159.47999903 -2.267525 
159.51999903 -1.825007 
159.55999903 -1.825007 
159.59999903 -1.825007 
159.63999903 -1.825007 
159.67999903 -1.825007 
159.71999903 -1.825007 
159.75999903 -1.825007 
159.79999903 -1.825007 
159.83999903 -2.267525 
159.87999903 -1.825007 
159.91999903 -1.825007 
159.95999903 -1.825007 
159.99999903 -1.825007 
160.03999903 -1.825007 
160.07999903 -1.825007 
160.11999903 -1.825007 
160.15999903 -1.825007 
160.19999903 -1.825007 
160.23999903 -1.825007 
160.27999903 -1.825007 
160.31999903 -1.825007 
160.35999903 -1.825007 
160.39999903 -1.825007 
160.43999902 -1.825007 
160.47999902 -1.825007 
160.51999902 -1.825007 
160.55999902 -1.825007 
160.59999902 -1.825007 
160.63999902 -1.825007 
160.67999902 -1.825007 
160.71999902 -1.825007 
160.75999902 -1.825007 
160.79999902 -1.825007 
160.83999902 -1.825007 
160.87999902 -1.825007 
160.91999902 -1.825007 
160.95999902 -1.825007 
160.99999902 -1.825007 
161.03999902 -1.382488 
161.07999902 -1.825007 
161.11999902 -1.382488 
161.15999902 -0.941496 
161.19999902 -1.382488 
161.23999902 -1.382488 
161.27999902 -0.941496 
161.31999902 -1.825007 
161.35999902 -1.825007 
161.39999902 -0.941496 
161.43999902 -0.941496 
161.47999902 -0.941496 
161.51999902 -0.941496 
161.55999902 -0.941496 
161.59999902 -1.382488 
161.63999902 -0.941496 
161.67999902 -1.382488 
161.71999902 -1.382488 
161.75999902 -0.941496 
161.79999902 -0.941496 
161.83999902 -0.941496 
161.87999902 -0.941496 
161.91999902 -0.941496 
161.95999902 -0.941496 
161.99999902 -0.941496 
162.03999902 -0.941496 
162.07999901 -0.941496 
162.11999901 -0.941496 
162.15999901 -0.941496 
162.19999901 -0.941496 
162.23999901 -0.941496 
162.27999901 -0.941496 
162.31999901 -0.941496 
162.35999901 -0.941496 
162.39999901 -0.941496 
162.43999901 -0.941496 
162.47999901 -0.941496 
162.51999901 -0.941496 
162.55999901 -0.941496 
162.59999901 -0.941496 
162.63999901 -0.941496 
162.67999901 -0.941496 
162.71999901 -0.941496 
162.75999901 -0.941496 
162.79999901 -1.382488 
162.83999901 -0.941496 
162.87999901 -0.941496 
162.91999901 -0.941496 
162.95999901 -1.382488 
162.99999901 -1.382488 
163.03999901 -0.941496 
163.07999901 -0.941496 
163.11999901 -0.941496 
163.15999901 -1.382488 
163.19999901 -1.382488 
163.23999901 -0.941496 
163.27999901 -0.941496 
163.31999901 -0.941496 
163.35999901 -0.941496 
163.39999901 -0.941496 
163.43999901 -0.941496 
163.47999901 -0.941496 
163.51999901 -0.941496 
163.55999901 -0.941496 
163.59999901 -0.941496 
163.63999901 -0.941496 
163.67999901 -0.941496 
163.719999 -1.825007 
163.759999 -1.382488 
163.799999 -0.4989776 
163.839999 -0.4989776 
163.879999 -0.4989776 
163.919999 -0.941496 
163.959999 -0.4989776 
163.999999 -0.4989776 
164.079999 -0.4989776 
164.119999 -0.941496 
164.159999 -0.4989776 
166.07999899 -0.4989776 
166.11999899 -0.4989776 
166.19999899 -0.4989776 
166.23999899 -0.4989776 
166.27999899 -0.4989776 
166.31999899 -0.4989776 
166.35999899 -0.4989776 
166.39999899 -0.941496 
166.43999899 -0.941496 
166.47999899 -0.941496 
166.51999899 -0.941496 
166.55999899 -0.941496 
166.59999899 -0.941496 
166.63999899 -0.941496 
166.67999899 -1.382488 
166.71999899 -1.825007 
166.75999899 -1.825007 
166.79999899 -1.825007 
166.83999899 -1.825007 
166.87999899 -1.825007 
166.91999899 -2.267525 
166.95999899 -1.825007 
166.99999899 -1.825007 
167.03999898 -2.267525 
167.07999898 -2.267525 
167.11999898 -2.267525 
167.15999898 -2.267525 
167.19999898 -2.267525 
167.23999898 -2.267525 
167.27999898 -2.267525 
167.31999898 -2.267525 
167.35999898 -2.708518 
167.39999898 -2.267525 
167.43999898 -2.708518 
167.47999898 -2.267525 
167.51999898 -2.267525 
167.55999898 -2.708518 
167.59999898 -2.708518 
167.63999898 -2.708518 
167.67999898 -2.708518 
167.71999898 -2.708518 
167.75999898 -2.708518 
167.79999898 -2.708518 
167.83999898 -2.708518 
167.87999898 -3.151036 
167.91999898 -2.708518 
167.95999898 -2.267525 
167.99999898 -2.708518 
168.03999898 -2.267525 
168.07999898 -2.267525 
168.11999898 -2.267525 
168.15999898 -2.267525 
168.19999898 -2.267525 
168.23999898 -2.708518 
168.27999898 -2.708518 
168.31999898 -2.708518 
168.35999898 -2.708518 
168.39999898 -2.708518 
168.43999898 -2.708518 
168.47999898 -2.708518 
168.51999898 -2.267525 
168.55999898 -2.267525 
168.59999898 -2.267525 
168.63999898 -2.267525 
168.67999897 -2.267525 
168.71999897 -2.267525 
168.75999897 -2.267525 
168.79999897 -2.267525 
168.83999897 -2.267525 
168.87999897 -2.267525 
168.91999897 -1.825007 
168.95999897 -2.267525 
168.99999897 -1.825007 
169.03999897 -1.825007 
169.07999897 -1.825007 
169.11999897 -1.825007 
169.15999897 -1.825007 
169.19999897 -1.382488 
169.23999897 -1.382488 
169.27999897 -1.825007 
169.31999897 -1.382488 
169.35999897 -0.941496 
169.39999897 -0.941496 
169.43999897 -0.941496 
169.47999897 -0.941496 
169.51999897 -0.941496 
169.55999897 -0.941496 
169.59999897 -0.941496 
169.63999897 -0.941496 
169.67999897 -0.941496 
169.71999897 -0.941496 
169.75999897 -0.4989776 
169.79999897 -0.941496 
169.83999897 -0.4989776 
169.87999897 -0.4989776 
169.91999897 -0.4989776 
169.95999897 -0.4989776 
170.11999897 -0.4989776 
171.63999896 -0.4989776 
171.75999896 -0.4989776 
171.79999896 -0.4989776 
171.83999896 -0.4989776 
171.87999896 -0.4989776 
171.91999896 -0.941496 
171.95999895 -0.941496 
171.99999895 -0.4989776 
172.03999895 -0.941496 
172.07999895 -0.941496 
172.11999895 -0.941496 
172.15999895 -0.941496 
172.19999895 -0.941496 
172.23999895 -1.382488 
172.27999895 -1.825007 
172.31999895 -1.825007 
172.35999895 -1.825007 
172.39999895 -1.825007 
172.43999895 -1.825007 
172.47999895 -1.825007 
172.51999895 -1.825007 
172.55999895 -2.267525 
172.59999895 -2.267525 
172.63999895 -2.267525 
172.67999895 -2.708518 
172.71999895 -2.708518 
172.75999895 -3.151036 
172.79999895 -3.151036 
172.83999895 -3.151036 
172.87999895 -2.708518 
172.91999895 -3.151036 
172.95999895 -3.593554 
172.99999895 -3.593554 
173.03999895 -3.593554 
173.07999895 -4.034547 
173.11999895 -4.034547 
173.15999895 -4.034547 
173.19999895 -4.034547 
173.23999895 -4.034547 
173.27999895 -4.034547 
173.31999895 -4.477065 
173.35999895 -4.477065 
173.39999895 -4.477065 
173.43999895 -4.477065 
173.47999895 -4.919584 
173.51999895 -4.477065 
173.55999895 -4.919584 
173.59999894 -5.360576 
173.63999894 -4.919584 
173.67999894 -5.360576 
173.71999894 -5.360576 
173.75999894 -5.360576 
173.79999894 -5.360576 
173.83999894 -5.360576 
173.87999894 -5.803094 
173.91999894 -5.803094 
173.95999894 -5.803094 
173.99999894 -5.803094 
174.03999894 -5.803094 
174.07999894 -5.803094 
174.11999894 -5.803094 
174.15999894 -5.803094 
174.19999894 -6.244087 
174.23999894 -5.803094 
174.27999894 -5.803094 
174.31999894 -5.803094 
174.35999894 -5.803094 
174.39999894 -5.803094 
174.43999894 -6.244087 
174.47999894 -6.244087 
174.51999894 -5.803094 
174.55999894 -6.244087 
174.59999894 -5.803094 
174.63999894 -6.244087 
174.67999894 -5.803094 
174.71999894 -5.803094 
174.75999894 -5.803094 
174.79999894 -5.360576 
174.83999894 -5.803094 
174.87999894 -5.360576 
174.91999894 -5.803094 
174.95999894 -5.360576 
174.99999894 -5.360576 
175.03999894 -4.919584 
175.07999894 -4.919584 
175.11999894 -5.360576 
175.15999894 -5.360576 
175.19999894 -4.919584 
175.23999893 -4.919584 
175.27999893 -4.477065 
175.31999893 -4.477065 
175.35999893 -4.477065 
175.39999893 -4.477065 
175.43999893 -4.919584 
175.47999893 -4.477065 
175.51999893 -4.477065 
175.55999893 -4.477065 
175.59999893 -4.477065 
175.63999893 -4.034547 
175.67999893 -4.034547 
175.71999893 -4.034547 
175.75999893 -3.593554 
175.79999893 -4.034547 
175.83999893 -4.034547 
175.87999893 -3.593554 
175.91999893 -3.151036 
175.95999893 -3.151036 
175.99999893 -3.151036 
176.03999893 -3.151036 
176.07999893 -3.151036 
176.11999893 -2.708518 
176.15999893 -2.267525 
176.19999893 -2.267525 
176.23999893 -2.708518 
176.27999893 -2.708518 
176.31999893 -1.825007 
176.35999893 -1.825007 
176.39999893 -2.267525 
176.43999893 -1.825007 
176.47999893 -2.267525 
176.51999893 -1.825007 
176.55999893 -0.941496 
176.59999893 -0.941496 
176.63999893 -0.941496 
176.67999893 -0.941496 
176.71999893 -0.941496 
176.75999893 -0.941496 
176.79999893 -0.4989776 
176.83999893 -0.4989776 
176.87999893 -0.4989776 
176.91999892 -0.4989776 
179.35999891 -0.4989776 
179.39999891 -0.4989776 
179.43999891 -0.4989776 
179.47999891 -0.4989776 
179.51999891 -0.941496 
179.55999891 -0.4989776 
179.59999891 -0.941496 
179.63999891 -0.941496 
179.67999891 -0.941496 
179.71999891 -0.941496 
179.75999891 -0.941496 
179.79999891 -1.382488 
179.83999891 -1.825007 
179.87999891 -1.825007 
179.91999891 -1.825007 
179.95999891 -1.825007 
179.99999891 -1.825007 
180.03999891 -1.825007 
180.07999891 -1.825007 
180.11999891 -2.267525 
180.15999891 -2.267525 
180.1999989 -2.267525 
180.2399989 -2.267525 
180.2799989 -2.267525 
180.3199989 -2.267525 
180.3599989 -2.267525 
180.3999989 -2.267525 
180.4399989 -2.267525 
180.4799989 -2.708518 
180.5199989 -3.593554 
180.5599989 -2.708518 
180.5999989 -2.708518 
180.6399989 -3.151036 
180.6799989 -2.708518 
180.7199989 -2.708518 
180.7599989 -2.708518 
180.7999989 -2.708518 
180.8399989 -2.708518 
180.8799989 -2.708518 
180.9199989 -2.267525 
180.9599989 -2.267525 
180.9999989 -4.034547 
181.0399989 -3.593554 
181.0799989 -2.267525 
181.1199989 -2.267525 
181.1599989 -3.593554 
181.1999989 -2.708518 
181.2399989 -1.825007 
181.2799989 -2.708518 
181.3199989 -3.151036 
181.3599989 -1.825007 
181.3999989 -1.825007 
181.4399989 -2.708518 
181.4799989 -2.708518 
181.5199989 -2.267525 
181.5599989 -1.825007 
181.5999989 -1.825007 
181.6399989 -2.267525 
181.6799989 -2.267525 
181.7199989 -1.825007 
181.7599989 -1.825007 
181.7999989 -1.825007 
181.83999889 -1.825007 
181.87999889 -1.825007 
181.91999889 -1.382488 
181.95999889 -1.825007 
181.99999889 -1.382488 
182.03999889 -1.382488 
182.07999889 -1.382488 
182.11999889 -0.941496 
182.15999889 -0.941496 
182.19999889 -0.941496 
182.23999889 -0.941496 
182.27999889 -0.941496 
182.31999889 -0.941496 
182.35999889 -0.941496 
182.39999889 -0.941496 
182.43999889 -0.941496 
182.47999889 -0.941496 
182.51999889 -0.4989776 
182.55999889 -0.4989776 
182.59999889 -0.941496 
182.63999889 -0.4989776 
182.67999889 -0.4989776 
182.71999889 -0.4989776 
182.75999889 -0.4989776 
182.79999889 -0.4989776 
182.83999889 -0.4989776 
182.87999889 -0.4989776 
182.91999889 -0.4989776 
185.23999887 -0.4989776 
185.27999887 -0.4989776 
185.31999887 -0.4989776 
185.35999887 -0.4989776 
185.39999887 -0.4989776 
185.43999887 -0.4989776 
185.47999887 -0.4989776 
185.51999887 -0.4989776 
185.55999887 -0.941496 
185.59999887 -0.941496 
185.63999887 -0.941496 
185.67999887 -0.941496 
185.71999887 -0.941496 
185.75999887 -0.941496 
185.79999887 -0.941496 
185.83999887 -0.941496 
185.87999887 -0.941496 
185.91999887 -0.941496 
185.95999887 -0.941496 
185.99999887 -0.941496 
186.03999887 -1.382488 
186.07999887 -1.382488 
186.11999887 -1.825007 
186.15999887 -1.825007 
186.19999887 -1.825007 
186.23999887 -1.825007 
186.27999887 -1.825007 
186.31999887 -2.267525 
186.35999887 -2.267525 
186.39999887 -2.267525 
186.43999887 -2.267525 
186.47999887 -2.267525 
186.51999887 -2.708518 
186.55999887 -2.708518 
186.59999887 -2.708518 
186.63999887 -2.708518 
186.67999887 -2.708518 
186.71999887 -2.708518 
186.75999886 -2.708518 
186.79999886 -3.151036 
186.83999886 -3.593554 
186.87999886 -3.593554 
186.91999886 -3.151036 
186.95999886 -3.593554 
186.99999886 -3.593554 
187.03999886 -3.593554 
187.07999886 -3.593554 
187.11999886 -3.593554 
187.15999886 -4.034547 
187.19999886 -4.034547 
187.23999886 -4.034547 
187.27999886 -4.034547 
187.31999886 -4.034547 
187.35999886 -4.034547 
187.39999886 -4.034547 
187.43999886 -4.477065 
187.47999886 -4.477065 
187.51999886 -4.477065 
187.55999886 -4.477065 
187.59999886 -4.477065 
187.63999886 -4.477065 
187.67999886 -4.477065 
187.71999886 -4.477065 
187.75999886 -4.477065 
187.79999886 -4.477065 
187.83999886 -4.477065 
187.87999886 -4.477065 
187.91999886 -4.477065 
187.95999886 -4.477065 
187.99999886 -4.477065 
188.03999886 -4.477065 
188.07999886 -4.477065 
188.11999886 -4.477065 
188.15999886 -4.477065 
188.19999886 -4.477065 
188.23999886 -4.477065 
188.27999886 -4.477065 
188.31999886 -4.477065 
188.35999886 -4.477065 
188.39999886 -4.477065 
188.43999885 -4.477065 
188.47999885 -4.034547 
188.51999885 -4.034547 
188.55999885 -4.034547 
188.59999885 -4.034547 
188.63999885 -4.034547 
188.67999885 -3.593554 
188.71999885 -3.593554 
188.75999885 -3.593554 
188.79999885 -3.593554 
188.83999885 -3.593554 
188.87999885 -3.593554 
188.91999885 -3.593554 
188.95999885 -3.151036 
188.99999885 -3.151036 
189.03999885 -3.593554 
189.07999885 -3.151036 
189.11999885 -3.151036 
189.15999885 -3.151036 
189.19999885 -2.708518 
189.23999885 -2.267525 
189.27999885 -2.267525 
189.31999885 -2.267525 
189.35999885 -2.267525 
189.39999885 -1.825007 
189.43999885 -1.825007 
189.47999885 -1.825007 
189.51999885 -1.825007 
189.55999885 -1.825007 
189.59999885 -1.382488 
189.63999885 -1.382488 
189.67999885 -1.382488 
189.71999885 -0.941496 
189.75999885 -0.941496 
189.79999885 -0.941496 
189.87999885 -0.941496 
189.91999885 -0.941496 
189.95999885 -0.4989776 
189.99999885 -0.4989776 
190.03999885 -0.4989776 
190.07999884 -0.4989776 
193.31999883 -0.4989776 
193.35999882 -0.4989776 
193.39999882 -0.4989776 
193.43999882 -0.4989776 
193.47999882 -0.4989776 
193.51999882 -0.941496 
193.55999882 -0.4989776 
193.59999882 -0.941496 
193.63999882 -0.941496 
193.67999882 -0.941496 
193.71999882 -0.941496 
193.75999882 -1.382488 
193.79999882 -1.382488 
193.83999882 -1.825007 
193.87999882 -1.382488 
193.91999882 -1.825007 
193.95999882 -1.825007 
193.99999882 -1.825007 
194.03999882 -1.825007 
194.07999882 -1.825007 
194.11999882 -1.825007 
194.15999882 -2.267525 
194.19999882 -2.267525 
194.23999882 -2.267525 
194.27999882 -2.267525 
194.31999882 -2.267525 
194.35999882 -2.267525 
194.39999882 -2.267525 
194.43999882 -2.708518 
194.47999882 -2.708518 
194.51999882 -2.708518 
194.55999882 -2.708518 
194.59999882 -3.151036 
194.63999882 -3.151036 
194.67999882 -2.708518 
194.71999882 -3.151036 
194.75999882 -3.151036 
194.79999882 -3.151036 
194.83999882 -3.151036 
194.87999882 -3.151036 
194.91999882 -3.593554 
194.95999882 -3.593554 
194.99999881 -3.151036 
195.03999881 -3.593554 
195.07999881 -3.593554 
195.11999881 -3.593554 
195.15999881 -3.593554 
195.19999881 -3.593554 
195.23999881 -3.593554 
195.27999881 -3.593554 
195.31999881 -3.593554 
195.35999881 -3.593554 
195.39999881 -3.593554 
195.43999881 -3.593554 
195.47999881 -3.593554 
195.51999881 -3.593554 
195.55999881 -3.593554 
195.59999881 -3.593554 
195.63999881 -3.593554 
195.67999881 -3.593554 
195.71999881 -3.151036 
195.75999881 -3.593554 
195.79999881 -3.151036 
195.83999881 -3.593554 
195.87999881 -3.593554 
195.91999881 -3.151036 
195.95999881 -3.151036 
195.99999881 -3.593554 
196.03999881 -3.151036 
196.07999881 -2.708518 
196.11999881 -3.151036 
196.15999881 -3.151036 
196.19999881 -2.708518 
196.23999881 -3.151036 
196.27999881 -2.708518 
196.31999881 -3.151036 
196.35999881 -2.708518 
196.39999881 -2.267525 
196.43999881 -2.708518 
196.47999881 -2.267525 
196.51999881 -2.708518 
196.55999881 -2.267525 
196.59999881 -2.267525 
196.6399988 -2.267525 
196.6799988 -2.267525 
196.7199988 -2.267525 
196.7599988 -1.825007 
196.7999988 -1.825007 
196.8399988 -1.825007 
196.8799988 -1.825007 
196.9199988 -1.825007 
196.9599988 -1.825007 
196.9999988 -1.825007 
197.0399988 -1.382488 
197.0799988 -1.825007 
197.1199988 -0.941496 
197.1599988 -0.941496 
197.1999988 -0.941496 
197.2399988 -0.941496 
197.2799988 -0.941496 
197.3199988 -0.941496 
197.3599988 -0.941496 
197.3999988 -0.941496 
197.4399988 -0.4989776 
197.4799988 -0.4989776 
197.5199988 -0.941496 
197.5599988 -0.4989776 
197.5999988 -0.4989776 
197.6399988 -0.4989776 
197.6799988 -0.4989776 
197.7199988 -0.4989776 
197.7599988 -0.4989776 
197.8799988 -0.4989776 
197.9199988 -0.4989776 
197.9999988 -0.4989776 
198.0399988 -0.4989776 
198.51999879 -0.4989776 
198.63999879 -0.4989776 
198.75999879 -0.4989776 
198.79999879 -0.4989776 
198.83999879 -0.4989776 
198.91999879 -0.4989776 
198.95999879 -0.4989776 
198.99999879 -0.4989776 
199.07999879 -0.4989776 
199.15999879 -0.4989776 
199.19999879 -0.4989776 
199.23999879 -0.4989776 
199.27999879 -0.4989776 
199.31999879 -0.4989776 
199.35999879 -0.4989776 
199.39999879 -0.4989776 
199.43999879 -0.4989776 
199.47999879 -0.4989776 
199.51999879 -0.4989776 
199.55999879 -0.941496 
199.59999879 -0.4989776 
199.63999879 -0.941496 
199.67999879 -0.941496 
199.71999879 -0.941496 
199.75999879 -0.941496 
199.79999879 -0.941496 
199.83999879 -0.941496 
199.87999879 -0.941496 
199.91999878 -0.941496 
199.95999878 -1.382488 
199.99999878 -0.941496 
200.03999878 -0.941496 
200.07999878 -0.941496 
200.11999878 -1.382488 
0 0 
