0.99999999 -0.4989776 
1.03999999 -0.4989776 
1.07999999 -0.4989776 
1.11999999 -0.4989776 
1.15999999 -0.4989776 
1.19999999 -0.4989776 
1.23999999 -0.4989776 
1.27999999 -0.941496 
1.31999999 -0.4989776 
1.35999999 -0.4989776 
1.39999999 -0.941496 
1.43999999 -0.4989776 
1.47999999 -0.941496 
1.51999999 -0.941496 
1.55999999 -0.4989776 
1.59999999 -0.941496 
1.63999999 -0.941496 
1.67999999 -0.941496 
1.71999999 -0.941496 
1.75999999 -0.941496 
1.79999999 -0.941496 
1.83999999 -0.941496 
1.87999999 -0.941496 
1.91999999 -0.941496 
1.95999999 -0.941496 
1.99999999 -0.941496 
2.03999999 -0.941496 
2.07999999 -0.941496 
2.11999999 -0.941496 
2.15999999 -0.941496 
2.19999999 -0.941496 
2.23999999 -0.941496 
2.27999999 -0.941496 
2.31999999 -0.941496 
2.35999999 -0.941496 
2.39999999 -0.941496 
2.43999999 -0.941496 
2.47999998 -0.941496 
2.51999998 -0.941496 
2.55999998 -0.941496 
2.59999998 -0.941496 
2.63999998 -0.941496 
2.67999998 -0.941496 
2.71999998 -0.941496 
2.75999998 -0.4989776 
2.79999998 -0.941496 
2.83999998 -0.4989776 
2.87999998 -0.4989776 
2.91999998 -0.4989776 
2.95999998 -0.4989776 
2.99999998 -0.4989776 
3.03999998 -0.4989776 
3.07999998 -0.4989776 
3.11999998 -0.4989776 
7.35999996 -0.4989776 
7.39999996 -0.4989776 
7.43999995 -0.4989776 
7.47999995 -0.4989776 
7.51999995 -0.4989776 
7.55999995 -0.4989776 
7.59999995 -0.4989776 
7.63999995 -0.941496 
7.67999995 -0.4989776 
7.71999995 -0.941496 
7.75999995 -0.941496 
7.79999995 -0.941496 
7.83999995 -0.941496 
7.87999995 -0.941496 
7.91999995 -0.941496 
7.95999995 -0.941496 
7.99999995 -0.941496 
8.03999995 -0.941496 
8.07999995 -0.941496 
8.11999995 -0.941496 
8.15999995 -0.941496 
8.19999995 -0.941496 
8.23999995 -0.941496 
8.27999995 -0.941496 
8.31999995 -0.941496 
8.35999995 -0.941496 
8.39999995 -0.941496 
8.43999995 -0.941496 
8.47999995 -1.382488 
8.51999995 -0.941496 
8.55999995 -0.941496 
8.59999995 -0.941496 
8.63999995 -1.382488 
8.67999995 -0.941496 
8.71999995 -0.941496 
8.75999995 -0.941496 
8.79999995 -0.941496 
8.83999995 -1.382488 
8.87999995 -0.941496 
8.91999995 -0.941496 
8.95999995 -0.941496 
8.99999995 -1.382488 
9.03999995 -0.941496 
9.07999994 -0.941496 
9.11999994 -0.941496 
9.15999994 -0.941496 
9.19999994 -0.941496 
9.23999994 -0.941496 
9.27999994 -0.941496 
9.31999994 -0.941496 
9.35999994 -0.941496 
9.39999994 -0.941496 
9.43999994 -0.941496 
9.47999994 -0.941496 
9.51999994 -0.941496 
9.55999994 -0.941496 
9.59999994 -0.941496 
9.63999994 -0.941496 
9.67999994 -0.941496 
9.71999994 -0.941496 
9.75999994 -0.941496 
9.79999994 -0.4989776 
9.83999994 -0.941496 
9.87999994 -0.4989776 
9.91999994 -0.4989776 
9.95999994 -0.4989776 
9.99999994 -0.4989776 
10.03999994 -0.941496 
10.07999994 -0.4989776 
10.15999994 -0.4989776 
10.23999994 -0.941496 
10.27999994 -0.4989776 
10.31999994 -0.4989776 
10.35999994 -0.4989776 
10.39999994 -0.4989776 
10.43999994 -0.4989776 
10.51999994 -0.4989776 
10.55999994 -0.4989776 
10.59999994 -0.4989776 
12.43999992 -0.4989776 
12.67999992 -0.4989776 
12.71999992 -0.4989776 
12.75999992 -0.4989776 
12.83999992 -0.4989776 
12.87999992 -0.4989776 
12.91999992 -0.4989776 
12.95999992 -0.4989776 
12.99999992 -0.4989776 
13.03999992 -0.4989776 
13.07999992 -0.4989776 
13.11999992 -0.4989776 
13.15999992 -0.4989776 
13.19999992 -0.4989776 
13.23999992 -0.941496 
13.27999992 -0.4989776 
13.35999992 -0.4989776 
13.39999992 -0.4989776 
13.43999992 -0.4989776 
13.47999992 -0.4989776 
13.51999992 -0.4989776 
13.55999992 -0.4989776 
13.59999992 -0.4989776 
13.71999992 -0.4989776 
13.75999992 -0.4989776 
18.99999988 -0.4989776 
19.11999988 -0.4989776 
19.51999988 -0.4989776 
19.67999988 -0.4989776 
19.75999988 -0.4989776 
19.95999988 -0.4989776 
20.07999988 -0.4989776 
20.43999988 -0.4989776 
20.51999988 -0.4989776 
20.67999987 -0.4989776 
20.75999987 -0.4989776 
21.35999987 -0.4989776 
22.83999986 -0.4989776 
22.87999986 -0.4989776 
22.91999986 -0.4989776 
22.95999986 -0.4989776 
23.11999986 -0.4989776 
23.15999986 -0.4989776 
23.19999986 -0.4989776 
23.23999986 -0.4989776 
23.27999986 -0.4989776 
23.31999986 -0.4989776 
23.35999986 -0.4989776 
23.39999986 -0.4989776 
23.47999986 -0.4989776 
23.51999986 -0.4989776 
23.55999986 -0.4989776 
23.59999986 -0.4989776 
23.63999986 -0.4989776 
23.67999986 -0.4989776 
23.71999986 -0.4989776 
23.75999986 -0.4989776 
23.79999986 -0.4989776 
23.83999986 -0.941496 
23.87999985 -0.941496 
23.91999985 -0.941496 
23.95999985 -0.4989776 
23.99999985 -0.941496 
24.03999985 -0.4989776 
24.07999985 -0.941496 
24.11999985 -0.4989776 
24.15999985 -0.4989776 
24.19999985 -0.941496 
24.23999985 -0.941496 
24.27999985 -0.4989776 
24.31999985 -0.941496 
24.35999985 -0.941496 
24.39999985 -0.941496 
24.43999985 -0.941496 
24.47999985 -0.4989776 
24.51999985 -0.4989776 
24.55999985 -0.941496 
24.59999985 -0.4989776 
24.63999985 -0.4989776 
24.67999985 -0.4989776 
24.71999985 -0.941496 
24.75999985 -0.941496 
24.79999985 -0.4989776 
24.83999985 -0.4989776 
24.87999985 -0.4989776 
24.91999985 -0.4989776 
24.95999985 -0.4989776 
24.99999985 -0.4989776 
25.03999985 -0.4989776 
25.07999985 -0.4989776 
25.11999985 -0.4989776 
25.15999985 -0.4989776 
25.19999985 -0.4989776 
25.23999985 -0.4989776 
25.27999985 -0.4989776 
25.31999985 -0.4989776 
25.35999985 -0.4989776 
25.39999985 -0.4989776 
25.43999985 -0.4989776 
25.47999985 -0.4989776 
25.51999984 -0.4989776 
25.55999984 -0.4989776 
25.59999984 -0.4989776 
28.79999982 -0.4989776 
28.99999982 -0.4989776 
29.11999982 -0.941496 
29.15999982 -0.4989776 
29.19999982 -0.4989776 
29.23999982 -0.4989776 
29.27999982 -0.4989776 
29.31999982 -0.941496 
29.35999982 -0.4989776 
29.39999982 -0.4989776 
29.43999982 -0.4989776 
29.47999982 -0.941496 
29.51999982 -0.941496 
29.55999982 -0.941496 
29.59999982 -0.941496 
29.63999982 -0.941496 
29.67999982 -0.941496 
29.71999982 -0.941496 
29.75999982 -0.4989776 
29.79999982 -0.4989776 
29.83999982 -0.941496 
29.87999982 -0.4989776 
29.91999982 -0.941496 
29.95999982 -0.941496 
29.99999982 -0.941496 
30.03999982 -0.941496 
30.07999982 -0.941496 
30.11999982 -0.941496 
30.15999982 -0.941496 
30.19999982 -0.4989776 
30.23999982 -0.4989776 
30.27999982 -0.4989776 
30.31999982 -0.941496 
30.35999982 -0.4989776 
30.39999982 -0.941496 
30.43999982 -0.941496 
30.47999981 -0.4989776 
30.51999981 -0.4989776 
30.55999981 -0.4989776 
30.59999981 -0.4989776 
30.63999981 -0.4989776 
30.67999981 -0.4989776 
30.71999981 -0.4989776 
30.79999981 -0.4989776 
33.3999998 -0.4989776 
33.4799998 -0.4989776 
33.5199998 -0.4989776 
33.5599998 -0.941496 
33.5999998 -0.4989776 
33.6399998 -0.941496 
33.6799998 -0.941496 
33.7199998 -0.941496 
33.75999979 -0.941496 
33.79999979 -0.941496 
33.83999979 -1.382488 
33.87999979 -1.382488 
33.91999979 -1.382488 
33.95999979 -0.941496 
33.99999979 -1.382488 
34.03999979 -1.825007 
34.07999979 -1.825007 
34.11999979 -1.825007 
34.15999979 -1.825007 
34.19999979 -2.267525 
34.23999979 -1.825007 
34.27999979 -2.267525 
34.31999979 -2.267525 
34.35999979 -2.267525 
34.39999979 -2.267525 
34.43999979 -2.267525 
34.47999979 -2.267525 
34.51999979 -2.708518 
34.55999979 -2.708518 
34.59999979 -2.708518 
34.63999979 -2.708518 
34.67999979 -2.708518 
34.71999979 -2.708518 
34.75999979 -2.708518 
34.79999979 -2.708518 
34.83999979 -3.151036 
34.87999979 -2.708518 
34.91999979 -3.151036 
34.95999979 -2.708518 
34.99999979 -3.151036 
35.03999979 -3.151036 
35.07999979 -3.151036 
35.11999979 -3.151036 
35.15999979 -3.151036 
35.19999979 -3.151036 
35.23999979 -3.151036 
35.27999979 -3.151036 
35.31999979 -3.593554 
35.35999979 -3.151036 
35.39999978 -3.151036 
35.43999978 -2.708518 
35.47999978 -3.593554 
35.51999978 -3.593554 
35.55999978 -3.593554 
35.59999978 -3.151036 
35.63999978 -3.151036 
35.67999978 -3.151036 
35.71999978 -3.151036 
35.75999978 -2.708518 
35.79999978 -3.151036 
35.83999978 -3.151036 
35.87999978 -3.151036 
35.91999978 -3.151036 
35.95999978 -2.708518 
35.99999978 -2.708518 
36.03999978 -2.708518 
36.07999978 -2.267525 
36.11999978 -2.267525 
36.15999978 -2.708518 
36.19999978 -2.267525 
36.23999978 -1.825007 
36.27999978 -1.825007 
36.31999978 -2.267525 
36.35999978 -1.825007 
36.39999978 -1.825007 
36.43999978 -1.825007 
36.47999978 -1.825007 
36.51999978 -1.825007 
36.55999978 -1.825007 
36.59999978 -1.825007 
36.63999978 -1.825007 
36.67999978 -1.825007 
36.71999978 -1.382488 
36.75999978 -0.941496 
36.79999978 -0.941496 
36.83999978 -0.941496 
36.87999978 -0.941496 
36.91999978 -0.941496 
36.95999978 -0.941496 
36.99999978 -0.4989776 
37.03999977 -0.4989776 
37.07999977 -0.4989776 
37.11999977 -0.4989776 
37.15999977 -0.4989776 
37.27999977 -0.4989776 
45.11999973 -0.4989776 
45.31999972 -0.941496 
45.35999972 -0.941496 
45.47999972 -0.4989776 
45.51999972 -0.4989776 
45.59999972 -0.4989776 
45.63999972 -0.941496 
45.67999972 -0.4989776 
45.75999972 -0.4989776 
45.79999972 -0.4989776 
45.83999972 -0.941496 
45.87999972 -0.4989776 
45.91999972 -0.4989776 
45.95999972 -0.4989776 
45.99999972 -0.941496 
46.03999972 -0.941496 
46.07999972 -0.941496 
46.11999972 -0.941496 
46.15999972 -0.941496 
46.19999972 -0.941496 
46.23999972 -1.825007 
46.27999972 -0.941496 
46.31999972 -0.941496 
46.35999972 -0.941496 
46.39999972 -0.941496 
46.43999972 -0.941496 
46.47999972 -0.941496 
46.51999972 -0.941496 
46.55999972 -0.941496 
46.59999972 -0.941496 
46.63999972 -0.941496 
46.67999972 -0.941496 
46.71999972 -0.941496 
46.75999972 -0.941496 
46.79999972 -0.941496 
46.83999972 -0.4989776 
46.87999972 -0.4989776 
46.91999971 -0.941496 
46.95999971 -0.941496 
46.99999971 -0.4989776 
47.03999971 -0.941496 
47.07999971 -0.4989776 
47.11999971 -0.4989776 
47.15999971 -0.4989776 
47.19999971 -0.4989776 
47.23999971 -0.4989776 
47.27999971 -0.4989776 
47.31999971 -0.4989776 
47.35999971 -0.4989776 
47.39999971 -0.4989776 
47.43999971 -0.4989776 
47.47999971 -0.4989776 
47.63999971 -0.4989776 
50.99999969 -0.4989776 
51.27999969 -0.4989776 
51.31999969 -0.4989776 
51.43999969 -0.4989776 
51.47999969 -0.4989776 
51.59999969 -0.4989776 
51.63999969 -0.4989776 
51.67999969 -0.4989776 
51.71999969 -0.4989776 
51.75999969 -0.4989776 
51.83999968 -0.4989776 
51.99999968 -0.4989776 
56.55999966 -0.4989776 
56.59999966 -0.4989776 
56.63999966 -0.4989776 
56.67999966 -0.4989776 
56.71999966 -0.4989776 
56.75999966 -0.941496 
56.79999965 -0.941496 
56.83999965 -0.941496 
56.87999965 -0.941496 
56.91999965 -0.941496 
56.95999965 -0.941496 
56.99999965 -0.941496 
57.03999965 -1.382488 
57.07999965 -0.941496 
57.11999965 -1.382488 
57.15999965 -1.382488 
57.19999965 -1.825007 
57.23999965 -1.825007 
57.27999965 -1.825007 
57.31999965 -1.825007 
57.35999965 -1.825007 
57.39999965 -1.825007 
57.43999965 -1.825007 
57.47999965 -2.267525 
57.51999965 -1.825007 
57.55999965 -2.267525 
57.59999965 -1.825007 
57.63999965 -2.267525 
57.67999965 -2.267525 
57.71999965 -2.267525 
57.75999965 -2.267525 
57.79999965 -2.267525 
57.83999965 -2.267525 
57.87999965 -3.151036 
57.91999965 -2.708518 
57.95999965 -2.267525 
57.99999965 -2.267525 
58.03999965 -2.267525 
58.07999965 -2.267525 
58.11999965 -2.267525 
58.15999965 -2.708518 
58.19999965 -2.267525 
58.23999965 -2.267525 
58.27999965 -2.708518 
58.31999965 -2.708518 
58.35999965 -2.267525 
58.39999965 -2.267525 
58.43999964 -2.267525 
58.47999964 -2.708518 
58.51999964 -2.267525 
58.55999964 -2.267525 
58.59999964 -2.708518 
58.63999964 -2.267525 
58.67999964 -2.267525 
58.71999964 -2.267525 
58.75999964 -2.267525 
58.79999964 -2.267525 
58.83999964 -2.708518 
58.87999964 -2.267525 
58.91999964 -2.267525 
58.95999964 -2.267525 
58.99999964 -2.267525 
59.03999964 -1.825007 
59.07999964 -2.267525 
59.11999964 -2.267525 
59.15999964 -2.267525 
59.19999964 -2.267525 
59.23999964 -2.267525 
59.27999964 -1.825007 
59.31999964 -1.825007 
59.35999964 -1.825007 
59.39999964 -1.825007 
59.43999964 -1.825007 
59.47999964 -1.382488 
59.51999964 -1.825007 
59.55999964 -1.825007 
59.59999964 -0.941496 
59.63999964 -0.941496 
59.67999964 -0.941496 
59.71999964 -1.382488 
59.75999964 -0.941496 
59.79999964 -0.941496 
59.83999964 -0.941496 
59.87999964 -0.941496 
59.91999964 -0.941496 
59.95999964 -0.941496 
59.99999964 -0.941496 
60.03999964 -0.941496 
60.07999963 -0.941496 
60.11999963 -0.941496 
60.15999963 -0.4989776 
60.19999963 -0.941496 
60.23999963 -0.4989776 
60.27999963 -0.4989776 
60.31999963 -0.4989776 
60.35999963 -0.4989776 
60.39999963 -0.4989776 
60.43999963 -0.4989776 
60.47999963 -0.4989776 
60.51999963 -0.4989776 
60.55999963 -0.4989776 
60.59999963 -0.4989776 
60.63999963 -0.4989776 
60.67999963 -0.4989776 
60.71999963 -0.4989776 
60.75999963 -0.4989776 
60.91999963 -0.4989776 
62.51999962 -0.4989776 
62.59999962 -0.4989776 
62.67999962 -0.4989776 
62.71999962 -0.4989776 
62.79999962 -0.4989776 
62.91999962 -0.4989776 
68.15999959 -0.4989776 
68.19999959 -0.4989776 
68.23999959 -0.4989776 
68.31999958 -0.4989776 
68.35999958 -0.4989776 
68.39999958 -0.4989776 
68.43999958 -0.4989776 
68.47999958 -0.4989776 
68.59999958 -0.4989776 
68.67999958 -0.4989776 
68.71999958 -0.941496 
68.75999958 -0.4989776 
68.83999958 -0.4989776 
68.99999958 -0.4989776 
69.11999958 -0.4989776 
69.23999958 -0.4989776 
72.39999956 -0.4989776 
72.43999956 -0.4989776 
72.47999956 -0.4989776 
72.55999956 -0.941496 
72.63999956 -0.4989776 
72.67999956 -0.4989776 
72.75999956 -0.4989776 
72.79999956 -1.382488 
72.83999956 -0.4989776 
72.87999956 -0.4989776 
72.91999956 -0.941496 
72.95999956 -0.941496 
72.99999956 -0.4989776 
73.03999956 -0.941496 
73.07999956 -0.941496 
73.11999956 -0.4989776 
73.19999956 -0.4989776 
73.27999955 -0.941496 
73.31999955 -1.825007 
73.43999955 -0.941496 
73.47999955 -0.941496 
73.55999955 -0.4989776 
73.59999955 -1.825007 
73.63999955 -0.941496 
73.71999955 -0.4989776 
73.75999955 -0.941496 
73.79999955 -0.941496 
73.83999955 -0.4989776 
73.87999955 -0.4989776 
73.91999955 -0.4989776 
73.95999955 -0.941496 
73.99999955 -0.941496 
74.03999955 -0.4989776 
74.07999955 -0.4989776 
74.11999955 -0.941496 
74.15999955 -0.4989776 
74.23999955 -0.941496 
74.27999955 -0.941496 
74.31999955 -0.941496 
74.35999955 -0.941496 
74.39999955 -0.4989776 
74.43999955 -0.941496 
74.47999955 -0.941496 
74.51999955 -0.941496 
74.55999955 -0.941496 
74.59999955 -0.941496 
74.63999955 -0.941496 
74.67999955 -0.4989776 
74.71999955 -0.4989776 
74.75999955 -0.941496 
74.79999955 -0.941496 
74.83999955 -0.4989776 
74.87999954 -0.941496 
74.91999954 -0.941496 
74.95999954 -0.941496 
74.99999954 -0.941496 
75.03999954 -0.4989776 
75.07999954 -0.4989776 
75.11999954 -0.4989776 
75.15999954 -0.4989776 
75.19999954 -0.4989776 
75.23999954 -0.4989776 
75.27999954 -0.4989776 
75.31999954 -0.4989776 
75.35999954 -0.4989776 
82.7999995 -0.4989776 
82.8399995 -0.4989776 
82.8799995 -0.4989776 
82.9199995 -0.4989776 
82.9599995 -0.4989776 
82.9999995 -0.941496 
83.0399995 -0.941496 
83.0799995 -0.941496 
83.11999949 -0.941496 
83.15999949 -0.941496 
83.19999949 -0.941496 
83.23999949 -0.941496 
83.27999949 -0.941496 
83.31999949 -0.941496 
83.35999949 -0.941496 
83.39999949 -1.382488 
83.43999949 -0.941496 
83.47999949 -1.825007 
83.51999949 -1.825007 
83.55999949 -1.825007 
83.59999949 -1.825007 
83.63999949 -1.825007 
83.67999949 -1.825007 
83.71999949 -1.825007 
83.75999949 -1.825007 
83.79999949 -2.267525 
83.83999949 -1.825007 
83.87999949 -2.267525 
83.91999949 -1.825007 
83.95999949 -1.825007 
83.99999949 -0.941496 
84.03999949 -2.267525 
84.07999949 -2.267525 
84.11999949 -1.825007 
84.15999949 -2.267525 
84.19999949 -2.267525 
84.23999949 -2.267525 
84.27999949 -2.267525 
84.31999949 -2.267525 
84.35999949 -2.267525 
84.39999949 -2.267525 
84.43999949 -1.825007 
84.47999949 -2.267525 
84.51999949 -2.267525 
84.55999949 -2.267525 
84.59999949 -1.825007 
84.63999949 -1.825007 
84.67999949 -2.267525 
84.71999949 -2.267525 
84.75999948 -1.825007 
84.79999948 -1.825007 
84.83999948 -1.825007 
84.87999948 -1.825007 
84.91999948 -1.825007 
84.95999948 -1.825007 
84.99999948 -1.825007 
85.03999948 -1.825007 
85.07999948 -1.825007 
85.11999948 -1.825007 
85.15999948 -1.825007 
85.19999948 -1.825007 
85.23999948 -1.825007 
85.27999948 -1.825007 
85.31999948 -1.825007 
85.35999948 -1.382488 
85.39999948 -1.382488 
85.43999948 -2.267525 
85.47999948 -0.941496 
85.51999948 -0.941496 
85.55999948 -0.941496 
85.59999948 -0.941496 
85.63999948 -0.941496 
85.67999948 -0.941496 
85.71999948 -0.941496 
85.75999948 -0.941496 
85.79999948 -0.941496 
85.83999948 -0.941496 
85.87999948 -0.4989776 
85.91999948 -0.941496 
85.95999948 -0.941496 
85.99999948 -0.941496 
86.03999948 -0.941496 
86.07999948 -0.4989776 
86.11999948 -0.4989776 
86.15999948 -0.4989776 
86.19999948 -0.4989776 
86.23999948 -0.4989776 
86.27999948 -0.4989776 
86.31999948 -0.4989776 
86.35999948 -0.4989776 
86.39999947 -0.4989776 
89.47999946 -0.4989776 
89.63999946 -0.4989776 
89.75999945 -0.4989776 
89.87999945 -0.4989776 
89.91999945 -0.4989776 
89.95999945 -0.4989776 
89.99999945 -0.4989776 
90.03999945 -0.4989776 
90.07999945 -0.4989776 
90.11999945 -0.4989776 
90.15999945 -0.4989776 
90.19999945 -0.941496 
90.23999945 -0.4989776 
90.27999945 -0.4989776 
90.31999945 -0.4989776 
90.35999945 -0.4989776 
90.39999945 -0.4989776 
90.43999945 -0.4989776 
90.47999945 -0.4989776 
90.51999945 -0.4989776 
90.55999945 -0.4989776 
90.59999945 -0.4989776 
90.63999945 -0.4989776 
90.67999945 -0.4989776 
90.71999945 -0.4989776 
90.75999945 -0.4989776 
90.79999945 -0.4989776 
90.83999945 -0.4989776 
90.87999945 -0.4989776 
90.91999945 -0.4989776 
90.95999945 -0.4989776 
90.99999945 -0.4989776 
91.03999945 -0.4989776 
91.15999945 -0.4989776 
94.83999942 -0.4989776 
94.87999942 -0.4989776 
94.91999942 -0.4989776 
94.95999942 -0.4989776 
94.99999942 -0.941496 
95.03999942 -0.4989776 
95.07999942 -0.4989776 
95.11999942 -0.4989776 
95.15999942 -0.941496 
95.19999942 -0.941496 
95.23999942 -0.941496 
95.27999942 -0.941496 
95.31999942 -0.941496 
95.35999942 -0.941496 
95.39999942 -1.382488 
95.43999942 -0.941496 
95.47999942 -0.941496 
95.51999942 -1.382488 
95.55999942 -1.382488 
95.59999942 -1.825007 
95.63999942 -1.382488 
95.67999942 -1.825007 
95.71999942 -1.825007 
95.75999942 -1.825007 
95.79999942 -1.825007 
95.83999942 -1.825007 
95.87999942 -1.382488 
95.91999942 -1.825007 
95.95999942 -1.825007 
95.99999942 -1.825007 
96.03999942 -1.825007 
96.07999942 -1.825007 
96.11999942 -1.825007 
96.15999942 -1.825007 
96.19999942 -1.825007 
96.23999942 -1.825007 
96.27999941 -1.825007 
96.31999941 -1.825007 
96.35999941 -1.825007 
96.39999941 -1.825007 
96.43999941 -2.267525 
96.47999941 -1.825007 
96.51999941 -0.941496 
96.55999941 -1.825007 
96.59999941 -1.825007 
96.63999941 -1.825007 
96.67999941 -1.825007 
96.71999941 -1.825007 
96.75999941 -1.825007 
96.79999941 -1.382488 
96.83999941 -1.825007 
96.87999941 -0.941496 
96.91999941 -0.941496 
96.95999941 -0.941496 
96.99999941 -0.941496 
97.03999941 -0.941496 
97.07999941 -0.941496 
97.11999941 -0.941496 
97.15999941 -0.941496 
97.19999941 -0.941496 
97.23999941 -0.941496 
97.27999941 -0.941496 
97.31999941 -1.825007 
97.35999941 -0.941496 
97.39999941 -0.4989776 
97.43999941 -0.4989776 
97.47999941 -0.4989776 
97.55999941 -0.4989776 
97.63999941 -0.4989776 
97.67999941 -0.4989776 
105.99999936 -0.4989776 
106.07999936 -0.4989776 
106.11999936 -0.4989776 
106.15999935 -0.4989776 
106.19999935 -0.4989776 
106.23999935 -0.4989776 
106.27999935 -0.941496 
106.31999935 -0.4989776 
106.35999935 -0.4989776 
106.39999935 -0.941496 
106.43999935 -0.941496 
106.47999935 -0.941496 
106.51999935 -0.4989776 
106.55999935 -0.941496 
106.59999935 -0.941496 
106.63999935 -0.941496 
106.67999935 -0.941496 
106.71999935 -0.941496 
106.75999935 -0.941496 
106.79999935 -0.941496 
106.83999935 -0.941496 
106.87999935 -0.941496 
106.91999935 -0.941496 
106.95999935 -0.4989776 
106.99999935 -0.941496 
107.03999935 -0.4989776 
107.07999935 -0.941496 
107.11999935 -0.941496 
107.15999935 -0.941496 
107.19999935 -0.941496 
107.23999935 -0.941496 
107.27999935 -0.941496 
107.31999935 -0.941496 
107.35999935 -0.941496 
107.39999935 -0.941496 
107.43999935 -0.941496 
107.47999935 -0.941496 
107.51999935 -0.941496 
107.55999935 -0.941496 
107.59999935 -0.941496 
107.63999935 -0.941496 
107.67999935 -0.941496 
107.71999935 -0.4989776 
107.75999935 -0.941496 
107.79999934 -0.4989776 
107.83999934 -0.941496 
107.87999934 -0.4989776 
107.91999934 -0.4989776 
107.95999934 -0.941496 
107.99999934 -0.941496 
108.03999934 -0.4989776 
108.07999934 -0.941496 
108.11999934 -0.4989776 
108.15999934 -0.941496 
108.19999934 -0.4989776 
108.23999934 -0.4989776 
108.27999934 -0.4989776 
108.31999934 -0.4989776 
108.35999934 -0.4989776 
108.39999934 -0.4989776 
108.43999934 -0.4989776 
108.47999934 -0.4989776 
108.51999934 -0.4989776 
108.55999934 -0.4989776 
108.59999934 -0.4989776 
108.63999934 -0.4989776 
108.67999934 -0.4989776 
110.79999933 -0.4989776 
110.87999933 -0.4989776 
110.91999933 -0.4989776 
110.95999933 -0.4989776 
110.99999933 -0.4989776 
111.03999933 -0.4989776 
111.07999932 -0.4989776 
111.11999932 -0.941496 
111.15999932 -0.4989776 
111.19999932 -0.941496 
111.23999932 -0.941496 
111.27999932 -0.941496 
111.31999932 -0.941496 
111.35999932 -0.941496 
111.39999932 -0.941496 
111.43999932 -0.941496 
111.47999932 -0.941496 
111.51999932 -0.941496 
111.55999932 -0.941496 
111.59999932 -0.941496 
111.63999932 -0.941496 
111.67999932 -1.382488 
111.71999932 -0.941496 
111.75999932 -1.825007 
111.79999932 -0.4989776 
111.83999932 -1.825007 
111.87999932 -1.825007 
111.91999932 -0.941496 
111.95999932 -1.825007 
111.99999932 -1.825007 
112.03999932 -1.825007 
112.07999932 -1.382488 
112.11999932 -1.825007 
112.15999932 -1.825007 
112.19999932 -1.825007 
112.23999932 -0.941496 
112.27999932 -1.825007 
112.31999932 -1.825007 
112.35999932 -1.825007 
112.39999932 -1.825007 
112.43999932 -1.382488 
112.47999932 -1.382488 
112.51999932 -1.825007 
112.55999932 -1.825007 
112.59999932 -1.382488 
112.63999932 -1.382488 
112.67999932 -1.382488 
112.71999931 -0.941496 
112.75999931 -1.382488 
112.79999931 -0.941496 
112.83999931 -0.941496 
112.87999931 -0.941496 
112.91999931 -0.941496 
112.95999931 -0.941496 
112.99999931 -0.941496 
113.03999931 -0.941496 
113.07999931 -0.941496 
113.11999931 -0.4989776 
113.15999931 -0.4989776 
113.19999931 -0.4989776 
113.23999931 -0.4989776 
113.27999931 -0.4989776 
113.31999931 -0.4989776 
113.35999931 -0.4989776 
113.39999931 -0.4989776 
117.19999929 -0.4989776 
117.23999929 -0.4989776 
117.27999929 -0.4989776 
117.31999929 -0.4989776 
117.35999929 -0.4989776 
117.39999929 -0.4989776 
117.43999929 -0.4989776 
117.47999929 -0.4989776 
117.51999929 -0.4989776 
117.55999929 -0.4989776 
117.59999929 -0.941496 
117.63999929 -0.4989776 
117.67999928 -0.4989776 
117.71999928 -0.4989776 
117.75999928 -0.4989776 
117.79999928 -0.941496 
117.83999928 -0.941496 
117.87999928 -0.4989776 
117.91999928 -0.4989776 
117.95999928 -0.941496 
117.99999928 -0.4989776 
118.03999928 -0.4989776 
118.07999928 -0.4989776 
118.11999928 -0.4989776 
118.15999928 -0.4989776 
118.19999928 -0.4989776 
118.23999928 -0.4989776 
118.27999928 -0.4989776 
118.31999928 -0.4989776 
118.35999928 -0.4989776 
118.39999928 -0.4989776 
118.43999928 -0.4989776 
118.47999928 -0.4989776 
118.51999928 -0.4989776 
118.55999928 -0.4989776 
118.59999928 -0.4989776 
118.63999928 -0.4989776 
118.67999928 -0.4989776 
118.71999928 -0.4989776 
118.75999928 -0.4989776 
118.79999928 -0.4989776 
118.83999928 -0.4989776 
118.87999928 -0.4989776 
118.91999928 -0.4989776 
118.99999928 -0.4989776 
119.07999928 -0.4989776 
119.11999928 -0.4989776 
119.15999928 -0.4989776 
121.31999926 -0.4989776 
121.39999926 -0.4989776 
121.47999926 -0.4989776 
121.51999926 -0.4989776 
121.63999926 -0.4989776 
121.67999926 -0.4989776 
121.71999926 -0.4989776 
121.75999926 -0.4989776 
121.79999926 -0.4989776 
121.83999926 -0.4989776 
121.87999926 -0.4989776 
121.91999926 -0.4989776 
121.95999926 -0.4989776 
121.99999926 -0.4989776 
122.03999926 -0.4989776 
122.07999926 -0.941496 
122.11999926 -0.941496 
122.15999926 -0.4989776 
122.19999926 -0.4989776 
122.23999926 -0.4989776 
122.27999926 -0.941496 
122.31999926 -0.941496 
122.35999926 -0.941496 
122.39999926 -0.941496 
122.43999926 -0.941496 
122.47999926 -0.941496 
122.51999926 -0.941496 
122.55999926 -0.4989776 
122.59999925 -0.941496 
122.63999925 -0.941496 
122.67999925 -0.941496 
122.71999925 -0.941496 
122.75999925 -0.941496 
122.79999925 -0.4989776 
122.83999925 -0.941496 
122.87999925 -0.941496 
122.91999925 -0.941496 
122.95999925 -0.941496 
122.99999925 -0.941496 
123.03999925 -0.941496 
123.07999925 -0.941496 
123.11999925 -0.941496 
123.15999925 -0.941496 
123.19999925 -0.941496 
123.23999925 -0.941496 
123.27999925 -0.941496 
123.31999925 -0.941496 
123.35999925 -0.941496 
123.39999925 -0.941496 
123.47999925 -0.941496 
123.51999925 -0.941496 
123.55999925 -0.941496 
123.59999925 -1.382488 
123.63999925 -0.941496 
123.67999925 -0.941496 
123.71999925 -0.941496 
123.75999925 -0.941496 
123.79999925 -0.941496 
123.83999925 -0.941496 
123.87999925 -0.941496 
123.91999925 -0.4989776 
123.95999925 -0.941496 
123.99999925 -0.941496 
124.03999925 -0.4989776 
124.07999925 -0.941496 
124.11999925 -0.941496 
124.15999925 -0.4989776 
124.19999925 -0.4989776 
124.23999924 -0.941496 
124.35999924 -0.4989776 
128.51999922 -0.4989776 
128.55999922 -0.4989776 
128.83999922 -0.4989776 
132.75999919 -0.4989776 
132.79999919 -0.4989776 
132.83999919 -0.4989776 
132.87999919 -0.4989776 
132.91999919 -0.4989776 
132.95999919 -0.4989776 
132.99999919 -0.941496 
133.03999919 -0.4989776 
133.07999919 -0.941496 
133.11999919 -0.941496 
133.15999919 -0.941496 
133.19999919 -0.941496 
133.23999919 -0.941496 
133.27999919 -0.941496 
133.31999919 -0.941496 
133.35999919 -0.941496 
133.39999919 -0.941496 
133.43999919 -0.941496 
133.47999919 -0.941496 
133.51999919 -0.941496 
133.55999919 -1.382488 
133.59999919 -1.382488 
133.63999919 -1.825007 
133.67999919 -1.382488 
133.71999919 -1.825007 
133.75999919 -1.825007 
133.79999919 -1.382488 
133.83999919 -1.382488 
133.87999919 -1.825007 
133.91999919 -1.825007 
133.95999919 -1.382488 
133.99999919 -1.825007 
134.03999919 -1.825007 
134.07999919 -1.825007 
134.11999918 -1.825007 
134.15999918 -1.825007 
134.19999918 -1.825007 
134.23999918 -1.825007 
134.27999918 -1.825007 
134.31999918 -1.382488 
134.35999918 -1.825007 
134.39999918 -1.825007 
134.43999918 -1.825007 
134.47999918 -1.825007 
134.51999918 -1.825007 
134.55999918 -1.825007 
134.59999918 -1.825007 
134.63999918 -1.382488 
134.67999918 -1.382488 
134.71999918 -1.382488 
134.75999918 -1.825007 
134.79999918 -1.382488 
134.83999918 -1.825007 
134.87999918 -1.382488 
134.91999918 -1.825007 
134.95999918 -1.382488 
134.99999918 -1.825007 
135.03999918 -1.382488 
135.07999918 -0.941496 
135.11999918 -1.382488 
135.15999918 -0.941496 
135.19999918 -0.941496 
135.23999918 -1.382488 
135.27999918 -1.382488 
135.31999918 -0.941496 
135.35999918 -1.382488 
135.39999918 -0.941496 
135.43999918 -0.941496 
135.47999918 -0.941496 
135.51999918 -0.941496 
135.55999918 -0.941496 
135.59999918 -1.382488 
135.63999918 -0.941496 
135.67999918 -0.941496 
135.71999918 -0.941496 
135.75999917 -0.941496 
135.79999917 -0.941496 
135.83999917 -0.941496 
135.87999917 -0.941496 
135.91999917 -0.941496 
135.95999917 -0.941496 
135.99999917 -0.941496 
136.03999917 -0.941496 
136.07999917 -0.4989776 
136.11999917 -0.4989776 
136.15999917 -0.4989776 
136.23999917 -0.4989776 
136.27999917 -0.4989776 
136.31999917 -0.4989776 
136.35999917 -0.4989776 
136.39999917 -0.4989776 
136.47999917 -0.4989776 
136.51999917 -0.4989776 
143.59999913 -0.4989776 
143.63999913 -0.4989776 
143.67999913 -0.4989776 
143.71999913 -0.4989776 
143.75999913 -0.4989776 
143.79999913 -0.4989776 
143.83999913 -0.941496 
143.87999913 -0.941496 
143.91999913 -0.941496 
143.95999913 -0.941496 
143.99999912 -0.941496 
144.03999912 -0.941496 
144.07999912 -0.941496 
144.11999912 -0.941496 
144.15999912 -1.382488 
144.19999912 -1.382488 
144.23999912 -1.382488 
144.27999912 -1.825007 
144.31999912 -1.825007 
144.35999912 -1.825007 
144.39999912 -1.825007 
144.43999912 -1.825007 
144.47999912 -1.825007 
144.51999912 -1.825007 
144.55999912 -1.825007 
144.59999912 -1.825007 
144.63999912 -1.825007 
144.67999912 -2.267525 
144.71999912 -2.267525 
144.75999912 -2.267525 
144.79999912 -2.267525 
144.83999912 -2.267525 
144.87999912 -2.267525 
144.91999912 -2.267525 
144.95999912 -2.267525 
144.99999912 -2.267525 
145.03999912 -2.708518 
145.07999912 -2.708518 
145.11999912 -2.708518 
145.15999912 -2.708518 
145.19999912 -2.708518 
145.23999912 -2.708518 
145.27999912 -2.708518 
145.31999912 -2.708518 
145.35999912 -2.708518 
145.39999912 -2.708518 
145.43999912 -3.151036 
145.47999912 -2.708518 
145.51999912 -2.708518 
145.55999912 -3.151036 
145.59999912 -3.151036 
145.63999911 -2.708518 
145.67999911 -2.708518 
145.71999911 -2.708518 
145.75999911 -2.708518 
145.79999911 -3.151036 
145.83999911 -2.708518 
145.87999911 -2.708518 
145.91999911 -2.708518 
145.95999911 -2.267525 
145.99999911 -2.708518 
146.03999911 -2.267525 
146.07999911 -2.267525 
146.11999911 -2.267525 
146.15999911 -2.267525 
146.19999911 -2.267525 
146.23999911 -2.267525 
146.27999911 -1.825007 
146.31999911 -1.825007 
146.35999911 -1.825007 
146.39999911 -1.825007 
146.43999911 -1.825007 
146.47999911 -1.825007 
146.51999911 -1.825007 
146.55999911 -1.382488 
146.59999911 -1.825007 
146.63999911 -1.382488 
146.67999911 -1.382488 
146.71999911 -0.941496 
146.75999911 -0.941496 
146.79999911 -0.941496 
146.83999911 -0.941496 
146.87999911 -0.941496 
146.91999911 -0.941496 
146.95999911 -0.941496 
146.99999911 -0.941496 
147.03999911 -0.941496 
147.07999911 -0.4989776 
147.11999911 -0.4989776 
147.19999911 -0.4989776 
147.2799991 -0.4989776 
155.47999906 -0.4989776 
155.99999905 -0.941496 
156.27999905 -0.4989776 
156.51999905 -0.4989776 
156.79999905 -0.4989776 
156.83999905 -0.4989776 
156.87999905 -0.4989776 
156.91999905 -0.4989776 
156.95999905 -0.4989776 
156.99999905 -0.4989776 
157.03999905 -0.4989776 
157.07999905 -0.4989776 
157.11999905 -0.4989776 
157.15999904 -0.4989776 
157.23999904 -0.4989776 
157.27999904 -0.4989776 
157.31999904 -0.4989776 
157.35999904 -0.4989776 
157.43999904 -0.4989776 
157.47999904 -0.4989776 
157.51999904 -0.4989776 
157.59999904 -0.4989776 
157.75999904 -0.4989776 
157.95999904 -0.4989776 
160.99999902 -0.4989776 
161.07999902 -0.4989776 
161.11999902 -0.4989776 
161.15999902 -0.4989776 
161.19999902 -0.4989776 
161.31999902 -0.4989776 
161.43999902 -0.4989776 
161.47999902 -0.4989776 
161.59999902 -0.4989776 
161.63999902 -0.4989776 
162.27999901 -0.4989776 
166.51999899 -0.4989776 
166.59999899 -0.4989776 
166.63999899 -0.4989776 
166.67999899 -0.4989776 
166.71999899 -0.4989776 
166.75999899 -0.4989776 
166.79999899 -0.4989776 
166.83999899 -0.4989776 
166.87999899 -0.941496 
166.91999899 -0.4989776 
166.95999899 -0.4989776 
166.99999899 -0.4989776 
167.03999898 -0.4989776 
167.07999898 -0.941496 
167.11999898 -0.4989776 
167.15999898 -0.941496 
167.19999898 -0.941496 
167.23999898 -0.941496 
167.27999898 -0.941496 
167.31999898 -0.4989776 
167.35999898 -0.941496 
167.39999898 -0.4989776 
167.43999898 -0.941496 
167.47999898 -0.941496 
167.51999898 -0.4989776 
167.55999898 -0.4989776 
167.59999898 -0.4989776 
167.63999898 -0.4989776 
167.75999898 -0.4989776 
167.79999898 -0.4989776 
167.83999898 -0.4989776 
167.87999898 -0.4989776 
167.91999898 -0.4989776 
167.95999898 -0.4989776 
167.99999898 -0.941496 
168.03999898 -0.4989776 
168.07999898 -0.4989776 
168.11999898 -0.4989776 
168.15999898 -0.4989776 
168.23999898 -0.4989776 
168.27999898 -0.4989776 
168.31999898 -0.941496 
168.35999898 -0.4989776 
168.39999898 -0.4989776 
168.43999898 -0.4989776 
168.47999898 -0.4989776 
168.51999898 -0.4989776 
168.55999898 -0.4989776 
168.59999898 -0.4989776 
168.63999898 -0.941496 
168.67999897 -0.4989776 
168.71999897 -0.941496 
168.75999897 -0.4989776 
168.79999897 -0.4989776 
168.83999897 -0.4989776 
168.87999897 -0.941496 
168.91999897 -0.941496 
168.95999897 -0.4989776 
168.99999897 -0.4989776 
169.03999897 -0.4989776 
169.07999897 -0.4989776 
169.11999897 -0.4989776 
169.15999897 -0.941496 
169.19999897 -0.4989776 
169.23999897 -0.4989776 
169.27999897 -0.941496 
169.31999897 -0.4989776 
169.35999897 -0.4989776 
169.39999897 -0.941496 
169.43999897 -0.4989776 
169.47999897 -0.4989776 
169.51999897 -0.941496 
169.55999897 -0.4989776 
169.59999897 -0.4989776 
169.63999897 -0.941496 
169.67999897 -0.941496 
169.71999897 -0.4989776 
169.75999897 -0.941496 
169.79999897 -0.941496 
169.83999897 -0.941496 
169.87999897 -0.941496 
169.91999897 -0.941496 
169.95999897 -0.941496 
169.99999897 -0.941496 
170.03999897 -0.941496 
170.07999897 -0.4989776 
170.11999897 -0.941496 
170.15999897 -0.941496 
170.19999897 -0.941496 
170.23999897 -0.941496 
170.27999897 -0.941496 
170.31999896 -0.941496 
170.35999896 -0.941496 
170.39999896 -0.941496 
170.43999896 -0.941496 
170.47999896 -0.941496 
170.51999896 -0.941496 
170.55999896 -1.382488 
170.59999896 -1.382488 
170.63999896 -0.941496 
170.67999896 -1.382488 
170.71999896 -1.382488 
170.75999896 -1.382488 
170.79999896 -1.382488 
170.83999896 -0.941496 
170.87999896 -1.382488 
170.91999896 -0.941496 
170.95999896 -1.382488 
170.99999896 -0.941496 
171.03999896 -0.941496 
171.07999896 -1.382488 
171.11999896 -1.382488 
171.15999896 -1.825007 
171.19999896 -1.382488 
171.23999896 -1.382488 
171.27999896 -0.941496 
171.31999896 -1.825007 
171.35999896 -1.382488 
171.39999896 -1.382488 
171.43999896 -1.382488 
171.47999896 -1.825007 
171.51999896 -1.825007 
171.55999896 -1.382488 
171.59999896 -1.825007 
171.63999896 -1.825007 
171.67999896 -1.382488 
171.71999896 -1.382488 
171.75999896 -1.825007 
171.79999896 -1.382488 
171.83999896 -1.382488 
171.87999896 -1.382488 
171.91999896 -1.825007 
171.95999895 -1.382488 
171.99999895 -0.941496 
172.03999895 -1.382488 
172.07999895 -0.941496 
172.11999895 -1.825007 
172.15999895 -1.382488 
172.19999895 -1.382488 
172.23999895 -1.382488 
172.27999895 -1.825007 
172.31999895 -1.382488 
172.35999895 -0.941496 
172.39999895 -1.825007 
172.43999895 -0.941496 
172.47999895 -1.382488 
172.51999895 -1.382488 
172.55999895 -0.941496 
172.59999895 -0.941496 
172.63999895 -0.941496 
172.67999895 -0.941496 
172.71999895 -0.941496 
172.75999895 -0.941496 
172.79999895 -0.941496 
172.83999895 -0.941496 
172.87999895 -0.941496 
172.91999895 -0.941496 
172.95999895 -0.941496 
172.99999895 -0.941496 
173.03999895 -0.941496 
173.07999895 -0.941496 
173.11999895 -0.941496 
173.15999895 -0.941496 
173.19999895 -0.941496 
173.23999895 -0.941496 
173.27999895 -0.4989776 
173.31999895 -0.4989776 
173.35999895 -0.4989776 
173.39999895 -0.4989776 
173.43999895 -0.4989776 
173.47999895 -0.4989776 
173.51999895 -0.4989776 
173.55999895 -0.4989776 
173.59999894 -0.4989776 
173.71999894 -0.4989776 
177.75999892 -0.4989776 
177.79999892 -0.4989776 
177.95999892 -0.4989776 
178.03999892 -0.4989776 
178.07999892 -0.4989776 
178.11999892 -0.4989776 
178.15999892 -0.4989776 
178.19999892 -0.4989776 
178.23999892 -0.4989776 
178.27999892 -0.4989776 
178.31999892 -0.4989776 
178.35999892 -0.4989776 
178.39999892 -0.941496 
178.43999892 -0.4989776 
178.47999892 -0.4989776 
178.51999892 -0.4989776 
178.55999891 -0.4989776 
178.59999891 -0.4989776 
178.63999891 -0.941496 
178.67999891 -0.4989776 
178.71999891 -0.4989776 
178.75999891 -0.4989776 
178.79999891 -0.4989776 
178.83999891 -0.4989776 
178.91999891 -0.4989776 
178.95999891 -0.941496 
178.99999891 -0.4989776 
179.07999891 -0.4989776 
179.11999891 -0.4989776 
182.67999889 -0.4989776 
182.71999889 -0.4989776 
182.75999889 -0.4989776 
182.79999889 -0.4989776 
182.83999889 -0.4989776 
182.87999889 -0.4989776 
182.91999889 -0.4989776 
182.95999889 -0.941496 
182.99999889 -1.825007 
183.03999889 -0.941496 
183.07999889 -0.4989776 
183.11999889 -1.825007 
183.15999889 -1.382488 
183.19999889 -0.4989776 
183.23999889 -0.941496 
183.27999889 -1.382488 
183.31999889 -0.941496 
183.35999889 -0.941496 
183.39999889 -0.941496 
183.43999889 -0.4989776 
183.47999888 -1.825007 
183.51999888 -2.267525 
183.55999888 -0.941496 
183.59999888 -0.4989776 
183.63999888 -1.382488 
183.67999888 -1.382488 
183.71999888 -0.4989776 
183.75999888 -1.382488 
183.79999888 -1.825007 
183.83999888 -1.382488 
183.87999888 -0.941496 
183.91999888 -0.941496 
183.95999888 -1.825007 
183.99999888 -0.941496 
184.03999888 -0.941496 
184.07999888 -0.941496 
184.11999888 -0.941496 
184.15999888 -0.941496 
184.19999888 -0.941496 
184.23999888 -0.941496 
184.27999888 -0.941496 
184.31999888 -0.941496 
184.35999888 -0.941496 
184.39999888 -0.941496 
184.43999888 -0.941496 
184.47999888 -0.941496 
184.51999888 -0.941496 
184.55999888 -0.941496 
184.59999888 -0.941496 
184.63999888 -0.941496 
184.67999888 -0.941496 
184.71999888 -0.941496 
184.75999888 -0.941496 
184.79999888 -0.941496 
184.83999888 -0.941496 
184.87999888 -0.941496 
184.91999888 -0.4989776 
184.95999888 -0.4989776 
184.99999888 -0.4989776 
185.03999888 -0.4989776 
185.07999888 -0.4989776 
185.11999887 -0.4989776 
185.15999887 -0.4989776 
185.19999887 -0.4989776 
185.23999887 -0.4989776 
185.27999887 -0.4989776 
193.03999883 -0.4989776 
193.11999883 -0.4989776 
193.15999883 -0.4989776 
193.19999883 -0.941496 
193.23999883 -0.941496 
193.27999883 -0.941496 
193.31999883 -0.941496 
193.35999882 -0.941496 
193.39999882 -0.941496 
193.43999882 -0.941496 
193.47999882 -1.382488 
193.51999882 -0.941496 
193.55999882 -1.382488 
193.59999882 -1.382488 
193.63999882 -1.825007 
193.67999882 -1.825007 
193.71999882 -1.825007 
193.75999882 -1.825007 
193.79999882 -1.825007 
193.83999882 -1.825007 
193.87999882 -2.267525 
193.91999882 -2.267525 
193.95999882 -1.825007 
193.99999882 -2.267525 
194.03999882 -2.267525 
194.07999882 -2.267525 
194.11999882 -2.267525 
194.15999882 -2.267525 
194.19999882 -2.267525 
194.23999882 -2.267525 
194.27999882 -2.267525 
194.31999882 -2.267525 
194.35999882 -2.708518 
194.39999882 -2.267525 
194.43999882 -2.708518 
194.47999882 -2.708518 
194.51999882 -2.267525 
194.55999882 -2.708518 
194.59999882 -2.267525 
194.63999882 -2.267525 
194.67999882 -2.708518 
194.71999882 -2.708518 
194.75999882 -2.267525 
194.79999882 -2.708518 
194.83999882 -2.708518 
194.87999882 -2.708518 
194.91999882 -2.267525 
194.95999882 -2.267525 
194.99999881 -2.267525 
195.03999881 -2.708518 
195.07999881 -2.267525 
195.11999881 -2.267525 
195.15999881 -2.267525 
195.19999881 -2.267525 
195.23999881 -2.267525 
195.27999881 -2.267525 
195.31999881 -2.267525 
195.35999881 -2.267525 
195.39999881 -2.267525 
195.43999881 -2.267525 
195.47999881 -2.267525 
195.51999881 -1.825007 
195.55999881 -1.825007 
195.59999881 -1.825007 
195.63999881 -1.825007 
195.67999881 -1.825007 
195.71999881 -1.825007 
195.75999881 -1.825007 
195.79999881 -1.825007 
195.83999881 -1.825007 
195.87999881 -1.825007 
195.91999881 -0.941496 
195.95999881 -0.941496 
195.99999881 -0.941496 
196.03999881 -0.941496 
196.07999881 -0.941496 
196.11999881 -0.941496 
196.15999881 -0.941496 
196.19999881 -0.941496 
196.23999881 -0.4989776 
196.27999881 -0.941496 
196.31999881 -0.941496 
196.35999881 -0.4989776 
196.39999881 -0.941496 
196.43999881 -0.4989776 
196.47999881 -0.4989776 
196.51999881 -0.4989776 
196.55999881 -0.4989776 
196.6399988 -0.4989776 
196.6799988 -0.4989776 
198.99999879 -0.4989776 
199.03999879 -0.4989776 
199.07999879 -0.4989776 
199.15999879 -0.4989776 
199.23999879 -0.4989776 
199.27999879 -0.4989776 
199.31999879 -0.4989776 
199.35999879 -0.4989776 
199.39999879 -0.4989776 
199.43999879 -0.4989776 
199.47999879 -0.4989776 
199.51999879 -0.4989776 
199.55999879 -0.4989776 
199.59999879 -0.4989776 
199.63999879 -0.941496 
199.67999879 -0.4989776 
199.71999879 -0.4989776 
199.75999879 -0.941496 
199.79999879 -0.941496 
199.83999879 -0.4989776 
199.87999879 -0.4989776 
199.91999878 -0.941496 
199.95999878 -0.941496 
199.99999878 -0.941496 
200.03999878 -0.4989776 
200.07999878 -0.4989776 
200.11999878 -0.941496 
0 0 
