0.0 -6.649983 
0.04 -7.53502 
0.08 -7.53502 
0.12 -7.53502 
0.16 -7.53502 
0.2 -7.53502 
0.24 -7.53502 
0.28 -7.53502 
0.32 -7.53502 
0.36 -7.53502 
0.4 -7.53502 
0.44 -7.53502 
0.48 -7.53502 
0.52 -7.53502 
0.56 -7.53502 
0.6 -7.53502 
0.64 -7.53502 
0.68 -5.764946 
0.72 -7.53502 
0.76 -7.53502 
0.8 -7.53502 
0.83999999 -5.764946 
0.87999999 -6.649983 
0.91999999 -6.649983 
0.95999999 -6.649983 
0.99999999 -5.764946 
1.03999999 -5.764946 
1.07999999 -6.649983 
1.11999999 -5.764946 
1.15999999 -5.764946 
1.19999999 -5.764946 
1.23999999 -5.764946 
1.27999999 -4.87991 
1.31999999 -5.764946 
1.35999999 -4.87991 
1.39999999 -3.994873 
1.43999999 -4.87991 
1.47999999 -4.87991 
1.51999999 -3.994873 
1.55999999 -3.994873 
1.59999999 -3.994873 
1.63999999 -3.109836 
1.67999999 -3.109836 
1.71999999 -2.224799 
1.75999999 -2.224799 
1.79999999 -3.109836 
1.83999999 -2.224799 
1.87999999 -2.224799 
1.91999999 -2.224799 
1.95999999 -2.224799 
1.99999999 -1.339762 
2.03999999 -1.339762 
2.07999999 -1.339762 
2.11999999 -1.339762 
2.15999999 -1.339762 
2.19999999 -0.4577776 
2.23999999 -0.4577776 
2.27999999 -0.4577776 
2.31999999 -0.4577776 
2.39999999 -0.4577776 
4.51999997 -0.4577776 
4.55999997 -0.4577776 
4.59999997 -0.4577776 
4.63999997 -0.4577776 
4.67999997 -1.339762 
4.71999997 -0.4577776 
4.75999997 -1.339762 
4.79999997 -1.339762 
4.83999997 -1.339762 
4.87999997 -1.339762 
4.91999997 -2.224799 
4.95999997 -1.339762 
4.99999997 -1.339762 
5.03999997 -2.224799 
5.07999997 -2.224799 
5.11999997 -2.224799 
5.15999997 -2.224799 
5.19999997 -2.224799 
5.23999997 -2.224799 
5.27999997 -2.224799 
5.31999997 -3.994873 
5.35999997 -3.109836 
5.39999997 -3.994873 
5.43999997 -3.994873 
5.47999997 -3.994873 
5.51999997 -3.994873 
5.55999997 -3.994873 
5.59999997 -3.994873 
5.63999997 -3.994873 
5.67999997 -3.994873 
5.71999997 -3.994873 
5.75999996 -3.994873 
5.79999996 -3.994873 
5.83999996 -3.994873 
5.87999996 -3.994873 
5.91999996 -4.87991 
5.95999996 -3.994873 
5.99999996 -3.994873 
6.03999996 -3.994873 
6.07999996 -4.87991 
6.11999996 -4.87991 
6.15999996 -3.994873 
6.19999996 -3.994873 
6.23999996 -4.87991 
6.27999996 -4.87991 
6.31999996 -3.994873 
6.35999996 -3.994873 
6.39999996 -4.87991 
6.43999996 -4.87991 
6.47999996 -3.994873 
6.51999996 -3.994873 
6.55999996 -3.994873 
6.59999996 -3.994873 
6.63999996 -3.994873 
6.67999996 -3.109836 
6.71999996 -3.109836 
6.75999996 -3.994873 
6.79999996 -3.994873 
6.83999996 -3.994873 
6.87999996 -2.224799 
6.91999996 -2.224799 
6.95999996 -2.224799 
6.99999996 -2.224799 
7.03999996 -2.224799 
7.07999996 -2.224799 
7.11999996 -2.224799 
7.15999996 -2.224799 
7.19999996 -2.224799 
7.23999996 -2.224799 
7.27999996 -2.224799 
7.31999996 -1.339762 
7.35999996 -2.224799 
7.39999996 -1.339762 
7.43999995 -2.224799 
7.47999995 -1.339762 
7.51999995 -1.339762 
7.55999995 -1.339762 
7.59999995 -1.339762 
7.63999995 -1.339762 
7.67999995 -1.339762 
7.71999995 -1.339762 
7.75999995 -1.339762 
7.79999995 -0.4577776 
7.83999995 -0.4577776 
7.87999995 -0.4577776 
7.91999995 -0.4577776 
9.99999994 -0.4577776 
10.07999994 -0.4577776 
10.11999994 -0.4577776 
10.15999994 -0.4577776 
10.19999994 -0.4577776 
10.23999994 -0.4577776 
10.27999994 -0.4577776 
10.31999994 -0.4577776 
10.35999994 -0.4577776 
10.39999994 -0.4577776 
10.43999994 -1.339762 
10.47999994 -1.339762 
10.51999994 -1.339762 
10.55999994 -1.339762 
10.59999994 -1.339762 
10.63999994 -1.339762 
10.67999994 -1.339762 
10.71999993 -1.339762 
10.75999993 -1.339762 
10.79999993 -2.224799 
10.83999993 -2.224799 
10.87999993 -1.339762 
10.91999993 -1.339762 
10.95999993 -2.224799 
10.99999993 -2.224799 
11.03999993 -2.224799 
11.07999993 -2.224799 
11.11999993 -2.224799 
11.15999993 -2.224799 
11.19999993 -2.224799 
11.23999993 -2.224799 
11.27999993 -2.224799 
11.31999993 -2.224799 
11.35999993 -3.109836 
11.39999993 -2.224799 
11.43999993 -3.109836 
11.47999993 -2.224799 
11.51999993 -2.224799 
11.55999993 -3.109836 
11.59999993 -3.109836 
11.63999993 -3.994873 
11.67999993 -3.109836 
11.71999993 -2.224799 
11.75999993 -3.109836 
11.79999993 -3.994873 
11.83999993 -3.994873 
11.87999993 -3.109836 
11.91999993 -3.994873 
11.95999993 -3.109836 
11.99999993 -3.109836 
12.03999993 -3.109836 
12.07999993 -3.994873 
12.11999993 -3.994873 
12.15999993 -3.109836 
12.19999993 -3.994873 
12.23999993 -3.109836 
12.27999993 -3.109836 
12.31999993 -3.994873 
12.35999992 -3.109836 
12.39999992 -3.109836 
12.43999992 -3.109836 
12.47999992 -3.994873 
12.51999992 -2.224799 
12.55999992 -3.994873 
12.59999992 -2.224799 
12.63999992 -1.339762 
12.67999992 -2.224799 
12.71999992 -3.109836 
12.75999992 -1.339762 
12.79999992 -1.339762 
12.83999992 -2.224799 
12.87999992 -2.224799 
12.91999992 -1.339762 
12.95999992 -1.339762 
12.99999992 -1.339762 
13.03999992 -2.224799 
13.07999992 -2.224799 
13.11999992 -0.4577776 
13.15999992 -0.4577776 
13.19999992 -1.339762 
13.23999992 -1.339762 
13.27999992 -0.4577776 
13.31999992 -1.339762 
13.35999992 -1.339762 
13.39999992 -0.4577776 
13.43999992 -0.4577776 
13.47999992 -0.4577776 
13.51999992 -0.4577776 
13.55999992 -0.4577776 
13.67999992 -0.4577776 
15.47999991 -0.4577776 
15.55999991 -0.4577776 
15.59999991 -0.4577776 
15.6399999 -0.4577776 
15.6799999 -0.4577776 
15.7199999 -0.4577776 
15.7599999 -0.4577776 
15.7999999 -0.4577776 
15.8399999 -0.4577776 
15.8799999 -0.4577776 
15.9199999 -0.4577776 
15.9599999 -1.339762 
15.9999999 -1.339762 
16.0399999 -1.339762 
16.0799999 -1.339762 
16.1199999 -2.224799 
16.1599999 -2.224799 
16.1999999 -2.224799 
16.2399999 -2.224799 
16.2799999 -2.224799 
16.3199999 -2.224799 
16.3599999 -2.224799 
16.3999999 -2.224799 
16.4399999 -2.224799 
16.4799999 -3.109836 
16.5199999 -3.109836 
16.5599999 -3.994873 
16.5999999 -3.994873 
16.6399999 -3.994873 
16.6799999 -3.994873 
16.7199999 -3.994873 
16.7599999 -3.994873 
16.7999999 -3.994873 
16.8399999 -3.994873 
16.8799999 -4.87991 
16.9199999 -4.87991 
16.9599999 -4.87991 
16.9999999 -4.87991 
17.0399999 -4.87991 
17.0799999 -4.87991 
17.1199999 -4.87991 
17.1599999 -4.87991 
17.1999999 -5.764946 
17.2399999 -5.764946 
17.27999989 -5.764946 
17.31999989 -5.764946 
17.35999989 -4.87991 
17.39999989 -4.87991 
17.43999989 -5.764946 
17.47999989 -4.87991 
17.51999989 -5.764946 
17.55999989 -5.764946 
17.59999989 -4.87991 
17.63999989 -5.764946 
17.67999989 -4.87991 
17.71999989 -4.87991 
17.75999989 -4.87991 
17.79999989 -4.87991 
17.83999989 -4.87991 
17.87999989 -4.87991 
17.91999989 -4.87991 
17.95999989 -4.87991 
17.99999989 -3.994873 
18.03999989 -3.994873 
18.07999989 -4.87991 
18.11999989 -3.994873 
18.15999989 -3.994873 
18.19999989 -3.109836 
18.23999989 -3.994873 
18.27999989 -3.994873 
18.31999989 -3.994873 
18.35999989 -3.109836 
18.39999989 -3.109836 
18.43999989 -3.109836 
18.47999989 -2.224799 
18.51999989 -2.224799 
18.55999989 -2.224799 
18.59999989 -2.224799 
18.63999989 -2.224799 
18.67999989 -2.224799 
18.71999989 -2.224799 
18.75999989 -1.339762 
18.79999989 -1.339762 
18.83999989 -1.339762 
18.87999989 -1.339762 
18.91999989 -0.4577776 
18.95999988 -0.4577776 
18.99999988 -0.4577776 
19.03999988 -0.4577776 
19.07999988 -0.4577776 
19.11999988 -0.4577776 
19.15999988 -0.4577776 
21.99999987 -0.4577776 
22.03999987 -0.4577776 
22.07999987 -0.4577776 
22.11999987 -0.4577776 
22.15999987 -0.4577776 
22.19999987 -0.4577776 
22.23999986 -0.4577776 
22.27999986 -0.4577776 
22.31999986 -0.4577776 
22.35999986 -1.339762 
22.39999986 -1.339762 
22.43999986 -0.4577776 
22.47999986 -1.339762 
22.51999986 -1.339762 
22.55999986 -1.339762 
22.59999986 -2.224799 
22.63999986 -1.339762 
22.67999986 -2.224799 
22.71999986 -2.224799 
22.75999986 -2.224799 
22.79999986 -1.339762 
22.83999986 -2.224799 
22.87999986 -2.224799 
22.91999986 -2.224799 
22.95999986 -2.224799 
22.99999986 -2.224799 
23.03999986 -2.224799 
23.07999986 -2.224799 
23.11999986 -2.224799 
23.15999986 -2.224799 
23.19999986 -2.224799 
23.23999986 -2.224799 
23.27999986 -2.224799 
23.31999986 -2.224799 
23.35999986 -2.224799 
23.39999986 -2.224799 
23.43999986 -2.224799 
23.47999986 -2.224799 
23.51999986 -2.224799 
23.55999986 -2.224799 
23.59999986 -2.224799 
23.63999986 -2.224799 
23.67999986 -2.224799 
23.71999986 -2.224799 
23.75999986 -2.224799 
23.79999986 -2.224799 
23.83999986 -2.224799 
23.87999985 -2.224799 
23.91999985 -2.224799 
23.95999985 -2.224799 
23.99999985 -2.224799 
24.03999985 -2.224799 
24.07999985 -2.224799 
24.11999985 -2.224799 
24.15999985 -2.224799 
24.19999985 -2.224799 
24.23999985 -2.224799 
24.27999985 -2.224799 
24.31999985 -2.224799 
24.35999985 -1.339762 
24.39999985 -2.224799 
24.43999985 -1.339762 
24.47999985 -2.224799 
24.51999985 -1.339762 
24.55999985 -1.339762 
24.59999985 -1.339762 
24.63999985 -1.339762 
24.67999985 -0.4577776 
24.71999985 -1.339762 
24.75999985 -0.4577776 
24.79999985 -1.339762 
24.83999985 -0.4577776 
24.87999985 -0.4577776 
24.91999985 -0.4577776 
24.95999985 -0.4577776 
24.99999985 -0.4577776 
25.03999985 -0.4577776 
25.07999985 -0.4577776 
25.11999985 -0.4577776 
25.15999985 -0.4577776 
25.19999985 -0.4577776 
25.31999985 -0.4577776 
27.63999983 -0.4577776 
27.67999983 -0.4577776 
27.71999983 -0.4577776 
27.75999983 -0.4577776 
27.79999983 -0.4577776 
27.83999983 -0.4577776 
27.87999983 -0.4577776 
27.91999983 -0.4577776 
27.95999983 -0.4577776 
27.99999983 -0.4577776 
28.03999983 -0.4577776 
28.07999983 -0.4577776 
28.11999983 -0.4577776 
28.15999983 -1.339762 
28.19999983 -1.339762 
28.23999983 -1.339762 
28.27999983 -1.339762 
28.31999983 -1.339762 
28.35999983 -1.339762 
28.39999983 -1.339762 
28.43999983 -1.339762 
28.47999983 -2.224799 
28.51999983 -1.339762 
28.55999983 -2.224799 
28.59999983 -1.339762 
28.63999983 -2.224799 
28.67999983 -2.224799 
28.71999983 -2.224799 
28.75999983 -2.224799 
28.79999982 -2.224799 
28.83999982 -2.224799 
28.87999982 -2.224799 
28.91999982 -2.224799 
28.95999982 -2.224799 
28.99999982 -2.224799 
29.03999982 -2.224799 
29.07999982 -3.109836 
29.11999982 -2.224799 
29.15999982 -2.224799 
29.19999982 -3.109836 
29.23999982 -2.224799 
29.27999982 -2.224799 
29.31999982 -3.109836 
29.35999982 -2.224799 
29.39999982 -3.109836 
29.43999982 -3.109836 
29.47999982 -2.224799 
29.51999982 -2.224799 
29.55999982 -2.224799 
29.59999982 -2.224799 
29.63999982 -2.224799 
29.67999982 -2.224799 
29.71999982 -2.224799 
29.75999982 -2.224799 
29.79999982 -2.224799 
29.83999982 -2.224799 
29.87999982 -2.224799 
29.91999982 -2.224799 
29.95999982 -2.224799 
29.99999982 -2.224799 
30.03999982 -2.224799 
30.07999982 -2.224799 
30.11999982 -2.224799 
30.15999982 -2.224799 
30.19999982 -1.339762 
30.23999982 -1.339762 
30.27999982 -1.339762 
30.31999982 -1.339762 
30.35999982 -1.339762 
30.39999982 -1.339762 
30.43999982 -1.339762 
30.47999981 -0.4577776 
30.51999981 -0.4577776 
30.55999981 -1.339762 
30.59999981 -0.4577776 
30.63999981 -0.4577776 
30.67999981 -0.4577776 
30.71999981 -0.4577776 
30.79999981 -0.4577776 
33.2799998 -0.4577776 
33.3999998 -0.4577776 
33.4399998 -0.4577776 
33.4799998 -0.4577776 
33.5599998 -0.4577776 
33.5999998 -1.339762 
33.6399998 -0.4577776 
33.6799998 -1.339762 
33.7199998 -0.4577776 
33.75999979 -0.4577776 
33.79999979 -1.339762 
33.83999979 -2.224799 
33.87999979 -1.339762 
33.91999979 -1.339762 
33.95999979 -1.339762 
33.99999979 -2.224799 
34.03999979 -2.224799 
34.07999979 -2.224799 
34.11999979 -2.224799 
34.15999979 -2.224799 
34.19999979 -2.224799 
34.23999979 -2.224799 
34.27999979 -3.994873 
34.31999979 -3.109836 
34.35999979 -3.109836 
34.39999979 -3.994873 
34.43999979 -3.994873 
34.47999979 -3.994873 
34.51999979 -3.994873 
34.55999979 -3.994873 
34.59999979 -3.994873 
34.63999979 -3.994873 
34.67999979 -3.994873 
34.71999979 -3.994873 
34.75999979 -4.87991 
34.79999979 -4.87991 
34.83999979 -4.87991 
34.87999979 -4.87991 
34.91999979 -4.87991 
34.95999979 -4.87991 
34.99999979 -4.87991 
35.03999979 -4.87991 
35.07999979 -4.87991 
35.11999979 -4.87991 
35.15999979 -4.87991 
35.19999979 -5.764946 
35.23999979 -4.87991 
35.27999979 -4.87991 
35.31999979 -5.764946 
35.35999979 -4.87991 
35.39999978 -4.87991 
35.43999978 -4.87991 
35.47999978 -6.649983 
35.51999978 -5.764946 
35.55999978 -4.87991 
35.59999978 -4.87991 
35.63999978 -5.764946 
35.67999978 -4.87991 
35.71999978 -4.87991 
35.75999978 -4.87991 
35.79999978 -5.764946 
35.83999978 -4.87991 
35.87999978 -4.87991 
35.91999978 -4.87991 
35.95999978 -4.87991 
35.99999978 -4.87991 
36.03999978 -4.87991 
36.07999978 -4.87991 
36.11999978 -4.87991 
36.15999978 -4.87991 
36.19999978 -4.87991 
36.23999978 -3.994873 
36.27999978 -4.87991 
36.31999978 -4.87991 
36.35999978 -4.87991 
36.39999978 -4.87991 
36.43999978 -4.87991 
36.47999978 -4.87991 
36.51999978 -4.87991 
36.55999978 -4.87991 
36.59999978 -3.994873 
36.63999978 -3.994873 
36.67999978 -3.994873 
36.71999978 -3.994873 
36.75999978 -3.994873 
36.79999978 -3.994873 
36.83999978 -3.109836 
36.87999978 -3.994873 
36.91999978 -3.994873 
36.95999978 -3.994873 
36.99999978 -3.994873 
37.03999977 -3.109836 
37.07999977 -2.224799 
37.11999977 -2.224799 
37.15999977 -2.224799 
37.19999977 -3.109836 
37.23999977 -2.224799 
37.27999977 -3.109836 
37.31999977 -2.224799 
37.35999977 -2.224799 
37.39999977 -2.224799 
37.43999977 -2.224799 
37.47999977 -2.224799 
37.51999977 -2.224799 
37.55999977 -2.224799 
37.59999977 -2.224799 
37.63999977 -2.224799 
37.67999977 -2.224799 
37.71999977 -1.339762 
37.75999977 -1.339762 
37.79999977 -2.224799 
37.83999977 -2.224799 
37.87999977 -2.224799 
37.91999977 -1.339762 
37.95999977 -1.339762 
37.99999977 -1.339762 
38.03999977 -1.339762 
38.07999977 -1.339762 
38.11999977 -1.339762 
38.15999977 -1.339762 
38.19999977 -1.339762 
38.23999977 -1.339762 
38.27999977 -1.339762 
38.31999977 -1.339762 
38.35999977 -1.339762 
38.39999977 -1.339762 
38.43999977 -1.339762 
38.47999977 -1.339762 
38.51999977 -1.339762 
38.55999977 -1.339762 
38.59999977 -1.339762 
38.63999977 -1.339762 
38.67999976 -1.339762 
38.71999976 -1.339762 
38.75999976 -1.339762 
38.79999976 -1.339762 
38.83999976 -0.4577776 
38.87999976 -1.339762 
38.91999976 -1.339762 
38.95999976 -1.339762 
38.99999976 -2.224799 
39.03999976 -1.339762 
39.07999976 -1.339762 
39.11999976 -2.224799 
39.15999976 -2.224799 
39.19999976 -1.339762 
39.23999976 -2.224799 
39.27999976 -2.224799 
39.31999976 -1.339762 
39.35999976 -1.339762 
39.39999976 -1.339762 
39.43999976 -1.339762 
39.47999976 -2.224799 
39.51999976 -2.224799 
39.55999976 -1.339762 
39.59999976 -1.339762 
39.63999976 -2.224799 
39.67999976 -1.339762 
39.71999976 -0.4577776 
39.75999976 -1.339762 
39.79999976 -2.224799 
39.83999976 -1.339762 
39.87999976 -1.339762 
39.91999976 -2.224799 
39.95999976 -2.224799 
39.99999976 -2.224799 
40.03999976 -2.224799 
40.07999976 -1.339762 
40.11999976 -2.224799 
40.15999976 -2.224799 
40.19999976 -1.339762 
40.23999976 -1.339762 
40.27999976 -2.224799 
40.31999975 -2.224799 
40.35999975 -2.224799 
40.39999975 -2.224799 
40.43999975 -2.224799 
40.47999975 -2.224799 
40.51999975 -2.224799 
40.55999975 -2.224799 
40.59999975 -2.224799 
40.63999975 -2.224799 
40.67999975 -2.224799 
40.71999975 -2.224799 
40.75999975 -2.224799 
40.79999975 -2.224799 
40.83999975 -2.224799 
40.87999975 -2.224799 
40.91999975 -2.224799 
40.95999975 -2.224799 
40.99999975 -2.224799 
41.03999975 -2.224799 
41.07999975 -2.224799 
41.11999975 -2.224799 
41.15999975 -2.224799 
41.19999975 -2.224799 
41.23999975 -3.109836 
41.27999975 -2.224799 
41.31999975 -2.224799 
41.35999975 -2.224799 
41.39999975 -2.224799 
41.43999975 -2.224799 
41.47999975 -2.224799 
41.51999975 -2.224799 
41.55999975 -2.224799 
41.59999975 -2.224799 
41.63999975 -2.224799 
41.67999975 -2.224799 
41.71999975 -2.224799 
41.75999975 -2.224799 
41.79999975 -2.224799 
41.83999975 -2.224799 
41.87999975 -2.224799 
41.91999975 -2.224799 
41.95999974 -2.224799 
41.99999974 -2.224799 
42.03999974 -2.224799 
42.07999974 -2.224799 
42.11999974 -2.224799 
42.15999974 -1.339762 
42.19999974 -2.224799 
42.23999974 -2.224799 
42.27999974 -2.224799 
42.31999974 -2.224799 
42.35999974 -1.339762 
42.39999974 -1.339762 
42.43999974 -1.339762 
42.47999974 -1.339762 
42.51999974 -1.339762 
42.55999974 -1.339762 
42.59999974 -1.339762 
42.63999974 -0.4577776 
42.67999974 -1.339762 
42.71999974 -1.339762 
42.75999974 -0.4577776 
42.79999974 -0.4577776 
42.83999974 -0.4577776 
42.87999974 -0.4577776 
42.91999974 -0.4577776 
42.95999974 -0.4577776 
43.03999974 -0.4577776 
46.67999972 -0.4577776 
46.75999972 -0.4577776 
46.79999972 -0.4577776 
46.83999972 -0.4577776 
46.87999972 -0.4577776 
46.91999971 -0.4577776 
46.95999971 -0.4577776 
46.99999971 -0.4577776 
47.03999971 -0.4577776 
47.07999971 -0.4577776 
47.11999971 -0.4577776 
47.15999971 -0.4577776 
47.19999971 -0.4577776 
47.23999971 -0.4577776 
47.27999971 -0.4577776 
47.31999971 -0.4577776 
47.35999971 -0.4577776 
47.39999971 -0.4577776 
47.43999971 -0.4577776 
47.47999971 -1.339762 
47.51999971 -1.339762 
47.55999971 -0.4577776 
47.59999971 -0.4577776 
47.63999971 -0.4577776 
47.67999971 -0.4577776 
47.71999971 -0.4577776 
47.75999971 -1.339762 
47.79999971 -0.4577776 
47.83999971 -0.4577776 
47.87999971 -1.339762 
47.91999971 -0.4577776 
47.95999971 -0.4577776 
47.99999971 -0.4577776 
48.03999971 -1.339762 
48.07999971 -0.4577776 
48.11999971 -0.4577776 
48.15999971 -0.4577776 
48.19999971 -0.4577776 
48.23999971 -0.4577776 
48.27999971 -0.4577776 
48.31999971 -0.4577776 
48.35999971 -0.4577776 
48.39999971 -0.4577776 
48.43999971 -0.4577776 
48.47999971 -0.4577776 
48.51999971 -0.4577776 
48.5599997 -0.4577776 
48.5999997 -0.4577776 
48.6399997 -0.4577776 
48.6799997 -0.4577776 
48.7599997 -0.4577776 
48.7999997 -0.4577776 
48.8799997 -0.4577776 
48.9999997 -0.4577776 
49.0399997 -0.4577776 
51.27999969 -0.4577776 
51.31999969 -0.4577776 
51.39999969 -0.4577776 
51.43999969 -0.4577776 
51.47999969 -0.4577776 
51.51999969 -1.339762 
51.55999969 -0.4577776 
51.59999969 -0.4577776 
51.63999969 -0.4577776 
51.67999969 -1.339762 
51.71999969 -1.339762 
51.75999969 -1.339762 
51.79999969 -1.339762 
51.83999968 -1.339762 
51.87999968 -1.339762 
51.91999968 -2.224799 
51.95999968 -1.339762 
51.99999968 -2.224799 
52.03999968 -2.224799 
52.07999968 -2.224799 
52.11999968 -2.224799 
52.15999968 -2.224799 
52.19999968 -2.224799 
52.23999968 -2.224799 
52.27999968 -2.224799 
52.31999968 -2.224799 
52.35999968 -3.109836 
52.39999968 -2.224799 
52.43999968 -2.224799 
52.47999968 -2.224799 
52.51999968 -3.109836 
52.55999968 -3.994873 
52.59999968 -3.994873 
52.63999968 -3.994873 
52.67999968 -3.994873 
52.71999968 -3.994873 
52.75999968 -4.87991 
52.79999968 -4.87991 
52.83999968 -3.994873 
52.87999968 -4.87991 
52.91999968 -4.87991 
52.95999968 -4.87991 
52.99999968 -4.87991 
53.03999968 -4.87991 
53.07999968 -4.87991 
53.11999968 -4.87991 
53.15999968 -4.87991 
53.19999968 -4.87991 
53.23999968 -4.87991 
53.27999968 -4.87991 
53.31999968 -4.87991 
53.35999968 -4.87991 
53.39999968 -4.87991 
53.43999968 -4.87991 
53.47999967 -5.764946 
53.51999967 -5.764946 
53.55999967 -4.87991 
53.59999967 -5.764946 
53.63999967 -5.764946 
53.67999967 -4.87991 
53.71999967 -5.764946 
53.75999967 -5.764946 
53.79999967 -5.764946 
53.83999967 -5.764946 
53.87999967 -4.87991 
53.91999967 -4.87991 
53.95999967 -5.764946 
53.99999967 -5.764946 
54.03999967 -5.764946 
54.07999967 -4.87991 
54.11999967 -4.87991 
54.15999967 -4.87991 
54.19999967 -4.87991 
54.23999967 -4.87991 
54.27999967 -4.87991 
54.31999967 -4.87991 
54.35999967 -4.87991 
54.39999967 -5.764946 
54.43999967 -4.87991 
54.47999967 -4.87991 
54.51999967 -3.994873 
54.55999967 -3.994873 
54.59999967 -3.994873 
54.63999967 -3.994873 
54.67999967 -3.994873 
54.71999967 -3.994873 
54.75999967 -3.994873 
54.79999967 -3.994873 
54.83999967 -2.224799 
54.87999967 -3.109836 
54.91999967 -2.224799 
54.95999967 -3.109836 
54.99999967 -2.224799 
55.03999967 -2.224799 
55.07999967 -2.224799 
55.11999967 -2.224799 
55.15999966 -2.224799 
55.19999966 -2.224799 
55.23999966 -1.339762 
55.27999966 -2.224799 
55.31999966 -1.339762 
55.35999966 -1.339762 
55.39999966 -1.339762 
55.43999966 -1.339762 
55.47999966 -0.4577776 
55.51999966 -0.4577776 
55.55999966 -0.4577776 
55.59999966 -0.4577776 
55.63999966 -0.4577776 
55.67999966 -0.4577776 
55.71999966 -0.4577776 
55.75999966 -0.4577776 
55.87999966 -0.4577776 
58.39999965 -0.4577776 
58.43999964 -0.4577776 
58.47999964 -0.4577776 
58.51999964 -0.4577776 
58.55999964 -0.4577776 
58.59999964 -0.4577776 
58.63999964 -0.4577776 
58.67999964 -0.4577776 
58.71999964 -1.339762 
58.75999964 -1.339762 
58.79999964 -1.339762 
58.83999964 -1.339762 
58.87999964 -1.339762 
58.91999964 -1.339762 
58.95999964 -2.224799 
58.99999964 -2.224799 
59.03999964 -2.224799 
59.07999964 -2.224799 
59.11999964 -2.224799 
59.15999964 -2.224799 
59.19999964 -2.224799 
59.23999964 -2.224799 
59.27999964 -2.224799 
59.31999964 -3.994873 
59.35999964 -2.224799 
59.39999964 -3.109836 
59.43999964 -3.109836 
59.47999964 -2.224799 
59.51999964 -2.224799 
59.55999964 -3.994873 
59.59999964 -3.994873 
59.63999964 -3.109836 
59.67999964 -3.109836 
59.71999964 -3.109836 
59.75999964 -3.994873 
59.79999964 -3.109836 
59.83999964 -3.994873 
59.87999964 -3.109836 
59.91999964 -3.994873 
59.95999964 -3.994873 
59.99999964 -3.994873 
60.03999964 -3.994873 
60.07999963 -3.994873 
60.11999963 -3.994873 
60.15999963 -3.109836 
60.19999963 -3.109836 
60.23999963 -3.109836 
60.27999963 -3.109836 
60.31999963 -2.224799 
60.35999963 -3.994873 
60.39999963 -3.994873 
60.43999963 -2.224799 
60.47999963 -3.109836 
60.51999963 -3.109836 
60.55999963 -3.109836 
60.59999963 -2.224799 
60.63999963 -2.224799 
60.67999963 -2.224799 
60.71999963 -2.224799 
60.75999963 -2.224799 
60.79999963 -2.224799 
60.83999963 -2.224799 
60.87999963 -2.224799 
60.91999963 -2.224799 
60.95999963 -2.224799 
60.99999963 -1.339762 
61.03999963 -2.224799 
61.07999963 -2.224799 
61.11999963 -1.339762 
61.15999963 -2.224799 
61.19999963 -2.224799 
61.23999963 -2.224799 
61.27999963 -1.339762 
61.31999963 -2.224799 
61.35999963 -1.339762 
61.39999963 -1.339762 
61.43999963 -1.339762 
61.47999963 -2.224799 
61.51999963 -1.339762 
61.55999963 -1.339762 
61.63999963 -1.339762 
61.67999963 -0.4577776 
61.71999962 -1.339762 
61.75999962 -1.339762 
61.79999962 -0.4577776 
61.83999962 -0.4577776 
61.87999962 -0.4577776 
61.91999962 -0.4577776 
61.95999962 -0.4577776 
61.99999962 -0.4577776 
62.03999962 -0.4577776 
62.07999962 -0.4577776 
62.11999962 -0.4577776 
62.15999962 -0.4577776 
62.19999962 -0.4577776 
62.23999962 -0.4577776 
62.27999962 -0.4577776 
62.31999962 -0.4577776 
62.35999962 -0.4577776 
62.47999962 -0.4577776 
62.83999962 -0.4577776 
63.71999961 -0.4577776 
63.79999961 -0.4577776 
63.87999961 -0.4577776 
63.91999961 -0.4577776 
63.95999961 -0.4577776 
64.07999961 -0.4577776 
64.11999961 -0.4577776 
64.15999961 -0.4577776 
64.19999961 -0.4577776 
64.23999961 -0.4577776 
64.27999961 -0.4577776 
64.31999961 -0.4577776 
64.35999961 -0.4577776 
64.39999961 -0.4577776 
64.43999961 -0.4577776 
64.47999961 -0.4577776 
64.51999961 -0.4577776 
64.55999961 -0.4577776 
64.59999961 -0.4577776 
64.63999961 -0.4577776 
64.67999961 -1.339762 
64.71999961 -0.4577776 
64.75999961 -1.339762 
64.79999961 -0.4577776 
64.83999961 -1.339762 
64.87999961 -1.339762 
64.91999961 -1.339762 
64.95999961 -0.4577776 
64.9999996 -1.339762 
65.0399996 -0.4577776 
65.0799996 -1.339762 
65.1199996 -1.339762 
65.1599996 -1.339762 
65.1999996 -1.339762 
65.2399996 -1.339762 
65.2799996 -1.339762 
65.3199996 -1.339762 
65.3599996 -1.339762 
65.3999996 -1.339762 
65.4399996 -1.339762 
65.4799996 -1.339762 
65.5199996 -1.339762 
65.5599996 -1.339762 
65.5999996 -1.339762 
65.6399996 -1.339762 
65.6799996 -1.339762 
65.7199996 -1.339762 
65.7599996 -1.339762 
65.7999996 -2.224799 
65.8399996 -1.339762 
65.8799996 -1.339762 
65.9199996 -2.224799 
65.9599996 -1.339762 
65.9999996 -1.339762 
66.0399996 -1.339762 
66.0799996 -0.4577776 
66.1199996 -0.4577776 
66.1599996 -2.224799 
66.1999996 -1.339762 
66.2399996 -0.4577776 
66.2799996 -0.4577776 
66.3199996 -1.339762 
66.3599996 -0.4577776 
66.3999996 -0.4577776 
66.4399996 -1.339762 
66.4799996 -1.339762 
66.5199996 -0.4577776 
66.5599996 -0.4577776 
66.5999996 -1.339762 
66.63999959 -1.339762 
66.67999959 -1.339762 
66.71999959 -0.4577776 
66.75999959 -0.4577776 
66.79999959 -0.4577776 
66.83999959 -0.4577776 
66.87999959 -0.4577776 
66.95999959 -0.4577776 
66.99999959 -0.4577776 
67.03999959 -0.4577776 
67.07999959 -0.4577776 
67.11999959 -0.4577776 
67.15999959 -0.4577776 
67.19999959 -0.4577776 
67.23999959 -0.4577776 
67.31999959 -0.4577776 
67.43999959 -0.4577776 
67.55999959 -0.4577776 
67.59999959 -0.4577776 
68.67999958 -0.4577776 
68.75999958 -0.4577776 
68.83999958 -0.4577776 
68.87999958 -0.4577776 
68.91999958 -0.4577776 
68.99999958 -0.4577776 
69.03999958 -0.4577776 
69.07999958 -0.4577776 
69.11999958 -0.4577776 
69.15999958 -0.4577776 
69.19999958 -0.4577776 
69.23999958 -1.339762 
69.27999958 -0.4577776 
69.31999958 -0.4577776 
69.35999958 -1.339762 
69.39999958 -1.339762 
69.43999958 -1.339762 
69.47999958 -2.224799 
69.51999958 -1.339762 
69.55999958 -1.339762 
69.59999958 -1.339762 
69.63999958 -1.339762 
69.67999958 -1.339762 
69.71999958 -1.339762 
69.75999958 -1.339762 
69.79999958 -2.224799 
69.83999958 -2.224799 
69.87999958 -2.224799 
69.91999958 -2.224799 
69.95999957 -2.224799 
69.99999957 -2.224799 
70.03999957 -2.224799 
70.07999957 -2.224799 
70.11999957 -2.224799 
70.15999957 -2.224799 
70.19999957 -3.109836 
70.23999957 -2.224799 
70.27999957 -2.224799 
70.31999957 -3.109836 
70.35999957 -3.994873 
70.39999957 -3.109836 
70.43999957 -3.994873 
70.47999957 -3.994873 
70.51999957 -3.994873 
70.55999957 -3.994873 
70.59999957 -3.994873 
70.63999957 -3.994873 
70.67999957 -3.994873 
70.71999957 -3.994873 
70.75999957 -3.994873 
70.79999957 -3.994873 
70.83999957 -3.994873 
70.87999957 -3.994873 
70.91999957 -3.994873 
70.95999957 -3.994873 
70.99999957 -4.87991 
71.03999957 -3.994873 
71.07999957 -4.87991 
71.11999957 -4.87991 
71.15999957 -4.87991 
71.19999957 -4.87991 
71.23999957 -4.87991 
71.27999957 -4.87991 
71.31999957 -4.87991 
71.35999957 -4.87991 
71.39999957 -4.87991 
71.43999957 -4.87991 
71.47999957 -4.87991 
71.51999957 -4.87991 
71.55999957 -4.87991 
71.59999956 -4.87991 
71.63999956 -4.87991 
71.67999956 -4.87991 
71.71999956 -4.87991 
71.75999956 -3.994873 
71.79999956 -3.994873 
71.83999956 -4.87991 
71.87999956 -4.87991 
71.91999956 -3.994873 
71.95999956 -3.994873 
71.99999956 -3.994873 
72.03999956 -3.994873 
72.07999956 -3.994873 
72.11999956 -3.994873 
72.15999956 -3.994873 
72.19999956 -3.994873 
72.23999956 -3.994873 
72.27999956 -3.109836 
72.31999956 -3.109836 
72.35999956 -3.109836 
72.39999956 -3.994873 
72.43999956 -3.109836 
72.47999956 -2.224799 
72.51999956 -2.224799 
72.55999956 -2.224799 
72.59999956 -2.224799 
72.63999956 -2.224799 
72.67999956 -2.224799 
72.71999956 -2.224799 
72.75999956 -2.224799 
72.79999956 -1.339762 
72.83999956 -1.339762 
72.87999956 -2.224799 
72.91999956 -1.339762 
72.95999956 -1.339762 
72.99999956 -1.339762 
73.03999956 -1.339762 
73.07999956 -1.339762 
73.11999956 -1.339762 
73.15999956 -1.339762 
73.19999956 -0.4577776 
73.23999955 -0.4577776 
73.27999955 -0.4577776 
73.31999955 -0.4577776 
73.35999955 -0.4577776 
73.39999955 -0.4577776 
73.43999955 -0.4577776 
73.55999955 -0.4577776 
73.79999955 -0.4577776 
74.91999954 -0.4577776 
75.23999954 -0.4577776 
75.27999954 -0.4577776 
75.31999954 -0.4577776 
75.35999954 -0.4577776 
75.39999954 -0.4577776 
75.43999954 -0.4577776 
75.47999954 -0.4577776 
75.51999954 -0.4577776 
75.55999954 -0.4577776 
75.59999954 -1.339762 
75.63999954 -0.4577776 
75.67999954 -0.4577776 
75.71999954 -1.339762 
75.75999954 -1.339762 
75.79999954 -1.339762 
75.83999954 -2.224799 
75.87999954 -1.339762 
75.91999954 -1.339762 
75.95999954 -2.224799 
75.99999954 -2.224799 
76.03999954 -2.224799 
76.07999954 -2.224799 
76.11999954 -2.224799 
76.15999954 -2.224799 
76.19999954 -2.224799 
76.23999954 -2.224799 
76.27999954 -3.109836 
76.31999954 -2.224799 
76.35999954 -3.109836 
76.39999954 -2.224799 
76.43999954 -3.109836 
76.47999954 -3.994873 
76.51999953 -3.994873 
76.55999953 -3.994873 
76.59999953 -3.994873 
76.63999953 -3.109836 
76.67999953 -3.994873 
76.71999953 -3.994873 
76.75999953 -3.994873 
76.79999953 -3.994873 
76.83999953 -3.994873 
76.87999953 -3.994873 
76.91999953 -3.994873 
76.95999953 -3.994873 
76.99999953 -3.994873 
77.03999953 -3.994873 
77.07999953 -3.994873 
77.11999953 -3.994873 
77.15999953 -3.994873 
77.19999953 -3.994873 
77.23999953 -3.994873 
77.27999953 -3.994873 
77.31999953 -3.994873 
77.35999953 -3.994873 
77.39999953 -3.994873 
77.43999953 -3.994873 
77.47999953 -3.994873 
77.51999953 -3.994873 
77.55999953 -3.994873 
77.59999953 -3.994873 
77.63999953 -3.109836 
77.67999953 -3.109836 
77.71999953 -3.109836 
77.75999953 -3.109836 
77.79999953 -3.109836 
77.83999953 -3.109836 
77.87999953 -3.109836 
77.91999953 -2.224799 
77.95999953 -2.224799 
77.99999953 -2.224799 
78.03999953 -2.224799 
78.07999953 -2.224799 
78.11999953 -2.224799 
78.15999952 -2.224799 
78.19999952 -2.224799 
78.23999952 -2.224799 
78.27999952 -2.224799 
78.31999952 -1.339762 
78.35999952 -2.224799 
78.39999952 -2.224799 
78.43999952 -1.339762 
78.47999952 -1.339762 
78.51999952 -1.339762 
78.55999952 -1.339762 
78.59999952 -1.339762 
78.63999952 -0.4577776 
78.67999952 -0.4577776 
78.71999952 -0.4577776 
78.75999952 -0.4577776 
78.83999952 -0.4577776 
82.3199995 -0.4577776 
82.3599995 -0.4577776 
82.4399995 -0.4577776 
82.4799995 -0.4577776 
82.5199995 -0.4577776 
82.5599995 -0.4577776 
82.5999995 -0.4577776 
82.6399995 -0.4577776 
82.6799995 -0.4577776 
82.7199995 -0.4577776 
82.7599995 -0.4577776 
82.7999995 -1.339762 
82.8399995 -1.339762 
82.8799995 -1.339762 
82.9199995 -1.339762 
82.9599995 -1.339762 
82.9999995 -1.339762 
83.0399995 -2.224799 
83.0799995 -1.339762 
83.11999949 -1.339762 
83.15999949 -2.224799 
83.19999949 -2.224799 
83.23999949 -2.224799 
83.27999949 -2.224799 
83.31999949 -2.224799 
83.35999949 -2.224799 
83.39999949 -2.224799 
83.43999949 -2.224799 
83.47999949 -1.339762 
83.51999949 -1.339762 
83.55999949 -2.224799 
83.59999949 -2.224799 
83.63999949 -2.224799 
83.67999949 -2.224799 
83.71999949 -1.339762 
83.75999949 -2.224799 
83.79999949 -2.224799 
83.83999949 -1.339762 
83.87999949 -1.339762 
83.91999949 -2.224799 
83.95999949 -1.339762 
83.99999949 -2.224799 
84.03999949 -1.339762 
84.07999949 -1.339762 
84.11999949 -0.4577776 
84.15999949 -1.339762 
84.19999949 -1.339762 
84.23999949 -1.339762 
84.27999949 -1.339762 
84.31999949 -1.339762 
84.35999949 -0.4577776 
84.39999949 -1.339762 
84.43999949 -0.4577776 
84.47999949 -0.4577776 
84.51999949 -0.4577776 
84.55999949 -0.4577776 
84.59999949 -0.4577776 
84.63999949 -0.4577776 
84.67999949 -0.4577776 
84.71999949 -0.4577776 
84.75999948 -0.4577776 
84.79999948 -0.4577776 
84.87999948 -0.4577776 
84.91999948 -0.4577776 
86.47999947 -0.4577776 
86.67999947 -0.4577776 
86.71999947 -0.4577776 
86.79999947 -0.4577776 
86.83999947 -0.4577776 
86.87999947 -0.4577776 
86.91999947 -0.4577776 
86.95999947 -1.339762 
86.99999947 -0.4577776 
87.03999947 -0.4577776 
87.07999947 -0.4577776 
87.11999947 -0.4577776 
87.15999947 -1.339762 
87.19999947 -1.339762 
87.23999947 -1.339762 
87.27999947 -1.339762 
87.31999947 -1.339762 
87.35999947 -1.339762 
87.39999947 -1.339762 
87.43999947 -1.339762 
87.47999947 -2.224799 
87.51999947 -2.224799 
87.55999947 -2.224799 
87.59999947 -2.224799 
87.63999947 -2.224799 
87.67999947 -3.994873 
87.71999947 -2.224799 
87.75999947 -2.224799 
87.79999947 -2.224799 
87.83999947 -3.994873 
87.87999947 -3.994873 
87.91999947 -3.994873 
87.95999947 -3.994873 
87.99999947 -3.994873 
88.03999946 -3.994873 
88.07999946 -3.994873 
88.11999946 -3.994873 
88.15999946 -3.994873 
88.19999946 -4.87991 
88.23999946 -4.87991 
88.27999946 -4.87991 
88.31999946 -4.87991 
88.35999946 -4.87991 
88.39999946 -4.87991 
88.43999946 -4.87991 
88.47999946 -4.87991 
88.51999946 -4.87991 
88.55999946 -4.87991 
88.59999946 -5.764946 
88.63999946 -5.764946 
88.67999946 -5.764946 
88.71999946 -5.764946 
88.75999946 -5.764946 
88.79999946 -5.764946 
88.83999946 -5.764946 
88.87999946 -7.53502 
88.91999946 -5.764946 
88.95999946 -6.649983 
88.99999946 -5.764946 
89.03999946 -6.649983 
89.07999946 -6.649983 
89.11999946 -6.649983 
89.15999946 -6.649983 
89.19999946 -6.649983 
89.23999946 -6.649983 
89.27999946 -6.649983 
89.31999946 -6.649983 
89.35999946 -6.649983 
89.39999946 -6.649983 
89.43999946 -6.649983 
89.47999946 -6.649983 
89.51999946 -6.649983 
89.55999946 -6.649983 
89.59999946 -6.649983 
89.63999946 -6.649983 
89.67999945 -6.649983 
89.71999945 -6.649983 
89.75999945 -5.764946 
89.79999945 -5.764946 
89.83999945 -5.764946 
89.87999945 -5.764946 
89.91999945 -5.764946 
89.95999945 -5.764946 
89.99999945 -5.764946 
90.03999945 -5.764946 
90.07999945 -5.764946 
90.11999945 -5.764946 
90.15999945 -4.87991 
90.19999945 -5.764946 
90.23999945 -5.764946 
90.27999945 -4.87991 
90.31999945 -4.87991 
90.35999945 -4.87991 
90.39999945 -4.87991 
90.43999945 -4.87991 
90.47999945 -4.87991 
90.51999945 -4.87991 
90.55999945 -4.87991 
90.59999945 -4.87991 
90.63999945 -4.87991 
90.67999945 -3.994873 
90.71999945 -4.87991 
90.75999945 -3.994873 
90.79999945 -3.994873 
90.83999945 -4.87991 
90.87999945 -3.994873 
90.91999945 -3.994873 
90.95999945 -3.994873 
90.99999945 -3.994873 
91.03999945 -3.994873 
91.07999945 -3.994873 
91.11999945 -3.109836 
91.15999945 -3.994873 
91.19999945 -3.109836 
91.23999945 -2.224799 
91.27999945 -2.224799 
91.31999945 -2.224799 
91.35999944 -2.224799 
91.39999944 -2.224799 
91.43999944 -2.224799 
91.47999944 -2.224799 
91.51999944 -2.224799 
91.55999944 -2.224799 
91.59999944 -1.339762 
91.63999944 -2.224799 
91.67999944 -2.224799 
91.71999944 -1.339762 
91.75999944 -1.339762 
91.79999944 -1.339762 
91.83999944 -1.339762 
91.87999944 -0.4577776 
91.91999944 -0.4577776 
91.95999944 -1.339762 
91.99999944 -1.339762 
92.03999944 -1.339762 
92.07999944 -0.4577776 
92.11999944 -0.4577776 
92.15999944 -0.4577776 
92.19999944 -0.4577776 
92.23999944 -0.4577776 
92.27999944 -0.4577776 
92.31999944 -0.4577776 
92.35999944 -0.4577776 
92.39999944 -0.4577776 
92.43999944 -0.4577776 
92.55999944 -0.4577776 
92.59999944 -0.4577776 
92.63999944 -0.4577776 
92.71999944 -0.4577776 
92.75999944 -0.4577776 
92.79999944 -0.4577776 
92.91999944 -0.4577776 
92.95999944 -0.4577776 
92.99999943 -0.4577776 
93.11999943 -0.4577776 
93.15999943 -0.4577776 
93.23999943 -1.339762 
93.27999943 -0.4577776 
93.35999943 -0.4577776 
93.39999943 -0.4577776 
93.43999943 -0.4577776 
93.47999943 -0.4577776 
93.51999943 -0.4577776 
93.55999943 -0.4577776 
93.59999943 -1.339762 
93.63999943 -1.339762 
93.67999943 -0.4577776 
93.71999943 -0.4577776 
93.75999943 -0.4577776 
93.79999943 -1.339762 
93.83999943 -1.339762 
93.87999943 -0.4577776 
93.91999943 -1.339762 
93.95999943 -0.4577776 
93.99999943 -0.4577776 
94.03999943 -0.4577776 
94.07999943 -1.339762 
94.11999943 -1.339762 
94.15999943 -1.339762 
94.19999943 -1.339762 
94.23999943 -1.339762 
94.27999943 -1.339762 
94.31999943 -1.339762 
94.35999943 -1.339762 
94.39999943 -1.339762 
94.43999943 -2.224799 
94.47999943 -1.339762 
94.51999943 -1.339762 
94.55999943 -1.339762 
94.59999943 -1.339762 
94.63999942 -1.339762 
94.67999942 -2.224799 
94.71999942 -1.339762 
94.75999942 -1.339762 
94.79999942 -1.339762 
94.83999942 -1.339762 
94.87999942 -1.339762 
94.91999942 -2.224799 
94.95999942 -2.224799 
94.99999942 -1.339762 
95.03999942 -1.339762 
95.07999942 -2.224799 
95.11999942 -1.339762 
95.15999942 -2.224799 
95.19999942 -2.224799 
95.23999942 -1.339762 
95.27999942 -1.339762 
95.31999942 -2.224799 
95.35999942 -2.224799 
95.39999942 -1.339762 
95.43999942 -2.224799 
95.47999942 -1.339762 
95.51999942 -1.339762 
95.55999942 -1.339762 
95.59999942 -1.339762 
95.63999942 -1.339762 
95.67999942 -1.339762 
95.71999942 -1.339762 
95.75999942 -1.339762 
95.79999942 -1.339762 
95.83999942 -0.4577776 
95.87999942 -0.4577776 
95.91999942 -0.4577776 
95.95999942 -1.339762 
95.99999942 -0.4577776 
96.03999942 -0.4577776 
96.07999942 -0.4577776 
96.11999942 -0.4577776 
96.15999942 -0.4577776 
96.19999942 -0.4577776 
96.23999942 -0.4577776 
96.27999941 -0.4577776 
96.31999941 -0.4577776 
96.35999941 -0.4577776 
96.39999941 -0.4577776 
96.51999941 -0.4577776 
99.3999994 -0.4577776 
99.4799994 -0.4577776 
99.5199994 -0.4577776 
99.55999939 -0.4577776 
99.59999939 -0.4577776 
99.63999939 -0.4577776 
99.71999939 -0.4577776 
99.75999939 -0.4577776 
99.79999939 -0.4577776 
99.83999939 -0.4577776 
99.87999939 -0.4577776 
99.91999939 -0.4577776 
99.95999939 -0.4577776 
99.99999939 -0.4577776 
100.03999939 -0.4577776 
100.07999939 -0.4577776 
100.11999939 -2.224799 
100.15999939 -1.339762 
100.19999939 -0.4577776 
100.23999939 -0.4577776 
100.27999939 -0.4577776 
100.31999939 -0.4577776 
100.35999939 -0.4577776 
100.39999939 -1.339762 
100.43999939 -0.4577776 
100.47999939 -1.339762 
100.51999939 -1.339762 
100.55999939 -1.339762 
100.59999939 -1.339762 
100.63999939 -1.339762 
100.67999939 -1.339762 
100.71999939 -1.339762 
100.75999939 -1.339762 
100.79999939 -1.339762 
100.83999939 -0.4577776 
100.87999939 -1.339762 
100.91999939 -0.4577776 
100.95999939 -0.4577776 
100.99999939 -0.4577776 
101.07999939 -1.339762 
101.11999939 -1.339762 
101.15999939 -0.4577776 
101.19999938 -0.4577776 
101.23999938 -0.4577776 
101.27999938 -0.4577776 
101.31999938 -0.4577776 
101.35999938 -0.4577776 
101.39999938 -0.4577776 
101.43999938 -0.4577776 
101.47999938 -0.4577776 
101.51999938 -0.4577776 
101.55999938 -0.4577776 
101.59999938 -0.4577776 
101.63999938 -0.4577776 
101.67999938 -0.4577776 
101.71999938 -0.4577776 
101.75999938 -0.4577776 
101.79999938 -0.4577776 
101.91999938 -0.4577776 
104.75999936 -0.4577776 
104.79999936 -0.4577776 
104.83999936 -0.4577776 
104.87999936 -0.4577776 
104.91999936 -0.4577776 
104.95999936 -0.4577776 
104.99999936 -0.4577776 
105.03999936 -0.4577776 
105.07999936 -0.4577776 
105.11999936 -0.4577776 
105.15999936 -0.4577776 
105.19999936 -0.4577776 
105.23999936 -1.339762 
105.27999936 -1.339762 
105.31999936 -0.4577776 
105.35999936 -1.339762 
105.39999936 -1.339762 
105.43999936 -1.339762 
105.47999936 -1.339762 
105.51999936 -1.339762 
105.55999936 -1.339762 
105.59999936 -1.339762 
105.63999936 -1.339762 
105.67999936 -1.339762 
105.71999936 -1.339762 
105.75999936 -2.224799 
105.79999936 -2.224799 
105.83999936 -2.224799 
105.87999936 -2.224799 
105.91999936 -2.224799 
105.95999936 -2.224799 
105.99999936 -2.224799 
106.03999936 -2.224799 
106.07999936 -2.224799 
106.11999936 -2.224799 
106.15999935 -2.224799 
106.19999935 -2.224799 
106.23999935 -2.224799 
106.27999935 -2.224799 
106.31999935 -2.224799 
106.35999935 -3.109836 
106.39999935 -2.224799 
106.43999935 -2.224799 
106.47999935 -3.109836 
106.51999935 -2.224799 
106.55999935 -3.109836 
106.59999935 -3.109836 
106.63999935 -2.224799 
106.67999935 -3.109836 
106.71999935 -3.109836 
106.75999935 -2.224799 
106.79999935 -2.224799 
106.83999935 -3.109836 
106.87999935 -3.109836 
106.91999935 -3.109836 
106.95999935 -3.994873 
106.99999935 -3.109836 
107.03999935 -3.109836 
107.07999935 -3.109836 
107.11999935 -3.109836 
107.15999935 -3.109836 
107.19999935 -2.224799 
107.23999935 -3.109836 
107.27999935 -3.109836 
107.31999935 -3.109836 
107.35999935 -2.224799 
107.39999935 -2.224799 
107.43999935 -2.224799 
107.47999935 -2.224799 
107.51999935 -2.224799 
107.55999935 -2.224799 
107.59999935 -2.224799 
107.63999935 -2.224799 
107.67999935 -2.224799 
107.71999935 -2.224799 
107.75999935 -2.224799 
107.79999934 -2.224799 
107.83999934 -2.224799 
107.87999934 -1.339762 
107.91999934 -2.224799 
107.95999934 -2.224799 
107.99999934 -2.224799 
108.03999934 -1.339762 
108.07999934 -1.339762 
108.11999934 -1.339762 
108.15999934 -1.339762 
108.19999934 -2.224799 
108.23999934 -1.339762 
108.27999934 -1.339762 
108.31999934 -0.4577776 
108.35999934 -0.4577776 
108.39999934 -1.339762 
108.43999934 -1.339762 
108.47999934 -0.4577776 
108.51999934 -1.339762 
108.55999934 -1.339762 
108.59999934 -1.339762 
108.63999934 -0.4577776 
108.67999934 -1.339762 
108.71999934 -0.4577776 
108.75999934 -0.4577776 
108.79999934 -0.4577776 
108.83999934 -0.4577776 
108.87999934 -0.4577776 
108.91999934 -0.4577776 
108.95999934 -0.4577776 
109.03999934 -0.4577776 
109.07999934 -0.4577776 
109.23999934 -0.4577776 
110.07999933 -0.4577776 
110.15999933 -0.4577776 
110.19999933 -0.4577776 
110.23999933 -0.4577776 
110.35999933 -0.4577776 
110.39999933 -0.4577776 
110.43999933 -0.4577776 
110.47999933 -0.4577776 
110.51999933 -0.4577776 
110.55999933 -0.4577776 
110.59999933 -0.4577776 
110.63999933 -0.4577776 
110.67999933 -0.4577776 
110.71999933 -0.4577776 
110.75999933 -0.4577776 
110.79999933 -0.4577776 
110.83999933 -0.4577776 
110.87999933 -0.4577776 
110.91999933 -1.339762 
110.95999933 -1.339762 
110.99999933 -1.339762 
111.03999933 -1.339762 
111.07999932 -1.339762 
111.11999932 -1.339762 
111.15999932 -1.339762 
111.19999932 -1.339762 
111.23999932 -2.224799 
111.27999932 -2.224799 
111.31999932 -1.339762 
111.35999932 -2.224799 
111.39999932 -2.224799 
111.43999932 -2.224799 
111.47999932 -2.224799 
111.51999932 -2.224799 
111.55999932 -2.224799 
111.59999932 -2.224799 
111.63999932 -2.224799 
111.67999932 -2.224799 
111.71999932 -2.224799 
111.75999932 -2.224799 
111.79999932 -2.224799 
111.83999932 -2.224799 
111.87999932 -2.224799 
111.91999932 -2.224799 
111.95999932 -2.224799 
111.99999932 -2.224799 
112.03999932 -2.224799 
112.07999932 -2.224799 
112.11999932 -2.224799 
112.15999932 -3.109836 
112.19999932 -3.109836 
112.23999932 -2.224799 
112.27999932 -3.109836 
112.31999932 -2.224799 
112.35999932 -3.109836 
112.39999932 -2.224799 
112.43999932 -2.224799 
112.47999932 -2.224799 
112.51999932 -2.224799 
112.55999932 -2.224799 
112.59999932 -3.109836 
112.63999932 -2.224799 
112.67999932 -2.224799 
112.71999931 -2.224799 
112.75999931 -2.224799 
112.79999931 -2.224799 
112.83999931 -3.109836 
112.87999931 -2.224799 
112.91999931 -2.224799 
112.95999931 -2.224799 
112.99999931 -3.109836 
113.03999931 -2.224799 
113.07999931 -2.224799 
113.11999931 -2.224799 
113.15999931 -2.224799 
113.19999931 -2.224799 
113.23999931 -2.224799 
113.27999931 -2.224799 
113.31999931 -2.224799 
113.35999931 -2.224799 
113.39999931 -2.224799 
113.43999931 -2.224799 
113.47999931 -1.339762 
113.51999931 -1.339762 
113.55999931 -1.339762 
113.59999931 -2.224799 
113.63999931 -1.339762 
113.67999931 -1.339762 
113.71999931 -2.224799 
113.75999931 -2.224799 
113.79999931 -0.4577776 
113.83999931 -1.339762 
113.87999931 -1.339762 
113.91999931 -1.339762 
113.95999931 -1.339762 
113.99999931 -1.339762 
114.03999931 -1.339762 
114.07999931 -1.339762 
114.11999931 -1.339762 
114.15999931 -1.339762 
114.19999931 -1.339762 
114.23999931 -1.339762 
114.27999931 -1.339762 
114.31999931 -0.4577776 
114.3599993 -0.4577776 
114.3999993 -1.339762 
114.4399993 -1.339762 
114.4799993 -1.339762 
114.5199993 -0.4577776 
114.5599993 -0.4577776 
114.5999993 -0.4577776 
114.6399993 -0.4577776 
114.6799993 -0.4577776 
114.7199993 -0.4577776 
114.7599993 -0.4577776 
114.7999993 -0.4577776 
114.8399993 -0.4577776 
114.8799993 -0.4577776 
114.9199993 -0.4577776 
114.9599993 -0.4577776 
114.9999993 -0.4577776 
115.0399993 -0.4577776 
115.0799993 -0.4577776 
115.1199993 -0.4577776 
115.2399993 -0.4577776 
115.3999993 -0.4577776 
115.4399993 -0.4577776 
115.5599993 -0.4577776 
115.6399993 -0.4577776 
116.95999929 -0.4577776 
117.23999929 -0.4577776 
117.27999929 -0.4577776 
117.31999929 -0.4577776 
117.35999929 -0.4577776 
117.39999929 -0.4577776 
117.43999929 -0.4577776 
117.47999929 -0.4577776 
117.51999929 -0.4577776 
117.55999929 -0.4577776 
117.59999929 -0.4577776 
117.63999929 -0.4577776 
117.67999928 -0.4577776 
117.71999928 -0.4577776 
117.75999928 -0.4577776 
117.79999928 -0.4577776 
117.83999928 -0.4577776 
117.87999928 -0.4577776 
117.91999928 -0.4577776 
117.95999928 -0.4577776 
117.99999928 -0.4577776 
118.03999928 -0.4577776 
118.07999928 -0.4577776 
118.11999928 -0.4577776 
118.15999928 -0.4577776 
118.19999928 -0.4577776 
118.23999928 -1.339762 
118.27999928 -0.4577776 
118.31999928 -1.339762 
118.35999928 -1.339762 
118.39999928 -0.4577776 
118.43999928 -1.339762 
118.47999928 -1.339762 
118.51999928 -1.339762 
118.55999928 -0.4577776 
118.59999928 -1.339762 
118.63999928 -1.339762 
118.67999928 -1.339762 
118.71999928 -1.339762 
118.75999928 -1.339762 
118.79999928 -1.339762 
118.83999928 -1.339762 
118.87999928 -1.339762 
118.91999928 -1.339762 
118.95999928 -1.339762 
118.99999928 -1.339762 
119.03999928 -1.339762 
119.07999928 -1.339762 
119.11999928 -2.224799 
119.15999928 -1.339762 
119.19999928 -1.339762 
119.23999928 -2.224799 
119.27999928 -2.224799 
119.31999927 -2.224799 
119.35999927 -1.339762 
119.39999927 -2.224799 
119.43999927 -2.224799 
119.47999927 -1.339762 
119.51999927 -2.224799 
119.55999927 -2.224799 
119.59999927 -0.4577776 
119.63999927 -2.224799 
119.67999927 -2.224799 
119.71999927 -2.224799 
119.75999927 -1.339762 
119.79999927 -2.224799 
119.83999927 -1.339762 
119.87999927 -1.339762 
119.91999927 -1.339762 
119.95999927 -1.339762 
119.99999927 -1.339762 
120.03999927 -3.109836 
120.07999927 -2.224799 
120.11999927 -1.339762 
120.15999927 -2.224799 
120.19999927 -2.224799 
120.23999927 -1.339762 
120.27999927 -1.339762 
120.31999927 -2.224799 
120.35999927 -1.339762 
120.39999927 -0.4577776 
120.43999927 -1.339762 
120.47999927 -1.339762 
120.51999927 -2.224799 
120.55999927 -1.339762 
120.59999927 -1.339762 
120.63999927 -1.339762 
120.67999927 -2.224799 
120.71999927 -2.224799 
120.75999927 -1.339762 
120.79999927 -1.339762 
120.83999927 -1.339762 
120.87999927 -1.339762 
120.91999927 -1.339762 
120.95999926 -1.339762 
120.99999926 -1.339762 
121.03999926 -1.339762 
121.07999926 -1.339762 
121.11999926 -1.339762 
121.15999926 -2.224799 
121.19999926 -1.339762 
121.23999926 -1.339762 
121.27999926 -1.339762 
121.31999926 -2.224799 
121.35999926 -2.224799 
121.39999926 -1.339762 
121.43999926 -1.339762 
121.47999926 -1.339762 
121.51999926 -2.224799 
121.55999926 -2.224799 
121.59999926 -2.224799 
121.63999926 -2.224799 
121.67999926 -2.224799 
121.71999926 -2.224799 
121.75999926 -2.224799 
121.79999926 -2.224799 
121.83999926 -2.224799 
121.87999926 -2.224799 
121.91999926 -2.224799 
121.95999926 -2.224799 
121.99999926 -2.224799 
122.03999926 -2.224799 
122.07999926 -2.224799 
122.11999926 -2.224799 
122.15999926 -2.224799 
122.19999926 -2.224799 
122.23999926 -2.224799 
122.27999926 -2.224799 
122.31999926 -2.224799 
122.35999926 -3.109836 
122.39999926 -3.109836 
122.43999926 -3.109836 
122.47999926 -3.994873 
122.51999926 -3.109836 
122.55999926 -2.224799 
122.59999925 -3.109836 
122.63999925 -2.224799 
122.67999925 -3.994873 
122.71999925 -3.994873 
122.75999925 -3.994873 
122.79999925 -3.994873 
122.83999925 -3.109836 
122.87999925 -3.109836 
122.91999925 -3.994873 
122.95999925 -3.994873 
122.99999925 -3.994873 
123.03999925 -3.994873 
123.07999925 -3.994873 
123.11999925 -3.994873 
123.15999925 -3.994873 
123.19999925 -3.994873 
123.23999925 -3.994873 
123.27999925 -3.994873 
123.31999925 -3.994873 
123.35999925 -3.994873 
123.39999925 -3.994873 
123.43999925 -4.87991 
123.47999925 -3.994873 
123.51999925 -3.994873 
123.55999925 -3.994873 
123.59999925 -3.994873 
123.63999925 -4.87991 
123.67999925 -4.87991 
123.71999925 -3.994873 
123.75999925 -4.87991 
123.79999925 -3.994873 
123.83999925 -4.87991 
123.87999925 -4.87991 
123.91999925 -4.87991 
123.95999925 -4.87991 
123.99999925 -4.87991 
124.03999925 -4.87991 
124.07999925 -3.994873 
124.11999925 -4.87991 
124.15999925 -4.87991 
124.19999925 -4.87991 
124.23999924 -4.87991 
124.27999924 -4.87991 
124.31999924 -4.87991 
124.35999924 -4.87991 
124.39999924 -4.87991 
124.43999924 -4.87991 
124.47999924 -4.87991 
124.51999924 -4.87991 
124.55999924 -3.994873 
124.59999924 -3.994873 
124.63999924 -4.87991 
124.67999924 -4.87991 
124.71999924 -4.87991 
124.75999924 -3.994873 
124.79999924 -3.994873 
124.83999924 -3.994873 
124.87999924 -3.994873 
124.91999924 -3.994873 
124.95999924 -3.994873 
124.99999924 -3.994873 
125.03999924 -3.994873 
125.07999924 -3.994873 
125.11999924 -3.994873 
125.15999924 -3.109836 
125.19999924 -3.109836 
125.23999924 -3.994873 
125.27999924 -3.994873 
125.31999924 -3.109836 
125.35999924 -2.224799 
125.39999924 -3.109836 
125.43999924 -3.109836 
125.47999924 -2.224799 
125.51999924 -3.109836 
125.55999924 -2.224799 
125.59999924 -2.224799 
125.63999924 -2.224799 
125.67999924 -2.224799 
125.71999924 -2.224799 
125.75999924 -2.224799 
125.79999924 -2.224799 
125.83999924 -2.224799 
125.87999923 -1.339762 
125.91999923 -1.339762 
125.95999923 -1.339762 
125.99999923 -1.339762 
126.03999923 -1.339762 
126.07999923 -1.339762 
126.11999923 -1.339762 
126.15999923 -1.339762 
126.19999923 -1.339762 
126.23999923 -1.339762 
126.27999923 -0.4577776 
126.31999923 -0.4577776 
126.35999923 -0.4577776 
126.39999923 -1.339762 
126.43999923 -1.339762 
126.47999923 -0.4577776 
126.51999923 -0.4577776 
126.55999923 -0.4577776 
126.59999923 -0.4577776 
126.63999923 -0.4577776 
126.67999923 -0.4577776 
126.71999923 -0.4577776 
126.75999923 -0.4577776 
126.79999923 -0.4577776 
126.83999923 -0.4577776 
126.87999923 -0.4577776 
126.91999923 -0.4577776 
126.95999923 -0.4577776 
126.99999923 -0.4577776 
127.11999923 -0.4577776 
127.15999923 -0.4577776 
127.19999923 -0.4577776 
127.39999923 -0.4577776 
135.27999918 -0.4577776 
135.35999918 -0.4577776 
135.39999918 -0.4577776 
135.43999918 -0.4577776 
135.47999918 -0.4577776 
135.51999918 -0.4577776 
135.55999918 -0.4577776 
135.59999918 -0.4577776 
135.63999918 -0.4577776 
135.67999918 -0.4577776 
135.71999918 -0.4577776 
135.75999917 -0.4577776 
135.79999917 -0.4577776 
135.83999917 -1.339762 
135.87999917 -1.339762 
135.91999917 -1.339762 
135.95999917 -1.339762 
135.99999917 -1.339762 
136.03999917 -1.339762 
136.07999917 -1.339762 
136.11999917 -1.339762 
136.15999917 -2.224799 
136.19999917 -2.224799 
136.23999917 -1.339762 
136.27999917 -2.224799 
136.31999917 -2.224799 
136.35999917 -2.224799 
136.39999917 -2.224799 
136.43999917 -2.224799 
136.47999917 -2.224799 
136.51999917 -2.224799 
136.55999917 -2.224799 
136.59999917 -2.224799 
136.63999917 -2.224799 
136.67999917 -2.224799 
136.71999917 -2.224799 
136.75999917 -2.224799 
136.79999917 -2.224799 
136.83999917 -2.224799 
136.87999917 -2.224799 
136.91999917 -2.224799 
136.95999917 -2.224799 
136.99999917 -2.224799 
137.03999917 -2.224799 
137.07999917 -2.224799 
137.11999917 -2.224799 
137.15999917 -3.994873 
137.19999917 -2.224799 
137.23999917 -2.224799 
137.27999917 -3.994873 
137.31999917 -3.109836 
137.35999917 -2.224799 
137.39999916 -2.224799 
137.43999916 -3.109836 
137.47999916 -3.109836 
137.51999916 -3.994873 
137.55999916 -3.109836 
137.59999916 -3.109836 
137.63999916 -3.994873 
137.67999916 -3.109836 
137.71999916 -3.994873 
137.75999916 -3.994873 
137.79999916 -3.994873 
137.83999916 -3.994873 
137.87999916 -3.994873 
137.91999916 -3.994873 
137.95999916 -3.994873 
137.99999916 -3.994873 
138.03999916 -3.994873 
138.07999916 -3.994873 
138.11999916 -3.994873 
138.15999916 -3.994873 
138.19999916 -3.994873 
138.23999916 -3.994873 
138.27999916 -3.994873 
138.31999916 -3.994873 
138.35999916 -3.994873 
138.39999916 -3.994873 
138.43999916 -3.994873 
138.47999916 -3.994873 
138.51999916 -3.994873 
138.55999916 -3.994873 
138.59999916 -3.994873 
138.63999916 -3.994873 
138.67999916 -3.994873 
138.71999916 -3.994873 
138.75999916 -3.994873 
138.79999916 -3.994873 
138.83999916 -3.994873 
138.87999916 -3.994873 
138.91999916 -3.994873 
138.95999916 -3.994873 
138.99999916 -3.994873 
139.03999915 -3.994873 
139.07999915 -3.994873 
139.11999915 -3.994873 
139.15999915 -3.994873 
139.19999915 -3.994873 
139.23999915 -3.994873 
139.27999915 -3.994873 
139.31999915 -3.994873 
139.35999915 -3.994873 
139.39999915 -3.994873 
139.43999915 -3.994873 
139.47999915 -3.994873 
139.51999915 -3.109836 
139.55999915 -3.109836 
139.59999915 -3.994873 
139.63999915 -3.994873 
139.67999915 -3.109836 
139.71999915 -3.994873 
139.75999915 -3.994873 
139.79999915 -3.109836 
139.83999915 -3.109836 
139.87999915 -3.994873 
139.91999915 -2.224799 
139.95999915 -2.224799 
139.99999915 -2.224799 
140.03999915 -2.224799 
140.07999915 -2.224799 
140.11999915 -2.224799 
140.15999915 -2.224799 
140.19999915 -2.224799 
140.23999915 -2.224799 
140.27999915 -2.224799 
140.31999915 -2.224799 
140.35999915 -2.224799 
140.39999915 -2.224799 
140.43999915 -2.224799 
140.47999915 -2.224799 
140.51999915 -2.224799 
140.55999915 -1.339762 
140.59999915 -2.224799 
140.63999915 -2.224799 
140.67999915 -2.224799 
140.71999914 -2.224799 
140.75999914 -1.339762 
140.79999914 -1.339762 
140.83999914 -1.339762 
140.87999914 -1.339762 
140.91999914 -1.339762 
140.95999914 -1.339762 
140.99999914 -1.339762 
141.03999914 -0.4577776 
141.07999914 -0.4577776 
141.11999914 -0.4577776 
141.15999914 -0.4577776 
141.19999914 -0.4577776 
141.23999914 -0.4577776 
141.27999914 -0.4577776 
141.31999914 -0.4577776 
141.35999914 -0.4577776 
141.39999914 -0.4577776 
141.43999914 -0.4577776 
141.47999914 -0.4577776 
141.51999914 -0.4577776 
141.55999914 -0.4577776 
141.59999914 -0.4577776 
141.63999914 -0.4577776 
141.67999914 -0.4577776 
141.71999914 -0.4577776 
141.75999914 -0.4577776 
141.79999914 -0.4577776 
141.83999914 -0.4577776 
141.87999914 -0.4577776 
141.91999914 -0.4577776 
141.95999914 -0.4577776 
141.99999914 -0.4577776 
142.03999914 -0.4577776 
142.07999914 -0.4577776 
142.15999914 -0.4577776 
142.19999914 -0.4577776 
142.23999914 -0.4577776 
142.27999914 -0.4577776 
142.31999914 -0.4577776 
142.35999913 -0.4577776 
142.39999913 -0.4577776 
142.43999913 -0.4577776 
142.47999913 -0.4577776 
142.51999913 -0.4577776 
142.55999913 -0.4577776 
142.59999913 -1.339762 
142.63999913 -0.4577776 
142.67999913 -0.4577776 
142.71999913 -0.4577776 
142.75999913 -0.4577776 
142.79999913 -0.4577776 
142.83999913 -0.4577776 
142.87999913 -0.4577776 
142.91999913 -0.4577776 
142.95999913 -0.4577776 
142.99999913 -0.4577776 
143.03999913 -0.4577776 
143.07999913 -0.4577776 
143.11999913 -0.4577776 
143.15999913 -0.4577776 
143.19999913 -0.4577776 
143.23999913 -0.4577776 
143.27999913 -0.4577776 
143.31999913 -0.4577776 
143.35999913 -0.4577776 
143.39999913 -0.4577776 
143.43999913 -0.4577776 
143.47999913 -0.4577776 
143.51999913 -0.4577776 
143.55999913 -1.339762 
143.59999913 -0.4577776 
143.63999913 -0.4577776 
143.67999913 -0.4577776 
143.71999913 -0.4577776 
143.75999913 -1.339762 
143.79999913 -1.339762 
143.83999913 -1.339762 
143.87999913 -0.4577776 
143.91999913 -0.4577776 
143.95999913 -1.339762 
143.99999912 -1.339762 
144.03999912 -1.339762 
144.07999912 -1.339762 
144.11999912 -1.339762 
144.15999912 -1.339762 
144.19999912 -1.339762 
144.23999912 -1.339762 
144.27999912 -1.339762 
144.31999912 -1.339762 
144.35999912 -1.339762 
144.39999912 -1.339762 
144.43999912 -1.339762 
144.47999912 -1.339762 
144.51999912 -1.339762 
144.55999912 -1.339762 
144.59999912 -2.224799 
144.63999912 -1.339762 
144.67999912 -1.339762 
144.71999912 -1.339762 
144.75999912 -2.224799 
144.79999912 -1.339762 
144.83999912 -2.224799 
144.87999912 -2.224799 
144.91999912 -1.339762 
144.95999912 -2.224799 
144.99999912 -2.224799 
145.03999912 -2.224799 
145.07999912 -2.224799 
145.11999912 -2.224799 
145.15999912 -2.224799 
145.19999912 -2.224799 
145.23999912 -2.224799 
145.27999912 -2.224799 
145.31999912 -2.224799 
145.35999912 -1.339762 
145.39999912 -2.224799 
145.43999912 -2.224799 
145.47999912 -1.339762 
145.51999912 -2.224799 
145.55999912 -2.224799 
145.59999912 -2.224799 
145.63999911 -1.339762 
145.67999911 -1.339762 
145.71999911 -2.224799 
145.75999911 -2.224799 
145.79999911 -2.224799 
145.83999911 -1.339762 
145.87999911 -1.339762 
145.91999911 -1.339762 
145.95999911 -2.224799 
145.99999911 -2.224799 
146.03999911 -1.339762 
146.07999911 -1.339762 
146.11999911 -1.339762 
146.15999911 -2.224799 
146.19999911 -1.339762 
146.23999911 -1.339762 
146.27999911 -1.339762 
146.31999911 -1.339762 
146.35999911 -1.339762 
146.39999911 -1.339762 
146.43999911 -1.339762 
146.47999911 -1.339762 
146.51999911 -1.339762 
146.55999911 -0.4577776 
146.59999911 -1.339762 
146.63999911 -0.4577776 
146.67999911 -1.339762 
146.71999911 -1.339762 
146.75999911 -1.339762 
146.79999911 -1.339762 
146.83999911 -1.339762 
146.87999911 -1.339762 
146.91999911 -1.339762 
146.95999911 -1.339762 
146.99999911 -1.339762 
147.03999911 -0.4577776 
147.07999911 -0.4577776 
147.11999911 -0.4577776 
147.15999911 -0.4577776 
147.19999911 -1.339762 
147.23999911 -1.339762 
147.2799991 -0.4577776 
147.3199991 -0.4577776 
147.3599991 -0.4577776 
147.3999991 -0.4577776 
147.4799991 -0.4577776 
147.5199991 -1.339762 
147.6399991 -0.4577776 
147.6799991 -0.4577776 
147.8399991 -0.4577776 
147.8799991 -0.4577776 
147.9999991 -0.4577776 
148.0399991 -0.4577776 
148.1199991 -0.4577776 
148.3599991 -0.4577776 
150.75999908 -0.4577776 
151.03999908 -0.4577776 
151.11999908 -0.4577776 
151.15999908 -0.4577776 
151.19999908 -0.4577776 
151.23999908 -0.4577776 
151.27999908 -0.4577776 
151.31999908 -0.4577776 
151.35999908 -0.4577776 
151.39999908 -0.4577776 
151.43999908 -0.4577776 
151.47999908 -0.4577776 
151.51999908 -0.4577776 
151.55999908 -0.4577776 
151.59999908 -1.339762 
151.63999908 -0.4577776 
151.67999908 -0.4577776 
151.71999908 -0.4577776 
151.75999908 -0.4577776 
151.79999908 -1.339762 
151.83999908 -1.339762 
151.87999908 -1.339762 
151.91999908 -1.339762 
151.95999908 -1.339762 
151.99999908 -1.339762 
152.03999908 -1.339762 
152.07999908 -2.224799 
152.11999908 -1.339762 
152.15999908 -2.224799 
152.19999908 -2.224799 
152.23999907 -2.224799 
152.27999907 -2.224799 
152.31999907 -2.224799 
152.35999907 -2.224799 
152.39999907 -2.224799 
152.43999907 -2.224799 
152.47999907 -2.224799 
152.51999907 -2.224799 
152.55999907 -2.224799 
152.59999907 -2.224799 
152.63999907 -2.224799 
152.67999907 -2.224799 
152.71999907 -2.224799 
152.75999907 -3.994873 
152.79999907 -2.224799 
152.83999907 -2.224799 
152.87999907 -2.224799 
152.91999907 -3.109836 
152.95999907 -2.224799 
152.99999907 -2.224799 
153.03999907 -2.224799 
153.07999907 -2.224799 
153.11999907 -2.224799 
153.15999907 -2.224799 
153.19999907 -2.224799 
153.23999907 -1.339762 
153.27999907 -2.224799 
153.31999907 -3.109836 
153.35999907 -2.224799 
153.39999907 -3.109836 
153.43999907 -2.224799 
153.47999907 -2.224799 
153.51999907 -2.224799 
153.55999907 -2.224799 
153.59999907 -2.224799 
153.63999907 -3.109836 
153.67999907 -2.224799 
153.71999907 -3.109836 
153.75999907 -3.994873 
153.79999907 -3.109836 
153.83999907 -2.224799 
153.87999906 -3.109836 
153.91999906 -3.994873 
153.95999906 -2.224799 
153.99999906 -2.224799 
154.03999906 -2.224799 
154.07999906 -2.224799 
154.11999906 -3.109836 
154.15999906 -3.109836 
154.19999906 -3.109836 
154.23999906 -2.224799 
154.27999906 -3.994873 
154.31999906 -3.109836 
154.35999906 -3.109836 
154.39999906 -2.224799 
154.43999906 -2.224799 
154.47999906 -3.109836 
154.51999906 -2.224799 
154.55999906 -2.224799 
154.59999906 -2.224799 
154.63999906 -2.224799 
154.67999906 -2.224799 
154.71999906 -2.224799 
154.75999906 -2.224799 
154.79999906 -2.224799 
154.83999906 -2.224799 
154.87999906 -2.224799 
154.91999906 -2.224799 
154.95999906 -2.224799 
154.99999906 -2.224799 
155.03999906 -2.224799 
155.07999906 -2.224799 
155.11999906 -2.224799 
155.15999906 -2.224799 
155.19999906 -2.224799 
155.23999906 -2.224799 
155.27999906 -2.224799 
155.31999906 -2.224799 
155.35999906 -2.224799 
155.39999906 -1.339762 
155.43999906 -1.339762 
155.47999906 -2.224799 
155.51999905 -1.339762 
155.55999905 -1.339762 
155.59999905 -1.339762 
155.63999905 -1.339762 
155.67999905 -2.224799 
155.71999905 -1.339762 
155.75999905 -1.339762 
155.79999905 -1.339762 
155.83999905 -0.4577776 
155.87999905 -1.339762 
155.91999905 -1.339762 
155.95999905 -1.339762 
155.99999905 -0.4577776 
156.03999905 -1.339762 
156.07999905 -1.339762 
156.11999905 -1.339762 
156.15999905 -0.4577776 
156.19999905 -0.4577776 
156.23999905 -0.4577776 
156.27999905 -0.4577776 
156.31999905 -0.4577776 
156.35999905 -0.4577776 
156.39999905 -0.4577776 
156.43999905 -0.4577776 
156.47999905 -0.4577776 
156.51999905 -0.4577776 
156.55999905 -0.4577776 
156.59999905 -0.4577776 
156.63999905 -0.4577776 
156.67999905 -0.4577776 
156.71999905 -0.4577776 
156.75999905 -0.4577776 
156.79999905 -0.4577776 
156.83999905 -0.4577776 
156.87999905 -0.4577776 
156.91999905 -0.4577776 
156.95999905 -0.4577776 
156.99999905 -0.4577776 
157.03999905 -0.4577776 
157.11999905 -0.4577776 
157.99999904 -0.4577776 
158.27999904 -0.4577776 
158.35999904 -0.4577776 
158.39999904 -0.4577776 
158.43999904 -0.4577776 
158.59999904 -0.4577776 
158.67999904 -0.4577776 
158.71999904 -0.4577776 
158.75999904 -0.4577776 
158.79999903 -0.4577776 
158.83999903 -0.4577776 
158.87999903 -0.4577776 
158.91999903 -0.4577776 
158.95999903 -0.4577776 
158.99999903 -0.4577776 
159.03999903 -0.4577776 
159.07999903 -0.4577776 
159.11999903 -0.4577776 
159.15999903 -0.4577776 
159.19999903 -0.4577776 
159.23999903 -0.4577776 
159.27999903 -0.4577776 
159.31999903 -0.4577776 
159.35999903 -0.4577776 
159.39999903 -0.4577776 
159.43999903 -1.339762 
159.47999903 -0.4577776 
159.51999903 -1.339762 
159.55999903 -1.339762 
159.59999903 -0.4577776 
159.63999903 -1.339762 
159.67999903 -1.339762 
159.71999903 -0.4577776 
159.75999903 -0.4577776 
159.79999903 -1.339762 
159.83999903 -0.4577776 
159.87999903 -1.339762 
159.91999903 -1.339762 
159.95999903 -1.339762 
159.99999903 -1.339762 
160.03999903 -1.339762 
160.07999903 -1.339762 
160.11999903 -1.339762 
160.15999903 -1.339762 
160.19999903 -1.339762 
160.23999903 -1.339762 
160.27999903 -1.339762 
160.31999903 -1.339762 
160.35999903 -1.339762 
160.39999903 -1.339762 
160.43999902 -1.339762 
160.47999902 -1.339762 
160.51999902 -1.339762 
160.55999902 -1.339762 
160.59999902 -1.339762 
160.63999902 -1.339762 
160.67999902 -1.339762 
160.71999902 -2.224799 
160.75999902 -1.339762 
160.79999902 -1.339762 
160.83999902 -1.339762 
160.87999902 -1.339762 
160.91999902 -1.339762 
160.95999902 -1.339762 
160.99999902 -1.339762 
161.03999902 -1.339762 
161.07999902 -1.339762 
161.11999902 -1.339762 
161.15999902 -1.339762 
161.19999902 -1.339762 
161.23999902 -1.339762 
161.27999902 -1.339762 
161.31999902 -1.339762 
161.35999902 -1.339762 
161.39999902 -1.339762 
161.43999902 -1.339762 
161.47999902 -1.339762 
161.51999902 -0.4577776 
161.55999902 -0.4577776 
161.59999902 -0.4577776 
161.63999902 -0.4577776 
161.67999902 -0.4577776 
161.71999902 -0.4577776 
161.75999902 -0.4577776 
161.79999902 -0.4577776 
161.83999902 -0.4577776 
161.87999902 -0.4577776 
161.91999902 -0.4577776 
161.95999902 -0.4577776 
161.99999902 -0.4577776 
162.03999902 -0.4577776 
162.07999901 -0.4577776 
162.11999901 -0.4577776 
162.15999901 -0.4577776 
162.19999901 -0.4577776 
162.23999901 -0.4577776 
162.27999901 -0.4577776 
162.31999901 -0.4577776 
162.35999901 -0.4577776 
162.43999901 -0.4577776 
162.63999901 -0.4577776 
165.63999899 -0.4577776 
168.83999897 -0.4577776 
168.95999897 -0.4577776 
169.03999897 -0.4577776 
169.07999897 -0.4577776 
169.11999897 -0.4577776 
169.19999897 -0.4577776 
169.23999897 -0.4577776 
169.27999897 -0.4577776 
169.31999897 -0.4577776 
169.35999897 -1.339762 
169.39999897 -1.339762 
169.43999897 -1.339762 
169.47999897 -1.339762 
169.51999897 -1.339762 
169.55999897 -1.339762 
169.59999897 -1.339762 
169.63999897 -1.339762 
169.67999897 -1.339762 
169.71999897 -2.224799 
169.75999897 -1.339762 
169.79999897 -1.339762 
169.83999897 -2.224799 
169.87999897 -2.224799 
169.91999897 -1.339762 
169.95999897 -2.224799 
169.99999897 -2.224799 
170.03999897 -2.224799 
170.07999897 -2.224799 
170.11999897 -2.224799 
170.15999897 -2.224799 
170.19999897 -2.224799 
170.23999897 -2.224799 
170.27999897 -2.224799 
170.31999896 -2.224799 
170.35999896 -2.224799 
170.39999896 -2.224799 
170.43999896 -2.224799 
170.47999896 -2.224799 
170.51999896 -2.224799 
170.55999896 -2.224799 
170.59999896 -3.109836 
170.63999896 -2.224799 
170.67999896 -2.224799 
170.71999896 -2.224799 
170.75999896 -2.224799 
170.79999896 -2.224799 
170.83999896 -2.224799 
170.87999896 -3.109836 
170.91999896 -3.109836 
170.95999896 -2.224799 
170.99999896 -2.224799 
171.03999896 -2.224799 
171.07999896 -2.224799 
171.11999896 -2.224799 
171.15999896 -2.224799 
171.19999896 -2.224799 
171.23999896 -3.109836 
171.27999896 -3.109836 
171.31999896 -3.109836 
171.35999896 -2.224799 
171.39999896 -3.109836 
171.43999896 -2.224799 
171.47999896 -2.224799 
171.51999896 -3.109836 
171.55999896 -3.109836 
171.59999896 -3.994873 
171.63999896 -2.224799 
171.67999896 -3.994873 
171.71999896 -3.109836 
171.75999896 -3.109836 
171.79999896 -3.994873 
171.83999896 -3.994873 
171.87999896 -3.109836 
171.91999896 -3.994873 
171.95999895 -3.994873 
171.99999895 -3.994873 
172.03999895 -3.994873 
172.07999895 -3.994873 
172.11999895 -3.994873 
172.15999895 -3.994873 
172.19999895 -3.994873 
172.23999895 -3.994873 
172.27999895 -3.994873 
172.31999895 -3.994873 
172.35999895 -3.994873 
172.39999895 -3.994873 
172.43999895 -3.994873 
172.47999895 -3.994873 
172.51999895 -3.994873 
172.55999895 -3.994873 
172.59999895 -3.994873 
172.63999895 -3.994873 
172.67999895 -3.994873 
172.71999895 -3.994873 
172.75999895 -3.994873 
172.79999895 -3.994873 
172.83999895 -3.994873 
172.87999895 -3.994873 
172.91999895 -3.994873 
172.95999895 -4.87991 
172.99999895 -4.87991 
173.03999895 -4.87991 
173.07999895 -3.994873 
173.11999895 -3.994873 
173.15999895 -4.87991 
173.19999895 -4.87991 
173.23999895 -3.994873 
173.27999895 -4.87991 
173.31999895 -4.87991 
173.35999895 -4.87991 
173.39999895 -4.87991 
173.43999895 -4.87991 
173.47999895 -4.87991 
173.51999895 -4.87991 
173.55999895 -4.87991 
173.59999894 -4.87991 
173.63999894 -4.87991 
173.67999894 -4.87991 
173.71999894 -4.87991 
173.75999894 -4.87991 
173.79999894 -4.87991 
173.83999894 -4.87991 
173.87999894 -4.87991 
173.91999894 -4.87991 
173.95999894 -4.87991 
173.99999894 -4.87991 
174.03999894 -4.87991 
174.07999894 -4.87991 
174.11999894 -5.764946 
174.15999894 -4.87991 
174.19999894 -4.87991 
174.23999894 -4.87991 
174.27999894 -4.87991 
174.31999894 -4.87991 
174.35999894 -5.764946 
174.39999894 -4.87991 
174.43999894 -4.87991 
174.47999894 -4.87991 
174.51999894 -3.994873 
174.55999894 -3.994873 
174.59999894 -5.764946 
174.63999894 -5.764946 
174.67999894 -3.994873 
174.71999894 -3.994873 
174.75999894 -4.87991 
174.79999894 -3.994873 
174.83999894 -3.994873 
174.87999894 -4.87991 
174.91999894 -4.87991 
174.95999894 -3.994873 
174.99999894 -3.994873 
175.03999894 -3.994873 
175.07999894 -3.994873 
175.11999894 -3.994873 
175.15999894 -3.994873 
175.19999894 -3.994873 
175.23999893 -3.994873 
175.27999893 -3.994873 
175.31999893 -3.994873 
175.35999893 -3.994873 
175.39999893 -3.994873 
175.43999893 -3.994873 
175.47999893 -3.109836 
175.51999893 -3.109836 
175.55999893 -3.994873 
175.59999893 -3.109836 
175.63999893 -3.109836 
175.67999893 -2.224799 
175.71999893 -3.109836 
175.75999893 -3.109836 
175.79999893 -3.994873 
175.83999893 -3.109836 
175.87999893 -3.109836 
175.91999893 -2.224799 
175.95999893 -2.224799 
175.99999893 -3.109836 
176.03999893 -2.224799 
176.07999893 -3.109836 
176.11999893 -2.224799 
176.15999893 -2.224799 
176.19999893 -2.224799 
176.23999893 -2.224799 
176.27999893 -2.224799 
176.31999893 -2.224799 
176.35999893 -2.224799 
176.39999893 -2.224799 
176.43999893 -2.224799 
176.47999893 -2.224799 
176.51999893 -2.224799 
176.55999893 -2.224799 
176.59999893 -2.224799 
176.63999893 -2.224799 
176.67999893 -2.224799 
176.71999893 -2.224799 
176.75999893 -2.224799 
176.79999893 -2.224799 
176.83999893 -1.339762 
176.87999893 -1.339762 
176.91999892 -2.224799 
176.95999892 -1.339762 
176.99999892 -1.339762 
177.03999892 -1.339762 
177.07999892 -1.339762 
177.11999892 -2.224799 
177.15999892 -1.339762 
177.19999892 -1.339762 
177.23999892 -1.339762 
177.27999892 -1.339762 
177.31999892 -1.339762 
177.35999892 -1.339762 
177.39999892 -1.339762 
177.43999892 -0.4577776 
177.47999892 -0.4577776 
177.51999892 -1.339762 
177.55999892 -0.4577776 
177.59999892 -0.4577776 
177.63999892 -1.339762 
177.67999892 -0.4577776 
177.71999892 -0.4577776 
177.75999892 -0.4577776 
177.79999892 -0.4577776 
177.83999892 -0.4577776 
177.87999892 -0.4577776 
177.91999892 -0.4577776 
177.95999892 -0.4577776 
177.99999892 -0.4577776 
178.03999892 -0.4577776 
178.07999892 -0.4577776 
178.23999892 -0.4577776 
179.07999891 -0.4577776 
184.43999888 -0.4577776 
184.51999888 -0.4577776 
184.59999888 -0.4577776 
184.63999888 -0.4577776 
184.67999888 -0.4577776 
184.71999888 -0.4577776 
184.75999888 -0.4577776 
184.79999888 -0.4577776 
184.83999888 -0.4577776 
184.87999888 -0.4577776 
184.91999888 -0.4577776 
184.95999888 -0.4577776 
184.99999888 -0.4577776 
185.03999888 -0.4577776 
185.07999888 -1.339762 
185.11999887 -0.4577776 
185.15999887 -0.4577776 
185.19999887 -1.339762 
185.23999887 -0.4577776 
185.27999887 -1.339762 
185.31999887 -1.339762 
185.35999887 -1.339762 
185.39999887 -1.339762 
185.43999887 -1.339762 
185.47999887 -1.339762 
185.51999887 -1.339762 
185.55999887 -1.339762 
185.59999887 -2.224799 
185.63999887 -2.224799 
185.67999887 -2.224799 
185.71999887 -2.224799 
185.75999887 -2.224799 
185.79999887 -2.224799 
185.83999887 -2.224799 
185.87999887 -2.224799 
185.91999887 -2.224799 
185.95999887 -2.224799 
185.99999887 -2.224799 
186.03999887 -2.224799 
186.07999887 -2.224799 
186.11999887 -2.224799 
186.15999887 -2.224799 
186.19999887 -2.224799 
186.23999887 -2.224799 
186.27999887 -2.224799 
186.31999887 -2.224799 
186.35999887 -2.224799 
186.39999887 -2.224799 
186.43999887 -2.224799 
186.47999887 -2.224799 
186.51999887 -2.224799 
186.55999887 -2.224799 
186.59999887 -2.224799 
186.63999887 -2.224799 
186.67999887 -2.224799 
186.71999887 -2.224799 
186.75999886 -2.224799 
186.79999886 -2.224799 
186.83999886 -2.224799 
186.87999886 -2.224799 
186.91999886 -2.224799 
186.95999886 -2.224799 
186.99999886 -1.339762 
187.03999886 -2.224799 
187.07999886 -1.339762 
187.11999886 -2.224799 
187.15999886 -1.339762 
187.19999886 -1.339762 
187.23999886 -1.339762 
187.27999886 -2.224799 
187.31999886 -1.339762 
187.35999886 -1.339762 
187.39999886 -1.339762 
187.43999886 -1.339762 
187.47999886 -1.339762 
187.51999886 -1.339762 
187.55999886 -1.339762 
187.59999886 -1.339762 
187.63999886 -1.339762 
187.67999886 -1.339762 
187.71999886 -1.339762 
187.75999886 -0.4577776 
187.79999886 -1.339762 
187.83999886 -1.339762 
187.87999886 -1.339762 
187.91999886 -0.4577776 
187.95999886 -0.4577776 
187.99999886 -0.4577776 
188.03999886 -0.4577776 
188.07999886 -0.4577776 
188.11999886 -0.4577776 
188.15999886 -0.4577776 
188.19999886 -0.4577776 
188.23999886 -0.4577776 
188.27999886 -0.4577776 
188.31999886 -0.4577776 
188.35999886 -0.4577776 
188.39999886 -0.4577776 
188.43999885 -0.4577776 
188.47999885 -0.4577776 
188.51999885 -0.4577776 
188.55999885 -0.4577776 
188.59999885 -0.4577776 
188.67999885 -0.4577776 
188.83999885 -0.4577776 
188.91999885 -0.4577776 
188.95999885 -0.4577776 
190.31999884 -0.4577776 
190.43999884 -0.4577776 
190.55999884 -0.4577776 
190.63999884 -0.4577776 
190.67999884 -0.4577776 
190.71999884 -0.4577776 
190.75999884 -0.4577776 
190.79999884 -0.4577776 
190.83999884 -0.4577776 
190.91999884 -0.4577776 
190.95999884 -0.4577776 
190.99999884 -0.4577776 
191.03999884 -0.4577776 
191.07999884 -1.339762 
191.11999884 -1.339762 
191.15999884 -1.339762 
191.19999884 -1.339762 
191.23999884 -1.339762 
191.27999884 -1.339762 
191.31999884 -2.224799 
191.35999884 -1.339762 
191.39999884 -1.339762 
191.43999884 -1.339762 
191.47999884 -2.224799 
191.51999884 -1.339762 
191.55999884 -2.224799 
191.59999884 -1.339762 
191.63999884 -2.224799 
191.67999884 -2.224799 
191.71999883 -2.224799 
191.75999883 -2.224799 
191.79999883 -2.224799 
191.83999883 -2.224799 
191.87999883 -2.224799 
191.91999883 -2.224799 
191.95999883 -3.109836 
191.99999883 -2.224799 
192.03999883 -2.224799 
192.07999883 -2.224799 
192.11999883 -2.224799 
192.15999883 -2.224799 
192.19999883 -2.224799 
192.23999883 -3.994873 
192.27999883 -2.224799 
192.31999883 -2.224799 
192.35999883 -2.224799 
192.39999883 -2.224799 
192.43999883 -2.224799 
192.47999883 -2.224799 
192.51999883 -2.224799 
192.55999883 -2.224799 
192.59999883 -2.224799 
192.63999883 -3.109836 
192.67999883 -3.109836 
192.71999883 -3.109836 
192.75999883 -2.224799 
192.79999883 -3.109836 
192.83999883 -3.109836 
192.87999883 -2.224799 
192.91999883 -3.109836 
192.95999883 -2.224799 
192.99999883 -2.224799 
193.03999883 -2.224799 
193.07999883 -2.224799 
193.11999883 -3.109836 
193.15999883 -3.109836 
193.19999883 -2.224799 
193.23999883 -2.224799 
193.27999883 -2.224799 
193.31999883 -2.224799 
193.35999882 -2.224799 
193.39999882 -2.224799 
193.43999882 -3.109836 
193.47999882 -2.224799 
193.51999882 -2.224799 
193.55999882 -2.224799 
193.59999882 -2.224799 
193.63999882 -2.224799 
193.67999882 -2.224799 
193.71999882 -2.224799 
193.75999882 -2.224799 
193.79999882 -2.224799 
193.83999882 -2.224799 
193.87999882 -2.224799 
193.91999882 -2.224799 
193.95999882 -2.224799 
193.99999882 -1.339762 
194.03999882 -1.339762 
194.07999882 -1.339762 
194.11999882 -1.339762 
194.15999882 -1.339762 
194.19999882 -1.339762 
194.23999882 -1.339762 
194.27999882 -0.4577776 
194.31999882 -0.4577776 
194.35999882 -0.4577776 
194.39999882 -0.4577776 
194.43999882 -0.4577776 
194.47999882 -0.4577776 
194.51999882 -0.4577776 
194.55999882 -0.4577776 
194.59999882 -0.4577776 
196.8399988 -0.4577776 
196.8799988 -0.4577776 
196.9599988 -0.4577776 
196.9999988 -0.4577776 
197.0399988 -0.4577776 
197.0799988 -0.4577776 
197.1199988 -1.339762 
197.1599988 -0.4577776 
197.1999988 -1.339762 
197.2399988 -1.339762 
197.2799988 -1.339762 
197.3199988 -1.339762 
197.3599988 -1.339762 
197.3999988 -1.339762 
197.4399988 -1.339762 
197.4799988 -2.224799 
197.5199988 -2.224799 
197.5599988 -2.224799 
197.5999988 -2.224799 
197.6399988 -2.224799 
197.6799988 -2.224799 
197.7199988 -2.224799 
197.7599988 -2.224799 
197.7999988 -2.224799 
197.8399988 -2.224799 
197.8799988 -2.224799 
197.9199988 -2.224799 
197.9599988 -2.224799 
197.9999988 -2.224799 
198.0399988 -2.224799 
198.0799988 -3.109836 
198.1199988 -3.109836 
198.1599988 -3.109836 
198.1999988 -3.109836 
198.2399988 -3.109836 
198.27999879 -3.109836 
198.31999879 -3.109836 
198.35999879 -3.109836 
198.39999879 -2.224799 
198.43999879 -2.224799 
198.47999879 -3.109836 
198.51999879 -3.994873 
198.55999879 -3.994873 
198.59999879 -3.109836 
198.63999879 -3.109836 
198.67999879 -3.109836 
198.71999879 -2.224799 
198.75999879 -3.109836 
198.79999879 -3.994873 
198.83999879 -3.109836 
198.87999879 -3.109836 
198.91999879 -3.109836 
198.95999879 -3.994873 
198.99999879 -3.109836 
199.03999879 -3.109836 
199.07999879 -2.224799 
199.11999879 -3.109836 
199.15999879 -2.224799 
199.19999879 -3.109836 
199.23999879 -3.109836 
199.27999879 -3.109836 
199.31999879 -2.224799 
199.35999879 -2.224799 
199.39999879 -2.224799 
199.43999879 -2.224799 
199.47999879 -2.224799 
199.51999879 -2.224799 
199.55999879 -2.224799 
199.59999879 -2.224799 
199.63999879 -2.224799 
199.67999879 -2.224799 
199.71999879 -2.224799 
199.75999879 -2.224799 
199.79999879 -2.224799 
199.83999879 -1.339762 
199.87999879 -2.224799 
199.91999878 -2.224799 
199.95999878 -2.224799 
199.99999878 -2.224799 
200.03999878 -1.339762 
200.07999878 -2.224799 
200.11999878 -1.339762 
0 0 
