0.0 -0.4989776 
0.04 -0.4989776 
1.27999999 -0.4989776 
2.99999998 -0.4989776 
5.31999997 -0.941496 
7.95999995 -2.267525 
8.71999995 -0.4989776 
9.07999994 -0.4989776 
10.31999994 -0.4989776 
11.39999993 -0.4989776 
11.43999993 -0.4989776 
11.67999993 -0.4989776 
12.39999992 -0.4989776 
12.43999992 -0.4989776 
12.59999992 -0.4989776 
12.63999992 -0.4989776 
12.67999992 -0.4989776 
12.71999992 -0.4989776 
12.83999992 -0.4989776 
12.91999992 -0.4989776 
12.99999992 -0.4989776 
13.03999992 -0.4989776 
13.07999992 -0.4989776 
13.11999992 -0.4989776 
13.15999992 -0.4989776 
13.27999992 -0.4989776 
13.31999992 -0.4989776 
13.39999992 -0.4989776 
13.43999992 -1.825007 
13.47999992 -0.941496 
13.51999992 -0.4989776 
13.59999992 -0.4989776 
13.63999992 -0.4989776 
13.75999992 -1.382488 
13.79999992 -1.382488 
13.83999992 -0.4989776 
13.87999992 -0.4989776 
13.91999992 -0.4989776 
13.95999992 -0.4989776 
13.99999991 -0.4989776 
14.03999991 -0.941496 
14.07999991 -0.941496 
14.11999991 -0.4989776 
14.15999991 -0.941496 
14.19999991 -0.941496 
14.23999991 -0.941496 
14.27999991 -0.4989776 
14.31999991 -0.4989776 
14.35999991 -0.4989776 
14.39999991 -0.4989776 
14.43999991 -0.941496 
14.55999991 -0.4989776 
14.59999991 -0.941496 
14.63999991 -1.825007 
14.67999991 -0.941496 
14.75999991 -0.4989776 
14.79999991 -0.941496 
14.83999991 -0.4989776 
14.87999991 -0.4989776 
14.95999991 -0.4989776 
14.99999991 -0.941496 
15.03999991 -0.941496 
15.15999991 -0.4989776 
15.19999991 -0.941496 
15.23999991 -0.4989776 
15.31999991 -0.4989776 
15.35999991 -0.941496 
15.39999991 -0.4989776 
15.47999991 -0.4989776 
15.51999991 -0.941496 
15.8799999 -0.4989776 
17.87999989 -0.4989776 
18.59999989 -0.4989776 
19.03999988 -0.4989776 
19.55999988 -0.4989776 
19.71999988 -0.4989776 
19.87999988 -0.4989776 
20.15999988 -0.4989776 
20.19999988 -0.4989776 
20.83999987 -0.941496 
23.19999986 -0.4989776 
23.67999986 -0.4989776 
23.87999985 -0.4989776 
23.91999985 -0.941496 
23.95999985 -0.941496 
24.15999985 -1.825007 
24.19999985 -0.4989776 
24.31999985 -0.941496 
24.35999985 -0.941496 
24.43999985 -0.4989776 
24.47999985 -0.4989776 
24.59999985 -0.941496 
24.63999985 -0.941496 
24.71999985 -0.941496 
24.75999985 -0.941496 
24.79999985 -0.4989776 
24.83999985 -0.4989776 
24.87999985 -0.941496 
24.91999985 -0.4989776 
24.99999985 -0.4989776 
25.03999985 -0.4989776 
25.07999985 -0.4989776 
25.11999985 -0.941496 
25.15999985 -0.941496 
25.19999985 -0.4989776 
25.23999985 -0.941496 
25.27999985 -0.4989776 
25.31999985 -0.4989776 
25.35999985 -0.941496 
25.39999985 -0.4989776 
25.43999985 -0.4989776 
25.47999985 -0.941496 
25.51999984 -0.941496 
25.55999984 -0.941496 
25.59999984 -0.941496 
25.63999984 -0.4989776 
25.67999984 -0.4989776 
25.71999984 -0.4989776 
25.75999984 -0.4989776 
25.79999984 -0.4989776 
25.83999984 -0.4989776 
25.87999984 -0.4989776 
25.91999984 -0.4989776 
25.95999984 -0.4989776 
25.99999984 -0.4989776 
26.03999984 -0.4989776 
26.11999984 -0.4989776 
26.31999984 -0.4989776 
26.35999984 -0.4989776 
26.39999984 -0.4989776 
26.79999984 -0.4989776 
28.23999983 -0.4989776 
28.31999983 -1.825007 
28.35999983 -2.708518 
28.39999983 -0.4989776 
28.51999983 -0.4989776 
28.75999983 -2.267525 
28.79999982 -1.825007 
28.91999982 -0.4989776 
29.07999982 -1.825007 
29.23999982 -0.941496 
31.35999981 -0.4989776 
34.39999979 -0.4989776 
35.67999978 -0.4989776 
35.83999978 -0.4989776 
35.87999978 -0.941496 
36.11999978 -0.4989776 
36.15999978 -0.4989776 
36.19999978 -0.4989776 
36.23999978 -0.4989776 
36.35999978 -0.4989776 
36.47999978 -0.4989776 
36.55999978 -0.4989776 
36.59999978 -0.4989776 
36.75999978 -0.4989776 
36.79999978 -0.4989776 
36.83999978 -0.4989776 
36.87999978 -0.4989776 
36.91999978 -0.4989776 
36.95999978 -0.4989776 
37.03999977 -0.4989776 
37.07999977 -0.941496 
37.19999977 -0.4989776 
37.23999977 -0.4989776 
37.35999977 -0.4989776 
37.39999977 -0.4989776 
37.47999977 -0.4989776 
37.51999977 -0.4989776 
37.55999977 -0.4989776 
37.71999977 -0.4989776 
37.95999977 -0.4989776 
38.15999977 -0.4989776 
40.43999975 -0.4989776 
40.55999975 -0.4989776 
40.59999975 -0.4989776 
41.03999975 -0.4989776 
41.63999975 -0.4989776 
41.79999975 -0.4989776 
44.15999973 -0.4989776 
44.75999973 -0.941496 
46.59999972 -0.4989776 
46.63999972 -0.941496 
46.67999972 -0.4989776 
46.87999972 -0.4989776 
46.95999971 -0.4989776 
47.03999971 -0.4989776 
47.11999971 -0.941496 
47.15999971 -1.382488 
47.27999971 -0.4989776 
47.31999971 -0.4989776 
47.35999971 -0.4989776 
47.39999971 -0.941496 
47.43999971 -0.941496 
47.47999971 -0.4989776 
47.51999971 -0.4989776 
47.55999971 -0.4989776 
47.59999971 -0.941496 
47.63999971 -0.4989776 
47.67999971 -0.4989776 
47.71999971 -0.4989776 
47.75999971 -0.4989776 
47.79999971 -0.4989776 
47.83999971 -0.941496 
47.87999971 -0.941496 
47.91999971 -0.4989776 
47.95999971 -0.4989776 
47.99999971 -0.4989776 
48.03999971 -0.4989776 
48.07999971 -0.4989776 
48.11999971 -0.4989776 
48.15999971 -0.4989776 
48.19999971 -0.4989776 
48.27999971 -0.4989776 
48.31999971 -0.4989776 
48.35999971 -0.4989776 
48.43999971 -0.4989776 
48.51999971 -0.4989776 
48.5599997 -0.4989776 
48.5999997 -0.941496 
48.6399997 -0.4989776 
48.6799997 -0.4989776 
48.7599997 -0.4989776 
48.9199997 -0.4989776 
49.3999997 -0.4989776 
50.31999969 -0.4989776 
51.23999969 -0.4989776 
51.87999968 -0.4989776 
51.99999968 -0.4989776 
52.15999968 -0.4989776 
52.23999968 -0.4989776 
52.27999968 -0.4989776 
52.39999968 -0.941496 
52.43999968 -0.4989776 
52.59999968 -0.4989776 
52.63999968 -0.941496 
52.67999968 -0.4989776 
52.75999968 -0.4989776 
52.79999968 -0.4989776 
52.87999968 -0.4989776 
52.91999968 -0.4989776 
52.95999968 -0.4989776 
53.11999968 -0.4989776 
53.51999967 -0.4989776 
53.55999967 -0.4989776 
53.83999967 -1.825007 
53.87999967 -3.593554 
53.99999967 -0.941496 
54.03999967 -0.4989776 
54.27999967 -0.4989776 
57.51999965 -1.825007 
57.91999965 -1.825007 
57.99999965 -0.4989776 
58.03999965 -4.477065 
58.07999965 -1.825007 
58.15999965 -0.4989776 
58.19999965 -0.941496 
58.43999964 -3.151036 
58.47999964 -1.382488 
58.59999964 -1.382488 
58.71999964 -0.941496 
58.75999964 -1.825007 
58.91999964 -0.4989776 
59.11999964 -0.4989776 
59.27999964 -0.941496 
60.35999963 -0.4989776 
60.39999963 -0.4989776 
60.55999963 -0.4989776 
60.67999963 -0.941496 
60.83999963 -0.4989776 
61.59999963 -0.4989776 
62.03999962 -0.4989776 
62.71999962 -0.4989776 
64.11999961 -0.4989776 
64.39999961 -0.4989776 
64.43999961 -0.4989776 
64.47999961 -0.941496 
64.63999961 -0.4989776 
64.75999961 -0.941496 
64.79999961 -0.4989776 
65.2399996 -0.4989776 
65.2799996 -0.4989776 
69.19999958 -0.4989776 
69.27999958 -0.4989776 
70.79999957 -0.4989776 
70.91999957 -0.4989776 
72.35999956 -0.4989776 
72.51999956 -0.4989776 
72.55999956 -0.4989776 
72.59999956 -0.4989776 
72.83999956 -0.4989776 
72.87999956 -0.4989776 
72.91999956 -0.4989776 
72.95999956 -0.4989776 
73.03999956 -0.4989776 
73.07999956 -0.4989776 
73.11999956 -0.4989776 
73.15999956 -0.4989776 
73.19999956 -0.4989776 
73.23999955 -0.4989776 
73.27999955 -0.941496 
73.31999955 -0.941496 
73.35999955 -0.4989776 
73.39999955 -0.4989776 
73.43999955 -0.941496 
73.47999955 -0.941496 
73.55999955 -0.941496 
73.59999955 -0.941496 
73.67999955 -0.4989776 
73.71999955 -0.941496 
73.75999955 -0.941496 
73.79999955 -0.4989776 
73.83999955 -0.941496 
73.87999955 -0.941496 
73.91999955 -0.4989776 
73.95999955 -0.941496 
73.99999955 -0.941496 
74.03999955 -0.941496 
74.07999955 -0.941496 
74.11999955 -0.4989776 
74.15999955 -0.4989776 
74.19999955 -0.941496 
74.23999955 -0.941496 
74.27999955 -0.4989776 
74.31999955 -0.4989776 
74.35999955 -0.941496 
74.39999955 -0.941496 
74.43999955 -0.941496 
74.47999955 -0.941496 
74.51999955 -0.941496 
74.55999955 -0.4989776 
74.59999955 -0.4989776 
74.63999955 -0.4989776 
74.67999955 -1.382488 
74.71999955 -0.941496 
74.75999955 -0.4989776 
74.79999955 -0.4989776 
74.83999955 -0.4989776 
74.87999954 -0.4989776 
74.91999954 -0.941496 
74.95999954 -1.382488 
74.99999954 -0.941496 
75.03999954 -0.941496 
75.07999954 -0.4989776 
75.11999954 -0.941496 
75.15999954 -0.4989776 
75.19999954 -0.941496 
75.23999954 -0.4989776 
75.27999954 -0.941496 
75.31999954 -0.4989776 
75.35999954 -0.4989776 
75.39999954 -0.4989776 
75.43999954 -0.4989776 
75.47999954 -0.4989776 
75.55999954 -0.941496 
75.59999954 -0.4989776 
75.63999954 -0.4989776 
75.67999954 -0.4989776 
75.71999954 -0.4989776 
75.75999954 -0.4989776 
75.79999954 -0.4989776 
75.83999954 -0.4989776 
75.91999954 -0.4989776 
75.95999954 -0.4989776 
76.03999954 -0.4989776 
76.19999954 -0.4989776 
76.23999954 -0.4989776 
76.71999953 -0.4989776 
76.75999953 -0.4989776 
76.91999953 -0.4989776 
77.11999953 -0.4989776 
83.67999949 -0.941496 
84.51999949 -0.4989776 
85.11999948 -0.4989776 
85.47999948 -0.4989776 
86.15999948 -0.4989776 
86.99999947 -1.825007 
87.11999947 -5.360576 
87.27999947 -1.825007 
87.59999947 -1.825007 
87.63999947 -3.593554 
87.75999947 -0.4989776 
87.79999947 -0.4989776 
87.91999947 -2.267525 
90.23999945 -0.4989776 
90.35999945 -0.4989776 
90.39999945 -0.4989776 
90.51999945 -0.4989776 
90.75999945 -0.4989776 
90.83999945 -0.4989776 
90.99999945 -0.4989776 
94.67999942 -0.4989776 
95.35999942 -0.941496 
95.51999942 -0.941496 
95.55999942 -0.941496 
95.75999942 -0.4989776 
95.79999942 -0.4989776 
95.87999942 -0.4989776 
95.91999942 -0.4989776 
95.95999942 -0.4989776 
95.99999942 -0.941496 
96.03999942 -0.941496 
96.11999942 -0.4989776 
96.15999942 -0.4989776 
96.23999942 -0.4989776 
96.27999941 -0.941496 
96.31999941 -0.4989776 
96.35999941 -0.4989776 
96.39999941 -0.941496 
96.43999941 -0.941496 
96.47999941 -0.941496 
96.51999941 -0.941496 
96.55999941 -0.4989776 
96.59999941 -0.941496 
96.63999941 -0.941496 
96.67999941 -0.941496 
96.71999941 -0.941496 
96.75999941 -0.4989776 
96.83999941 -0.941496 
96.87999941 -0.941496 
96.91999941 -0.941496 
96.95999941 -2.267525 
97.03999941 -0.4989776 
97.07999941 -1.382488 
97.11999941 -0.941496 
97.19999941 -0.941496 
97.23999941 -0.941496 
97.27999941 -0.4989776 
97.31999941 -0.4989776 
97.35999941 -0.4989776 
97.39999941 -0.4989776 
97.47999941 -0.4989776 
97.51999941 -0.4989776 
97.55999941 -0.4989776 
97.59999941 -0.4989776 
97.63999941 -0.4989776 
97.67999941 -0.4989776 
97.71999941 -0.4989776 
97.79999941 -0.4989776 
97.83999941 -0.4989776 
97.9599994 -0.4989776 
97.9999994 -0.941496 
98.0399994 -0.4989776 
98.0799994 -0.4989776 
98.2399994 -0.4989776 
98.2799994 -0.4989776 
98.3199994 -0.4989776 
98.3999994 -0.4989776 
98.5199994 -0.4989776 
99.87999939 -0.4989776 
100.11999939 -0.4989776 
100.75999939 -0.4989776 
100.83999939 -0.4989776 
100.87999939 -0.4989776 
101.07999939 -0.4989776 
101.11999939 -0.4989776 
101.15999939 -0.4989776 
101.27999938 -0.4989776 
101.35999938 -0.4989776 
101.43999938 -0.4989776 
101.51999938 -0.4989776 
101.55999938 -0.941496 
101.59999938 -0.941496 
101.71999938 -0.4989776 
101.75999938 -0.941496 
101.79999938 -0.941496 
101.91999938 -0.4989776 
101.95999938 -0.941496 
101.99999938 -0.4989776 
102.07999938 -0.941496 
102.11999938 -0.4989776 
102.15999938 -0.4989776 
102.19999938 -0.4989776 
102.23999938 -0.4989776 
102.35999938 -0.4989776 
102.39999938 -0.4989776 
102.43999938 -0.4989776 
102.47999938 -0.4989776 
102.51999938 -0.4989776 
102.59999938 -0.4989776 
102.71999938 -0.4989776 
102.75999938 -0.4989776 
102.79999938 -0.4989776 
102.83999937 -0.4989776 
102.87999937 -0.4989776 
107.67999935 -0.4989776 
107.71999935 -0.4989776 
107.99999934 -0.4989776 
109.83999933 -0.4989776 
111.67999932 -0.4989776 
111.83999932 -0.4989776 
112.11999932 -0.4989776 
112.15999932 -0.4989776 
112.19999932 -0.4989776 
112.23999932 -0.4989776 
112.43999932 -0.4989776 
112.47999932 -0.4989776 
112.51999932 -0.941496 
112.55999932 -0.941496 
112.59999932 -0.941496 
112.63999932 -0.4989776 
112.71999931 -0.4989776 
112.75999931 -0.4989776 
112.79999931 -0.4989776 
112.83999931 -0.4989776 
112.87999931 -0.4989776 
112.91999931 -0.4989776 
112.95999931 -0.4989776 
112.99999931 -0.4989776 
113.03999931 -0.941496 
113.07999931 -0.4989776 
113.11999931 -0.4989776 
113.15999931 -0.4989776 
113.19999931 -0.4989776 
113.27999931 -3.151036 
113.31999931 -0.941496 
113.39999931 -0.941496 
113.43999931 -1.825007 
113.47999931 -0.4989776 
113.59999931 -0.4989776 
113.63999931 -0.4989776 
113.67999931 -0.4989776 
113.71999931 -0.4989776 
113.75999931 -0.4989776 
113.79999931 -0.4989776 
113.87999931 -0.4989776 
113.91999931 -0.4989776 
113.95999931 -0.4989776 
114.31999931 -0.4989776 
115.4399993 -0.4989776 
115.4799993 -0.941496 
115.5199993 -1.382488 
115.5599993 -0.941496 
115.9599993 -2.267525 
115.9999993 -0.4989776 
116.11999929 -0.941496 
116.23999929 -0.941496 
116.27999929 -0.941496 
118.75999928 -0.4989776 
120.19999927 -0.4989776 
122.95999925 -0.4989776 
123.07999925 -2.267525 
123.11999925 -0.4989776 
123.19999925 -0.941496 
123.23999925 -0.4989776 
123.35999925 -0.4989776 
123.39999925 -0.4989776 
123.51999925 -0.4989776 
123.55999925 -0.941496 
123.67999925 -0.4989776 
123.71999925 -0.4989776 
123.75999925 -0.4989776 
123.79999925 -0.941496 
123.83999925 -0.4989776 
123.87999925 -0.4989776 
123.91999925 -0.4989776 
124.03999925 -0.941496 
124.07999925 -0.4989776 
124.11999925 -0.4989776 
124.15999925 -0.4989776 
124.19999925 -0.4989776 
124.23999924 -0.4989776 
124.27999924 -0.941496 
124.31999924 -0.4989776 
124.39999924 -0.4989776 
124.43999924 -0.4989776 
124.47999924 -0.4989776 
124.51999924 -0.4989776 
124.59999924 -0.4989776 
124.63999924 -0.4989776 
124.67999924 -0.4989776 
124.71999924 -0.941496 
124.75999924 -0.4989776 
124.83999924 -0.4989776 
124.87999924 -0.941496 
124.99999924 -0.4989776 
125.03999924 -1.825007 
125.07999924 -0.941496 
125.19999924 -0.4989776 
125.23999924 -0.941496 
125.27999924 -0.4989776 
125.47999924 -0.4989776 
125.51999924 -0.941496 
125.63999924 -0.4989776 
125.71999924 -0.4989776 
125.83999924 -0.4989776 
125.87999923 -0.4989776 
125.91999923 -0.4989776 
125.95999923 -0.4989776 
125.99999923 -0.4989776 
126.15999923 -0.941496 
126.19999923 -0.4989776 
126.27999923 -0.4989776 
126.31999923 -0.4989776 
129.59999921 -0.4989776 
129.95999921 -0.4989776 
132.79999919 -0.4989776 
133.91999919 -0.4989776 
134.03999919 -0.4989776 
134.15999918 -0.4989776 
134.19999918 -0.941496 
134.31999918 -0.4989776 
134.39999918 -0.4989776 
134.43999918 -0.941496 
134.63999918 -0.4989776 
134.67999918 -0.941496 
134.71999918 -0.4989776 
134.75999918 -0.4989776 
134.79999918 -0.941496 
134.83999918 -0.941496 
134.91999918 -0.4989776 
134.95999918 -0.4989776 
134.99999918 -0.4989776 
135.07999918 -0.4989776 
135.11999918 -0.941496 
135.15999918 -0.4989776 
135.19999918 -0.4989776 
135.23999918 -0.4989776 
135.27999918 -0.941496 
135.31999918 -0.941496 
135.35999918 -0.4989776 
135.39999918 -0.4989776 
135.43999918 -0.4989776 
135.47999918 -0.4989776 
135.51999918 -0.4989776 
135.55999918 -0.4989776 
135.59999918 -0.941496 
135.63999918 -0.941496 
135.67999918 -0.941496 
135.71999918 -0.4989776 
135.75999917 -0.4989776 
135.79999917 -0.4989776 
135.83999917 -2.708518 
135.87999917 -0.4989776 
135.95999917 -0.941496 
135.99999917 -1.382488 
136.03999917 -0.4989776 
136.07999917 -0.4989776 
136.11999917 -0.4989776 
136.15999917 -0.4989776 
136.27999917 -0.4989776 
136.31999917 -0.4989776 
136.43999917 -0.4989776 
136.47999917 -0.4989776 
136.67999917 -0.4989776 
138.99999916 -0.4989776 
139.59999915 -0.941496 
142.83999913 -3.593554 
142.95999913 -3.593554 
142.99999913 -3.151036 
143.11999913 -0.941496 
143.31999913 -0.941496 
143.35999913 -3.593554 
143.63999913 -2.267525 
143.79999913 -0.4989776 
145.39999912 -0.4989776 
146.51999911 -0.4989776 
146.63999911 -0.4989776 
146.95999911 -0.4989776 
147.03999911 -0.941496 
147.07999911 -0.4989776 
147.19999911 -0.4989776 
147.5999991 -0.4989776 
147.6799991 -0.4989776 
147.7199991 -0.4989776 
147.7599991 -0.4989776 
147.8399991 -0.4989776 
148.1599991 -0.4989776 
148.1999991 -0.4989776 
148.2399991 -0.4989776 
148.4399991 -0.4989776 
148.4799991 -0.4989776 
148.6399991 -0.4989776 
149.11999909 -0.4989776 
149.23999909 -0.4989776 
149.39999909 -0.4989776 
149.75999909 -0.4989776 
149.99999909 -0.4989776 
150.03999909 -0.4989776 
150.07999909 -0.4989776 
150.15999909 -0.4989776 
150.23999909 -0.4989776 
150.51999909 -0.4989776 
150.95999908 -0.4989776 
150.99999908 -0.4989776 
151.11999908 -0.4989776 
151.23999908 -0.4989776 
151.39999908 -0.4989776 
151.47999908 -0.4989776 
151.59999908 -0.4989776 
151.71999908 -0.4989776 
151.91999908 -0.4989776 
151.95999908 -0.4989776 
152.15999908 -0.4989776 
152.47999907 -1.382488 
152.59999907 -0.4989776 
152.75999907 -0.4989776 
155.83999905 -0.4989776 
156.63999905 -0.4989776 
156.83999905 -0.4989776 
156.87999905 -0.4989776 
156.99999905 -0.4989776 
157.03999905 -0.4989776 
157.07999905 -0.4989776 
157.99999904 -0.4989776 
158.23999904 -0.4989776 
158.99999903 -0.4989776 
159.47999903 -0.4989776 
160.67999902 -0.4989776 
160.71999902 -0.4989776 
161.47999902 -0.4989776 
161.51999902 -0.4989776 
161.83999902 -0.4989776 
161.87999902 -0.941496 
161.99999902 -1.382488 
162.03999902 -0.4989776 
162.11999901 -0.4989776 
162.15999901 -0.941496 
162.27999901 -0.4989776 
162.31999901 -0.4989776 
162.35999901 -0.4989776 
162.39999901 -0.4989776 
162.59999901 -0.4989776 
162.87999901 -0.4989776 
162.91999901 -0.4989776 
163.07999901 -0.4989776 
163.11999901 -0.941496 
163.15999901 -0.4989776 
163.31999901 -0.4989776 
169.55999897 -4.034547 
169.71999897 -0.941496 
170.03999897 -2.708518 
170.07999897 -1.825007 
170.19999897 -0.941496 
170.31999896 -0.941496 
170.35999896 -1.825007 
171.19999896 -0.4989776 
171.95999895 -0.4989776 
171.99999895 -0.4989776 
172.03999895 -0.4989776 
172.07999895 -0.4989776 
172.23999895 -0.4989776 
172.27999895 -0.4989776 
172.31999895 -0.4989776 
172.43999895 -0.4989776 
172.55999895 -0.941496 
172.59999895 -0.4989776 
172.67999895 -0.4989776 
172.71999895 -0.4989776 
172.83999895 -0.4989776 
172.87999895 -0.4989776 
172.99999895 -0.4989776 
173.03999895 -0.4989776 
173.07999895 -0.4989776 
173.11999895 -0.4989776 
173.15999895 -0.941496 
173.19999895 -0.4989776 
173.27999895 -0.4989776 
173.31999895 -0.941496 
173.35999895 -0.4989776 
173.43999895 -0.4989776 
173.47999895 -0.4989776 
173.51999895 -0.4989776 
173.55999895 -0.4989776 
173.59999894 -0.941496 
173.63999894 -0.941496 
173.67999894 -0.4989776 
173.71999894 -0.4989776 
173.79999894 -0.4989776 
173.83999894 -0.4989776 
173.95999894 -0.4989776 
173.99999894 -0.4989776 
174.03999894 -0.4989776 
174.07999894 -0.4989776 
174.11999894 -0.941496 
174.23999894 -0.4989776 
174.27999894 -0.4989776 
174.31999894 -0.4989776 
174.39999894 -0.4989776 
174.47999894 -0.4989776 
174.71999894 -0.4989776 
174.75999894 -0.4989776 
175.23999893 -0.4989776 
175.27999893 -0.941496 
175.67999893 -0.4989776 
178.79999891 -0.4989776 
179.23999891 -0.4989776 
179.71999891 -0.4989776 
179.79999891 -0.4989776 
180.9599989 -0.4989776 
182.91999889 -0.4989776 
183.39999889 -0.4989776 
183.43999889 -0.4989776 
183.47999888 -0.4989776 
183.59999888 -0.4989776 
183.67999888 -0.4989776 
183.71999888 -0.4989776 
183.83999888 -0.4989776 
183.87999888 -0.4989776 
183.91999888 -0.4989776 
183.95999888 -0.4989776 
183.99999888 -0.4989776 
184.03999888 -0.4989776 
184.07999888 -0.941496 
184.11999888 -0.4989776 
184.15999888 -0.941496 
184.19999888 -0.941496 
184.23999888 -0.4989776 
184.27999888 -0.4989776 
184.31999888 -0.4989776 
184.39999888 -0.4989776 
184.43999888 -0.4989776 
184.47999888 -0.4989776 
184.51999888 -0.4989776 
184.55999888 -0.4989776 
184.59999888 -0.941496 
184.63999888 -0.941496 
184.67999888 -0.4989776 
184.71999888 -0.4989776 
184.75999888 -0.4989776 
184.79999888 -0.4989776 
184.83999888 -0.4989776 
184.87999888 -0.4989776 
184.91999888 -0.4989776 
184.95999888 -0.941496 
184.99999888 -0.941496 
185.03999888 -0.4989776 
185.07999888 -0.941496 
185.11999887 -0.4989776 
185.15999887 -0.4989776 
185.19999887 -0.4989776 
185.23999887 -0.4989776 
185.27999887 -0.941496 
185.31999887 -0.941496 
185.35999887 -0.941496 
185.43999887 -0.4989776 
185.47999887 -0.4989776 
185.59999887 -0.4989776 
185.63999887 -0.4989776 
185.67999887 -0.4989776 
185.79999887 -1.382488 
185.83999887 -0.941496 
185.99999887 -0.4989776 
186.03999887 -0.4989776 
186.07999887 -0.4989776 
186.11999887 -0.4989776 
186.31999887 -0.4989776 
186.63999887 -0.4989776 
186.91999886 -0.4989776 
187.03999886 -0.4989776 
187.15999886 -0.4989776 
187.39999886 -0.4989776 
187.43999886 -0.4989776 
187.79999886 -0.4989776 
187.83999886 -0.4989776 
187.99999886 -0.4989776 
188.03999886 -0.941496 
188.15999886 -0.941496 
188.27999886 -0.4989776 
188.31999886 -0.4989776 
188.43999885 -0.4989776 
188.67999885 -0.4989776 
188.91999885 -0.4989776 
188.95999885 -0.4989776 
189.15999885 -0.4989776 
189.19999885 -0.4989776 
189.31999885 -0.4989776 
189.35999885 -0.4989776 
189.55999885 -0.4989776 
189.67999885 -0.4989776 
189.87999885 -0.4989776 
190.19999884 -0.4989776 
190.23999884 -0.4989776 
190.51999884 -0.4989776 
191.31999884 -0.941496 
194.95999882 -0.4989776 
195.11999881 -0.4989776 
195.51999881 -3.593554 
195.63999881 -5.360576 
195.67999881 -4.034547 
195.75999881 -0.4989776 
195.79999881 -2.708518 
195.83999881 -0.4989776 
195.99999881 -2.267525 
196.03999881 -4.034547 
196.07999881 -0.4989776 
196.15999881 -0.941496 
196.19999881 -0.941496 
196.31999881 -4.034547 
196.35999881 -0.941496 
196.47999881 -1.825007 
196.6399988 -0.4989776 
196.6799988 -0.4989776 
196.8399988 -0.941496 
197.1599988 -0.4989776 
200.03999878 -0.4989776 
0 0 
