0.87999999 -0.4989776 
0.91999999 -0.4989776 
0.95999999 -0.4989776 
0.99999999 -0.4989776 
1.03999999 -0.4989776 
1.07999999 -0.941496 
1.11999999 -0.4989776 
1.15999999 -0.4989776 
1.19999999 -0.941496 
1.23999999 -0.941496 
1.27999999 -0.941496 
1.31999999 -0.941496 
1.35999999 -0.941496 
1.39999999 -0.941496 
1.43999999 -0.941496 
1.47999999 -0.941496 
1.51999999 -0.941496 
1.55999999 -0.941496 
1.59999999 -0.941496 
1.63999999 -0.941496 
1.67999999 -0.941496 
1.71999999 -0.941496 
1.75999999 -0.941496 
1.79999999 -0.941496 
1.83999999 -0.941496 
1.87999999 -0.941496 
1.91999999 -0.941496 
1.95999999 -0.941496 
1.99999999 -0.941496 
2.03999999 -0.941496 
2.07999999 -0.941496 
2.11999999 -0.941496 
2.19999999 -0.941496 
2.23999999 -0.941496 
2.27999999 -0.941496 
2.31999999 -0.4989776 
2.35999999 -0.4989776 
2.39999999 -0.4989776 
2.43999999 -0.941496 
2.47999998 -0.941496 
2.51999998 -0.4989776 
2.55999998 -0.4989776 
2.59999998 -0.4989776 
2.63999998 -0.4989776 
8.23999995 -0.4989776 
8.27999995 -0.4989776 
8.31999995 -0.4989776 
8.35999995 -0.4989776 
8.39999995 -0.4989776 
8.43999995 -0.4989776 
8.47999995 -0.4989776 
8.51999995 -0.4989776 
8.55999995 -0.941496 
8.59999995 -0.941496 
8.63999995 -0.4989776 
8.67999995 -0.941496 
8.71999995 -0.4989776 
8.75999995 -0.4989776 
8.79999995 -0.941496 
8.83999995 -0.941496 
8.87999995 -0.941496 
8.91999995 -0.941496 
8.95999995 -0.941496 
8.99999995 -0.941496 
9.03999995 -0.941496 
9.07999994 -0.4989776 
9.11999994 -0.4989776 
9.15999994 -1.825007 
9.19999994 -0.4989776 
9.27999994 -0.941496 
9.31999994 -0.941496 
9.35999994 -0.4989776 
9.43999994 -0.941496 
9.47999994 -0.4989776 
9.63999994 -0.4989776 
9.67999994 -1.382488 
9.83999994 -0.4989776 
12.43999992 -0.4989776 
12.47999992 -0.4989776 
12.51999992 -0.941496 
12.55999992 -0.941496 
12.59999992 -0.941496 
12.63999992 -0.941496 
12.67999992 -0.941496 
12.71999992 -0.941496 
12.75999992 -1.382488 
12.79999992 -1.382488 
12.83999992 -1.382488 
12.87999992 -1.825007 
12.91999992 -1.825007 
12.95999992 -1.825007 
12.99999992 -2.267525 
13.03999992 -2.267525 
13.07999992 -1.825007 
13.11999992 -2.267525 
13.15999992 -2.267525 
13.19999992 -2.267525 
13.23999992 -2.267525 
13.27999992 -2.267525 
13.31999992 -2.267525 
13.35999992 -2.708518 
13.39999992 -2.708518 
13.43999992 -2.708518 
13.47999992 -2.708518 
13.51999992 -3.151036 
13.55999992 -2.708518 
13.59999992 -3.151036 
13.63999992 -3.151036 
13.67999992 -3.151036 
13.71999992 -3.151036 
13.75999992 -3.151036 
13.79999992 -3.151036 
13.83999992 -3.151036 
13.87999992 -3.593554 
13.91999992 -3.151036 
13.95999992 -3.151036 
13.99999991 -3.151036 
14.03999991 -3.151036 
14.07999991 -2.708518 
14.11999991 -2.708518 
14.15999991 -3.151036 
14.19999991 -2.708518 
14.23999991 -2.708518 
14.27999991 -2.708518 
14.31999991 -2.708518 
14.35999991 -2.267525 
14.39999991 -2.267525 
14.43999991 -2.267525 
14.47999991 -2.267525 
14.51999991 -2.267525 
14.55999991 -1.825007 
14.59999991 -1.825007 
14.63999991 -1.825007 
14.67999991 -1.825007 
14.71999991 -1.825007 
14.75999991 -1.382488 
14.79999991 -0.941496 
14.83999991 -0.941496 
14.87999991 -0.941496 
14.91999991 -0.941496 
14.95999991 -0.941496 
14.99999991 -0.941496 
15.03999991 -0.941496 
15.07999991 -0.4989776 
15.11999991 -0.4989776 
24.51999985 -0.4989776 
24.63999985 -0.4989776 
24.67999985 -0.4989776 
24.71999985 -0.941496 
24.75999985 -0.941496 
24.79999985 -0.941496 
24.83999985 -0.941496 
24.87999985 -0.941496 
24.91999985 -0.941496 
24.95999985 -0.941496 
24.99999985 -1.382488 
25.03999985 -0.941496 
25.07999985 -0.941496 
25.11999985 -1.825007 
25.15999985 -0.941496 
25.19999985 -1.825007 
25.23999985 -1.825007 
25.27999985 -1.825007 
25.31999985 -1.382488 
25.35999985 -1.825007 
25.39999985 -1.825007 
25.43999985 -1.382488 
25.47999985 -1.825007 
25.51999984 -1.825007 
25.55999984 -1.825007 
25.59999984 -1.825007 
25.63999984 -1.825007 
25.67999984 -1.825007 
25.71999984 -1.825007 
25.75999984 -1.825007 
25.79999984 -1.825007 
25.83999984 -1.382488 
25.87999984 -1.382488 
25.91999984 -1.825007 
25.95999984 -1.382488 
25.99999984 -1.825007 
26.03999984 -1.382488 
26.07999984 -1.382488 
26.11999984 -0.941496 
26.15999984 -0.941496 
26.19999984 -0.941496 
26.23999984 -0.941496 
26.27999984 -0.941496 
26.31999984 -0.941496 
26.35999984 -0.941496 
26.39999984 -0.941496 
26.43999984 -0.4989776 
26.47999984 -0.941496 
26.51999984 -0.941496 
26.55999984 -0.941496 
26.59999984 -0.4989776 
26.63999984 -0.4989776 
26.67999984 -0.4989776 
26.71999984 -0.4989776 
26.75999984 -0.4989776 
26.83999984 -0.4989776 
29.23999982 -0.4989776 
29.27999982 -0.4989776 
29.31999982 -0.4989776 
29.35999982 -0.4989776 
29.39999982 -0.941496 
29.43999982 -0.941496 
29.47999982 -0.941496 
29.51999982 -0.941496 
29.55999982 -1.825007 
29.59999982 -1.825007 
29.63999982 -1.825007 
29.67999982 -1.825007 
29.71999982 -1.825007 
29.75999982 -1.825007 
29.79999982 -2.267525 
29.83999982 -2.708518 
29.87999982 -2.267525 
29.91999982 -2.267525 
29.95999982 -2.267525 
29.99999982 -2.708518 
30.03999982 -2.708518 
30.07999982 -2.708518 
30.11999982 -3.151036 
30.15999982 -3.593554 
30.19999982 -3.151036 
30.23999982 -2.708518 
30.27999982 -3.151036 
30.31999982 -3.151036 
30.35999982 -3.593554 
30.39999982 -3.593554 
30.43999982 -3.593554 
30.47999981 -3.593554 
30.51999981 -3.593554 
30.55999981 -3.593554 
30.59999981 -3.593554 
30.63999981 -3.593554 
30.67999981 -3.593554 
30.71999981 -3.593554 
30.75999981 -3.593554 
30.79999981 -3.593554 
30.83999981 -3.593554 
30.87999981 -3.593554 
30.91999981 -4.034547 
30.95999981 -3.593554 
30.99999981 -3.593554 
31.03999981 -3.593554 
31.07999981 -3.593554 
31.11999981 -3.593554 
31.15999981 -3.593554 
31.19999981 -3.593554 
31.23999981 -3.593554 
31.27999981 -3.151036 
31.31999981 -3.593554 
31.35999981 -3.593554 
31.39999981 -3.593554 
31.43999981 -3.593554 
31.47999981 -3.151036 
31.51999981 -3.151036 
31.55999981 -2.708518 
31.59999981 -3.151036 
31.63999981 -3.151036 
31.67999981 -2.708518 
31.71999981 -2.708518 
31.75999981 -2.267525 
31.79999981 -2.708518 
31.83999981 -2.708518 
31.87999981 -2.267525 
31.91999981 -2.267525 
31.95999981 -2.267525 
31.99999981 -2.267525 
32.03999981 -1.825007 
32.07999981 -1.825007 
32.1199998 -1.825007 
32.1599998 -1.825007 
32.1999998 -2.267525 
32.2799998 -1.382488 
32.3199998 -1.825007 
32.3599998 -0.941496 
32.3999998 -0.941496 
32.4399998 -0.941496 
32.4799998 -0.4989776 
32.5199998 -0.4989776 
32.5599998 -0.4989776 
32.5999998 -0.4989776 
42.27999974 -0.4989776 
42.43999974 -0.4989776 
42.47999974 -0.4989776 
42.51999974 -0.4989776 
42.55999974 -0.4989776 
42.59999974 -0.4989776 
42.63999974 -0.4989776 
42.67999974 -0.4989776 
42.71999974 -0.4989776 
42.75999974 -0.941496 
42.79999974 -0.4989776 
42.83999974 -0.4989776 
42.87999974 -0.4989776 
42.91999974 -0.4989776 
42.95999974 -0.4989776 
42.99999974 -0.4989776 
43.03999974 -0.4989776 
43.11999974 -0.4989776 
43.23999974 -0.4989776 
43.27999974 -0.4989776 
45.91999972 -0.4989776 
45.95999972 -0.4989776 
45.99999972 -0.4989776 
46.03999972 -0.4989776 
46.07999972 -0.941496 
46.11999972 -0.941496 
46.15999972 -0.941496 
46.19999972 -0.941496 
46.23999972 -1.382488 
46.27999972 -1.382488 
46.31999972 -1.825007 
46.35999972 -1.825007 
46.39999972 -1.825007 
46.43999972 -2.267525 
46.47999972 -2.267525 
46.51999972 -2.267525 
46.55999972 -2.708518 
46.59999972 -3.151036 
46.63999972 -3.151036 
46.67999972 -3.151036 
46.71999972 -3.151036 
46.75999972 -2.708518 
46.79999972 -3.151036 
46.83999972 -3.593554 
46.87999972 -3.593554 
46.91999971 -3.593554 
46.95999971 -4.034547 
46.99999971 -4.034547 
47.03999971 -4.034547 
47.07999971 -4.034547 
47.11999971 -4.034547 
47.15999971 -4.477065 
47.19999971 -4.477065 
47.23999971 -4.477065 
47.27999971 -4.477065 
47.31999971 -4.477065 
47.35999971 -4.477065 
47.39999971 -4.477065 
47.43999971 -4.919584 
47.47999971 -4.919584 
47.51999971 -4.919584 
47.55999971 -4.477065 
47.59999971 -4.919584 
47.63999971 -4.919584 
47.67999971 -4.919584 
47.71999971 -4.919584 
47.75999971 -4.919584 
47.79999971 -5.360576 
47.83999971 -5.360576 
47.87999971 -4.919584 
47.91999971 -4.477065 
47.95999971 -4.919584 
47.99999971 -4.477065 
48.03999971 -4.477065 
48.07999971 -4.477065 
48.11999971 -4.477065 
48.15999971 -4.477065 
48.19999971 -4.477065 
48.23999971 -4.477065 
48.27999971 -4.477065 
48.31999971 -4.034547 
48.35999971 -4.477065 
48.39999971 -4.034547 
48.43999971 -4.477065 
48.47999971 -4.034547 
48.51999971 -4.034547 
48.5599997 -3.593554 
48.5999997 -3.593554 
48.6399997 -3.593554 
48.6799997 -3.593554 
48.7199997 -3.151036 
48.7599997 -3.151036 
48.7999997 -2.708518 
48.8399997 -3.151036 
48.8799997 -2.708518 
48.9199997 -2.708518 
48.9599997 -2.267525 
48.9999997 -2.267525 
49.0399997 -2.267525 
49.0799997 -1.825007 
49.1199997 -1.825007 
49.1599997 -1.382488 
49.1999997 -1.382488 
49.2399997 -0.941496 
49.2799997 -0.941496 
49.3199997 -0.941496 
49.3599997 -0.941496 
49.3999997 -0.4989776 
49.4399997 -0.4989776 
59.23999964 -0.4989776 
59.27999964 -0.4989776 
59.31999964 -0.4989776 
59.35999964 -0.4989776 
59.39999964 -0.941496 
59.43999964 -0.4989776 
59.47999964 -0.941496 
59.51999964 -0.941496 
59.55999964 -0.941496 
59.59999964 -0.941496 
59.63999964 -0.941496 
59.67999964 -0.941496 
59.71999964 -0.941496 
59.75999964 -1.382488 
59.79999964 -0.941496 
59.83999964 -0.941496 
59.87999964 -1.825007 
59.91999964 -1.825007 
59.95999964 -1.825007 
59.99999964 -1.825007 
60.03999964 -1.825007 
60.07999963 -1.825007 
60.11999963 -1.825007 
60.15999963 -1.825007 
60.19999963 -1.825007 
60.23999963 -2.267525 
60.27999963 -2.267525 
60.31999963 -2.267525 
60.35999963 -2.267525 
60.39999963 -2.267525 
60.43999963 -2.267525 
60.47999963 -2.267525 
60.51999963 -2.267525 
60.55999963 -2.267525 
60.59999963 -2.267525 
60.63999963 -2.708518 
60.67999963 -2.267525 
60.71999963 -2.267525 
60.75999963 -2.267525 
60.79999963 -2.267525 
60.83999963 -2.267525 
60.87999963 -2.267525 
60.91999963 -2.267525 
60.95999963 -2.267525 
60.99999963 -2.267525 
61.03999963 -2.267525 
61.07999963 -2.267525 
61.11999963 -2.267525 
61.15999963 -2.267525 
61.19999963 -2.267525 
61.23999963 -2.267525 
61.27999963 -2.267525 
61.31999963 -2.267525 
61.35999963 -2.267525 
61.39999963 -2.267525 
61.43999963 -2.267525 
61.47999963 -2.267525 
61.51999963 -1.825007 
61.55999963 -1.825007 
61.59999963 -1.825007 
61.63999963 -1.825007 
61.67999963 -1.825007 
61.71999962 -1.825007 
61.75999962 -1.825007 
61.79999962 -1.825007 
61.83999962 -2.267525 
61.87999962 -1.825007 
61.91999962 -1.382488 
61.95999962 -1.825007 
61.99999962 -2.267525 
62.03999962 -1.825007 
62.07999962 -1.825007 
62.11999962 -1.825007 
62.15999962 -1.825007 
62.19999962 -1.825007 
62.23999962 -1.825007 
62.27999962 -1.825007 
62.31999962 -1.382488 
62.35999962 -1.382488 
62.39999962 -1.382488 
62.43999962 -1.382488 
62.47999962 -1.382488 
62.51999962 -1.382488 
62.55999962 -1.382488 
62.59999962 -1.382488 
62.63999962 -1.382488 
62.67999962 -0.941496 
62.71999962 -1.825007 
62.75999962 -1.825007 
62.79999962 -1.825007 
62.83999962 -1.825007 
62.87999962 -1.382488 
62.91999962 -0.941496 
62.95999962 -1.382488 
62.99999962 -1.825007 
63.03999962 -1.382488 
63.07999962 -0.941496 
63.11999962 -1.382488 
63.15999962 -1.382488 
63.19999962 -1.825007 
63.23999962 -1.382488 
63.27999962 -1.382488 
63.31999962 -0.941496 
63.35999961 -1.382488 
63.39999961 -1.382488 
63.43999961 -0.941496 
63.47999961 -1.382488 
63.51999961 -0.941496 
63.55999961 -0.941496 
63.59999961 -1.825007 
63.63999961 -1.382488 
63.67999961 -0.941496 
63.71999961 -0.941496 
63.75999961 -0.941496 
63.79999961 -1.825007 
63.83999961 -1.825007 
63.87999961 -1.382488 
63.91999961 -0.941496 
63.95999961 -0.941496 
63.99999961 -0.941496 
64.03999961 -0.941496 
64.07999961 -1.382488 
64.11999961 -0.941496 
64.15999961 -0.941496 
64.19999961 -0.941496 
64.23999961 -1.382488 
64.27999961 -0.941496 
64.31999961 -0.941496 
64.35999961 -0.941496 
64.39999961 -0.941496 
64.43999961 -0.941496 
64.47999961 -1.382488 
64.51999961 -0.941496 
64.55999961 -0.941496 
64.59999961 -0.941496 
64.63999961 -0.941496 
64.67999961 -0.941496 
64.71999961 -0.941496 
64.75999961 -0.941496 
64.79999961 -0.941496 
64.83999961 -0.941496 
64.87999961 -0.941496 
64.91999961 -0.941496 
64.95999961 -0.941496 
64.9999996 -0.941496 
65.0399996 -0.941496 
65.0799996 -0.941496 
65.1199996 -0.941496 
65.1599996 -0.4989776 
65.1999996 -0.4989776 
65.2399996 -0.4989776 
65.2799996 -0.4989776 
65.3199996 -0.4989776 
76.75999953 -0.4989776 
76.91999953 -0.4989776 
76.95999953 -0.4989776 
76.99999953 -0.4989776 
77.03999953 -0.4989776 
77.07999953 -0.4989776 
77.11999953 -0.4989776 
77.15999953 -0.4989776 
77.19999953 -0.4989776 
77.23999953 -0.4989776 
77.27999953 -0.4989776 
77.31999953 -0.4989776 
77.35999953 -0.4989776 
77.39999953 -0.4989776 
77.43999953 -0.4989776 
77.47999953 -0.941496 
77.51999953 -0.941496 
77.55999953 -0.941496 
77.59999953 -0.941496 
77.63999953 -0.941496 
77.67999953 -0.941496 
77.71999953 -0.941496 
77.75999953 -0.941496 
77.79999953 -0.941496 
77.83999953 -0.941496 
77.87999953 -0.941496 
77.91999953 -0.941496 
77.95999953 -0.941496 
77.99999953 -0.941496 
78.03999953 -0.941496 
78.07999953 -0.941496 
78.11999953 -0.941496 
78.15999952 -0.941496 
78.19999952 -0.941496 
78.23999952 -0.941496 
78.27999952 -1.382488 
78.31999952 -0.941496 
78.35999952 -1.825007 
78.39999952 -1.382488 
78.43999952 -0.941496 
78.47999952 -1.382488 
78.51999952 -1.825007 
78.55999952 -0.941496 
78.59999952 -1.825007 
78.63999952 -1.825007 
78.67999952 -1.825007 
78.71999952 -1.825007 
78.75999952 -1.825007 
78.79999952 -1.825007 
78.83999952 -1.825007 
78.87999952 -1.825007 
78.91999952 -1.825007 
78.95999952 -1.825007 
78.99999952 -1.825007 
79.03999952 -1.825007 
79.07999952 -1.825007 
79.11999952 -1.825007 
79.15999952 -1.825007 
79.19999952 -1.825007 
79.23999952 -2.267525 
79.27999952 -1.825007 
79.31999952 -1.825007 
79.35999952 -1.825007 
79.39999952 -1.825007 
79.43999952 -1.825007 
79.47999952 -1.825007 
79.51999952 -1.825007 
79.55999952 -2.267525 
79.59999952 -1.825007 
79.63999952 -1.825007 
79.67999952 -2.267525 
79.71999952 -2.267525 
79.75999952 -2.267525 
79.79999952 -2.267525 
79.83999951 -1.825007 
79.87999951 -1.825007 
79.91999951 -1.825007 
79.95999951 -2.267525 
79.99999951 -2.267525 
80.03999951 -2.267525 
80.07999951 -2.267525 
80.11999951 -2.267525 
80.15999951 -1.825007 
80.19999951 -2.267525 
80.23999951 -2.267525 
80.27999951 -2.267525 
80.31999951 -2.267525 
80.35999951 -2.267525 
80.39999951 -2.267525 
80.43999951 -2.267525 
80.47999951 -2.708518 
80.51999951 -1.825007 
80.55999951 -2.267525 
80.59999951 -2.267525 
80.63999951 -2.267525 
80.67999951 -1.825007 
80.71999951 -2.267525 
80.75999951 -2.267525 
80.79999951 -2.267525 
80.83999951 -2.267525 
80.87999951 -2.267525 
80.91999951 -1.825007 
80.95999951 -2.267525 
80.99999951 -1.825007 
81.03999951 -2.267525 
81.07999951 -1.825007 
81.11999951 -1.825007 
81.15999951 -1.825007 
81.19999951 -2.267525 
81.23999951 -2.267525 
81.27999951 -1.825007 
81.31999951 -1.825007 
81.35999951 -1.825007 
81.39999951 -1.825007 
81.43999951 -1.825007 
81.4799995 -2.267525 
81.5199995 -1.825007 
81.5599995 -2.267525 
81.5999995 -2.267525 
81.6399995 -1.825007 
81.6799995 -2.267525 
81.7199995 -2.267525 
81.7599995 -2.267525 
81.7999995 -1.825007 
81.8399995 -1.825007 
81.8799995 -1.825007 
81.9199995 -2.267525 
81.9599995 -2.267525 
81.9999995 -2.267525 
82.0399995 -1.825007 
82.0799995 -2.267525 
82.1199995 -2.267525 
82.1599995 -1.825007 
82.1999995 -2.267525 
82.2399995 -1.825007 
82.2799995 -1.825007 
82.3199995 -1.825007 
82.3599995 -1.825007 
82.3999995 -1.825007 
82.4399995 -1.825007 
82.4799995 -1.825007 
82.5199995 -1.382488 
82.5599995 -1.382488 
82.5999995 -1.382488 
82.6399995 -1.382488 
82.6799995 -1.382488 
82.7199995 -1.382488 
82.7599995 -0.941496 
82.7999995 -0.941496 
82.8399995 -0.941496 
82.8799995 -0.941496 
82.9199995 -0.941496 
82.9599995 -0.941496 
82.9999995 -0.941496 
83.0399995 -0.4989776 
83.0799995 -0.941496 
83.11999949 -0.4989776 
83.15999949 -0.4989776 
83.19999949 -0.4989776 
83.27999949 -0.4989776 
93.51999943 -0.4989776 
93.55999943 -0.4989776 
93.59999943 -0.4989776 
93.63999943 -0.941496 
93.67999943 -0.4989776 
93.71999943 -0.4989776 
93.75999943 -1.825007 
93.83999943 -0.941496 
93.87999943 -1.825007 
93.91999943 -0.941496 
93.95999943 -0.941496 
93.99999943 -1.825007 
94.03999943 -1.382488 
94.07999943 -1.825007 
94.11999943 -1.825007 
94.15999943 -1.825007 
94.19999943 -2.708518 
94.23999943 -2.267525 
94.27999943 -0.941496 
94.31999943 -2.267525 
94.35999943 -3.593554 
94.39999943 -2.267525 
94.43999943 -1.825007 
94.47999943 -2.708518 
94.51999943 -2.708518 
94.55999943 -2.267525 
94.59999943 -2.708518 
94.63999942 -2.267525 
94.67999942 -2.708518 
94.71999942 -4.477065 
94.75999942 -4.034547 
94.79999942 -2.267525 
94.83999942 -2.708518 
94.87999942 -4.034547 
94.91999942 -2.708518 
94.95999942 -2.708518 
94.99999942 -4.034547 
95.03999942 -4.034547 
95.07999942 -2.708518 
95.11999942 -3.151036 
95.15999942 -3.593554 
95.19999942 -3.593554 
95.23999942 -3.593554 
95.27999942 -3.151036 
95.31999942 -3.151036 
95.35999942 -3.593554 
95.39999942 -3.593554 
95.43999942 -3.151036 
95.47999942 -3.151036 
95.51999942 -3.593554 
95.55999942 -3.593554 
95.59999942 -2.708518 
95.63999942 -2.708518 
95.67999942 -2.708518 
95.71999942 -3.151036 
95.75999942 -2.708518 
95.79999942 -2.708518 
95.83999942 -2.708518 
95.87999942 -2.708518 
95.91999942 -2.708518 
95.95999942 -2.708518 
95.99999942 -2.708518 
96.03999942 -2.708518 
96.07999942 -2.708518 
96.11999942 -2.708518 
96.15999942 -3.151036 
96.19999942 -2.708518 
96.23999942 -2.267525 
96.27999941 -1.825007 
96.31999941 -1.825007 
96.35999941 -1.825007 
96.39999941 -2.267525 
96.43999941 -1.825007 
96.47999941 -2.267525 
96.51999941 -1.825007 
96.55999941 -1.825007 
96.59999941 -1.825007 
96.63999941 -1.382488 
96.67999941 -1.825007 
96.71999941 -1.825007 
96.75999941 -0.941496 
96.79999941 -0.941496 
96.83999941 -0.941496 
96.87999941 -0.941496 
96.91999941 -0.941496 
96.95999941 -0.941496 
96.99999941 -0.941496 
97.03999941 -0.941496 
97.07999941 -0.941496 
97.11999941 -0.941496 
97.15999941 -0.941496 
97.19999941 -0.4989776 
97.23999941 -0.941496 
97.27999941 -0.4989776 
97.31999941 -0.4989776 
97.35999941 -0.4989776 
97.43999941 -0.4989776 
107.71999935 -0.4989776 
107.75999935 -0.4989776 
107.79999934 -0.4989776 
107.83999934 -0.4989776 
107.87999934 -0.4989776 
107.91999934 -0.4989776 
107.95999934 -0.4989776 
107.99999934 -0.4989776 
108.03999934 -0.4989776 
108.07999934 -0.4989776 
108.11999934 -0.4989776 
108.15999934 -0.4989776 
108.19999934 -0.4989776 
108.23999934 -0.4989776 
108.27999934 -0.4989776 
108.31999934 -0.941496 
108.35999934 -0.4989776 
108.39999934 -0.941496 
108.43999934 -0.4989776 
108.47999934 -0.941496 
108.51999934 -0.941496 
108.55999934 -0.941496 
108.59999934 -0.941496 
108.63999934 -0.941496 
108.67999934 -0.941496 
108.71999934 -0.941496 
108.75999934 -0.941496 
108.79999934 -0.941496 
108.83999934 -0.941496 
108.87999934 -0.941496 
108.91999934 -0.941496 
108.95999934 -0.941496 
108.99999934 -0.941496 
109.03999934 -0.941496 
109.07999934 -0.941496 
109.11999934 -0.941496 
109.15999934 -0.941496 
109.19999934 -0.941496 
109.23999934 -0.941496 
109.27999934 -0.941496 
109.31999934 -0.941496 
109.35999934 -0.941496 
109.39999934 -0.941496 
109.43999933 -0.941496 
109.47999933 -0.941496 
109.51999933 -0.941496 
109.55999933 -0.941496 
109.59999933 -0.941496 
109.63999933 -0.941496 
109.67999933 -0.4989776 
109.71999933 -0.941496 
109.75999933 -0.941496 
109.79999933 -0.4989776 
109.83999933 -0.941496 
109.87999933 -0.941496 
109.91999933 -0.941496 
109.95999933 -0.941496 
109.99999933 -0.4989776 
110.03999933 -0.4989776 
110.07999933 -0.4989776 
110.11999933 -0.941496 
110.15999933 -0.941496 
110.19999933 -0.4989776 
110.23999933 -0.4989776 
110.27999933 -0.4989776 
110.31999933 -0.4989776 
110.35999933 -0.941496 
110.39999933 -0.4989776 
110.43999933 -0.4989776 
110.47999933 -0.4989776 
110.51999933 -0.4989776 
110.55999933 -0.4989776 
110.59999933 -0.4989776 
110.63999933 -0.4989776 
110.67999933 -0.4989776 
110.71999933 -0.4989776 
110.75999933 -0.4989776 
110.79999933 -0.4989776 
110.83999933 -0.4989776 
110.87999933 -0.941496 
110.91999933 -0.941496 
110.95999933 -0.941496 
110.99999933 -0.4989776 
111.03999933 -0.941496 
111.07999932 -0.941496 
111.11999932 -0.941496 
111.15999932 -0.941496 
111.19999932 -1.382488 
111.23999932 -1.825007 
111.27999932 -0.4989776 
111.31999932 -0.4989776 
111.35999932 -0.941496 
111.39999932 -0.941496 
111.43999932 -0.941496 
111.47999932 -0.941496 
111.51999932 -0.941496 
111.55999932 -0.941496 
111.59999932 -0.941496 
111.63999932 -0.941496 
111.67999932 -1.382488 
111.71999932 -0.941496 
111.75999932 -0.941496 
111.79999932 -0.941496 
111.83999932 -0.941496 
111.87999932 -0.941496 
111.91999932 -0.941496 
111.95999932 -0.941496 
111.99999932 -0.941496 
112.03999932 -0.941496 
112.07999932 -1.382488 
112.11999932 -0.941496 
112.15999932 -0.941496 
112.19999932 -1.382488 
112.23999932 -0.941496 
112.27999932 -1.382488 
112.31999932 -2.267525 
112.35999932 -1.825007 
112.39999932 -1.825007 
112.43999932 -1.825007 
112.47999932 -1.382488 
112.51999932 -1.825007 
112.55999932 -1.825007 
112.59999932 -1.825007 
112.63999932 -1.825007 
112.67999932 -1.825007 
112.71999931 -1.825007 
112.75999931 -1.825007 
112.79999931 -1.825007 
112.83999931 -1.825007 
112.87999931 -1.825007 
112.91999931 -1.825007 
112.95999931 -1.825007 
112.99999931 -1.825007 
113.03999931 -1.825007 
113.07999931 -1.825007 
113.11999931 -1.825007 
113.15999931 -1.825007 
113.19999931 -1.825007 
113.23999931 -1.825007 
113.27999931 -1.825007 
113.31999931 -1.825007 
113.35999931 -1.825007 
113.39999931 -1.825007 
113.43999931 -1.825007 
113.47999931 -1.382488 
113.51999931 -1.382488 
113.55999931 -1.825007 
113.59999931 -1.382488 
113.63999931 -1.825007 
113.67999931 -1.382488 
113.71999931 -0.941496 
113.75999931 -0.941496 
113.79999931 -1.382488 
113.83999931 -0.941496 
113.87999931 -0.941496 
113.91999931 -0.941496 
113.95999931 -0.941496 
113.99999931 -0.941496 
114.03999931 -0.941496 
114.07999931 -0.941496 
114.11999931 -0.941496 
114.15999931 -0.941496 
114.19999931 -0.941496 
114.23999931 -0.941496 
114.27999931 -0.941496 
114.31999931 -0.941496 
114.3599993 -0.4989776 
114.3999993 -0.941496 
114.4399993 -0.941496 
114.4799993 -0.4989776 
114.5199993 -0.4989776 
114.5599993 -0.4989776 
114.5999993 -0.941496 
114.6399993 -0.4989776 
114.6799993 -0.4989776 
114.7199993 -0.4989776 
114.7599993 -0.4989776 
114.7999993 -0.4989776 
114.8399993 -0.4989776 
114.8799993 -0.4989776 
114.9199993 -0.4989776 
114.9599993 -0.4989776 
114.9999993 -0.4989776 
115.0399993 -0.4989776 
115.0799993 -0.4989776 
128.31999922 -0.4989776 
128.35999922 -0.4989776 
128.39999922 -0.4989776 
128.55999922 -0.4989776 
128.63999922 -0.4989776 
128.67999922 -0.4989776 
128.71999922 -0.4989776 
128.75999922 -0.4989776 
128.79999922 -0.4989776 
128.83999922 -0.4989776 
128.87999922 -0.4989776 
128.91999922 -0.941496 
128.95999922 -0.941496 
128.99999922 -0.941496 
129.03999922 -0.941496 
129.07999922 -0.941496 
129.11999922 -0.941496 
129.15999922 -0.941496 
129.19999921 -0.941496 
129.23999921 -1.382488 
129.27999921 -1.382488 
129.31999921 -1.825007 
129.35999921 -1.825007 
129.39999921 -1.825007 
129.43999921 -1.825007 
129.47999921 -1.825007 
129.51999921 -1.825007 
129.55999921 -1.825007 
129.59999921 -1.825007 
129.63999921 -1.825007 
129.67999921 -1.825007 
129.71999921 -1.825007 
129.75999921 -2.267525 
129.79999921 -2.267525 
129.83999921 -2.267525 
129.87999921 -2.267525 
129.91999921 -2.267525 
129.95999921 -2.267525 
129.99999921 -2.267525 
130.03999921 -2.267525 
130.07999921 -1.825007 
130.11999921 -1.825007 
130.15999921 -2.267525 
130.19999921 -1.825007 
130.23999921 -2.267525 
130.27999921 -2.267525 
130.31999921 -1.825007 
130.35999921 -1.825007 
130.39999921 -1.825007 
130.43999921 -1.825007 
130.47999921 -1.825007 
130.51999921 -1.825007 
130.55999921 -1.382488 
130.59999921 -1.382488 
130.63999921 -0.941496 
130.67999921 -0.941496 
130.71999921 -0.941496 
130.75999921 -0.941496 
130.79999921 -0.941496 
130.8399992 -0.941496 
130.8799992 -0.941496 
130.9199992 -0.941496 
130.9599992 -0.941496 
130.9999992 -0.941496 
131.0399992 -0.4989776 
131.0799992 -0.4989776 
131.1199992 -0.4989776 
131.1599992 -0.4989776 
140.99999914 -0.4989776 
141.03999914 -0.4989776 
141.15999914 -0.4989776 
141.19999914 -0.4989776 
141.23999914 -0.4989776 
141.27999914 -0.4989776 
141.31999914 -0.4989776 
141.35999914 -0.4989776 
141.39999914 -0.941496 
141.43999914 -0.941496 
141.47999914 -0.4989776 
141.51999914 -0.4989776 
141.55999914 -0.941496 
141.59999914 -0.941496 
141.63999914 -0.941496 
141.67999914 -0.941496 
141.71999914 -0.941496 
141.75999914 -0.941496 
141.79999914 -1.382488 
141.83999914 -0.941496 
141.87999914 -0.941496 
141.91999914 -0.941496 
141.95999914 -1.382488 
141.99999914 -0.941496 
142.03999914 -1.825007 
142.07999914 -1.825007 
142.11999914 -1.825007 
142.15999914 -1.382488 
142.19999914 -1.382488 
142.23999914 -1.825007 
142.27999914 -1.825007 
142.31999914 -1.825007 
142.35999913 -1.825007 
142.39999913 -1.825007 
142.43999913 -1.825007 
142.47999913 -1.382488 
142.51999913 -1.825007 
142.55999913 -1.825007 
142.59999913 -1.825007 
142.63999913 -1.825007 
142.67999913 -1.382488 
142.71999913 -0.941496 
142.75999913 -1.825007 
142.79999913 -1.382488 
142.83999913 -1.382488 
142.87999913 -0.941496 
142.91999913 -0.941496 
142.95999913 -0.941496 
142.99999913 -0.941496 
143.03999913 -0.941496 
143.07999913 -0.941496 
143.11999913 -0.941496 
143.15999913 -0.941496 
143.19999913 -0.941496 
143.23999913 -0.941496 
143.27999913 -0.941496 
143.31999913 -0.941496 
143.35999913 -0.941496 
143.39999913 -0.941496 
143.43999913 -0.4989776 
143.47999913 -0.4989776 
143.51999913 -0.4989776 
143.55999913 -0.4989776 
143.59999913 -0.4989776 
143.63999913 -0.4989776 
143.67999913 -0.4989776 
143.71999913 -0.4989776 
143.75999913 -0.4989776 
143.79999913 -0.4989776 
144.79999912 -0.4989776 
144.83999912 -0.4989776 
144.87999912 -0.4989776 
144.91999912 -0.4989776 
144.95999912 -0.4989776 
144.99999912 -0.4989776 
145.03999912 -0.4989776 
145.07999912 -0.4989776 
145.11999912 -0.941496 
145.15999912 -0.4989776 
145.19999912 -0.4989776 
145.23999912 -0.4989776 
145.27999912 -0.941496 
145.31999912 -0.941496 
145.35999912 -0.941496 
145.39999912 -0.941496 
145.43999912 -0.941496 
145.47999912 -0.941496 
145.51999912 -0.941496 
145.55999912 -0.941496 
145.59999912 -0.941496 
145.63999911 -0.941496 
145.67999911 -1.382488 
145.71999911 -1.382488 
145.75999911 -1.382488 
145.79999911 -0.941496 
145.83999911 -1.382488 
145.87999911 -1.382488 
145.91999911 -1.825007 
145.95999911 -1.825007 
145.99999911 -0.941496 
146.03999911 -1.825007 
146.07999911 -0.941496 
146.11999911 -0.941496 
146.15999911 -1.825007 
146.19999911 -1.825007 
146.23999911 -1.382488 
146.27999911 -1.825007 
146.31999911 -1.825007 
146.35999911 -0.941496 
146.39999911 -1.825007 
146.43999911 -1.825007 
146.47999911 -1.382488 
146.51999911 -1.382488 
146.55999911 -0.941496 
146.59999911 -1.382488 
146.63999911 -0.941496 
146.67999911 -0.941496 
146.71999911 -0.941496 
146.75999911 -0.941496 
146.79999911 -0.941496 
146.83999911 -0.941496 
146.87999911 -0.941496 
146.91999911 -0.941496 
146.95999911 -0.941496 
146.99999911 -0.941496 
147.03999911 -0.941496 
147.07999911 -0.941496 
147.11999911 -0.941496 
147.15999911 -0.4989776 
147.19999911 -0.4989776 
147.23999911 -0.4989776 
147.2799991 -0.4989776 
156.63999905 -0.4989776 
156.67999905 -0.941496 
156.71999905 -0.4989776 
156.75999905 -0.941496 
156.79999905 -0.941496 
156.83999905 -0.941496 
156.87999905 -0.941496 
156.91999905 -0.941496 
156.95999905 -0.941496 
156.99999905 -0.941496 
157.03999905 -1.382488 
157.07999905 -1.825007 
157.11999905 -1.825007 
157.15999904 -1.825007 
157.19999904 -1.825007 
157.23999904 -1.825007 
157.27999904 -2.267525 
157.31999904 -2.267525 
157.35999904 -2.267525 
157.39999904 -2.267525 
157.43999904 -2.267525 
157.47999904 -2.708518 
157.51999904 -2.708518 
157.55999904 -2.708518 
157.59999904 -2.708518 
157.63999904 -2.708518 
157.67999904 -2.708518 
157.71999904 -3.151036 
157.75999904 -3.151036 
157.79999904 -3.151036 
157.83999904 -3.151036 
157.87999904 -3.151036 
157.91999904 -2.708518 
157.95999904 -2.708518 
157.99999904 -2.708518 
158.03999904 -2.708518 
158.07999904 -3.151036 
158.11999904 -3.151036 
158.15999904 -2.708518 
158.19999904 -2.708518 
158.23999904 -3.151036 
158.27999904 -2.708518 
158.31999904 -2.708518 
158.35999904 -2.708518 
158.39999904 -2.708518 
158.43999904 -2.267525 
158.47999904 -2.267525 
158.51999904 -2.267525 
158.55999904 -2.267525 
158.59999904 -2.267525 
158.63999904 -2.267525 
158.67999904 -2.267525 
158.71999904 -2.267525 
158.75999904 -1.382488 
158.79999903 -0.941496 
158.83999903 -1.825007 
158.87999903 -1.825007 
158.91999903 -1.382488 
158.95999903 -1.825007 
158.99999903 -1.382488 
159.03999903 -0.941496 
159.07999903 -0.941496 
159.11999903 -0.941496 
159.15999903 -0.941496 
159.19999903 -0.4989776 
159.23999903 -0.4989776 
159.27999903 -0.4989776 
159.31999903 -0.4989776 
159.35999903 -0.4989776 
162.83999901 -0.4989776 
162.91999901 -0.4989776 
162.95999901 -0.4989776 
162.99999901 -0.4989776 
163.03999901 -0.941496 
163.07999901 -0.941496 
163.11999901 -0.941496 
163.15999901 -0.941496 
163.19999901 -0.4989776 
163.23999901 -0.941496 
163.27999901 -0.941496 
163.31999901 -0.941496 
163.35999901 -0.941496 
163.39999901 -0.941496 
163.43999901 -0.941496 
163.47999901 -0.941496 
163.51999901 -0.941496 
163.55999901 -0.941496 
163.59999901 -0.941496 
163.63999901 -0.941496 
163.67999901 -0.941496 
163.719999 -0.941496 
163.759999 -0.941496 
163.799999 -0.941496 
163.839999 -1.825007 
163.879999 -1.825007 
163.919999 -0.941496 
163.959999 -0.941496 
163.999999 -0.941496 
164.039999 -0.4989776 
164.079999 -0.941496 
164.119999 -0.941496 
164.159999 -0.941496 
164.199999 -0.941496 
164.239999 -0.941496 
164.279999 -0.941496 
164.319999 -0.941496 
164.359999 -0.4989776 
164.399999 -0.4989776 
164.439999 -0.4989776 
164.479999 -0.4989776 
164.519999 -0.4989776 
164.559999 -0.4989776 
164.599999 -0.4989776 
164.639999 -0.4989776 
164.679999 -0.4989776 
164.719999 -0.4989776 
169.87999897 -0.4989776 
169.91999897 -0.4989776 
169.95999897 -0.4989776 
169.99999897 -0.4989776 
183.43999889 -0.4989776 
183.55999888 -0.4989776 
183.67999888 -0.4989776 
183.75999888 -0.4989776 
183.83999888 -0.4989776 
183.87999888 -0.4989776 
183.95999888 -0.4989776 
183.99999888 -0.4989776 
184.03999888 -0.4989776 
184.07999888 -0.4989776 
184.11999888 -0.4989776 
184.15999888 -0.4989776 
184.19999888 -0.4989776 
184.23999888 -0.4989776 
184.27999888 -0.4989776 
184.31999888 -0.4989776 
184.35999888 -0.4989776 
184.39999888 -0.4989776 
184.43999888 -0.4989776 
184.47999888 -0.4989776 
184.51999888 -0.4989776 
184.55999888 -0.4989776 
184.59999888 -0.4989776 
184.63999888 -0.4989776 
184.67999888 -0.4989776 
184.71999888 -0.4989776 
184.75999888 -0.4989776 
184.79999888 -0.4989776 
184.87999888 -0.4989776 
184.91999888 -0.4989776 
185.03999888 -0.4989776 
189.91999885 -0.4989776 
189.95999885 -0.4989776 
190.03999885 -0.4989776 
190.07999884 -0.4989776 
190.11999884 -0.4989776 
190.15999884 -1.382488 
190.23999884 -0.941496 
190.27999884 -0.941496 
190.31999884 -0.4989776 
190.35999884 -0.4989776 
190.39999884 -0.941496 
190.43999884 -0.941496 
190.47999884 -0.941496 
190.51999884 -0.941496 
190.55999884 -0.941496 
190.59999884 -0.941496 
190.63999884 -0.941496 
190.67999884 -0.941496 
190.71999884 -0.941496 
190.75999884 -0.941496 
190.79999884 -0.941496 
190.83999884 -0.941496 
190.87999884 -0.941496 
190.91999884 -0.941496 
190.95999884 -0.941496 
190.99999884 -0.941496 
191.03999884 -0.941496 
191.07999884 -0.941496 
191.11999884 -0.941496 
191.15999884 -0.941496 
191.19999884 -0.941496 
191.23999884 -0.941496 
191.27999884 -0.941496 
191.31999884 -0.941496 
191.35999884 -0.941496 
191.39999884 -0.4989776 
191.43999884 -0.941496 
191.47999884 -0.4989776 
191.51999884 -0.4989776 
191.55999884 -0.4989776 
191.59999884 -0.4989776 
191.63999884 -0.4989776 
191.67999884 -0.4989776 
191.71999883 -0.4989776 
191.75999883 -0.4989776 
191.79999883 -0.4989776 
191.83999883 -0.4989776 
194.27999882 -0.4989776 
194.31999882 -0.4989776 
194.35999882 -0.4989776 
194.39999882 -0.4989776 
194.43999882 -0.4989776 
194.47999882 -0.4989776 
194.51999882 -0.4989776 
194.55999882 -0.941496 
194.59999882 -0.941496 
194.63999882 -0.941496 
194.67999882 -0.941496 
194.71999882 -0.941496 
194.75999882 -0.941496 
194.79999882 -0.941496 
194.83999882 -0.941496 
194.87999882 -0.941496 
194.91999882 -0.941496 
194.95999882 -1.382488 
194.99999881 -1.825007 
195.03999881 -1.382488 
195.07999881 -1.382488 
195.11999881 -1.825007 
195.15999881 -1.825007 
195.19999881 -1.825007 
195.23999881 -1.825007 
195.27999881 -1.825007 
195.31999881 -1.825007 
195.35999881 -2.267525 
195.39999881 -1.825007 
195.43999881 -1.825007 
195.47999881 -2.267525 
195.51999881 -1.825007 
195.55999881 -2.267525 
195.59999881 -1.825007 
195.63999881 -2.267525 
195.67999881 -1.825007 
195.71999881 -1.825007 
195.75999881 -1.825007 
195.79999881 -1.825007 
195.83999881 -1.825007 
195.87999881 -2.267525 
195.91999881 -1.825007 
195.95999881 -1.825007 
195.99999881 -1.825007 
196.03999881 -1.825007 
196.07999881 -1.825007 
196.11999881 -1.825007 
196.15999881 -1.825007 
196.19999881 -1.382488 
196.23999881 -1.825007 
196.27999881 -1.825007 
196.31999881 -1.825007 
196.35999881 -0.941496 
196.39999881 -0.941496 
196.43999881 -0.941496 
196.47999881 -0.941496 
196.51999881 -0.941496 
196.55999881 -0.941496 
196.59999881 -0.941496 
196.6399988 -0.4989776 
196.6799988 -0.4989776 
196.7199988 -0.4989776 
196.7599988 -0.4989776 
196.8799988 -0.4989776 
196.9199988 -0.4989776 
0 0 
