0.0 -0.941496 
0.12 -0.941496 
0.16 -2.267525 
0.28 -1.825007 
0.32 -3.593554 
0.4 -5.803094 
0.44 -8.455153 
0.56 -0.941496 
0.6 -7.129124 
0.64 -2.708518 
0.8 -0.941496 
0.83999999 -7.570117 
0.87999999 -2.708518 
0.99999999 -3.593554 
1.03999999 -0.941496 
1.11999999 -3.593554 
1.15999999 -3.151036 
1.39999999 -2.267525 
1.43999999 -0.941496 
1.59999999 -0.4989776 
1.63999999 -1.825007 
1.79999999 -0.941496 
1.83999999 -0.4989776 
1.99999999 -0.4989776 
2.15999999 -0.4989776 
2.43999999 -0.4989776 
2.63999998 -0.4989776 
2.87999998 -0.941496 
2.91999998 -0.941496 
3.11999998 -0.941496 
3.15999998 -0.941496 
3.27999998 -0.4989776 
3.31999998 -0.941496 
4.07999998 -0.941496 
4.11999997 -1.382488 
4.23999997 -0.4989776 
4.27999997 -0.4989776 
4.31999997 -0.4989776 
4.47999997 -0.4989776 
4.51999997 -0.4989776 
4.71999997 -0.4989776 
4.75999997 -0.4989776 
5.39999997 -0.4989776 
5.43999997 -0.4989776 
5.87999996 -0.4989776 
5.91999996 -0.4989776 
6.07999996 -0.941496 
6.11999996 -0.941496 
6.31999996 -0.4989776 
7.15999996 -1.382488 
7.19999996 -0.941496 
7.35999996 -0.4989776 
7.39999996 -4.477065 
7.43999995 -2.267525 
7.59999995 -0.941496 
7.63999995 -2.267525 
7.67999995 -0.4989776 
8.75999995 -0.941496 
8.79999995 -1.382488 
8.99999995 -0.4989776 
9.03999995 -0.941496 
9.27999994 -0.4989776 
10.07999994 -0.941496 
10.23999994 -1.825007 
10.27999994 -0.4989776 
10.43999994 -0.941496 
10.47999994 -0.4989776 
10.59999994 -0.4989776 
10.63999994 -0.4989776 
10.91999993 -0.941496 
10.95999993 -0.941496 
10.99999993 -0.4989776 
11.03999993 -0.4989776 
11.07999993 -0.4989776 
11.11999993 -0.941496 
11.15999993 -1.825007 
11.19999993 -1.825007 
11.23999993 -0.4989776 
11.35999993 -0.941496 
11.39999993 -1.825007 
11.43999993 -1.382488 
11.47999993 -0.4989776 
11.55999993 -0.4989776 
11.59999993 -0.941496 
11.63999993 -1.825007 
11.67999993 -1.825007 
11.71999993 -0.941496 
11.75999993 -0.4989776 
11.79999993 -0.941496 
11.83999993 -0.941496 
11.87999993 -1.825007 
11.91999993 -0.941496 
11.95999993 -0.941496 
11.99999993 -0.941496 
12.03999993 -0.941496 
12.07999993 -0.941496 
12.11999993 -0.941496 
12.15999993 -0.941496 
12.19999993 -0.941496 
12.27999993 -5.360576 
12.31999993 -5.803094 
12.43999992 -0.941496 
12.47999992 -2.267525 
12.51999992 -0.941496 
12.55999992 -0.941496 
12.59999992 -1.382488 
12.63999992 -0.941496 
12.67999992 -0.4989776 
12.71999992 -0.941496 
12.75999992 -1.825007 
12.79999992 -0.941496 
12.83999992 -0.941496 
12.87999992 -0.941496 
12.91999992 -0.4989776 
12.95999992 -0.4989776 
12.99999992 -1.825007 
13.03999992 -2.708518 
13.07999992 -0.941496 
13.11999992 -0.4989776 
13.15999992 -0.4989776 
13.19999992 -0.941496 
13.23999992 -1.382488 
13.27999992 -0.941496 
13.31999992 -0.941496 
13.35999992 -0.4989776 
13.39999992 -0.941496 
13.43999992 -0.941496 
13.51999992 -3.151036 
13.55999992 -4.034547 
13.67999992 -0.941496 
13.71999992 -1.825007 
13.75999992 -0.941496 
13.83999992 -0.4989776 
13.87999992 -0.941496 
13.91999992 -0.4989776 
13.95999992 -0.4989776 
13.99999991 -0.941496 
14.03999991 -0.4989776 
14.07999991 -0.941496 
14.11999991 -0.941496 
14.15999991 -0.4989776 
14.19999991 -0.4989776 
14.23999991 -0.4989776 
14.27999991 -0.4989776 
14.31999991 -0.4989776 
14.35999991 -0.941496 
14.39999991 -0.941496 
14.43999991 -0.941496 
14.55999991 -0.4989776 
14.59999991 -0.4989776 
14.71999991 -1.825007 
14.75999991 -3.593554 
14.79999991 -3.593554 
14.95999991 -0.941496 
14.99999991 -4.034547 
15.03999991 -3.593554 
15.19999991 -0.4989776 
15.23999991 -0.941496 
15.27999991 -0.941496 
15.31999991 -0.4989776 
15.43999991 -0.4989776 
15.47999991 -0.941496 
15.51999991 -0.941496 
15.55999991 -0.4989776 
15.6799999 -0.4989776 
15.7199999 -0.941496 
15.7599999 -0.941496 
15.7999999 -0.4989776 
15.9199999 -0.4989776 
15.9599999 -0.941496 
15.9999999 -0.941496 
16.0399999 -0.4989776 
16.1999999 -1.825007 
16.2399999 -3.593554 
16.2799999 -0.941496 
16.3999999 -0.941496 
16.4399999 -4.477065 
16.4799999 -4.034547 
16.5199999 -0.4989776 
16.6399999 -0.941496 
16.6799999 -3.151036 
16.7199999 -1.825007 
16.8799999 -0.941496 
16.9199999 -1.825007 
16.9599999 -0.4989776 
17.0799999 -0.941496 
17.1199999 -1.382488 
17.1599999 -1.382488 
17.1999999 -0.941496 
17.35999989 -0.941496 
17.39999989 -0.941496 
17.43999989 -0.941496 
17.47999989 -0.4989776 
17.59999989 -0.941496 
17.63999989 -0.941496 
17.67999989 -0.941496 
17.71999989 -0.4989776 
17.75999989 -0.4989776 
17.79999989 -0.4989776 
17.83999989 -0.4989776 
17.87999989 -0.4989776 
17.91999989 -0.4989776 
17.95999989 -0.4989776 
17.99999989 -0.4989776 
18.19999989 -0.4989776 
18.23999989 -0.4989776 
18.27999989 -0.4989776 
18.31999989 -0.4989776 
18.51999989 -0.4989776 
18.71999989 -0.4989776 
18.91999989 -0.941496 
18.95999988 -0.941496 
19.63999988 -0.4989776 
19.79999988 -0.4989776 
20.31999988 -0.941496 
20.47999988 -0.4989776 
20.87999987 -0.941496 
21.03999987 -0.4989776 
21.07999987 -0.4989776 
21.23999987 -0.4989776 
21.27999987 -0.4989776 
21.39999987 -0.941496 
21.43999987 -0.941496 
21.63999987 -0.4989776 
21.67999987 -0.941496 
21.71999987 -0.4989776 
21.91999987 -0.4989776 
21.95999987 -0.4989776 
22.11999987 -0.941496 
22.15999987 -4.477065 
22.19999987 -3.151036 
22.35999986 -2.267525 
22.39999986 -4.477065 
22.43999986 -1.825007 
22.55999986 -0.4989776 
22.59999986 -1.825007 
22.63999986 -1.382488 
22.79999986 -0.4989776 
22.83999986 -0.941496 
22.87999986 -0.4989776 
23.03999986 -0.941496 
23.07999986 -0.941496 
23.11999986 -0.941496 
23.27999986 -0.4989776 
23.31999986 -0.4989776 
23.43999986 -0.4989776 
23.47999986 -0.4989776 
23.51999986 -0.4989776 
23.55999986 -0.4989776 
23.59999986 -0.4989776 
23.79999986 -1.825007 
23.83999986 -2.708518 
23.91999985 -0.941496 
23.95999985 -5.360576 
24.07999985 -0.4989776 
24.11999985 -1.825007 
24.19999985 -0.4989776 
24.35999985 -0.4989776 
24.39999985 -0.4989776 
24.47999985 -0.4989776 
24.71999985 -0.4989776 
24.91999985 -0.4989776 
24.95999985 -0.4989776 
25.03999985 -2.267525 
25.19999985 -0.941496 
26.39999984 -0.941496 
26.43999984 -4.477065 
26.47999984 -0.4989776 
26.71999984 -0.941496 
26.75999984 -0.4989776 
26.87999984 -0.4989776 
26.95999984 -0.4989776 
27.11999984 -0.941496 
27.15999983 -0.941496 
27.39999983 -0.4989776 
27.47999983 -0.4989776 
27.51999983 -0.4989776 
27.55999983 -0.4989776 
27.59999983 -0.941496 
27.63999983 -0.4989776 
27.75999983 -0.941496 
27.79999983 -2.267525 
27.83999983 -1.382488 
27.87999983 -0.4989776 
27.95999983 -0.941496 
27.99999983 -0.941496 
28.03999983 -0.4989776 
28.07999983 -2.267525 
28.11999983 -5.803094 
28.27999983 -1.825007 
28.31999983 -3.593554 
28.35999983 -2.267525 
28.55999983 -6.686605 
28.59999983 -3.593554 
28.71999983 -4.034547 
28.75999983 -0.941496 
28.83999982 -2.267525 
28.87999982 -1.825007 
28.99999982 -1.825007 
29.03999982 -0.941496 
29.63999982 -1.825007 
29.67999982 -3.593554 
29.71999982 -1.825007 
29.87999982 -0.941496 
29.91999982 -2.267525 
29.95999982 -0.941496 
30.15999982 -0.4989776 
31.27999981 -1.825007 
31.31999981 -0.941496 
31.51999981 -0.941496 
32.07999981 -0.4989776 
32.8799998 -0.4989776 
32.9199998 -0.941496 
33.4399998 -0.4989776 
34.15999979 -0.941496 
34.19999979 -0.941496 
34.63999979 -0.4989776 
34.79999979 -0.4989776 
34.83999979 -0.4989776 
34.99999979 -0.4989776 
35.23999979 -0.4989776 
36.19999978 -0.941496 
36.39999978 -0.4989776 
36.43999978 -0.4989776 
36.59999978 -0.941496 
36.63999978 -0.941496 
36.79999978 -0.4989776 
36.99999978 -0.941496 
37.03999977 -3.593554 
37.07999977 -2.708518 
37.11999977 -0.941496 
37.27999977 -2.267525 
37.31999977 -2.267525 
37.47999977 -0.941496 
37.51999977 -2.267525 
37.55999977 -1.825007 
37.59999977 -0.4989776 
37.71999977 -0.941496 
37.75999977 -2.267525 
37.91999977 -1.825007 
37.95999977 -2.708518 
37.99999977 -1.825007 
38.03999977 -0.4989776 
38.15999977 -0.941496 
38.19999977 -1.825007 
38.23999977 -0.941496 
38.27999977 -0.4989776 
38.31999977 -0.941496 
38.43999977 -3.593554 
38.47999977 -4.477065 
38.63999977 -1.382488 
38.67999976 -3.593554 
38.71999976 -3.593554 
38.75999976 -0.941496 
38.87999976 -0.941496 
38.91999976 -4.477065 
38.95999976 -3.593554 
39.11999976 -0.941496 
39.15999976 -1.825007 
39.19999976 -1.382488 
39.27999976 -0.4989776 
39.31999976 -1.382488 
39.35999976 -1.825007 
39.39999976 -1.825007 
39.43999976 -0.4989776 
39.51999976 -0.4989776 
39.55999976 -0.941496 
39.59999976 -0.941496 
39.63999976 -0.941496 
39.67999976 -0.941496 
39.71999976 -0.941496 
39.75999976 -0.941496 
39.79999976 -1.825007 
39.83999976 -4.919584 
39.99999976 -0.941496 
40.03999976 -0.4989776 
40.07999976 -1.382488 
40.11999976 -1.825007 
40.23999976 -0.4989776 
40.27999976 -0.4989776 
40.31999975 -0.4989776 
40.35999975 -0.4989776 
40.39999975 -0.4989776 
40.47999975 -0.941496 
40.51999975 -1.382488 
40.55999975 -0.941496 
40.71999975 -0.4989776 
40.75999975 -0.941496 
40.79999975 -0.941496 
40.83999975 -0.941496 
40.87999975 -0.4989776 
40.91999975 -0.4989776 
40.95999975 -0.941496 
40.99999975 -0.4989776 
41.03999975 -0.4989776 
41.15999975 -0.4989776 
41.19999975 -0.941496 
41.23999975 -0.941496 
41.27999975 -0.4989776 
41.31999975 -0.941496 
41.51999975 -0.4989776 
41.63999975 -0.941496 
41.67999975 -0.941496 
41.83999975 -0.941496 
41.87999975 -0.4989776 
41.91999975 -0.4989776 
42.35999974 -0.941496 
42.55999974 -0.941496 
42.59999974 -0.941496 
42.63999974 -0.4989776 
42.79999974 -0.4989776 
42.83999974 -0.941496 
43.03999974 -0.4989776 
43.07999974 -0.4989776 
43.55999974 -0.4989776 
43.71999973 -0.4989776 
43.75999973 -0.4989776 
44.19999973 -0.4989776 
44.31999973 -0.941496 
44.35999973 -2.708518 
44.39999973 -2.708518 
44.59999973 -4.477065 
44.63999973 -4.034547 
44.79999973 -0.941496 
44.83999973 -1.382488 
44.87999973 -0.941496 
45.03999973 -0.941496 
45.11999973 -0.4989776 
45.15999973 -0.941496 
45.19999973 -0.941496 
45.23999973 -0.4989776 
45.35999972 -0.4989776 
45.39999972 -0.4989776 
45.43999972 -0.4989776 
45.51999972 -0.4989776 
45.55999972 -0.4989776 
45.59999972 -0.4989776 
45.63999972 -0.4989776 
45.79999972 -0.4989776 
45.83999972 -0.941496 
45.99999972 -0.941496 
46.03999972 -3.593554 
46.07999972 -2.267525 
46.23999972 -0.941496 
46.27999972 -2.267525 
46.31999972 -0.941496 
46.47999972 -0.941496 
46.51999972 -0.941496 
46.79999972 -0.4989776 
46.95999971 -0.4989776 
47.11999971 -0.4989776 
47.23999971 -0.4989776 
47.27999971 -0.4989776 
47.91999971 -0.4989776 
48.11999971 -0.4989776 
48.7999997 -0.941496 
48.8399997 -0.4989776 
48.8799997 -0.4989776 
48.9999997 -0.4989776 
49.0399997 -0.4989776 
49.1999997 -0.4989776 
49.2399997 -0.4989776 
49.2799997 -0.4989776 
49.3199997 -0.4989776 
49.3999997 -0.4989776 
49.4399997 -0.941496 
49.4799997 -0.941496 
49.5199997 -0.941496 
49.5599997 -0.4989776 
49.5999997 -0.4989776 
49.6799997 -0.4989776 
49.7199997 -1.382488 
49.7599997 -0.941496 
49.7999997 -0.4989776 
49.8799997 -0.4989776 
49.9199997 -0.941496 
49.9599997 -0.941496 
49.9999997 -0.941496 
50.0399997 -0.941496 
50.0799997 -0.4989776 
50.1199997 -0.941496 
50.1599997 -0.941496 
50.19999969 -0.941496 
50.23999969 -0.941496 
50.27999969 -0.941496 
50.31999969 -0.4989776 
50.35999969 -0.941496 
50.39999969 -0.941496 
50.43999969 -1.382488 
50.47999969 -0.4989776 
50.59999969 -1.382488 
50.63999969 -2.708518 
50.67999969 -0.941496 
50.79999969 -0.941496 
50.83999969 -0.941496 
50.87999969 -1.382488 
50.91999969 -0.941496 
50.95999969 -0.4989776 
50.99999969 -0.941496 
51.03999969 -0.941496 
51.07999969 -0.941496 
51.27999969 -2.708518 
51.31999969 -4.477065 
51.35999969 -2.267525 
51.47999969 -0.941496 
51.51999969 -2.708518 
51.55999969 -2.708518 
51.59999969 -0.941496 
51.75999969 -2.708518 
51.79999969 -4.477065 
51.83999968 -1.825007 
51.99999968 -2.267525 
52.03999968 -3.151036 
52.07999968 -0.941496 
52.27999968 -0.941496 
52.31999968 -0.941496 
52.51999968 -0.4989776 
52.67999968 -0.4989776 
52.71999968 -4.477065 
52.75999968 -0.941496 
52.87999968 -1.382488 
52.91999968 -0.941496 
53.31999968 -2.708518 
53.35999968 -2.708518 
53.39999968 -0.4989776 
53.55999967 -2.267525 
53.59999967 -2.708518 
53.83999967 -0.941496 
53.87999967 -0.4989776 
54.03999967 -0.4989776 
54.07999967 -0.4989776 
54.51999967 -0.4989776 
54.71999967 -0.4989776 
54.75999967 -0.4989776 
54.95999967 -0.941496 
54.99999967 -0.4989776 
55.27999966 -0.941496 
55.31999966 -3.593554 
55.47999966 -6.244087 
55.59999966 -3.593554 
55.63999966 -1.382488 
55.67999966 -0.941496 
55.83999966 -4.477065 
55.87999966 -2.708518 
56.11999966 -2.267525 
56.27999966 -2.267525 
56.43999966 -0.4989776 
56.47999966 -0.4989776 
56.63999966 -0.4989776 
57.75999965 -0.4989776 
57.95999965 -0.941496 
58.15999965 -0.941496 
58.19999965 -1.382488 
59.03999964 -1.825007 
59.07999964 -1.382488 
59.23999964 -0.4989776 
59.27999964 -2.708518 
59.31999964 -1.382488 
59.51999964 -0.4989776 
60.23999963 -0.4989776 
60.27999963 -0.941496 
60.43999963 -0.4989776 
60.59999963 -0.4989776 
60.63999963 -2.267525 
60.67999963 -1.825007 
60.83999963 -0.4989776 
60.87999963 -1.825007 
60.91999963 -1.825007 
61.07999963 -0.4989776 
61.11999963 -0.941496 
61.15999963 -0.941496 
61.19999963 -1.382488 
61.23999963 -1.382488 
61.27999963 -0.4989776 
61.35999963 -0.4989776 
61.39999963 -0.941496 
61.43999963 -0.941496 
61.47999963 -0.4989776 
61.51999963 -0.4989776 
61.55999963 -0.4989776 
61.59999963 -0.941496 
61.63999963 -1.382488 
61.67999963 -0.941496 
61.71999962 -0.4989776 
61.75999962 -0.4989776 
61.79999962 -0.4989776 
61.83999962 -0.941496 
61.87999962 -1.382488 
61.91999962 -0.941496 
61.95999962 -0.941496 
61.99999962 -0.941496 
62.03999962 -0.941496 
62.07999962 -0.941496 
62.11999962 -2.267525 
62.15999962 -1.382488 
62.27999962 -2.267525 
62.31999962 -2.708518 
62.35999962 -0.4989776 
62.43999962 -0.4989776 
62.47999962 -0.941496 
62.51999962 -0.941496 
62.55999962 -1.825007 
62.59999962 -0.941496 
62.63999962 -0.941496 
62.67999962 -1.825007 
62.71999962 -0.941496 
62.79999962 -0.941496 
62.83999962 -1.382488 
62.87999962 -0.941496 
62.91999962 -0.4989776 
62.99999962 -0.941496 
63.03999962 -1.825007 
63.07999962 -0.941496 
63.11999962 -0.4989776 
63.15999962 -0.4989776 
63.19999962 -0.941496 
63.23999962 -0.941496 
63.27999962 -0.941496 
63.31999962 -0.941496 
63.35999961 -0.941496 
63.39999961 -0.941496 
63.55999961 -0.941496 
63.59999961 -0.941496 
63.63999961 -0.941496 
63.67999961 -0.941496 
63.71999961 -0.941496 
63.75999961 -0.941496 
63.91999961 -0.941496 
63.95999961 -0.941496 
63.99999961 -0.941496 
64.15999961 -0.4989776 
64.19999961 -0.4989776 
64.39999961 -0.4989776 
64.43999961 -0.941496 
64.47999961 -5.803094 
64.63999961 -1.825007 
64.67999961 -0.4989776 
64.83999961 -0.4989776 
64.87999961 -0.4989776 
64.91999961 -0.4989776 
65.0799996 -0.941496 
65.1199996 -0.941496 
65.2799996 -0.941496 
65.3199996 -0.941496 
65.3599996 -0.4989776 
65.5599996 -0.941496 
65.5999996 -0.941496 
65.7199996 -0.4989776 
65.7599996 -0.4989776 
65.7999996 -0.4989776 
65.8399996 -0.941496 
65.8799996 -0.941496 
65.9199996 -0.4989776 
65.9599996 -0.4989776 
65.9999996 -0.941496 
66.0399996 -0.941496 
66.1199996 -0.941496 
66.2399996 -3.593554 
66.2799996 -3.151036 
66.4399996 -4.477065 
66.4799996 -4.477065 
66.5199996 -0.941496 
66.63999959 -0.4989776 
66.67999959 -2.708518 
66.71999959 -2.267525 
66.75999959 -0.941496 
66.87999959 -0.4989776 
66.91999959 -1.825007 
66.95999959 -1.382488 
66.99999959 -0.4989776 
67.07999959 -0.4989776 
67.11999959 -0.941496 
67.15999959 -0.941496 
67.19999959 -0.941496 
67.27999959 -0.4989776 
67.31999959 -0.4989776 
67.35999959 -0.941496 
67.39999959 -0.4989776 
67.51999959 -0.941496 
67.55999959 -1.382488 
67.59999959 -0.4989776 
67.75999959 -0.941496 
67.79999959 -3.151036 
67.83999959 -4.034547 
67.87999959 -0.4989776 
67.99999959 -1.382488 
68.03999959 -5.803094 
68.07999959 -4.919584 
68.23999959 -1.825007 
68.27999959 -5.803094 
68.31999958 -2.708518 
68.43999958 -0.4989776 
68.47999958 -2.708518 
68.51999958 -1.382488 
68.67999958 -0.4989776 
68.71999958 -0.941496 
68.75999958 -0.4989776 
68.91999958 -0.4989776 
69.15999958 -0.4989776 
69.23999958 -0.4989776 
69.27999958 -0.941496 
69.43999958 -0.4989776 
69.47999958 -0.4989776 
69.63999958 -0.4989776 
69.67999958 -0.4989776 
69.87999958 -0.4989776 
69.91999958 -0.4989776 
70.07999957 -0.4989776 
70.11999957 -0.4989776 
70.27999957 -0.4989776 
70.31999957 -0.4989776 
70.51999957 -0.4989776 
70.55999957 -0.4989776 
70.75999957 -0.4989776 
70.79999957 -0.941496 
70.83999957 -0.4989776 
70.95999957 -0.4989776 
70.99999957 -0.4989776 
71.03999957 -0.941496 
71.07999957 -0.4989776 
71.19999957 -0.941496 
71.23999957 -1.382488 
71.27999957 -0.941496 
71.43999957 -0.4989776 
71.47999957 -0.941496 
71.51999957 -0.941496 
71.63999956 -0.4989776 
71.67999956 -0.941496 
71.71999956 -0.941496 
71.75999956 -0.941496 
71.91999956 -0.941496 
71.95999956 -1.825007 
71.99999956 -0.941496 
72.15999956 -0.4989776 
72.19999956 -1.825007 
72.23999956 -0.941496 
72.39999956 -0.941496 
72.43999956 -0.941496 
72.59999956 -0.4989776 
72.63999956 -0.941496 
72.67999956 -0.941496 
72.71999956 -0.4989776 
72.79999956 -0.4989776 
72.83999956 -0.4989776 
72.87999956 -0.941496 
72.91999956 -0.4989776 
73.03999956 -0.941496 
73.07999956 -0.941496 
73.11999956 -0.4989776 
73.23999955 -0.4989776 
73.27999955 -0.941496 
73.31999955 -0.4989776 
73.35999955 -0.941496 
73.39999955 -2.267525 
73.43999955 -0.941496 
73.59999955 -0.941496 
73.63999955 -3.593554 
73.67999955 -2.267525 
73.83999955 -0.4989776 
73.99999955 -1.382488 
74.03999955 -3.593554 
74.07999955 -2.708518 
74.23999955 -0.941496 
74.27999955 -0.941496 
74.43999955 -0.941496 
74.47999955 -1.382488 
74.51999955 -0.941496 
74.67999955 -0.941496 
74.71999955 -0.941496 
74.95999954 -0.4989776 
74.99999954 -1.382488 
75.03999954 -1.382488 
75.07999954 -0.941496 
75.23999954 -0.941496 
75.27999954 -2.267525 
75.31999954 -0.941496 
75.35999954 -0.4989776 
75.47999954 -0.4989776 
75.51999954 -0.941496 
75.55999954 -0.4989776 
75.59999954 -0.941496 
75.63999954 -0.4989776 
75.71999954 -0.4989776 
75.79999954 -0.4989776 
75.83999954 -0.941496 
75.87999954 -0.941496 
76.03999954 -0.941496 
76.07999954 -0.941496 
76.11999954 -0.941496 
76.15999954 -0.4989776 
76.19999954 -0.4989776 
76.27999954 -0.4989776 
76.31999954 -0.941496 
76.35999954 -0.941496 
76.39999954 -0.4989776 
76.43999954 -0.4989776 
76.51999953 -0.4989776 
76.55999953 -0.941496 
76.59999953 -0.4989776 
76.63999953 -0.4989776 
76.67999953 -0.941496 
76.71999953 -0.941496 
76.75999953 -0.4989776 
76.79999953 -0.4989776 
76.83999953 -0.4989776 
76.87999953 -0.4989776 
76.91999953 -0.941496 
76.95999953 -0.4989776 
76.99999953 -0.4989776 
77.03999953 -0.941496 
77.07999953 -0.941496 
77.11999953 -0.941496 
77.15999953 -0.941496 
77.19999953 -1.825007 
77.23999953 -2.708518 
77.35999953 -0.941496 
77.39999953 -1.825007 
77.43999953 -0.941496 
77.47999953 -0.941496 
77.51999953 -0.941496 
77.55999953 -0.941496 
77.59999953 -0.4989776 
77.63999953 -0.941496 
77.67999953 -0.941496 
77.71999953 -0.4989776 
77.83999953 -0.941496 
77.87999953 -1.825007 
77.91999953 -1.382488 
77.95999953 -1.382488 
77.99999953 -0.941496 
78.03999953 -0.4989776 
78.11999953 -0.941496 
78.15999952 -1.825007 
78.19999952 -0.941496 
78.23999952 -0.4989776 
78.27999952 -0.941496 
78.31999952 -0.941496 
78.39999952 -0.4989776 
78.47999952 -4.477065 
78.51999952 -7.129124 
78.63999952 -0.941496 
78.67999952 -3.593554 
78.71999952 -1.382488 
78.75999952 -0.4989776 
78.87999952 -0.4989776 
78.91999952 -2.267525 
78.95999952 -1.825007 
78.99999952 -0.941496 
79.15999952 -3.593554 
79.19999952 -2.267525 
79.31999952 -0.4989776 
79.67999952 -0.941496 
80.39999951 -2.708518 
80.43999951 -2.267525 
80.63999951 -2.708518 
80.67999951 -1.382488 
80.87999951 -2.708518 
80.91999951 -0.941496 
81.9599995 -0.4989776 
81.9999995 -1.382488 
82.1999995 -0.941496 
82.2399995 -1.825007 
82.4799995 -0.941496 
82.5999995 -4.477065 
82.7199995 -2.708518 
82.7999995 -0.941496 
82.9999995 -0.941496 
83.0799995 -0.4989776 
83.11999949 -1.825007 
83.19999949 -0.4989776 
83.23999949 -2.267525 
83.35999949 -2.267525 
83.39999949 -3.151036 
83.55999949 -0.4989776 
83.59999949 -0.4989776 
83.87999949 -0.941496 
83.91999949 -0.4989776 
84.07999949 -0.941496 
84.55999949 -0.4989776 
84.79999948 -0.4989776 
84.83999948 -0.941496 
85.03999948 -0.4989776 
85.23999948 -1.382488 
85.27999948 -0.4989776 
85.43999948 -0.4989776 
85.47999948 -0.4989776 
85.87999948 -0.4989776 
85.91999948 -0.4989776 
86.11999948 -0.4989776 
86.15999948 -0.4989776 
86.35999948 -0.941496 
86.39999947 -1.825007 
86.43999947 -0.4989776 
86.55999947 -0.941496 
86.59999947 -1.825007 
86.63999947 -0.941496 
86.79999947 -0.941496 
86.83999947 -0.4989776 
86.95999947 -0.4989776 
86.99999947 -0.941496 
87.03999947 -0.941496 
87.07999947 -0.4989776 
87.15999947 -0.4989776 
87.19999947 -0.941496 
87.23999947 -0.941496 
87.27999947 -0.941496 
87.31999947 -0.941496 
87.35999947 -0.941496 
87.39999947 -0.4989776 
87.43999947 -0.4989776 
87.47999947 -0.4989776 
87.51999947 -0.941496 
87.55999947 -2.267525 
87.59999947 -3.151036 
87.63999947 -1.825007 
87.79999947 -3.151036 
87.83999947 -4.034547 
87.87999947 -1.825007 
88.03999946 -1.382488 
88.07999946 -2.267525 
88.11999946 -1.825007 
88.15999946 -0.941496 
88.19999946 -0.4989776 
88.23999946 -0.941496 
88.27999946 -0.941496 
88.31999946 -1.825007 
88.35999946 -0.4989776 
88.47999946 -2.267525 
88.51999946 -3.151036 
88.55999946 -1.825007 
88.59999946 -0.4989776 
88.67999946 -0.4989776 
88.71999946 -0.941496 
88.75999946 -0.941496 
88.79999946 -0.941496 
88.83999946 -0.4989776 
88.87999946 -0.4989776 
88.91999946 -0.941496 
88.95999946 -0.941496 
88.99999946 -0.941496 
89.03999946 -0.941496 
89.07999946 -0.4989776 
89.11999946 -0.941496 
89.15999946 -3.151036 
89.19999946 -3.151036 
89.35999946 -4.034547 
89.39999946 -7.129124 
89.43999946 -3.151036 
89.59999946 -4.919584 
89.63999946 -4.034547 
89.79999945 -1.382488 
89.83999945 -2.708518 
89.87999945 -0.941496 
89.99999945 -0.4989776 
90.03999945 -0.4989776 
90.07999945 -0.941496 
90.11999945 -0.941496 
90.15999945 -0.4989776 
90.27999945 -0.4989776 
90.31999945 -0.4989776 
90.39999945 -0.4989776 
90.43999945 -0.4989776 
90.51999945 -0.4989776 
90.63999945 -4.034547 
90.67999945 -1.825007 
90.79999945 -0.941496 
90.95999945 -0.4989776 
91.03999945 -0.4989776 
91.19999945 -0.941496 
91.23999945 -0.4989776 
91.43999944 -0.4989776 
92.27999944 -0.4989776 
92.55999944 -2.708518 
92.59999944 -0.941496 
93.03999943 -0.4989776 
93.23999943 -0.4989776 
93.47999943 -0.4989776 
93.51999943 -0.4989776 
93.67999943 -0.4989776 
93.71999943 -0.941496 
93.75999943 -0.4989776 
93.91999943 -0.4989776 
93.95999943 -0.941496 
93.99999943 -0.4989776 
94.11999943 -0.4989776 
94.15999943 -0.941496 
94.19999943 -0.941496 
94.27999943 -0.941496 
94.31999943 -0.941496 
94.43999943 -0.4989776 
94.47999943 -0.941496 
94.51999943 -0.941496 
94.55999943 -0.4989776 
94.59999943 -0.4989776 
94.63999942 -0.4989776 
94.79999942 -3.593554 
94.83999942 -4.477065 
94.87999942 -1.825007 
95.03999942 -2.708518 
95.07999942 -3.593554 
95.11999942 -0.941496 
95.27999942 -1.382488 
95.31999942 -1.825007 
95.35999942 -0.4989776 
95.51999942 -0.941496 
95.55999942 -1.382488 
95.59999942 -0.941496 
95.63999942 -0.4989776 
95.75999942 -0.4989776 
95.79999942 -0.941496 
95.83999942 -0.4989776 
95.99999942 -0.941496 
96.03999942 -0.941496 
96.19999942 -0.941496 
96.23999942 -0.4989776 
96.35999941 -0.4989776 
96.39999941 -2.267525 
96.43999941 -2.267525 
96.47999941 -0.941496 
96.63999941 -2.708518 
96.67999941 -3.151036 
96.83999941 -0.4989776 
96.87999941 -1.825007 
96.91999941 -0.4989776 
97.07999941 -0.941496 
97.11999941 -0.941496 
97.15999941 -0.4989776 
97.35999941 -0.4989776 
97.39999941 -0.4989776 
97.51999941 -0.4989776 
97.55999941 -0.4989776 
97.59999941 -0.4989776 
97.67999941 -0.4989776 
97.79999941 -0.941496 
97.83999941 -1.825007 
97.87999941 -0.4989776 
98.0399994 -0.4989776 
98.0799994 -0.941496 
98.1999994 -0.4989776 
98.2399994 -0.4989776 
98.2799994 -0.4989776 
98.3199994 -0.4989776 
98.4399994 -0.941496 
98.4799994 -0.941496 
98.5999994 -0.4989776 
98.6399994 -1.825007 
98.6799994 -1.825007 
98.7199994 -0.4989776 
98.8399994 -0.4989776 
98.8799994 -0.941496 
98.9199994 -0.941496 
98.9599994 -0.941496 
98.9999994 -0.941496 
99.0399994 -0.4989776 
99.0799994 -0.4989776 
99.1599994 -0.4989776 
99.1999994 -0.941496 
99.2399994 -0.941496 
99.2799994 -1.825007 
99.3199994 -0.941496 
99.3599994 -0.941496 
99.3999994 -0.941496 
99.4399994 -0.941496 
99.55999939 -0.941496 
99.59999939 -1.825007 
99.63999939 -1.825007 
99.67999939 -0.941496 
99.71999939 -0.941496 
99.75999939 -0.941496 
99.79999939 -0.941496 
99.83999939 -0.941496 
99.87999939 -0.941496 
99.91999939 -0.941496 
99.95999939 -0.941496 
99.99999939 -0.941496 
100.03999939 -0.4989776 
100.07999939 -0.941496 
100.11999939 -0.941496 
100.15999939 -0.941496 
100.19999939 -0.941496 
100.23999939 -1.382488 
100.27999939 -1.825007 
100.31999939 -1.825007 
100.35999939 -0.941496 
100.39999939 -0.941496 
100.43999939 -0.4989776 
100.47999939 -0.941496 
100.51999939 -1.382488 
100.55999939 -0.941496 
100.59999939 -0.941496 
100.63999939 -0.941496 
100.67999939 -0.941496 
100.71999939 -0.941496 
100.75999939 -0.4989776 
100.79999939 -0.941496 
100.83999939 -1.382488 
100.87999939 -1.382488 
100.91999939 -0.941496 
100.95999939 -1.382488 
100.99999939 -0.4989776 
101.03999939 -0.4989776 
101.07999939 -0.941496 
101.11999939 -0.941496 
101.15999939 -0.941496 
101.19999938 -0.941496 
101.23999938 -0.941496 
101.27999938 -0.941496 
101.31999938 -0.941496 
101.35999938 -0.941496 
101.47999938 -0.4989776 
101.51999938 -0.4989776 
101.55999938 -1.825007 
101.59999938 -2.267525 
101.63999938 -0.4989776 
101.79999938 -3.593554 
101.83999938 -4.034547 
101.87999938 -0.941496 
102.03999938 -1.825007 
102.07999938 -1.825007 
102.11999938 -0.4989776 
102.23999938 -0.4989776 
102.27999938 -0.941496 
102.31999938 -0.4989776 
102.43999938 -1.825007 
102.47999938 -2.708518 
102.63999938 -1.825007 
102.67999938 -3.151036 
102.71999938 -0.941496 
102.83999937 -0.4989776 
102.87999937 -1.825007 
102.91999937 -0.941496 
103.07999937 -0.941496 
103.11999937 -1.825007 
103.15999937 -0.941496 
103.35999937 -4.034547 
103.39999937 -5.803094 
103.43999937 -0.4989776 
103.59999937 -1.825007 
103.63999937 -1.825007 
103.67999937 -0.4989776 
103.79999937 -0.4989776 
103.83999937 -0.941496 
103.87999937 -0.4989776 
104.03999937 -0.941496 
104.07999937 -0.4989776 
104.23999937 -0.941496 
104.27999937 -0.4989776 
104.43999937 -0.4989776 
104.47999937 -0.4989776 
104.51999936 -0.4989776 
104.55999936 -0.4989776 
104.67999936 -0.4989776 
104.71999936 -0.4989776 
104.75999936 -0.4989776 
104.79999936 -0.4989776 
104.83999936 -0.941496 
104.87999936 -0.4989776 
104.91999936 -0.4989776 
104.95999936 -0.4989776 
104.99999936 -0.4989776 
105.15999936 -0.4989776 
105.19999936 -0.941496 
105.23999936 -0.941496 
105.27999936 -0.4989776 
105.43999936 -4.034547 
105.47999936 -2.708518 
105.59999936 -5.360576 
105.63999936 -4.034547 
105.75999936 -1.382488 
105.79999936 -2.267525 
105.83999936 -0.4989776 
105.87999936 -0.941496 
105.91999936 -0.4989776 
106.03999936 -0.4989776 
106.07999936 -0.4989776 
106.11999936 -0.4989776 
106.15999935 -0.4989776 
106.63999935 -0.4989776 
106.67999935 -0.4989776 
108.39999934 -0.4989776 
108.71999934 -0.941496 
108.91999934 -2.267525 
108.95999934 -3.151036 
109.11999934 -0.4989776 
109.15999934 -1.825007 
109.19999934 -0.4989776 
109.35999934 -0.941496 
109.55999933 -0.941496 
109.71999933 -6.244087 
109.83999933 -5.803094 
109.91999933 -0.4989776 
109.99999933 -0.941496 
110.07999933 -0.941496 
110.11999933 -2.267525 
110.19999933 -1.382488 
110.23999933 -3.593554 
110.27999933 -0.941496 
110.31999933 -0.4989776 
110.47999933 -7.129124 
110.51999933 -6.686605 
110.67999933 -5.803094 
110.71999933 -5.803094 
110.75999933 -0.4989776 
110.87999933 -2.267525 
110.91999933 -2.708518 
110.95999933 -1.825007 
110.99999933 -0.4989776 
111.07999932 -0.4989776 
111.11999932 -1.825007 
111.15999932 -1.825007 
111.19999932 -0.941496 
111.27999932 -0.941496 
111.31999932 -0.941496 
111.35999932 -1.825007 
111.39999932 -0.941496 
111.43999932 -0.4989776 
111.47999932 -0.941496 
111.51999932 -0.941496 
111.55999932 -0.941496 
111.59999932 -0.941496 
111.63999932 -1.382488 
111.67999932 -1.825007 
111.71999932 -0.4989776 
111.79999932 -0.941496 
111.83999932 -1.825007 
111.87999932 -0.941496 
111.91999932 -0.4989776 
111.95999932 -0.941496 
111.99999932 -0.4989776 
112.03999932 -0.941496 
112.07999932 -0.941496 
112.11999932 -0.941496 
112.15999932 -0.941496 
112.27999932 -0.941496 
112.31999932 -0.941496 
112.35999932 -0.4989776 
112.43999932 -0.4989776 
112.47999932 -0.941496 
112.51999932 -0.941496 
112.55999932 -0.941496 
112.59999932 -0.4989776 
112.71999931 -0.4989776 
112.75999931 -0.941496 
112.79999931 -0.4989776 
112.95999931 -0.4989776 
112.99999931 -0.4989776 
113.03999931 -0.4989776 
113.19999931 -0.4989776 
113.23999931 -0.4989776 
113.55999931 -0.941496 
113.91999931 -0.4989776 
114.31999931 -0.4989776 
114.7599993 -0.941496 
114.9199993 -1.382488 
114.9599993 -1.382488 
115.1199993 -0.941496 
115.1599993 -0.4989776 
115.2399993 -0.4989776 
115.4799993 -0.4989776 
115.5199993 -0.4989776 
115.5999993 -0.4989776 
115.7999993 -0.941496 
115.8399993 -2.708518 
115.8799993 -2.708518 
115.9199993 -0.4989776 
116.07999929 -2.708518 
116.11999929 -3.151036 
116.27999929 -0.4989776 
116.31999929 -1.825007 
116.35999929 -0.941496 
116.59999929 -0.941496 
116.63999929 -2.708518 
116.67999929 -2.708518 
116.79999929 -1.382488 
116.83999929 -2.267525 
116.87999929 -0.4989776 
117.03999929 -0.4989776 
117.07999929 -0.941496 
117.11999929 -0.941496 
117.35999929 -0.4989776 
117.39999929 -1.825007 
117.43999929 -2.267525 
117.59999929 -0.4989776 
117.63999929 -1.825007 
117.67999928 -0.941496 
117.83999928 -0.4989776 
117.87999928 -0.941496 
117.91999928 -0.4989776 
118.83999928 -5.360576 
118.87999928 -3.593554 
119.15999928 -0.4989776 
120.19999927 -0.4989776 
120.23999927 -0.4989776 
120.51999927 -0.4989776 
120.83999927 -0.941496 
120.87999927 -0.941496 
121.07999926 -0.4989776 
121.11999926 -0.4989776 
121.15999926 -0.4989776 
121.27999926 -0.4989776 
121.31999926 -0.941496 
121.43999926 -0.4989776 
121.55999926 -0.941496 
121.59999926 -0.941496 
121.63999926 -0.4989776 
121.71999926 -0.4989776 
121.75999926 -0.941496 
121.79999926 -0.941496 
121.83999926 -0.4989776 
121.95999926 -0.941496 
121.99999926 -1.382488 
122.03999926 -0.941496 
122.15999926 -0.4989776 
122.19999926 -0.941496 
122.23999926 -0.941496 
122.27999926 -0.941496 
122.31999926 -0.4989776 
122.39999926 -0.941496 
122.43999926 -0.941496 
122.47999926 -0.941496 
122.51999926 -0.941496 
122.59999925 -0.4989776 
122.71999925 -0.941496 
122.75999925 -4.034547 
122.79999925 -4.034547 
122.83999925 -0.4989776 
122.95999925 -0.4989776 
122.99999925 -3.151036 
123.03999925 -2.708518 
123.07999925 -0.941496 
123.19999925 -0.941496 
123.23999925 -1.825007 
123.27999925 -1.825007 
123.31999925 -0.941496 
123.35999925 -0.941496 
123.39999925 -0.941496 
123.43999925 -0.4989776 
123.47999925 -0.4989776 
123.51999925 -0.4989776 
123.55999925 -0.941496 
123.59999925 -1.382488 
123.63999925 -0.941496 
123.67999925 -0.4989776 
123.71999925 -0.4989776 
123.75999925 -0.4989776 
123.79999925 -0.941496 
123.83999925 -1.382488 
123.87999925 -0.4989776 
123.91999925 -0.941496 
123.99999925 -0.4989776 
124.03999925 -0.941496 
124.07999925 -0.941496 
124.11999925 -0.4989776 
124.23999924 -1.825007 
124.27999924 -3.151036 
124.31999924 -2.708518 
124.35999924 -0.4989776 
124.47999924 -1.382488 
124.51999924 -3.151036 
124.55999924 -1.825007 
124.59999924 -0.4989776 
124.71999924 -2.267525 
124.75999924 -2.267525 
124.79999924 -0.941496 
124.91999924 -0.4989776 
124.95999924 -0.941496 
124.99999924 -0.4989776 
125.03999924 -0.4989776 
125.07999924 -0.941496 
125.11999924 -0.941496 
125.15999924 -0.941496 
125.19999924 -0.941496 
125.23999924 -0.941496 
125.27999924 -0.4989776 
125.31999924 -0.4989776 
125.35999924 -0.941496 
125.39999924 -0.941496 
125.43999924 -0.941496 
125.47999924 -0.941496 
125.51999924 -0.4989776 
125.55999924 -0.4989776 
125.59999924 -0.4989776 
125.63999924 -0.941496 
125.67999924 -0.941496 
125.71999924 -0.941496 
125.75999924 -0.4989776 
125.79999924 -0.941496 
125.83999924 -2.267525 
125.87999923 -1.382488 
125.99999923 -0.4989776 
126.03999923 -1.825007 
126.07999923 -1.825007 
126.11999923 -0.941496 
126.15999923 -0.4989776 
126.19999923 -0.4989776 
126.23999923 -0.4989776 
126.27999923 -0.941496 
126.31999923 -1.825007 
126.35999923 -0.941496 
126.39999923 -0.941496 
126.43999923 -0.941496 
126.47999923 -0.941496 
126.51999923 -0.941496 
126.55999923 -0.941496 
126.59999923 -0.941496 
126.63999923 -0.4989776 
126.67999923 -0.941496 
126.71999923 -1.382488 
126.75999923 -1.382488 
126.79999923 -0.941496 
126.83999923 -0.941496 
126.87999923 -1.825007 
126.91999923 -1.825007 
126.95999923 -1.825007 
126.99999923 -0.941496 
127.03999923 -0.4989776 
127.07999923 -0.941496 
127.11999923 -0.941496 
127.15999923 -1.825007 
127.19999923 -1.825007 
127.23999923 -1.382488 
127.27999923 -0.941496 
127.31999923 -0.941496 
127.35999923 -0.941496 
127.39999923 -1.825007 
127.43999923 -1.825007 
127.47999923 -1.825007 
127.51999923 -1.825007 
127.55999922 -0.941496 
127.59999922 -0.941496 
127.63999922 -0.941496 
127.67999922 -1.825007 
127.71999922 -0.941496 
127.75999922 -0.941496 
127.79999922 -0.941496 
127.83999922 -0.941496 
127.87999922 -1.382488 
127.91999922 -1.382488 
127.95999922 -0.941496 
127.99999922 -0.941496 
128.03999922 -0.941496 
128.07999922 -0.941496 
128.11999922 -1.825007 
128.15999922 -1.825007 
128.19999922 -0.941496 
128.27999922 -0.4989776 
128.31999922 -0.4989776 
128.35999922 -0.941496 
128.39999922 -1.382488 
128.43999922 -0.4989776 
128.51999922 -0.941496 
128.55999922 -0.941496 
128.59999922 -0.941496 
128.63999922 -0.941496 
128.67999922 -0.941496 
128.71999922 -0.4989776 
128.75999922 -0.4989776 
128.79999922 -1.825007 
128.83999922 -0.4989776 
128.95999922 -0.4989776 
128.99999922 -2.267525 
129.03999922 -1.825007 
129.23999921 -0.4989776 
129.27999921 -0.4989776 
129.39999921 -0.4989776 
129.55999921 -1.825007 
129.59999921 -0.4989776 
129.79999921 -1.825007 
129.83999921 -3.151036 
129.87999921 -0.941496 
130.03999921 -0.941496 
130.07999921 -0.941496 
131.3199992 -3.593554 
131.3599992 -3.593554 
131.5199992 -2.267525 
131.5599992 -5.803094 
131.5999992 -2.708518 
131.7199992 -2.708518 
131.7599992 -6.244087 
131.7999992 -0.941496 
131.9999992 -0.941496 
132.0399992 -0.941496 
132.1999992 -0.4989776 
132.3599992 -0.4989776 
132.3999992 -0.4989776 
132.4399992 -0.4989776 
132.55999919 -0.941496 
132.59999919 -0.4989776 
132.71999919 -0.4989776 
132.79999919 -3.593554 
132.83999919 -0.4989776 
132.95999919 -3.593554 
132.99999919 -3.151036 
133.19999919 -1.382488 
133.23999919 -1.825007 
133.39999919 -0.941496 
133.43999919 -0.941496 
133.47999919 -0.4989776 
133.63999919 -0.4989776 
133.67999919 -0.941496 
133.71999919 -0.941496 
133.83999919 -0.4989776 
133.95999919 -0.4989776 
134.07999919 -0.4989776 
134.31999918 -0.4989776 
134.43999918 -0.4989776 
134.59999918 -0.4989776 
134.83999918 -0.4989776 
134.87999918 -0.4989776 
135.07999918 -0.941496 
135.51999918 -0.4989776 
135.55999918 -1.382488 
135.71999918 -2.267525 
135.75999917 -1.825007 
135.95999917 -0.4989776 
135.99999917 -0.4989776 
136.19999917 -0.4989776 
136.23999917 -0.4989776 
136.47999917 -0.941496 
136.51999917 -0.4989776 
136.63999917 -1.825007 
136.67999917 -3.593554 
136.71999917 -2.267525 
136.87999917 -2.267525 
137.07999917 -8.012634 
137.19999917 -2.708518 
137.27999917 -0.4989776 
137.31999917 -0.4989776 
137.39999916 -0.941496 
137.43999916 -4.477065 
137.47999916 -2.267525 
137.67999916 -1.382488 
137.71999916 -3.593554 
137.87999916 -3.151036 
137.91999916 -1.825007 
138.03999916 -0.4989776 
138.07999916 -0.4989776 
138.19999916 -2.267525 
138.23999916 -2.267525 
138.27999916 -0.4989776 
138.39999916 -0.4989776 
138.43999916 -1.825007 
138.47999916 -1.825007 
138.51999916 -0.941496 
138.67999916 -0.941496 
138.71999916 -0.941496 
138.75999916 -0.4989776 
138.87999916 -0.4989776 
138.99999916 -0.941496 
139.03999915 -0.941496 
139.19999915 -0.941496 
139.23999915 -0.941496 
139.43999915 -0.4989776 
139.63999915 -0.4989776 
139.67999915 -0.941496 
139.95999915 -0.4989776 
140.51999915 -0.4989776 
140.55999915 -0.941496 
140.79999914 -0.4989776 
140.83999914 -0.4989776 
141.31999914 -0.4989776 
141.51999914 -0.4989776 
141.71999914 -0.4989776 
142.51999913 -0.4989776 
142.79999913 -1.825007 
142.83999913 -4.919584 
142.87999913 -0.4989776 
143.11999913 -0.4989776 
143.31999913 -0.941496 
143.35999913 -1.382488 
143.55999913 -3.151036 
143.59999913 -3.593554 
143.63999913 -0.941496 
143.79999913 -2.267525 
143.83999913 -1.825007 
143.99999912 -0.941496 
144.03999912 -0.941496 
144.07999912 -0.941496 
144.23999912 -0.941496 
144.27999912 -0.941496 
144.31999912 -0.4989776 
144.47999912 -0.941496 
144.51999912 -0.941496 
144.55999912 -0.941496 
144.67999912 -0.4989776 
144.71999912 -0.941496 
144.75999912 -0.941496 
144.79999912 -0.4989776 
144.99999912 -0.4989776 
145.03999912 -1.825007 
145.07999912 -2.267525 
145.11999912 -1.825007 
145.15999912 -0.941496 
145.27999912 -2.267525 
145.31999912 -3.593554 
145.35999912 -0.4989776 
145.47999912 -0.941496 
145.51999912 -0.941496 
145.67999911 -0.4989776 
145.71999911 -0.4989776 
145.87999911 -0.4989776 
146.11999911 -0.4989776 
146.59999911 -0.941496 
146.75999911 -0.4989776 
146.79999911 -0.4989776 
146.99999911 -0.4989776 
147.03999911 -0.4989776 
147.23999911 -0.941496 
147.5599991 -1.825007 
147.5999991 -2.267525 
147.6399991 -0.941496 
147.8399991 -0.4989776 
147.8799991 -0.4989776 
147.9599991 -0.941496 
147.9999991 -1.825007 
148.0399991 -0.4989776 
148.1999991 -0.4989776 
148.2399991 -1.382488 
148.2799991 -0.941496 
148.3199991 -0.4989776 
148.3599991 -0.4989776 
148.3999991 -0.4989776 
148.4399991 -0.941496 
148.4799991 -0.4989776 
148.5199991 -0.4989776 
148.5599991 -0.941496 
148.5999991 -0.941496 
148.6399991 -0.941496 
148.6799991 -0.941496 
148.7199991 -0.4989776 
148.7599991 -0.4989776 
148.7999991 -0.941496 
148.8399991 -1.382488 
148.8799991 -1.825007 
148.91999909 -1.382488 
148.95999909 -0.941496 
148.99999909 -0.4989776 
149.03999909 -1.825007 
149.07999909 -0.941496 
149.15999909 -0.941496 
149.19999909 -3.151036 
149.23999909 -3.151036 
149.27999909 -0.941496 
149.35999909 -0.941496 
149.39999909 -0.941496 
149.43999909 -0.941496 
149.47999909 -1.382488 
149.51999909 -2.267525 
149.55999909 -1.825007 
149.59999909 -0.941496 
149.63999909 -0.941496 
149.67999909 -0.941496 
149.71999909 -1.825007 
149.75999909 -0.941496 
149.79999909 -1.825007 
149.83999909 -1.382488 
149.87999909 -1.382488 
149.91999909 -0.941496 
149.95999909 -1.382488 
149.99999909 -1.382488 
150.03999909 -0.941496 
150.07999909 -1.382488 
150.11999909 -0.941496 
150.15999909 -0.941496 
150.19999909 -1.825007 
150.23999909 -2.267525 
150.27999909 -1.825007 
150.31999909 -0.941496 
150.47999909 -3.593554 
150.51999909 -5.360576 
150.55999908 -3.151036 
150.71999908 -2.708518 
150.75999908 -3.593554 
150.79999908 -1.825007 
150.83999908 -0.4989776 
150.91999908 -0.941496 
150.95999908 -1.825007 
150.99999908 -0.941496 
151.03999908 -0.941496 
151.07999908 -0.941496 
151.11999908 -0.941496 
151.15999908 -1.382488 
151.19999908 -1.382488 
151.23999908 -0.941496 
151.27999908 -0.941496 
151.31999908 -0.941496 
151.35999908 -0.941496 
151.39999908 -1.825007 
151.43999908 -0.941496 
151.47999908 -0.4989776 
151.51999908 -0.4989776 
151.55999908 -0.941496 
151.59999908 -1.825007 
151.63999908 -1.825007 
151.67999908 -0.941496 
151.75999908 -0.4989776 
151.79999908 -1.382488 
151.83999908 -1.382488 
151.87999908 -0.4989776 
151.95999908 -1.825007 
151.99999908 -2.708518 
152.03999908 -1.825007 
152.15999908 -0.941496 
152.19999908 -2.708518 
152.23999907 -0.941496 
152.35999907 -0.941496 
152.39999907 -0.941496 
152.43999907 -0.941496 
152.47999907 -0.4989776 
152.55999907 -0.941496 
152.59999907 -0.941496 
152.63999907 -0.941496 
152.75999907 -0.4989776 
152.79999907 -0.4989776 
152.83999907 -0.4989776 
152.87999907 -0.4989776 
152.99999907 -0.4989776 
153.15999907 -0.4989776 
153.31999907 -0.941496 
153.35999907 -0.941496 
153.47999907 -0.4989776 
153.59999907 -0.4989776 
153.63999907 -0.941496 
153.67999907 -0.941496 
153.71999907 -0.4989776 
153.87999906 -0.4989776 
153.91999906 -0.4989776 
154.15999906 -0.4989776 
154.35999906 -0.4989776 
154.39999906 -0.4989776 
154.55999906 -0.4989776 
154.59999906 -0.941496 
155.03999906 -0.4989776 
155.07999906 -0.4989776 
155.23999906 -0.4989776 
155.27999906 -0.4989776 
155.55999905 -2.267525 
155.59999905 -1.825007 
155.75999905 -0.4989776 
156.11999905 -0.4989776 
157.23999904 -1.382488 
157.27999904 -0.941496 
157.47999904 -1.825007 
157.51999904 -3.151036 
157.55999904 -1.825007 
157.71999904 -0.941496 
157.75999904 -1.825007 
157.95999904 -0.941496 
157.99999904 -0.941496 
158.03999904 -3.593554 
158.19999904 -1.825007 
158.23999904 -1.382488 
158.27999904 -0.4989776 
158.47999904 -0.4989776 
158.51999904 -0.941496 
158.55999904 -0.4989776 
158.71999904 -0.4989776 
158.75999904 -2.708518 
158.79999903 -1.825007 
158.95999903 -1.825007 
158.99999903 -2.708518 
159.03999903 -0.941496 
159.15999903 -0.4989776 
159.19999903 -0.941496 
159.31999903 -0.4989776 
159.35999903 -2.267525 
159.39999903 -1.825007 
159.43999903 -0.4989776 
159.59999903 -1.382488 
159.63999903 -1.825007 
159.67999903 -0.941496 
159.75999903 -0.4989776 
159.79999903 -0.941496 
159.83999903 -1.825007 
159.87999903 -0.941496 
159.91999903 -0.4989776 
159.99999903 -0.941496 
160.03999903 -1.382488 
160.07999903 -0.941496 
160.15999903 -4.477065 
160.19999903 -6.686605 
160.31999903 -1.382488 
160.35999903 -4.034547 
160.39999903 -1.825007 
160.43999902 -0.941496 
160.47999902 -0.4989776 
160.55999902 -1.382488 
160.59999902 -2.267525 
160.63999902 -0.4989776 
160.71999902 -0.4989776 
160.75999902 -0.941496 
160.79999902 -1.825007 
160.83999902 -1.825007 
160.87999902 -1.382488 
160.91999902 -0.941496 
160.95999902 -0.941496 
160.99999902 -0.941496 
161.03999902 -0.4989776 
161.07999902 -0.941496 
161.11999902 -0.941496 
161.15999902 -0.941496 
161.19999902 -1.825007 
161.23999902 -1.825007 
161.27999902 -0.941496 
161.31999902 -0.941496 
161.35999902 -0.4989776 
161.39999902 -0.4989776 
161.43999902 -0.4989776 
161.47999902 -0.941496 
161.51999902 -0.941496 
161.55999902 -0.4989776 
161.59999902 -0.4989776 
161.63999902 -0.941496 
161.67999902 -0.941496 
161.71999902 -0.941496 
161.75999902 -0.4989776 
161.83999902 -0.4989776 
161.87999902 -0.941496 
161.91999902 -0.941496 
161.95999902 -0.4989776 
162.07999901 -0.4989776 
162.11999901 -0.941496 
162.15999901 -0.4989776 
162.27999901 -0.4989776 
162.31999901 -0.941496 
162.35999901 -0.4989776 
162.55999901 -0.4989776 
162.59999901 -0.941496 
162.63999901 -0.4989776 
162.79999901 -0.941496 
162.83999901 -0.941496 
163.07999901 -0.941496 
163.47999901 -0.4989776 
163.719999 -0.4989776 
163.879999 -0.941496 
163.919999 -0.941496 
164.079999 -0.941496 
164.119999 -3.151036 
164.159999 -2.267525 
164.199999 -0.4989776 
164.319999 -5.360576 
164.359999 -7.129124 
164.479999 -0.941496 
164.519999 -3.151036 
164.759999 -5.360576 
164.799999 -2.267525 
164.919999 -2.267525 
165.039999 -2.267525 
165.079999 -0.941496 
165.159999 -0.4989776 
165.199999 -2.708518 
165.359999 -0.941496 
165.39999899 -0.941496 
165.55999899 -3.151036 
165.59999899 -2.708518 
165.79999899 -1.825007 
165.83999899 -2.267525 
165.87999899 -1.382488 
166.03999899 -1.825007 
166.07999899 -1.825007 
166.11999899 -0.4989776 
166.23999899 -0.4989776 
166.27999899 -0.4989776 
166.31999899 -0.941496 
166.35999899 -0.4989776 
166.51999899 -0.4989776 
166.91999899 -0.4989776 
166.95999899 -0.4989776 
167.15999898 -0.4989776 
167.19999898 -0.4989776 
167.39999898 -0.4989776 
167.63999898 -0.4989776 
167.67999898 -0.941496 
167.87999898 -0.4989776 
168.03999898 -0.4989776 
168.07999898 -0.4989776 
168.35999898 -0.941496 
168.39999898 -0.941496 
168.75999897 -0.4989776 
168.83999897 -0.941496 
168.99999897 -1.825007 
169.03999897 -1.382488 
169.27999897 -0.4989776 
169.31999897 -0.4989776 
169.59999897 -0.941496 
169.75999897 -0.4989776 
169.95999897 -0.4989776 
169.99999897 -0.4989776 
170.67999896 -0.4989776 
170.83999896 -2.267525 
170.87999896 -2.708518 
170.91999896 -1.382488 
171.07999896 -1.825007 
171.11999896 -2.267525 
171.15999896 -0.941496 
171.31999896 -1.825007 
171.35999896 -1.825007 
171.39999896 -0.4989776 
171.43999896 -0.4989776 
171.55999896 -2.267525 
171.59999896 -3.151036 
171.63999896 -0.4989776 
171.75999896 -0.941496 
171.79999896 -0.941496 
171.87999896 -0.4989776 
171.91999896 -0.4989776 
171.95999895 -0.4989776 
171.99999895 -0.941496 
172.03999895 -1.382488 
172.07999895 -0.941496 
172.11999895 -0.4989776 
172.19999895 -0.4989776 
172.23999895 -0.941496 
172.27999895 -0.941496 
172.31999895 -0.4989776 
172.55999895 -1.382488 
172.59999895 -3.151036 
172.63999895 -1.825007 
172.79999895 -1.382488 
172.83999895 -2.267525 
172.87999895 -0.941496 
172.91999895 -0.4989776 
172.99999895 -0.4989776 
173.03999895 -0.941496 
173.07999895 -0.941496 
173.11999895 -0.941496 
173.15999895 -0.941496 
173.19999895 -0.4989776 
173.31999895 -0.4989776 
173.35999895 -0.941496 
173.39999895 -0.4989776 
173.51999895 -0.941496 
173.55999895 -0.941496 
173.59999894 -0.941496 
173.63999894 -0.4989776 
173.67999894 -0.4989776 
173.79999894 -0.941496 
173.83999894 -2.267525 
173.87999894 -0.941496 
174.03999894 -0.4989776 
174.07999894 -0.4989776 
174.19999894 -0.4989776 
174.23999894 -0.4989776 
174.27999894 -0.4989776 
174.31999894 -0.4989776 
174.47999894 -0.941496 
174.51999894 -0.941496 
174.55999894 -0.941496 
174.71999894 -0.941496 
174.75999894 -0.4989776 
174.87999894 -0.4989776 
174.91999894 -0.941496 
174.95999894 -0.4989776 
175.07999894 -0.941496 
175.11999894 -0.941496 
175.15999894 -0.941496 
175.19999894 -0.941496 
175.23999893 -0.4989776 
175.27999893 -0.4989776 
175.39999893 -0.4989776 
175.43999893 -0.941496 
175.47999893 -0.941496 
175.51999893 -0.4989776 
175.55999893 -0.4989776 
175.59999893 -0.4989776 
175.63999893 -0.941496 
175.67999893 -1.825007 
175.83999893 -1.382488 
175.87999893 -2.267525 
175.91999893 -1.825007 
176.03999893 -0.941496 
176.07999893 -0.941496 
176.11999893 -0.941496 
176.15999893 -0.941496 
176.19999893 -0.4989776 
176.23999893 -0.4989776 
176.27999893 -0.941496 
176.31999893 -1.825007 
176.35999893 -1.382488 
176.39999893 -0.941496 
176.43999893 -0.941496 
176.47999893 -0.941496 
176.55999893 -0.4989776 
176.59999893 -1.825007 
176.63999893 -1.382488 
176.67999893 -0.4989776 
176.71999893 -0.941496 
176.75999893 -0.941496 
176.79999893 -1.382488 
176.83999893 -0.941496 
176.87999893 -0.941496 
176.91999892 -0.941496 
176.95999892 -0.4989776 
176.99999892 -0.4989776 
177.03999892 -1.825007 
177.07999892 -1.825007 
177.11999892 -1.825007 
177.15999892 -0.4989776 
177.23999892 -0.4989776 
177.27999892 -0.941496 
177.31999892 -0.941496 
177.35999892 -0.4989776 
177.39999892 -0.941496 
177.43999892 -0.941496 
177.47999892 -0.941496 
177.51999892 -0.941496 
177.55999892 -0.941496 
177.59999892 -0.4989776 
177.63999892 -0.4989776 
177.67999892 -2.267525 
177.71999892 -2.267525 
177.87999892 -0.941496 
177.91999892 -4.477065 
177.95999892 -4.477065 
178.11999892 -0.941496 
178.15999892 -3.593554 
178.19999892 -1.825007 
178.35999892 -0.4989776 
178.39999892 -0.4989776 
178.43999892 -0.4989776 
178.47999892 -0.941496 
178.67999891 -0.4989776 
178.87999891 -0.4989776 
179.27999891 -1.825007 
179.31999891 -3.151036 
179.35999891 -1.825007 
179.51999891 -1.825007 
179.55999891 -4.034547 
179.59999891 -2.267525 
179.79999891 -0.941496 
179.83999891 -0.941496 
180.3999989 -0.4989776 
180.4399989 -0.4989776 
180.9199989 -0.4989776 
181.1599989 -0.4989776 
181.1999989 -0.941496 
181.5999989 -0.941496 
181.7599989 -1.382488 
181.87999889 -0.4989776 
181.91999889 -0.941496 
182.03999889 -0.4989776 
182.23999889 -0.4989776 
182.27999889 -0.4989776 
182.35999889 -0.4989776 
182.39999889 -0.4989776 
182.51999889 -0.4989776 
182.55999889 -0.4989776 
182.67999889 -0.4989776 
182.71999889 -0.4989776 
182.75999889 -0.4989776 
182.79999889 -0.4989776 
182.83999889 -0.4989776 
182.91999889 -0.4989776 
182.95999889 -0.4989776 
182.99999889 -0.4989776 
183.03999889 -0.4989776 
183.07999889 -0.4989776 
183.11999889 -0.4989776 
183.19999889 -0.4989776 
183.23999889 -1.382488 
183.27999889 -0.4989776 
183.39999889 -0.941496 
183.43999889 -0.941496 
183.47999888 -0.941496 
183.51999888 -0.4989776 
183.55999888 -0.941496 
183.67999888 -0.941496 
183.71999888 -1.382488 
183.75999888 -0.941496 
183.87999888 -0.4989776 
183.91999888 -1.825007 
183.95999888 -1.382488 
184.11999888 -1.382488 
184.15999888 -1.825007 
184.19999888 -0.941496 
184.31999888 -1.382488 
184.35999888 -0.4989776 
184.47999888 -2.267525 
184.67999888 -1.825007 
184.71999888 -3.151036 
184.75999888 -2.267525 
184.91999888 -1.382488 
184.95999888 -2.267525 
184.99999888 -1.825007 
185.15999887 -0.4989776 
185.19999887 -1.382488 
185.23999887 -0.941496 
185.27999887 -0.4989776 
185.39999887 -0.4989776 
185.43999887 -0.941496 
185.47999887 -0.4989776 
185.51999887 -0.4989776 
185.55999887 -0.941496 
185.59999887 -0.4989776 
185.67999887 -0.941496 
185.71999887 -1.825007 
185.75999887 -1.382488 
185.79999887 -0.4989776 
185.91999887 -0.4989776 
185.95999887 -0.4989776 
185.99999887 -0.941496 
186.03999887 -0.4989776 
186.07999887 -0.941496 
186.11999887 -0.941496 
186.31999887 -1.825007 
186.35999887 -2.267525 
186.39999887 -0.941496 
186.55999887 -1.382488 
186.59999887 -1.825007 
186.63999887 -0.4989776 
186.75999886 -0.4989776 
186.79999886 -0.941496 
186.83999886 -0.4989776 
186.87999886 -0.4989776 
186.91999886 -0.941496 
186.95999886 -0.941496 
186.99999886 -0.4989776 
187.03999886 -0.4989776 
187.07999886 -0.4989776 
187.11999886 -0.941496 
187.15999886 -0.941496 
187.19999886 -0.941496 
187.23999886 -0.4989776 
187.27999886 -0.4989776 
187.31999886 -0.4989776 
187.35999886 -0.941496 
187.39999886 -0.4989776 
187.43999886 -0.4989776 
187.47999886 -0.4989776 
187.51999886 -0.4989776 
187.55999886 -0.941496 
187.59999886 -0.941496 
187.63999886 -0.4989776 
187.67999886 -0.4989776 
187.71999886 -0.4989776 
187.75999886 -0.4989776 
187.79999886 -0.941496 
187.83999886 -0.941496 
187.91999886 -3.593554 
187.95999886 -0.941496 
188.07999886 -4.477065 
188.11999886 -3.593554 
188.27999886 -0.941496 
188.31999886 -1.825007 
188.35999886 -1.382488 
188.47999885 -0.941496 
188.51999885 -0.941496 
188.55999885 -0.941496 
188.63999885 -0.4989776 
188.67999885 -0.4989776 
188.71999885 -0.941496 
188.75999885 -0.941496 
188.87999885 -0.4989776 
188.91999885 -0.941496 
188.95999885 -0.941496 
188.99999885 -0.941496 
189.03999885 -0.4989776 
189.19999885 -0.941496 
189.23999885 -0.4989776 
189.35999885 -0.4989776 
189.63999885 -0.4989776 
189.67999885 -2.267525 
189.71999885 -1.825007 
189.87999885 -0.4989776 
189.91999885 -0.941496 
190.27999884 -0.4989776 
190.51999884 -0.4989776 
191.07999884 -0.4989776 
191.43999884 -2.267525 
191.47999884 -3.593554 
191.51999884 -0.4989776 
191.67999884 -1.825007 
191.71999883 -3.151036 
191.75999883 -0.4989776 
191.91999883 -0.941496 
191.95999883 -1.825007 
192.07999883 -3.593554 
192.27999883 -2.267525 
192.47999883 -0.941496 
192.55999883 -0.941496 
192.59999883 -1.825007 
192.71999883 -2.267525 
192.83999883 -1.825007 
192.87999883 -2.708518 
193.15999883 -1.825007 
193.19999883 -1.825007 
193.35999882 -1.825007 
193.39999882 -1.825007 
193.55999882 -0.4989776 
194.27999882 -0.941496 
194.31999882 -0.4989776 
194.47999882 -0.4989776 
194.99999881 -4.034547 
195.03999881 -3.593554 
195.19999881 -0.4989776 
195.23999881 -0.941496 
195.43999881 -0.4989776 
196.31999881 -0.941496 
196.35999881 -0.4989776 
197.0799988 -0.4989776 
197.1199988 -0.4989776 
197.3999988 -0.4989776 
197.4399988 -0.4989776 
197.4799988 -0.941496 
197.5199988 -0.4989776 
197.8399988 -0.941496 
197.8799988 -4.477065 
197.9199988 -1.825007 
198.0399988 -0.4989776 
198.0799988 -0.4989776 
198.1199988 -0.941496 
198.1599988 -1.382488 
198.31999879 -2.708518 
198.35999879 -4.919584 
198.39999879 -2.267525 
198.55999879 -2.267525 
198.59999879 -3.151036 
198.63999879 -1.825007 
198.75999879 -0.4989776 
198.79999879 -1.382488 
198.83999879 -1.825007 
198.87999879 -0.941496 
198.91999879 -0.941496 
198.95999879 -0.4989776 
198.99999879 -0.941496 
199.03999879 -0.941496 
199.07999879 -0.941496 
199.11999879 -0.941496 
199.15999879 -0.4989776 
199.19999879 -0.4989776 
199.23999879 -1.382488 
199.27999879 -0.941496 
199.31999879 -1.382488 
199.35999879 -0.941496 
199.39999879 -0.941496 
199.43999879 -0.4989776 
199.47999879 -0.4989776 
199.51999879 -0.941496 
199.55999879 -0.941496 
199.59999879 -0.4989776 
199.63999879 -0.941496 
199.67999879 -0.941496 
199.71999879 -1.825007 
199.75999879 -0.4989776 
199.91999878 -2.708518 
199.95999878 -3.593554 
199.99999878 -0.941496 
0 0 
