3.83999998 -0.4989776 
3.91999998 -0.4989776 
3.95999998 -0.4989776 
3.99999998 -0.4989776 
4.03999998 -0.4989776 
4.07999998 -0.941496 
4.11999997 -0.4989776 
4.15999997 -0.4989776 
4.19999997 -0.4989776 
4.23999997 -0.941496 
4.27999997 -0.941496 
4.31999997 -0.941496 
4.35999997 -0.941496 
4.39999997 -0.941496 
4.43999997 -0.941496 
4.47999997 -0.941496 
4.51999997 -0.941496 
4.55999997 -0.941496 
4.59999997 -0.941496 
4.63999997 -0.941496 
4.67999997 -0.941496 
4.71999997 -0.941496 
4.75999997 -0.941496 
4.79999997 -0.941496 
4.83999997 -0.941496 
4.87999997 -0.941496 
4.91999997 -0.941496 
4.95999997 -0.4989776 
4.99999997 -0.941496 
5.03999997 -0.941496 
5.07999997 -0.941496 
5.11999997 -0.4989776 
5.15999997 -0.941496 
5.19999997 -0.4989776 
5.23999997 -0.941496 
5.27999997 -0.941496 
5.31999997 -0.4989776 
5.35999997 -0.4989776 
5.39999997 -0.4989776 
5.43999997 -0.4989776 
5.47999997 -0.4989776 
5.51999997 -0.4989776 
8.83999995 -0.4989776 
14.31999991 -0.4989776 
14.35999991 -0.4989776 
14.43999991 -0.4989776 
14.47999991 -0.4989776 
14.51999991 -0.4989776 
14.55999991 -0.4989776 
14.59999991 -0.4989776 
14.63999991 -0.4989776 
14.67999991 -0.4989776 
14.71999991 -0.4989776 
14.75999991 -0.4989776 
14.79999991 -0.4989776 
14.83999991 -0.4989776 
14.87999991 -0.941496 
14.91999991 -0.941496 
14.95999991 -0.941496 
14.99999991 -0.941496 
15.03999991 -0.941496 
15.07999991 -0.941496 
15.11999991 -0.941496 
15.15999991 -0.941496 
15.19999991 -0.941496 
15.23999991 -0.941496 
15.27999991 -0.941496 
15.31999991 -0.941496 
15.35999991 -0.941496 
15.39999991 -0.941496 
15.43999991 -0.941496 
15.47999991 -0.941496 
15.51999991 -0.941496 
15.55999991 -1.382488 
15.59999991 -0.941496 
15.6399999 -1.382488 
15.6799999 -1.382488 
15.7199999 -1.382488 
15.7599999 -1.382488 
15.7999999 -0.941496 
15.8399999 -0.941496 
15.8799999 -1.382488 
15.9199999 -1.382488 
15.9599999 -1.382488 
15.9999999 -0.941496 
16.0399999 -1.382488 
16.0799999 -1.382488 
16.1199999 -1.825007 
16.1599999 -1.825007 
16.1999999 -1.825007 
16.2399999 -1.382488 
16.2799999 -1.825007 
16.3199999 -1.382488 
16.3599999 -1.382488 
16.3999999 -1.382488 
16.4399999 -1.382488 
16.4799999 -1.825007 
16.5599999 -1.382488 
16.5999999 -1.825007 
16.6399999 -0.941496 
16.6799999 -0.941496 
16.7199999 -0.941496 
16.7599999 -0.941496 
16.7999999 -0.941496 
16.8399999 -0.941496 
16.8799999 -0.941496 
16.9199999 -0.941496 
16.9599999 -0.941496 
16.9999999 -0.941496 
17.0399999 -0.941496 
17.0799999 -0.941496 
17.1199999 -0.941496 
17.1599999 -0.941496 
17.1999999 -0.941496 
17.2399999 -0.941496 
17.27999989 -0.941496 
17.31999989 -0.4989776 
17.35999989 -0.941496 
17.39999989 -0.4989776 
17.43999989 -0.4989776 
17.47999989 -0.4989776 
17.51999989 -0.4989776 
17.55999989 -0.4989776 
17.59999989 -0.4989776 
17.63999989 -0.4989776 
17.67999989 -0.4989776 
17.71999989 -0.4989776 
17.75999989 -0.4989776 
17.79999989 -0.4989776 
17.87999989 -0.4989776 
17.91999989 -0.4989776 
17.95999989 -0.4989776 
17.99999989 -0.4989776 
18.03999989 -0.4989776 
18.15999989 -0.4989776 
18.23999989 -0.4989776 
18.27999989 -0.4989776 
18.31999989 -0.4989776 
18.39999989 -0.4989776 
18.43999989 -0.4989776 
18.47999989 -0.4989776 
18.51999989 -0.4989776 
18.59999989 -0.4989776 
18.67999989 -0.4989776 
18.71999989 -0.4989776 
18.79999989 -0.4989776 
18.87999989 -0.4989776 
18.91999989 -0.4989776 
18.95999988 -0.4989776 
18.99999988 -0.4989776 
19.03999988 -0.4989776 
19.11999988 -0.4989776 
19.15999988 -0.4989776 
19.19999988 -0.4989776 
19.23999988 -0.4989776 
19.27999988 -0.4989776 
19.31999988 -0.4989776 
19.35999988 -0.4989776 
19.39999988 -0.941496 
19.43999988 -0.4989776 
19.47999988 -0.4989776 
19.51999988 -0.941496 
19.55999988 -0.4989776 
19.59999988 -0.4989776 
19.63999988 -0.941496 
19.67999988 -0.4989776 
19.71999988 -0.941496 
19.75999988 -0.4989776 
19.79999988 -0.941496 
19.83999988 -0.4989776 
19.87999988 -0.941496 
19.91999988 -0.941496 
19.95999988 -0.941496 
19.99999988 -0.941496 
20.03999988 -0.941496 
20.07999988 -0.941496 
20.11999988 -0.941496 
20.15999988 -0.941496 
20.19999988 -0.941496 
20.23999988 -0.941496 
20.27999988 -0.941496 
20.31999988 -0.941496 
20.35999988 -0.941496 
20.39999988 -0.941496 
20.43999988 -0.941496 
20.47999988 -0.941496 
20.51999988 -0.941496 
20.55999988 -0.941496 
20.59999987 -0.941496 
20.63999987 -0.941496 
20.67999987 -0.4989776 
20.71999987 -0.941496 
20.75999987 -0.941496 
20.79999987 -0.941496 
20.83999987 -0.941496 
20.87999987 -0.4989776 
20.91999987 -0.941496 
20.95999987 -0.941496 
20.99999987 -0.941496 
21.03999987 -0.4989776 
21.07999987 -0.941496 
21.11999987 -0.941496 
21.15999987 -0.4989776 
21.19999987 -0.4989776 
21.23999987 -0.4989776 
21.27999987 -0.4989776 
41.07999975 -0.4989776 
41.11999975 -0.4989776 
41.15999975 -0.4989776 
41.19999975 -0.941496 
41.23999975 -0.941496 
41.27999975 -0.941496 
41.31999975 -0.941496 
41.35999975 -0.941496 
41.39999975 -0.941496 
41.43999975 -0.941496 
41.47999975 -0.941496 
41.51999975 -1.825007 
41.55999975 -1.382488 
41.59999975 -1.825007 
41.63999975 -1.825007 
41.67999975 -1.825007 
41.71999975 -1.825007 
41.75999975 -2.267525 
41.79999975 -1.825007 
41.83999975 -2.267525 
41.87999975 -2.267525 
41.91999975 -1.825007 
41.95999974 -2.267525 
41.99999974 -2.267525 
42.03999974 -2.267525 
42.07999974 -2.267525 
42.11999974 -2.708518 
42.15999974 -2.708518 
42.19999974 -2.267525 
42.23999974 -2.267525 
42.27999974 -2.708518 
42.31999974 -2.708518 
42.35999974 -2.708518 
42.39999974 -2.708518 
42.43999974 -2.708518 
42.47999974 -2.708518 
42.51999974 -2.708518 
42.55999974 -2.267525 
42.59999974 -2.708518 
42.63999974 -2.708518 
42.67999974 -2.708518 
42.71999974 -3.151036 
42.75999974 -2.708518 
42.79999974 -2.708518 
42.83999974 -1.825007 
42.87999974 -2.708518 
42.91999974 -2.267525 
42.95999974 -2.267525 
42.99999974 -2.267525 
43.03999974 -2.267525 
43.07999974 -2.267525 
43.11999974 -2.267525 
43.15999974 -2.267525 
43.19999974 -1.825007 
43.23999974 -2.267525 
43.27999974 -1.825007 
43.31999974 -1.825007 
43.35999974 -2.267525 
43.39999974 -1.825007 
43.43999974 -1.825007 
43.47999974 -1.825007 
43.51999974 -1.825007 
43.55999974 -1.825007 
43.59999974 -1.382488 
43.63999973 -0.941496 
43.67999973 -0.941496 
43.71999973 -0.941496 
43.75999973 -1.382488 
43.79999973 -0.941496 
43.83999973 -0.941496 
43.87999973 -0.941496 
43.91999973 -0.941496 
43.95999973 -0.941496 
43.99999973 -0.4989776 
44.03999973 -0.4989776 
44.07999973 -0.4989776 
44.11999973 -0.4989776 
44.15999973 -0.4989776 
44.23999973 -0.4989776 
48.27999971 -0.4989776 
52.71999968 -0.4989776 
52.75999968 -0.4989776 
52.79999968 -0.4989776 
52.83999968 -0.4989776 
52.87999968 -0.4989776 
52.91999968 -0.4989776 
52.95999968 -0.941496 
52.99999968 -0.941496 
53.03999968 -0.941496 
53.07999968 -0.941496 
53.11999968 -0.941496 
53.15999968 -0.941496 
53.19999968 -0.941496 
53.23999968 -1.382488 
53.27999968 -1.382488 
53.31999968 -1.382488 
53.35999968 -1.825007 
53.39999968 -1.825007 
53.43999968 -1.825007 
53.47999967 -1.825007 
53.51999967 -1.825007 
53.55999967 -1.825007 
53.59999967 -2.267525 
53.63999967 -1.825007 
53.67999967 -1.825007 
53.71999967 -1.825007 
53.75999967 -2.267525 
53.79999967 -2.267525 
53.83999967 -2.267525 
53.87999967 -2.267525 
53.91999967 -3.593554 
53.95999967 -2.267525 
53.99999967 -1.825007 
54.03999967 -2.708518 
54.07999967 -2.267525 
54.11999967 -1.825007 
54.15999967 -2.267525 
54.19999967 -2.708518 
54.23999967 -2.267525 
54.27999967 -1.825007 
54.31999967 -1.825007 
54.35999967 -1.825007 
54.39999967 -3.151036 
54.43999967 -2.708518 
54.47999967 -0.941496 
54.51999967 -0.941496 
54.55999967 -2.267525 
54.59999967 -1.825007 
54.63999967 -0.941496 
54.67999967 -2.267525 
54.71999967 -1.825007 
54.75999967 -0.941496 
54.79999967 -0.4989776 
54.83999967 -0.941496 
54.87999967 -0.941496 
54.91999967 -0.941496 
54.95999967 -0.4989776 
54.99999967 -0.4989776 
55.03999967 -0.4989776 
55.07999967 -0.4989776 
65.0399996 -0.4989776 
65.1199996 -0.4989776 
65.1999996 -0.4989776 
65.2399996 -0.4989776 
65.2799996 -0.4989776 
65.3199996 -0.4989776 
65.3599996 -0.4989776 
65.3999996 -0.4989776 
65.4399996 -0.4989776 
65.4799996 -0.4989776 
65.5199996 -0.4989776 
65.5599996 -0.941496 
65.5999996 -0.4989776 
65.6399996 -0.4989776 
65.6799996 -0.4989776 
65.7199996 -0.941496 
65.7599996 -0.941496 
65.7999996 -0.4989776 
65.8399996 -0.941496 
65.8799996 -0.941496 
65.9199996 -0.941496 
65.9599996 -0.4989776 
65.9999996 -0.4989776 
66.0399996 -0.941496 
66.0799996 -0.941496 
66.1199996 -0.4989776 
66.1599996 -0.941496 
66.1999996 -0.4989776 
66.2399996 -0.941496 
66.2799996 -0.941496 
66.3199996 -0.4989776 
66.3599996 -0.941496 
66.3999996 -0.941496 
66.4399996 -0.4989776 
66.4799996 -0.941496 
66.5199996 -0.4989776 
66.5599996 -0.4989776 
66.5999996 -0.4989776 
66.63999959 -0.4989776 
66.67999959 -0.4989776 
66.71999959 -0.4989776 
66.75999959 -0.4989776 
66.79999959 -0.4989776 
66.83999959 -0.4989776 
66.87999959 -0.4989776 
66.91999959 -0.4989776 
66.95999959 -0.4989776 
67.07999959 -0.4989776 
67.11999959 -0.4989776 
67.23999959 -0.4989776 
67.31999959 -0.4989776 
68.51999958 -0.4989776 
68.55999958 -0.4989776 
68.59999958 -0.4989776 
68.63999958 -0.4989776 
68.67999958 -0.4989776 
68.71999958 -0.4989776 
68.75999958 -0.4989776 
68.79999958 -0.941496 
68.83999958 -0.941496 
68.87999958 -0.941496 
68.91999958 -0.941496 
68.95999958 -0.941496 
68.99999958 -0.941496 
69.03999958 -0.941496 
69.07999958 -0.941496 
69.11999958 -0.941496 
69.15999958 -1.825007 
69.19999958 -1.825007 
69.23999958 -0.941496 
69.27999958 -0.941496 
69.31999958 -1.382488 
69.35999958 -0.941496 
69.39999958 -0.941496 
69.43999958 -0.941496 
69.47999958 -0.941496 
69.51999958 -1.382488 
69.55999958 -1.382488 
69.59999958 -1.825007 
69.63999958 -1.825007 
69.67999958 -1.382488 
69.71999958 -1.825007 
69.75999958 -1.825007 
69.79999958 -1.825007 
69.83999958 -1.825007 
69.87999958 -1.825007 
69.91999958 -1.825007 
69.95999957 -1.825007 
69.99999957 -1.825007 
70.03999957 -1.825007 
70.07999957 -1.825007 
70.11999957 -1.825007 
70.15999957 -1.825007 
70.19999957 -1.825007 
70.23999957 -1.825007 
70.27999957 -1.825007 
70.31999957 -1.825007 
70.35999957 -1.825007 
70.39999957 -1.825007 
70.43999957 -1.825007 
70.47999957 -1.825007 
70.51999957 -1.825007 
70.55999957 -1.825007 
70.59999957 -1.382488 
70.63999957 -1.825007 
70.67999957 -0.941496 
70.71999957 -1.382488 
70.75999957 -0.941496 
70.79999957 -0.941496 
70.83999957 -0.941496 
70.87999957 -0.941496 
70.91999957 -0.941496 
70.95999957 -0.941496 
70.99999957 -0.941496 
71.03999957 -0.4989776 
71.07999957 -0.4989776 
71.11999957 -0.4989776 
71.15999957 -0.4989776 
71.19999957 -0.4989776 
71.23999957 -0.4989776 
71.27999957 -0.4989776 
79.55999952 -0.941496 
80.03999951 -0.941496 
80.07999951 -0.4989776 
80.31999951 -0.4989776 
80.35999951 -0.4989776 
80.83999951 -0.4989776 
90.59999945 -0.4989776 
90.63999945 -0.4989776 
90.67999945 -0.4989776 
90.71999945 -0.4989776 
90.75999945 -0.4989776 
90.79999945 -0.941496 
90.83999945 -0.941496 
90.87999945 -0.941496 
90.91999945 -0.4989776 
90.95999945 -0.941496 
90.99999945 -0.941496 
91.03999945 -0.941496 
91.07999945 -0.941496 
91.11999945 -0.941496 
91.15999945 -0.941496 
91.19999945 -0.941496 
91.23999945 -0.941496 
91.27999945 -0.941496 
91.31999945 -1.382488 
91.35999944 -1.382488 
91.39999944 -0.941496 
91.43999944 -0.941496 
91.47999944 -1.382488 
91.51999944 -0.941496 
91.55999944 -1.382488 
91.59999944 -1.382488 
91.63999944 -1.825007 
91.67999944 -0.941496 
91.71999944 -0.941496 
91.75999944 -1.825007 
91.79999944 -1.825007 
91.83999944 -1.382488 
91.87999944 -1.825007 
91.91999944 -1.382488 
91.95999944 -1.382488 
91.99999944 -1.382488 
92.03999944 -1.382488 
92.07999944 -1.825007 
92.11999944 -1.382488 
92.15999944 -1.382488 
92.19999944 -0.941496 
92.23999944 -0.941496 
92.27999944 -1.382488 
92.31999944 -0.941496 
92.35999944 -0.941496 
92.39999944 -0.941496 
92.43999944 -0.941496 
92.47999944 -0.941496 
92.51999944 -0.941496 
92.55999944 -0.941496 
92.59999944 -0.941496 
92.63999944 -0.941496 
92.67999944 -0.941496 
92.71999944 -0.4989776 
92.75999944 -0.4989776 
92.79999944 -0.941496 
92.83999944 -0.4989776 
92.87999944 -0.941496 
92.91999944 -0.4989776 
92.95999944 -0.4989776 
92.99999943 -0.4989776 
93.07999943 -0.4989776 
101.99999938 -0.4989776 
102.03999938 -0.4989776 
102.07999938 -0.4989776 
102.11999938 -0.941496 
102.15999938 -0.941496 
102.19999938 -0.941496 
102.23999938 -0.941496 
102.27999938 -0.941496 
102.31999938 -0.941496 
102.35999938 -0.941496 
102.39999938 -0.941496 
102.43999938 -1.382488 
102.47999938 -0.941496 
102.51999938 -1.382488 
102.55999938 -1.825007 
102.59999938 -1.382488 
102.63999938 -1.382488 
102.67999938 -1.825007 
102.71999938 -1.825007 
102.75999938 -1.825007 
102.79999938 -1.825007 
102.83999937 -1.825007 
102.87999937 -2.267525 
102.91999937 -2.267525 
102.95999937 -2.267525 
102.99999937 -2.267525 
103.03999937 -2.267525 
103.07999937 -2.267525 
103.11999937 -2.267525 
103.15999937 -2.267525 
103.19999937 -2.267525 
103.23999937 -2.267525 
103.27999937 -2.267525 
103.31999937 -2.267525 
103.35999937 -2.267525 
103.39999937 -2.267525 
103.43999937 -2.267525 
103.47999937 -2.267525 
103.51999937 -2.267525 
103.55999937 -2.267525 
103.59999937 -2.267525 
103.63999937 -2.708518 
103.67999937 -2.267525 
103.71999937 -2.267525 
103.75999937 -2.267525 
103.79999937 -2.267525 
103.83999937 -2.267525 
103.87999937 -2.708518 
103.91999937 -2.267525 
103.95999937 -2.267525 
103.99999937 -2.267525 
104.03999937 -2.267525 
104.07999937 -2.267525 
104.11999937 -2.267525 
104.15999937 -2.267525 
104.19999937 -2.267525 
104.23999937 -1.825007 
104.27999937 -1.825007 
104.31999937 -1.825007 
104.35999937 -1.825007 
104.39999937 -1.825007 
104.43999937 -1.825007 
104.47999937 -1.825007 
104.51999936 -1.825007 
104.55999936 -1.382488 
104.59999936 -1.382488 
104.63999936 -0.941496 
104.67999936 -0.941496 
104.71999936 -0.941496 
104.75999936 -0.941496 
104.79999936 -0.941496 
104.83999936 -0.941496 
104.87999936 -0.941496 
104.91999936 -0.941496 
104.95999936 -0.4989776 
104.99999936 -0.4989776 
105.03999936 -0.4989776 
105.07999936 -0.941496 
105.11999936 -0.4989776 
105.15999936 -0.4989776 
105.19999936 -0.941496 
105.31999936 -0.4989776 
105.35999936 -0.4989776 
105.67999936 -0.4989776 
105.71999936 -0.4989776 
114.8799993 -0.4989776 
114.9199993 -0.4989776 
114.9599993 -0.4989776 
114.9999993 -0.4989776 
115.0799993 -0.4989776 
115.1599993 -0.4989776 
115.1999993 -0.4989776 
115.2399993 -0.4989776 
115.3199993 -0.4989776 
115.3999993 -0.4989776 
115.4799993 -0.4989776 
115.5199993 -0.4989776 
115.8799993 -0.4989776 
124.75999924 -0.4989776 
124.79999924 -0.4989776 
124.87999924 -0.4989776 
124.95999924 -0.4989776 
124.99999924 -0.4989776 
125.03999924 -0.4989776 
125.07999924 -0.4989776 
125.11999924 -0.4989776 
125.15999924 -0.4989776 
125.19999924 -0.4989776 
125.23999924 -0.4989776 
125.27999924 -0.4989776 
125.31999924 -0.4989776 
125.35999924 -0.4989776 
125.39999924 -0.4989776 
125.43999924 -0.4989776 
125.47999924 -0.4989776 
125.51999924 -0.4989776 
125.55999924 -0.4989776 
125.59999924 -0.4989776 
125.63999924 -0.4989776 
125.79999924 -0.4989776 
125.87999923 -0.4989776 
126.03999923 -0.4989776 
126.23999923 -0.4989776 
126.39999923 -0.4989776 
126.43999923 -0.4989776 
126.47999923 -0.4989776 
126.59999923 -0.941496 
126.63999923 -0.4989776 
126.79999923 -0.941496 
126.91999923 -0.4989776 
126.95999923 -0.4989776 
127.07999923 -0.4989776 
127.11999923 -0.4989776 
127.15999923 -0.4989776 
127.19999923 -0.4989776 
127.27999923 -0.4989776 
127.31999923 -0.4989776 
127.35999923 -0.4989776 
127.39999923 -0.4989776 
127.43999923 -0.4989776 
127.47999923 -0.4989776 
127.51999923 -0.4989776 
127.55999922 -0.4989776 
127.59999922 -0.4989776 
127.63999922 -0.4989776 
127.67999922 -0.4989776 
127.71999922 -0.4989776 
127.75999922 -0.4989776 
127.79999922 -0.4989776 
127.83999922 -0.4989776 
127.87999922 -0.4989776 
127.91999922 -0.4989776 
127.95999922 -0.941496 
127.99999922 -0.941496 
128.03999922 -0.941496 
128.07999922 -0.4989776 
128.11999922 -0.941496 
128.15999922 -0.941496 
128.19999922 -0.941496 
128.23999922 -0.941496 
128.27999922 -0.941496 
128.31999922 -0.941496 
128.35999922 -0.941496 
128.39999922 -0.941496 
128.43999922 -0.941496 
128.47999922 -0.941496 
128.51999922 -0.941496 
128.55999922 -0.941496 
128.59999922 -0.941496 
128.63999922 -0.941496 
128.67999922 -0.941496 
128.71999922 -0.941496 
128.75999922 -0.941496 
128.79999922 -0.941496 
128.83999922 -0.941496 
128.87999922 -0.941496 
128.91999922 -0.941496 
128.95999922 -0.941496 
128.99999922 -0.941496 
129.03999922 -1.382488 
129.07999922 -0.941496 
129.11999922 -1.382488 
129.15999922 -1.382488 
129.19999921 -1.382488 
129.23999921 -0.941496 
129.27999921 -0.941496 
129.31999921 -0.941496 
129.35999921 -1.382488 
129.39999921 -1.382488 
129.43999921 -1.382488 
129.47999921 -1.382488 
129.51999921 -1.382488 
129.55999921 -1.825007 
129.59999921 -1.825007 
129.63999921 -1.382488 
129.67999921 -1.382488 
129.71999921 -1.382488 
129.75999921 -1.382488 
129.79999921 -0.941496 
129.83999921 -0.941496 
129.87999921 -1.382488 
129.91999921 -1.382488 
129.95999921 -1.382488 
129.99999921 -0.941496 
130.03999921 -0.941496 
130.07999921 -0.941496 
130.11999921 -0.941496 
130.15999921 -0.941496 
130.19999921 -1.382488 
130.23999921 -1.382488 
130.27999921 -1.382488 
130.31999921 -1.382488 
130.35999921 -0.941496 
130.39999921 -0.941496 
130.43999921 -0.941496 
130.47999921 -0.941496 
130.51999921 -0.941496 
130.55999921 -0.941496 
130.59999921 -0.941496 
130.63999921 -0.941496 
130.67999921 -0.941496 
130.71999921 -0.941496 
130.75999921 -0.941496 
130.79999921 -0.941496 
130.8399992 -0.941496 
130.8799992 -0.4989776 
130.9199992 -0.4989776 
130.9599992 -0.941496 
130.9999992 -0.4989776 
131.0399992 -1.382488 
131.0799992 -0.941496 
131.1599992 -0.4989776 
131.1999992 -0.941496 
131.2399992 -0.4989776 
131.2799992 -0.4989776 
131.3199992 -0.4989776 
131.3599992 -0.4989776 
131.3999992 -0.4989776 
131.5199992 -0.4989776 
131.5599992 -0.941496 
131.5999992 -0.4989776 
131.8399992 -0.4989776 
141.23999914 -0.4989776 
141.27999914 -0.4989776 
141.39999914 -0.4989776 
141.43999914 -0.4989776 
141.75999914 -0.4989776 
151.23999908 -0.4989776 
151.27999908 -0.4989776 
151.31999908 -0.4989776 
151.35999908 -0.4989776 
151.39999908 -0.941496 
151.43999908 -0.941496 
151.47999908 -0.941496 
151.51999908 -0.941496 
151.55999908 -1.382488 
151.59999908 -1.382488 
151.63999908 -1.382488 
151.67999908 -1.382488 
151.71999908 -1.825007 
151.75999908 -1.825007 
151.79999908 -1.825007 
151.83999908 -1.825007 
151.87999908 -2.267525 
151.91999908 -2.267525 
151.95999908 -2.267525 
151.99999908 -2.267525 
152.03999908 -2.267525 
152.07999908 -2.267525 
152.11999908 -2.708518 
152.15999908 -2.267525 
152.19999908 -2.708518 
152.23999907 -2.708518 
152.27999907 -2.708518 
152.31999907 -2.708518 
152.35999907 -3.151036 
152.39999907 -2.708518 
152.43999907 -2.708518 
152.47999907 -2.708518 
152.51999907 -3.151036 
152.55999907 -3.151036 
152.59999907 -2.708518 
152.63999907 -3.151036 
152.67999907 -3.151036 
152.71999907 -1.825007 
152.75999907 -3.151036 
152.79999907 -3.151036 
152.83999907 -2.708518 
152.87999907 -2.267525 
152.91999907 -3.151036 
152.95999907 -3.151036 
152.99999907 -2.708518 
153.03999907 -2.708518 
153.07999907 -2.708518 
153.11999907 -2.708518 
153.15999907 -2.267525 
153.19999907 -2.708518 
153.23999907 -2.708518 
153.27999907 -2.708518 
153.31999907 -2.708518 
153.35999907 -2.267525 
153.39999907 -2.267525 
153.43999907 -2.267525 
153.47999907 -2.267525 
153.51999907 -2.267525 
153.55999907 -2.267525 
153.59999907 -1.825007 
153.63999907 -2.267525 
153.67999907 -1.825007 
153.71999907 -1.825007 
153.75999907 -1.825007 
153.79999907 -1.825007 
153.83999907 -1.825007 
153.87999906 -1.825007 
153.91999906 -1.382488 
153.95999906 -0.941496 
153.99999906 -0.941496 
154.03999906 -0.941496 
154.07999906 -0.941496 
154.11999906 -0.941496 
154.15999906 -0.941496 
154.19999906 -0.941496 
154.23999906 -0.941496 
154.27999906 -0.4989776 
154.31999906 -0.4989776 
154.35999906 -0.941496 
154.39999906 -0.4989776 
154.43999906 -0.4989776 
154.51999906 -0.4989776 
157.11999905 -0.4989776 
157.15999904 -0.4989776 
157.23999904 -1.382488 
157.35999904 -0.4989776 
157.39999904 -0.941496 
157.51999904 -0.4989776 
157.71999904 -0.941496 
157.75999904 -1.382488 
157.87999904 -0.4989776 
157.91999904 -0.4989776 
157.99999904 -0.4989776 
158.03999904 -0.941496 
158.19999904 -0.4989776 
158.23999904 -0.4989776 
158.35999904 -0.4989776 
158.39999904 -0.4989776 
163.51999901 -0.4989776 
163.55999901 -0.4989776 
163.59999901 -0.4989776 
163.63999901 -0.4989776 
163.67999901 -0.4989776 
163.719999 -0.4989776 
163.759999 -0.4989776 
163.799999 -0.4989776 
163.839999 -0.4989776 
163.879999 -0.4989776 
163.919999 -0.941496 
163.959999 -0.941496 
163.999999 -0.941496 
164.039999 -0.941496 
164.079999 -0.941496 
164.119999 -0.941496 
164.159999 -0.941496 
164.199999 -0.941496 
164.239999 -0.941496 
164.279999 -0.941496 
164.319999 -0.941496 
164.359999 -0.941496 
164.399999 -0.941496 
164.439999 -0.941496 
164.479999 -0.941496 
164.519999 -0.941496 
164.559999 -0.941496 
164.599999 -0.941496 
164.639999 -0.4989776 
164.679999 -0.941496 
164.719999 -0.4989776 
164.759999 -0.4989776 
164.799999 -0.941496 
164.839999 -0.4989776 
164.879999 -0.4989776 
164.919999 -0.4989776 
164.959999 -0.4989776 
174.51999894 -0.4989776 
174.63999894 -0.4989776 
174.67999894 -0.4989776 
174.83999894 -0.4989776 
174.87999894 -0.4989776 
175.07999894 -0.4989776 
175.11999894 -0.4989776 
175.15999894 -0.4989776 
175.31999893 -0.4989776 
175.35999893 -0.4989776 
175.39999893 -0.4989776 
175.47999893 -0.4989776 
175.51999893 -0.4989776 
175.55999893 -0.4989776 
175.59999893 -0.4989776 
175.63999893 -0.4989776 
175.67999893 -0.4989776 
175.71999893 -0.4989776 
175.75999893 -0.4989776 
175.87999893 -0.4989776 
176.35999893 -0.4989776 
178.35999892 -0.4989776 
178.39999892 -0.4989776 
178.43999892 -0.4989776 
178.47999892 -0.4989776 
178.51999892 -0.4989776 
178.55999891 -0.4989776 
178.59999891 -0.4989776 
178.63999891 -0.4989776 
178.67999891 -0.4989776 
178.71999891 -0.941496 
178.75999891 -0.4989776 
178.79999891 -1.825007 
178.87999891 -0.941496 
178.91999891 -1.825007 
178.95999891 -0.941496 
178.99999891 -0.941496 
179.03999891 -1.382488 
179.07999891 -0.941496 
179.11999891 -0.941496 
179.15999891 -0.941496 
179.19999891 -1.382488 
179.23999891 -0.941496 
179.27999891 -0.941496 
179.31999891 -0.941496 
179.35999891 -1.825007 
179.39999891 -0.941496 
179.43999891 -0.941496 
179.47999891 -1.382488 
179.51999891 -1.382488 
179.55999891 -1.382488 
179.59999891 -1.382488 
179.63999891 -1.382488 
179.67999891 -1.825007 
179.71999891 -1.382488 
179.75999891 -0.941496 
179.79999891 -1.825007 
179.83999891 -1.825007 
179.87999891 -1.825007 
179.91999891 -1.825007 
179.95999891 -1.825007 
179.99999891 -1.382488 
180.03999891 -1.382488 
180.07999891 -1.825007 
180.11999891 -1.382488 
180.15999891 -0.941496 
180.1999989 -1.825007 
180.2399989 -1.382488 
180.2799989 -1.825007 
180.3199989 -0.941496 
180.3599989 -0.941496 
180.3999989 -0.941496 
180.4399989 -0.941496 
180.4799989 -0.941496 
180.5199989 -0.941496 
180.5599989 -0.941496 
180.5999989 -0.941496 
180.6399989 -0.941496 
180.6799989 -0.941496 
180.7199989 -0.941496 
180.7599989 -0.941496 
180.7999989 -0.941496 
180.8399989 -0.4989776 
180.8799989 -0.941496 
180.9199989 -0.941496 
180.9599989 -0.941496 
180.9999989 -0.941496 
181.0399989 -0.4989776 
181.0799989 -0.4989776 
181.1199989 -0.4989776 
181.1599989 -0.4989776 
181.1999989 -0.4989776 
181.2399989 -0.4989776 
181.2799989 -0.4989776 
181.3199989 -0.4989776 
185.31999887 -0.4989776 
185.35999887 -0.4989776 
185.39999887 -0.4989776 
185.43999887 -0.4989776 
185.47999887 -0.4989776 
185.51999887 -0.4989776 
185.55999887 -0.4989776 
185.59999887 -0.4989776 
185.63999887 -0.4989776 
185.67999887 -0.941496 
185.71999887 -0.4989776 
185.75999887 -0.4989776 
185.79999887 -0.941496 
185.83999887 -0.941496 
185.87999887 -0.941496 
185.91999887 -0.4989776 
185.95999887 -0.4989776 
185.99999887 -0.941496 
186.03999887 -0.941496 
186.07999887 -0.4989776 
186.11999887 -0.4989776 
186.15999887 -0.4989776 
186.19999887 -0.941496 
186.23999887 -0.4989776 
186.27999887 -0.4989776 
186.31999887 -0.4989776 
186.35999887 -0.4989776 
186.39999887 -0.4989776 
186.43999887 -0.4989776 
186.47999887 -0.4989776 
186.55999887 -0.4989776 
189.83999885 -0.4989776 
189.87999885 -0.4989776 
189.91999885 -0.4989776 
189.95999885 -0.4989776 
189.99999885 -0.4989776 
190.03999885 -0.4989776 
190.07999884 -0.4989776 
190.11999884 -0.4989776 
190.15999884 -0.4989776 
190.19999884 -0.4989776 
190.23999884 -0.941496 
190.27999884 -0.941496 
190.31999884 -0.941496 
190.35999884 -0.941496 
190.39999884 -0.941496 
190.43999884 -0.941496 
190.47999884 -0.941496 
190.51999884 -0.941496 
190.55999884 -0.941496 
190.59999884 -0.941496 
190.63999884 -0.941496 
190.67999884 -0.941496 
190.71999884 -0.941496 
190.75999884 -0.941496 
190.79999884 -0.941496 
190.83999884 -0.941496 
190.87999884 -1.382488 
190.91999884 -1.825007 
190.95999884 -0.941496 
190.99999884 -1.382488 
191.03999884 -0.941496 
191.07999884 -1.382488 
191.11999884 -0.941496 
191.15999884 -0.941496 
191.19999884 -0.941496 
191.23999884 -1.382488 
191.27999884 -1.382488 
191.31999884 -0.941496 
191.35999884 -1.382488 
191.39999884 -0.941496 
191.43999884 -0.941496 
191.47999884 -0.941496 
191.51999884 -0.941496 
191.55999884 -1.382488 
191.59999884 -0.4989776 
191.63999884 -0.4989776 
191.67999884 -0.941496 
191.71999883 -0.941496 
191.75999883 -0.4989776 
191.79999883 -0.941496 
191.83999883 -0.941496 
191.87999883 -0.4989776 
191.91999883 -0.4989776 
191.95999883 -0.4989776 
191.99999883 -0.4989776 
192.03999883 -0.4989776 
0 0 
