0.0 -3.658559 
0.04 -3.832515 
0.08 -3.832515 
0.12 -3.832515 
0.16 -3.832515 
0.2 -3.832515 
0.24 -3.832515 
0.28 -3.832515 
0.32 -3.832515 
0.36 -3.832515 
0.4 -3.832515 
0.44 -3.832515 
0.48 -4.00647 
0.52 -3.832515 
0.56 -3.832515 
0.6 -4.00647 
0.64 -3.832515 
0.68 -3.832515 
0.72 -3.832515 
0.76 -3.832515 
0.8 -3.832515 
0.83999999 -3.832515 
0.87999999 -3.832515 
0.91999999 -4.00647 
0.95999999 -3.832515 
0.99999999 -4.00647 
1.03999999 -4.00647 
1.07999999 -3.832515 
1.11999999 -4.00647 
1.15999999 -3.832515 
1.19999999 -4.00647 
1.23999999 -4.00647 
1.27999999 -4.00647 
1.31999999 -4.00647 
1.35999999 -4.00647 
1.39999999 -4.00647 
1.43999999 -4.00647 
1.47999999 -4.00647 
1.51999999 -4.00647 
1.55999999 -4.00647 
1.59999999 -4.00647 
1.63999999 -3.832515 
1.67999999 -4.00647 
1.71999999 -4.00647 
1.75999999 -3.832515 
1.79999999 -4.00647 
1.83999999 -4.00647 
1.87999999 -3.832515 
1.91999999 -4.00647 
1.95999999 -4.00647 
1.99999999 -4.00647 
2.03999999 -3.832515 
2.07999999 -4.00647 
2.11999999 -4.00647 
2.15999999 -4.00647 
2.19999999 -4.181036 
2.23999999 -4.00647 
2.27999999 -4.00647 
2.31999999 -4.00647 
2.35999999 -4.181036 
2.39999999 -4.00647 
2.43999999 -4.00647 
2.47999998 -4.00647 
2.51999998 -4.181036 
2.55999998 -4.181036 
2.59999998 -4.00647 
2.63999998 -4.181036 
2.67999998 -4.00647 
2.71999998 -4.00647 
2.75999998 -4.00647 
2.79999998 -4.181036 
2.83999998 -4.181036 
2.87999998 -4.181036 
2.91999998 -4.181036 
2.95999998 -4.181036 
2.99999998 -4.181036 
3.03999998 -4.181036 
3.07999998 -4.181036 
3.11999998 -4.181036 
3.15999998 -4.181036 
3.19999998 -4.181036 
3.23999998 -4.181036 
3.27999998 -4.181036 
3.31999998 -4.181036 
3.35999998 -4.181036 
3.39999998 -4.181036 
3.43999998 -4.181036 
3.47999998 -4.181036 
3.51999998 -4.181036 
3.55999998 -4.181036 
3.59999998 -4.181036 
3.63999998 -4.181036 
3.67999998 -4.181036 
3.71999998 -4.181036 
3.75999998 -4.181036 
3.79999998 -4.181036 
3.83999998 -4.181036 
3.87999998 -4.181036 
3.91999998 -4.181036 
3.95999998 -4.181036 
3.99999998 -4.181036 
4.03999998 -4.181036 
4.07999998 -4.181036 
4.11999997 -4.181036 
4.15999997 -4.181036 
4.19999997 -4.181036 
4.23999997 -4.181036 
4.27999997 -4.354991 
4.31999997 -4.181036 
4.35999997 -4.181036 
4.39999997 -4.181036 
4.43999997 -4.354991 
4.47999997 -4.181036 
4.51999997 -4.354991 
4.55999997 -4.354991 
4.59999997 -4.354991 
4.63999997 -4.354991 
4.67999997 -4.181036 
4.71999997 -4.354991 
4.75999997 -4.354991 
4.79999997 -4.354991 
4.83999997 -4.354991 
4.87999997 -4.354991 
4.91999997 -4.354991 
4.95999997 -4.354991 
4.99999997 -4.354991 
5.03999997 -4.354991 
5.07999997 -4.354991 
5.11999997 -4.354991 
5.15999997 -4.354991 
5.19999997 -4.354991 
5.23999997 -4.354991 
5.27999997 -4.354991 
5.31999997 -4.354991 
5.35999997 -4.354991 
5.39999997 -4.354991 
5.43999997 -4.354991 
5.47999997 -4.354991 
5.51999997 -4.354991 
5.55999997 -4.354991 
5.59999997 -4.354991 
5.63999997 -4.354991 
5.67999997 -4.354991 
5.71999997 -4.354991 
5.75999996 -4.354991 
5.79999996 -4.354991 
5.83999996 -4.354991 
5.87999996 -4.354991 
5.91999996 -4.528947 
5.95999996 -4.354991 
5.99999996 -4.528947 
6.03999996 -4.354991 
6.07999996 -4.528947 
6.11999996 -4.528947 
6.15999996 -4.354991 
6.19999996 -4.528947 
6.23999996 -4.528947 
6.27999996 -4.354991 
6.31999996 -4.528947 
6.35999996 -4.354991 
6.39999996 -4.528947 
6.43999996 -4.528947 
6.47999996 -4.528947 
6.51999996 -4.528947 
6.55999996 -4.528947 
6.59999996 -4.528947 
6.63999996 -4.528947 
6.67999996 -4.528947 
6.71999996 -4.528947 
6.75999996 -4.528947 
6.79999996 -4.528947 
6.83999996 -4.528947 
6.87999996 -4.528947 
6.91999996 -4.528947 
6.95999996 -4.528947 
6.99999996 -4.528947 
7.03999996 -4.528947 
7.07999996 -4.528947 
7.11999996 -4.528947 
7.15999996 -4.528947 
7.19999996 -4.528947 
7.23999996 -4.528947 
7.27999996 -4.528947 
7.31999996 -4.528947 
7.35999996 -4.528947 
7.39999996 -4.528947 
7.43999995 -4.528947 
7.47999995 -4.528947 
7.51999995 -4.528947 
7.55999995 -4.528947 
7.59999995 -4.702902 
7.63999995 -4.528947 
7.67999995 -4.528947 
7.71999995 -4.528947 
7.75999995 -4.528947 
7.79999995 -4.528947 
7.83999995 -4.528947 
7.87999995 -4.528947 
7.91999995 -4.528947 
7.95999995 -4.528947 
7.99999995 -4.528947 
8.03999995 -4.528947 
8.07999995 -4.528947 
8.11999995 -4.528947 
8.15999995 -4.702902 
8.19999995 -4.702902 
8.23999995 -4.702902 
8.27999995 -4.528947 
8.31999995 -4.702902 
8.35999995 -4.702902 
8.39999995 -4.702902 
8.43999995 -4.528947 
8.47999995 -4.702902 
8.51999995 -4.702902 
8.55999995 -4.702902 
8.59999995 -4.702902 
8.63999995 -4.702902 
8.67999995 -4.702902 
8.71999995 -4.702902 
8.75999995 -4.528947 
8.79999995 -4.702902 
8.83999995 -4.702902 
8.87999995 -4.702902 
8.91999995 -4.702902 
8.95999995 -4.702902 
8.99999995 -4.702902 
9.03999995 -4.702902 
9.07999994 -4.702902 
9.11999994 -4.877468 
9.15999994 -4.877468 
9.19999994 -4.877468 
9.23999994 -4.702902 
9.27999994 -4.877468 
9.31999994 -4.702902 
9.35999994 -4.877468 
9.39999994 -4.877468 
9.43999994 -4.877468 
9.47999994 -4.877468 
9.51999994 -4.877468 
9.55999994 -4.877468 
9.59999994 -4.877468 
9.63999994 -4.877468 
9.67999994 -4.702902 
9.71999994 -4.877468 
9.75999994 -4.877468 
9.79999994 -4.877468 
9.83999994 -4.877468 
9.87999994 -4.877468 
9.91999994 -4.877468 
9.95999994 -4.877468 
9.99999994 -4.877468 
10.03999994 -4.877468 
10.07999994 -4.877468 
10.11999994 -4.877468 
10.15999994 -4.877468 
10.19999994 -4.877468 
10.23999994 -4.877468 
10.27999994 -4.877468 
10.31999994 -4.877468 
10.35999994 -4.877468 
10.39999994 -4.877468 
10.43999994 -4.877468 
10.47999994 -4.877468 
10.51999994 -5.051424 
10.55999994 -4.877468 
10.59999994 -4.877468 
10.63999994 -4.877468 
10.67999994 -4.877468 
10.71999993 -4.877468 
10.75999993 -4.877468 
10.79999993 -4.877468 
10.83999993 -4.877468 
10.87999993 -4.877468 
10.91999993 -4.877468 
10.95999993 -4.877468 
10.99999993 -4.877468 
11.03999993 -4.877468 
11.07999993 -4.877468 
11.11999993 -5.051424 
11.15999993 -4.877468 
11.19999993 -5.051424 
11.23999993 -4.877468 
11.27999993 -4.877468 
11.31999993 -4.877468 
11.35999993 -5.051424 
11.39999993 -5.051424 
11.43999993 -5.051424 
11.47999993 -5.051424 
11.51999993 -5.051424 
11.55999993 -4.877468 
11.59999993 -5.051424 
11.63999993 -4.877468 
11.67999993 -5.051424 
11.71999993 -5.051424 
11.75999993 -5.051424 
11.79999993 -5.051424 
11.83999993 -5.051424 
11.87999993 -5.051424 
11.91999993 -5.051424 
11.95999993 -5.051424 
11.99999993 -5.051424 
12.03999993 -5.051424 
12.07999993 -5.051424 
12.11999993 -5.051424 
12.15999993 -5.051424 
12.19999993 -5.051424 
12.23999993 -5.051424 
12.27999993 -5.051424 
12.31999993 -5.051424 
12.35999992 -5.051424 
12.39999992 -5.051424 
12.43999992 -5.051424 
12.47999992 -5.051424 
12.51999992 -5.051424 
12.55999992 -5.051424 
12.59999992 -5.051424 
12.63999992 -5.051424 
12.67999992 -5.051424 
12.71999992 -5.051424 
12.75999992 -5.051424 
12.79999992 -5.051424 
12.83999992 -5.051424 
12.87999992 -5.051424 
12.91999992 -5.051424 
12.95999992 -5.051424 
12.99999992 -5.225379 
13.03999992 -5.051424 
13.07999992 -5.051424 
13.11999992 -5.225379 
13.15999992 -5.051424 
13.19999992 -5.051424 
13.23999992 -5.225379 
13.27999992 -5.051424 
13.31999992 -5.051424 
13.35999992 -5.225379 
13.39999992 -5.225379 
13.43999992 -5.225379 
13.47999992 -5.051424 
13.51999992 -5.051424 
13.55999992 -5.225379 
13.59999992 -5.225379 
13.63999992 -5.051424 
13.67999992 -5.225379 
13.71999992 -5.225379 
13.75999992 -5.051424 
13.79999992 -5.051424 
13.83999992 -5.225379 
13.87999992 -5.051424 
13.91999992 -5.225379 
13.95999992 -5.225379 
13.99999991 -5.225379 
14.03999991 -5.225379 
14.07999991 -5.225379 
14.11999991 -5.225379 
14.15999991 -5.225379 
14.19999991 -5.225379 
14.23999991 -5.225379 
14.27999991 -5.399335 
14.31999991 -5.399335 
14.35999991 -5.225379 
14.39999991 -5.225379 
14.43999991 -5.225379 
14.47999991 -5.399335 
14.51999991 -5.225379 
14.55999991 -5.225379 
14.59999991 -5.225379 
14.63999991 -5.399335 
14.67999991 -5.225379 
14.71999991 -5.225379 
14.75999991 -5.225379 
14.79999991 -5.399335 
14.83999991 -5.225379 
14.87999991 -5.225379 
14.91999991 -5.399335 
14.95999991 -5.399335 
14.99999991 -5.399335 
15.03999991 -5.399335 
15.07999991 -5.399335 
15.11999991 -5.399335 
15.15999991 -5.399335 
15.19999991 -5.399335 
15.23999991 -5.399335 
15.27999991 -5.399335 
15.31999991 -5.399335 
15.35999991 -5.225379 
15.39999991 -5.399335 
15.43999991 -5.399335 
15.47999991 -5.399335 
15.51999991 -5.399335 
15.55999991 -5.399335 
15.59999991 -5.399335 
15.6399999 -5.225379 
15.6799999 -5.399335 
15.7199999 -5.399335 
15.7599999 -5.399335 
15.7999999 -5.399335 
15.8399999 -5.399335 
15.8799999 -5.399335 
15.9199999 -5.399335 
15.9599999 -5.399335 
15.9999999 -5.399335 
16.0399999 -5.399335 
16.0799999 -5.399335 
16.1199999 -5.399335 
16.1599999 -5.399335 
16.1999999 -5.399335 
16.2399999 -5.399335 
16.2799999 -5.399335 
16.3199999 -5.399335 
16.3599999 -5.399335 
16.3999999 -5.399335 
16.4399999 -5.399335 
16.4799999 -5.399335 
16.5199999 -5.399335 
16.5599999 -5.399335 
16.5999999 -5.573901 
16.6399999 -5.573901 
16.6799999 -5.399335 
16.7199999 -5.399335 
16.7599999 -5.399335 
16.7999999 -5.573901 
16.8399999 -5.573901 
16.8799999 -5.399335 
16.9199999 -5.573901 
16.9599999 -5.573901 
16.9999999 -5.573901 
17.0399999 -5.573901 
17.0799999 -5.399335 
17.1199999 -5.573901 
17.1599999 -5.573901 
17.1999999 -5.399335 
17.2399999 -5.399335 
17.27999989 -5.573901 
17.31999989 -5.573901 
17.35999989 -5.573901 
17.39999989 -5.573901 
17.43999989 -5.573901 
17.47999989 -5.573901 
17.51999989 -5.573901 
17.55999989 -5.573901 
17.59999989 -5.573901 
17.63999989 -5.573901 
17.67999989 -5.573901 
17.71999989 -5.573901 
17.75999989 -5.573901 
17.79999989 -5.573901 
17.83999989 -5.573901 
17.87999989 -5.573901 
17.91999989 -5.573901 
17.95999989 -5.573901 
17.99999989 -5.573901 
18.03999989 -5.573901 
18.07999989 -5.573901 
18.11999989 -5.573901 
18.15999989 -5.573901 
18.19999989 -5.573901 
18.23999989 -5.573901 
18.27999989 -5.573901 
18.31999989 -5.573901 
18.35999989 -5.573901 
18.39999989 -5.573901 
18.43999989 -5.573901 
18.47999989 -5.573901 
18.51999989 -5.573901 
18.55999989 -5.573901 
18.59999989 -5.573901 
18.63999989 -5.573901 
18.67999989 -5.573901 
18.71999989 -5.573901 
18.75999989 -5.573901 
18.79999989 -5.573901 
18.83999989 -5.573901 
18.87999989 -5.573901 
18.91999989 -5.573901 
18.95999988 -5.747856 
18.99999988 -5.747856 
19.03999988 -5.573901 
19.07999988 -5.573901 
19.11999988 -5.747856 
19.15999988 -5.573901 
19.19999988 -5.747856 
19.23999988 -5.747856 
19.27999988 -5.573901 
19.31999988 -5.747856 
19.35999988 -5.573901 
19.39999988 -5.747856 
19.43999988 -5.747856 
19.47999988 -5.747856 
19.51999988 -5.747856 
19.55999988 -5.747856 
19.59999988 -5.747856 
19.63999988 -5.747856 
19.67999988 -5.747856 
19.71999988 -5.747856 
19.75999988 -5.573901 
19.79999988 -5.747856 
19.83999988 -5.747856 
19.87999988 -5.747856 
19.91999988 -5.747856 
19.95999988 -5.747856 
19.99999988 -5.747856 
20.03999988 -5.747856 
20.07999988 -5.747856 
20.11999988 -5.747856 
20.15999988 -5.747856 
20.19999988 -5.747856 
20.23999988 -5.747856 
20.27999988 -5.747856 
20.31999988 -5.747856 
20.35999988 -5.747856 
20.39999988 -5.747856 
20.43999988 -5.747856 
20.47999988 -5.747856 
20.51999988 -5.747856 
20.55999988 -5.747856 
20.59999987 -5.747856 
20.63999987 -5.747856 
20.67999987 -5.747856 
20.71999987 -5.921812 
20.75999987 -5.921812 
20.79999987 -5.747856 
20.83999987 -5.747856 
20.87999987 -5.747856 
20.91999987 -5.747856 
20.95999987 -5.921812 
20.99999987 -5.747856 
21.03999987 -5.747856 
21.07999987 -5.921812 
21.11999987 -5.921812 
21.15999987 -5.921812 
21.19999987 -5.747856 
21.23999987 -5.921812 
21.27999987 -5.747856 
21.31999987 -5.921812 
21.35999987 -5.921812 
21.39999987 -5.921812 
21.43999987 -5.921812 
21.47999987 -5.921812 
21.51999987 -5.921812 
21.55999987 -5.921812 
21.59999987 -5.921812 
21.63999987 -5.747856 
21.67999987 -5.747856 
21.71999987 -5.921812 
21.75999987 -5.921812 
21.79999987 -5.921812 
21.83999987 -5.921812 
21.87999987 -5.921812 
21.91999987 -5.921812 
21.95999987 -5.921812 
21.99999987 -5.921812 
22.03999987 -5.921812 
22.07999987 -5.921812 
22.11999987 -5.921812 
22.15999987 -5.921812 
22.19999987 -5.921812 
22.23999986 -5.921812 
22.27999986 -5.921812 
22.31999986 -5.921812 
22.35999986 -5.921812 
22.39999986 -5.921812 
22.43999986 -5.921812 
22.47999986 -5.921812 
22.51999986 -5.921812 
22.55999986 -5.921812 
22.59999986 -5.921812 
22.63999986 -5.921812 
22.67999986 -5.921812 
22.71999986 -5.921812 
22.75999986 -5.921812 
22.79999986 -5.921812 
22.83999986 -5.921812 
22.87999986 -5.921812 
22.91999986 -5.921812 
22.95999986 -5.921812 
22.99999986 -5.921812 
23.03999986 -5.921812 
23.07999986 -5.921812 
23.11999986 -5.921812 
23.15999986 -5.921812 
23.19999986 -5.921812 
23.23999986 -5.921812 
23.27999986 -5.921812 
23.31999986 -5.921812 
23.35999986 -5.921812 
23.39999986 -5.921812 
23.43999986 -5.921812 
23.47999986 -5.921812 
23.51999986 -5.921812 
23.55999986 -5.921812 
23.59999986 -5.921812 
23.63999986 -5.921812 
23.67999986 -5.921812 
23.71999986 -5.921812 
23.75999986 -5.921812 
23.79999986 -5.921812 
23.83999986 -5.921812 
23.87999985 -5.921812 
23.91999985 -5.921812 
23.95999985 -5.921812 
23.99999985 -5.921812 
24.03999985 -5.921812 
24.07999985 -6.095767 
24.11999985 -6.095767 
24.15999985 -5.921812 
24.19999985 -6.095767 
24.23999985 -5.921812 
24.27999985 -6.095767 
24.31999985 -6.270333 
24.35999985 -5.921812 
24.39999985 -6.270333 
24.43999985 -6.095767 
24.47999985 -6.095767 
24.51999985 -5.921812 
24.55999985 -6.095767 
24.59999985 -5.921812 
24.63999985 -5.921812 
24.67999985 -6.095767 
24.71999985 -6.095767 
24.75999985 -6.095767 
24.79999985 -6.095767 
24.83999985 -6.095767 
24.87999985 -6.095767 
24.91999985 -6.270333 
24.95999985 -6.095767 
24.99999985 -6.270333 
25.03999985 -6.270333 
25.07999985 -6.270333 
25.11999985 -6.095767 
25.15999985 -6.270333 
25.19999985 -6.270333 
25.23999985 -6.095767 
25.27999985 -6.095767 
25.31999985 -6.270333 
25.35999985 -6.270333 
25.39999985 -6.270333 
25.43999985 -6.270333 
25.47999985 -6.095767 
25.51999984 -6.270333 
25.55999984 -6.270333 
25.59999984 -6.095767 
25.63999984 -6.270333 
25.67999984 -6.270333 
25.71999984 -6.095767 
25.75999984 -6.270333 
25.79999984 -6.270333 
25.83999984 -6.270333 
25.87999984 -6.270333 
25.91999984 -6.270333 
25.95999984 -6.270333 
25.99999984 -6.270333 
26.03999984 -6.270333 
26.07999984 -6.270333 
26.11999984 -6.270333 
26.15999984 -6.270333 
26.19999984 -6.270333 
26.23999984 -6.270333 
26.27999984 -6.270333 
26.31999984 -6.270333 
26.35999984 -6.270333 
26.39999984 -6.270333 
26.43999984 -6.270333 
26.47999984 -6.270333 
26.51999984 -6.270333 
26.55999984 -6.270333 
26.59999984 -6.270333 
26.63999984 -6.270333 
26.67999984 -6.270333 
26.71999984 -6.270333 
26.75999984 -6.270333 
26.79999984 -6.270333 
26.83999984 -6.270333 
26.87999984 -6.270333 
26.91999984 -6.270333 
26.95999984 -6.270333 
26.99999984 -6.270333 
27.03999984 -6.270333 
27.07999984 -6.270333 
27.11999984 -6.270333 
27.15999983 -6.270333 
27.19999983 -6.270333 
27.23999983 -6.270333 
27.27999983 -6.270333 
27.31999983 -6.270333 
27.35999983 -6.270333 
27.39999983 -6.270333 
27.43999983 -6.270333 
27.47999983 -6.270333 
27.51999983 -6.270333 
27.55999983 -6.270333 
27.59999983 -6.270333 
27.63999983 -6.270333 
27.67999983 -6.270333 
27.71999983 -6.270333 
27.75999983 -6.270333 
27.79999983 -6.270333 
27.83999983 -6.270333 
27.87999983 -6.444288 
27.91999983 -6.270333 
27.95999983 -6.444288 
27.99999983 -6.270333 
28.03999983 -6.444288 
28.07999983 -6.444288 
28.11999983 -6.270333 
28.15999983 -6.444288 
28.19999983 -6.444288 
28.23999983 -6.444288 
28.27999983 -6.444288 
28.31999983 -6.444288 
28.35999983 -6.444288 
28.39999983 -6.444288 
28.43999983 -6.444288 
28.47999983 -6.444288 
28.51999983 -6.444288 
28.55999983 -6.444288 
28.59999983 -6.444288 
28.63999983 -6.444288 
28.67999983 -6.444288 
28.71999983 -6.444288 
28.75999983 -6.444288 
28.79999982 -6.444288 
28.83999982 -6.444288 
28.87999982 -6.444288 
28.91999982 -6.444288 
28.95999982 -6.444288 
28.99999982 -6.444288 
29.03999982 -6.444288 
29.07999982 -6.444288 
29.11999982 -6.444288 
29.15999982 -6.444288 
29.19999982 -6.444288 
29.23999982 -6.444288 
29.27999982 -6.444288 
29.31999982 -6.444288 
29.35999982 -6.444288 
29.39999982 -6.444288 
29.43999982 -6.444288 
29.47999982 -6.444288 
29.51999982 -6.444288 
29.55999982 -6.444288 
29.59999982 -6.444288 
29.63999982 -6.444288 
29.67999982 -6.618244 
29.71999982 -6.444288 
29.75999982 -6.444288 
29.79999982 -6.444288 
29.83999982 -6.444288 
29.87999982 -6.444288 
29.91999982 -6.444288 
29.95999982 -6.444288 
29.99999982 -6.444288 
30.03999982 -6.444288 
30.07999982 -6.444288 
30.11999982 -6.444288 
30.15999982 -6.444288 
30.19999982 -6.444288 
30.23999982 -6.444288 
30.27999982 -6.444288 
30.31999982 -6.444288 
30.35999982 -6.444288 
30.39999982 -6.444288 
30.43999982 -6.444288 
30.47999981 -6.444288 
30.51999981 -6.444288 
30.55999981 -6.618244 
30.59999981 -6.618244 
30.63999981 -6.444288 
30.67999981 -6.618244 
30.71999981 -6.618244 
30.75999981 -6.618244 
30.79999981 -6.618244 
30.83999981 -6.618244 
30.87999981 -6.618244 
30.91999981 -6.618244 
30.95999981 -6.618244 
30.99999981 -6.618244 
31.03999981 -6.444288 
31.07999981 -6.618244 
31.11999981 -6.618244 
31.15999981 -6.618244 
31.19999981 -6.618244 
31.23999981 -6.618244 
31.27999981 -6.618244 
31.31999981 -6.618244 
31.35999981 -6.618244 
31.39999981 -6.618244 
31.43999981 -6.444288 
31.47999981 -6.618244 
31.51999981 -6.618244 
31.55999981 -6.618244 
31.59999981 -6.444288 
31.63999981 -6.618244 
31.67999981 -6.7922 
31.71999981 -6.618244 
31.75999981 -6.618244 
31.79999981 -6.618244 
31.83999981 -6.618244 
31.87999981 -6.618244 
31.91999981 -6.618244 
31.95999981 -6.618244 
31.99999981 -6.618244 
32.03999981 -6.618244 
32.07999981 -6.618244 
32.1199998 -6.7922 
32.1599998 -6.618244 
32.1999998 -6.7922 
32.2399998 -6.618244 
32.2799998 -6.618244 
32.3199998 -6.7922 
32.3599998 -6.7922 
32.3999998 -6.618244 
32.4399998 -6.618244 
32.4799998 -6.7922 
32.5199998 -6.618244 
32.5599998 -6.618244 
32.5999998 -6.618244 
32.6399998 -6.7922 
32.6799998 -6.618244 
32.7199998 -6.7922 
32.7599998 -6.7922 
32.7999998 -6.7922 
32.8399998 -6.7922 
32.8799998 -6.7922 
32.9199998 -6.618244 
32.9599998 -6.7922 
32.9999998 -6.7922 
33.0399998 -6.7922 
33.0799998 -6.7922 
33.1199998 -6.7922 
33.1599998 -6.7922 
33.1999998 -6.7922 
33.2399998 -6.7922 
33.2799998 -6.7922 
33.3199998 -6.7922 
33.3599998 -6.7922 
33.3999998 -6.7922 
33.4399998 -6.7922 
33.4799998 -6.7922 
33.5199998 -6.7922 
33.5599998 -6.7922 
33.5999998 -6.7922 
33.6399998 -6.7922 
33.6799998 -6.966765 
33.7199998 -6.966765 
33.75999979 -6.7922 
33.79999979 -6.7922 
33.83999979 -6.7922 
33.87999979 -6.7922 
33.91999979 -6.966765 
33.95999979 -6.7922 
33.99999979 -6.7922 
34.03999979 -6.7922 
34.07999979 -6.7922 
34.11999979 -6.7922 
34.15999979 -6.7922 
34.19999979 -6.7922 
34.23999979 -6.7922 
34.27999979 -6.966765 
34.31999979 -6.7922 
34.35999979 -6.966765 
34.39999979 -6.7922 
34.43999979 -6.966765 
34.47999979 -6.7922 
34.51999979 -6.7922 
34.55999979 -6.966765 
34.59999979 -6.7922 
34.63999979 -6.966765 
34.67999979 -6.7922 
34.71999979 -6.618244 
34.75999979 -6.966765 
34.79999979 -6.7922 
34.83999979 -6.966765 
34.87999979 -6.966765 
34.91999979 -6.966765 
34.95999979 -6.966765 
34.99999979 -6.966765 
35.03999979 -6.966765 
35.07999979 -6.7922 
35.11999979 -6.966765 
35.15999979 -6.966765 
35.19999979 -6.966765 
35.23999979 -6.966765 
35.27999979 -6.966765 
35.31999979 -6.966765 
35.35999979 -6.966765 
35.39999978 -6.966765 
35.43999978 -6.966765 
35.47999978 -6.7922 
35.51999978 -6.966765 
35.55999978 -6.966765 
35.59999978 -6.966765 
35.63999978 -6.966765 
35.67999978 -6.966765 
35.71999978 -6.966765 
35.75999978 -6.966765 
35.79999978 -6.966765 
35.83999978 -6.966765 
35.87999978 -6.966765 
35.91999978 -6.966765 
35.95999978 -6.966765 
35.99999978 -6.966765 
36.03999978 -6.966765 
36.07999978 -6.966765 
36.11999978 -6.966765 
36.15999978 -6.966765 
36.19999978 -6.966765 
36.23999978 -6.966765 
36.27999978 -6.966765 
36.31999978 -6.966765 
36.35999978 -6.966765 
36.39999978 -6.966765 
36.43999978 -6.966765 
36.47999978 -6.966765 
36.51999978 -6.966765 
36.55999978 -6.966765 
36.59999978 -6.966765 
36.63999978 -6.966765 
36.67999978 -6.966765 
36.71999978 -6.966765 
36.75999978 -6.966765 
36.79999978 -6.966765 
36.83999978 -6.966765 
36.87999978 -6.966765 
36.91999978 -6.966765 
36.95999978 -6.966765 
36.99999978 -6.966765 
37.03999977 -6.966765 
37.07999977 -6.966765 
37.11999977 -7.140721 
37.15999977 -7.140721 
37.19999977 -6.966765 
37.23999977 -6.966765 
37.27999977 -6.966765 
37.31999977 -6.966765 
37.35999977 -6.966765 
37.39999977 -6.966765 
37.43999977 -7.140721 
37.47999977 -6.966765 
37.51999977 -6.966765 
37.55999977 -7.140721 
37.59999977 -6.966765 
37.63999977 -7.140721 
37.67999977 -7.140721 
37.71999977 -6.966765 
37.75999977 -6.966765 
37.79999977 -7.140721 
37.83999977 -7.140721 
37.87999977 -6.966765 
37.91999977 -7.140721 
37.95999977 -7.140721 
37.99999977 -6.966765 
38.03999977 -7.140721 
38.07999977 -7.140721 
38.11999977 -6.966765 
38.15999977 -7.140721 
38.19999977 -7.140721 
38.23999977 -7.140721 
38.27999977 -7.140721 
38.31999977 -6.966765 
38.35999977 -7.140721 
38.39999977 -7.140721 
38.43999977 -7.140721 
38.47999977 -7.140721 
38.51999977 -6.966765 
38.55999977 -7.140721 
38.59999977 -7.140721 
38.63999977 -7.140721 
38.67999976 -7.140721 
38.71999976 -7.140721 
38.75999976 -7.140721 
38.79999976 -7.140721 
38.83999976 -7.140721 
38.87999976 -7.140721 
38.91999976 -7.140721 
38.95999976 -7.140721 
38.99999976 -7.140721 
39.03999976 -7.140721 
39.07999976 -7.140721 
39.11999976 -7.140721 
39.15999976 -7.140721 
39.19999976 -7.140721 
39.23999976 -7.140721 
39.27999976 -7.140721 
39.31999976 -7.140721 
39.35999976 -7.140721 
39.39999976 -7.140721 
39.43999976 -7.140721 
39.47999976 -7.140721 
39.51999976 -7.140721 
39.55999976 -7.140721 
39.59999976 -7.140721 
39.63999976 -7.140721 
39.67999976 -7.140721 
39.71999976 -7.140721 
39.75999976 -7.140721 
39.79999976 -7.140721 
39.83999976 -7.140721 
39.87999976 -7.140721 
39.91999976 -7.314676 
39.95999976 -7.140721 
39.99999976 -7.140721 
40.03999976 -7.140721 
40.07999976 -7.314676 
40.11999976 -7.140721 
40.15999976 -7.140721 
40.19999976 -7.314676 
40.23999976 -7.140721 
40.27999976 -7.314676 
40.31999975 -7.140721 
40.35999975 -7.140721 
40.39999975 -7.314676 
40.43999975 -7.314676 
40.47999975 -7.140721 
40.51999975 -7.314676 
40.55999975 -7.140721 
40.59999975 -7.314676 
40.63999975 -7.314676 
40.67999975 -7.140721 
40.71999975 -7.140721 
40.75999975 -7.314676 
40.79999975 -7.314676 
40.83999975 -7.314676 
40.87999975 -7.314676 
40.91999975 -7.314676 
40.95999975 -7.314676 
40.99999975 -7.314676 
41.03999975 -7.314676 
41.07999975 -7.314676 
41.11999975 -7.314676 
41.15999975 -7.314676 
41.19999975 -7.314676 
41.23999975 -7.314676 
41.27999975 -7.314676 
41.31999975 -7.314676 
41.35999975 -7.314676 
41.39999975 -7.314676 
41.43999975 -7.314676 
41.47999975 -7.314676 
41.51999975 -7.314676 
41.55999975 -7.314676 
41.59999975 -7.314676 
41.63999975 -7.314676 
41.67999975 -7.314676 
41.71999975 -7.314676 
41.75999975 -7.314676 
41.79999975 -7.314676 
41.83999975 -7.314676 
41.87999975 -7.314676 
41.91999975 -7.314676 
41.95999974 -7.314676 
41.99999974 -7.314676 
42.03999974 -7.314676 
42.07999974 -7.314676 
42.11999974 -7.314676 
42.15999974 -7.314676 
42.19999974 -7.314676 
42.23999974 -7.314676 
42.27999974 -7.314676 
42.31999974 -7.314676 
42.35999974 -7.314676 
42.39999974 -7.314676 
42.43999974 -7.314676 
42.47999974 -7.314676 
42.51999974 -7.314676 
42.55999974 -7.314676 
42.59999974 -7.314676 
42.63999974 -7.314676 
42.67999974 -7.314676 
42.71999974 -7.314676 
42.75999974 -7.314676 
42.79999974 -7.314676 
42.83999974 -7.314676 
42.87999974 -7.314676 
42.91999974 -7.314676 
42.95999974 -7.314676 
42.99999974 -7.314676 
43.03999974 -7.314676 
43.07999974 -7.314676 
43.11999974 -7.314676 
43.15999974 -7.314676 
43.19999974 -7.314676 
43.23999974 -7.314676 
43.27999974 -7.314676 
43.31999974 -7.314676 
43.35999974 -7.314676 
43.39999974 -7.314676 
43.43999974 -7.314676 
43.47999974 -7.314676 
43.51999974 -7.314676 
43.55999974 -7.314676 
43.59999974 -7.314676 
43.63999973 -7.314676 
43.67999973 -7.314676 
43.71999973 -7.314676 
43.75999973 -7.314676 
43.79999973 -7.314676 
43.83999973 -7.314676 
43.87999973 -7.314676 
43.91999973 -7.314676 
43.95999973 -7.314676 
43.99999973 -7.314676 
44.03999973 -7.314676 
44.07999973 -7.314676 
44.11999973 -7.314676 
44.15999973 -7.314676 
44.19999973 -7.314676 
44.23999973 -7.488632 
44.27999973 -7.314676 
44.31999973 -7.488632 
44.35999973 -7.314676 
44.39999973 -7.314676 
44.43999973 -7.314676 
44.47999973 -7.488632 
44.51999973 -7.488632 
44.55999973 -7.314676 
44.59999973 -7.314676 
44.63999973 -7.314676 
44.67999973 -7.488632 
44.71999973 -7.314676 
44.75999973 -7.314676 
44.79999973 -7.314676 
44.83999973 -7.314676 
44.87999973 -7.488632 
44.91999973 -7.314676 
44.95999973 -7.314676 
44.99999973 -7.314676 
45.03999973 -7.314676 
45.07999973 -7.314676 
45.11999973 -7.314676 
45.15999973 -7.314676 
45.19999973 -7.488632 
45.23999973 -7.314676 
45.27999972 -7.314676 
45.31999972 -7.488632 
45.35999972 -7.314676 
45.39999972 -7.314676 
45.43999972 -7.488632 
45.47999972 -7.314676 
45.51999972 -7.314676 
45.55999972 -7.488632 
45.59999972 -7.314676 
45.63999972 -7.488632 
45.67999972 -7.314676 
45.71999972 -7.314676 
45.75999972 -7.314676 
45.79999972 -7.314676 
45.83999972 -7.488632 
45.87999972 -7.314676 
45.91999972 -7.314676 
45.95999972 -7.314676 
45.99999972 -7.314676 
46.03999972 -7.314676 
46.07999972 -7.488632 
46.11999972 -7.314676 
46.15999972 -7.488632 
46.19999972 -7.488632 
46.23999972 -7.314676 
46.27999972 -7.488632 
46.31999972 -7.488632 
46.35999972 -7.314676 
46.39999972 -7.314676 
46.43999972 -7.314676 
46.47999972 -7.314676 
46.51999972 -7.314676 
46.55999972 -7.314676 
46.59999972 -7.314676 
46.63999972 -7.314676 
46.67999972 -7.314676 
46.71999972 -7.314676 
46.75999972 -7.314676 
46.79999972 -7.314676 
46.83999972 -7.488632 
46.87999972 -7.488632 
46.91999971 -7.314676 
46.95999971 -7.314676 
46.99999971 -7.488632 
47.03999971 -7.314676 
47.07999971 -7.314676 
47.11999971 -7.314676 
47.15999971 -7.314676 
47.19999971 -7.314676 
47.23999971 -7.314676 
47.27999971 -7.314676 
47.31999971 -7.314676 
47.35999971 -7.314676 
47.39999971 -7.314676 
47.43999971 -7.314676 
47.47999971 -7.314676 
47.51999971 -7.314676 
47.55999971 -7.314676 
47.59999971 -7.314676 
47.63999971 -7.314676 
47.67999971 -7.314676 
47.71999971 -7.314676 
47.75999971 -7.314676 
47.79999971 -7.314676 
47.83999971 -7.314676 
47.87999971 -7.314676 
47.91999971 -7.314676 
47.95999971 -7.314676 
47.99999971 -7.314676 
48.03999971 -7.314676 
48.07999971 -7.314676 
48.11999971 -7.314676 
48.15999971 -7.314676 
48.19999971 -7.314676 
48.23999971 -7.314676 
48.27999971 -7.314676 
48.31999971 -7.314676 
48.35999971 -7.314676 
48.39999971 -7.314676 
48.43999971 -7.314676 
48.47999971 -7.314676 
48.51999971 -7.314676 
48.5599997 -7.314676 
48.5999997 -7.314676 
48.6399997 -7.314676 
48.6799997 -7.314676 
48.7199997 -7.314676 
48.7599997 -7.314676 
48.7999997 -7.314676 
48.8399997 -7.314676 
48.8799997 -7.314676 
48.9199997 -7.314676 
48.9599997 -7.314676 
48.9999997 -7.314676 
49.0399997 -7.314676 
49.0799997 -7.314676 
49.1199997 -7.314676 
49.1599997 -7.314676 
49.1999997 -7.314676 
49.2399997 -7.314676 
49.2799997 -7.314676 
49.3199997 -7.314676 
49.3599997 -7.314676 
49.3999997 -7.314676 
49.4399997 -7.314676 
49.4799997 -7.314676 
49.5199997 -7.314676 
49.5599997 -7.314676 
49.5999997 -7.314676 
49.6399997 -7.314676 
49.6799997 -7.314676 
49.7199997 -7.314676 
49.7599997 -7.314676 
49.7999997 -7.314676 
49.8399997 -7.314676 
49.8799997 -7.314676 
49.9199997 -7.314676 
49.9599997 -7.314676 
49.9999997 -7.314676 
50.0399997 -7.314676 
50.0799997 -7.140721 
50.1199997 -7.314676 
50.1599997 -7.314676 
50.19999969 -7.314676 
50.23999969 -7.314676 
50.27999969 -7.314676 
50.31999969 -7.314676 
50.35999969 -7.314676 
50.39999969 -7.314676 
50.43999969 -7.314676 
50.47999969 -7.314676 
50.51999969 -7.314676 
50.55999969 -7.314676 
50.59999969 -7.314676 
50.63999969 -7.314676 
50.67999969 -7.314676 
50.71999969 -7.140721 
50.75999969 -7.314676 
50.79999969 -7.314676 
50.83999969 -7.314676 
50.87999969 -7.314676 
50.91999969 -7.314676 
50.95999969 -7.314676 
50.99999969 -7.140721 
51.03999969 -7.140721 
51.07999969 -7.314676 
51.11999969 -7.314676 
51.15999969 -7.314676 
51.19999969 -7.314676 
51.23999969 -7.314676 
51.27999969 -7.140721 
51.31999969 -7.140721 
51.35999969 -7.314676 
51.39999969 -7.140721 
51.43999969 -7.140721 
51.47999969 -7.314676 
51.51999969 -7.314676 
51.55999969 -7.314676 
51.59999969 -7.140721 
51.63999969 -7.140721 
51.67999969 -7.140721 
51.71999969 -7.314676 
51.75999969 -7.140721 
51.79999969 -7.140721 
51.83999968 -7.140721 
51.87999968 -7.140721 
51.91999968 -7.140721 
51.95999968 -7.140721 
51.99999968 -7.140721 
52.03999968 -7.140721 
52.07999968 -7.140721 
52.11999968 -7.140721 
52.15999968 -7.140721 
52.19999968 -7.140721 
52.23999968 -7.140721 
52.27999968 -7.140721 
52.31999968 -7.140721 
52.35999968 -7.140721 
52.39999968 -7.140721 
52.43999968 -7.140721 
52.47999968 -7.140721 
52.51999968 -7.140721 
52.55999968 -7.140721 
52.59999968 -7.140721 
52.63999968 -7.140721 
52.67999968 -7.140721 
52.71999968 -6.966765 
52.75999968 -7.140721 
52.79999968 -7.140721 
52.83999968 -6.966765 
52.87999968 -6.966765 
52.91999968 -7.140721 
52.95999968 -7.140721 
52.99999968 -7.140721 
53.03999968 -6.966765 
53.07999968 -7.140721 
53.11999968 -7.140721 
53.15999968 -7.140721 
53.19999968 -7.140721 
53.23999968 -6.966765 
53.27999968 -6.966765 
53.31999968 -6.966765 
53.35999968 -6.966765 
53.39999968 -6.966765 
53.43999968 -6.966765 
53.47999967 -6.966765 
53.51999967 -6.966765 
53.55999967 -6.966765 
53.59999967 -6.966765 
53.63999967 -6.966765 
53.67999967 -6.966765 
53.71999967 -6.966765 
53.75999967 -6.966765 
53.79999967 -6.966765 
53.83999967 -6.966765 
53.87999967 -6.966765 
53.91999967 -6.966765 
53.95999967 -6.966765 
53.99999967 -6.966765 
54.03999967 -6.966765 
54.07999967 -6.966765 
54.11999967 -6.966765 
54.15999967 -6.966765 
54.19999967 -6.966765 
54.23999967 -6.966765 
54.27999967 -6.966765 
54.31999967 -6.966765 
54.35999967 -6.966765 
54.39999967 -6.966765 
54.43999967 -6.966765 
54.47999967 -6.7922 
54.51999967 -6.966765 
54.55999967 -6.966765 
54.59999967 -6.966765 
54.63999967 -6.7922 
54.67999967 -6.966765 
54.71999967 -6.966765 
54.75999967 -6.966765 
54.79999967 -6.966765 
54.83999967 -6.966765 
54.87999967 -6.7922 
54.91999967 -6.966765 
54.95999967 -6.966765 
54.99999967 -6.7922 
55.03999967 -6.7922 
55.07999967 -6.7922 
55.11999967 -6.966765 
55.15999966 -6.7922 
55.19999966 -6.7922 
55.23999966 -6.7922 
55.27999966 -6.7922 
55.31999966 -6.7922 
55.35999966 -6.7922 
55.39999966 -6.7922 
55.43999966 -6.7922 
55.47999966 -6.7922 
55.51999966 -6.7922 
55.55999966 -6.7922 
55.59999966 -6.7922 
55.63999966 -6.618244 
55.67999966 -6.7922 
55.71999966 -6.7922 
55.75999966 -6.7922 
55.79999966 -6.7922 
55.83999966 -6.7922 
55.87999966 -6.966765 
55.91999966 -6.7922 
55.95999966 -6.7922 
55.99999966 -6.7922 
56.03999966 -6.618244 
56.07999966 -6.7922 
56.11999966 -6.7922 
56.15999966 -6.7922 
56.19999966 -6.618244 
56.23999966 -6.7922 
56.27999966 -6.618244 
56.31999966 -6.7922 
56.35999966 -6.618244 
56.39999966 -6.618244 
56.43999966 -6.7922 
56.47999966 -6.618244 
56.51999966 -6.618244 
56.55999966 -6.618244 
56.59999966 -6.618244 
56.63999966 -6.618244 
56.67999966 -6.618244 
56.71999966 -6.618244 
56.75999966 -6.618244 
56.79999965 -6.618244 
56.83999965 -6.618244 
56.87999965 -6.618244 
56.91999965 -6.618244 
56.95999965 -6.618244 
56.99999965 -6.618244 
57.03999965 -6.618244 
57.07999965 -6.618244 
57.11999965 -6.618244 
57.15999965 -6.444288 
57.19999965 -6.618244 
57.23999965 -6.618244 
57.27999965 -6.444288 
57.31999965 -6.618244 
57.35999965 -6.444288 
57.39999965 -6.618244 
57.43999965 -6.444288 
57.47999965 -6.444288 
57.51999965 -6.444288 
57.55999965 -6.444288 
57.59999965 -6.444288 
57.63999965 -6.444288 
57.67999965 -6.444288 
57.71999965 -6.618244 
57.75999965 -6.618244 
57.79999965 -6.444288 
57.83999965 -6.444288 
57.87999965 -6.444288 
57.91999965 -6.444288 
57.95999965 -6.444288 
57.99999965 -6.444288 
58.03999965 -6.444288 
58.07999965 -6.444288 
58.11999965 -6.444288 
58.15999965 -6.444288 
58.19999965 -6.444288 
58.23999965 -6.444288 
58.27999965 -6.444288 
58.31999965 -6.444288 
58.35999965 -6.444288 
58.39999965 -6.444288 
58.43999964 -6.444288 
58.47999964 -6.444288 
58.51999964 -6.444288 
58.55999964 -6.444288 
58.59999964 -6.444288 
58.63999964 -6.444288 
58.67999964 -6.444288 
58.71999964 -6.444288 
58.75999964 -6.444288 
58.79999964 -6.444288 
58.83999964 -6.444288 
58.87999964 -6.444288 
58.91999964 -6.444288 
58.95999964 -6.270333 
58.99999964 -6.444288 
59.03999964 -6.270333 
59.07999964 -6.270333 
59.11999964 -6.270333 
59.15999964 -6.270333 
59.19999964 -6.270333 
59.23999964 -6.270333 
59.27999964 -6.270333 
59.31999964 -6.270333 
59.35999964 -6.270333 
59.39999964 -6.270333 
59.43999964 -6.270333 
59.47999964 -6.270333 
59.51999964 -6.270333 
59.55999964 -6.270333 
59.59999964 -6.270333 
59.63999964 -6.270333 
59.67999964 -6.270333 
59.71999964 -6.270333 
59.75999964 -6.270333 
59.79999964 -6.270333 
59.83999964 -6.270333 
59.87999964 -6.270333 
59.91999964 -6.270333 
59.95999964 -6.270333 
59.99999964 -6.270333 
60.03999964 -6.270333 
60.07999963 -6.270333 
60.11999963 -6.270333 
60.15999963 -6.270333 
60.19999963 -6.270333 
60.23999963 -6.270333 
60.27999963 -6.095767 
60.31999963 -6.270333 
60.35999963 -6.270333 
60.39999963 -6.270333 
60.43999963 -6.270333 
60.47999963 -6.270333 
60.51999963 -6.095767 
60.55999963 -6.095767 
60.59999963 -5.921812 
60.63999963 -6.095767 
60.67999963 -6.095767 
60.71999963 -6.095767 
60.75999963 -5.921812 
60.79999963 -5.921812 
60.83999963 -5.921812 
60.87999963 -6.095767 
60.91999963 -5.921812 
60.95999963 -5.921812 
60.99999963 -6.095767 
61.03999963 -5.921812 
61.07999963 -5.921812 
61.11999963 -5.921812 
61.15999963 -6.095767 
61.19999963 -5.921812 
61.23999963 -5.921812 
61.27999963 -6.095767 
61.31999963 -5.921812 
61.35999963 -5.921812 
61.39999963 -5.921812 
61.43999963 -5.921812 
61.47999963 -5.921812 
61.51999963 -5.921812 
61.55999963 -5.921812 
61.59999963 -5.921812 
61.63999963 -5.921812 
61.67999963 -5.921812 
61.71999962 -5.921812 
61.75999962 -5.921812 
61.79999962 -5.921812 
61.83999962 -5.921812 
61.87999962 -5.921812 
61.91999962 -5.921812 
61.95999962 -5.921812 
61.99999962 -5.921812 
62.03999962 -5.921812 
62.07999962 -5.921812 
62.11999962 -5.921812 
62.15999962 -5.921812 
62.19999962 -5.921812 
62.23999962 -5.921812 
62.27999962 -5.921812 
62.31999962 -5.921812 
62.35999962 -5.921812 
62.39999962 -5.921812 
62.43999962 -5.921812 
62.47999962 -5.921812 
62.51999962 -5.921812 
62.55999962 -5.921812 
62.59999962 -5.921812 
62.63999962 -5.921812 
62.67999962 -5.921812 
62.71999962 -5.921812 
62.75999962 -5.747856 
62.79999962 -5.747856 
62.83999962 -5.921812 
62.87999962 -5.921812 
62.91999962 -5.747856 
62.95999962 -5.747856 
62.99999962 -5.747856 
63.03999962 -5.747856 
63.07999962 -5.747856 
63.11999962 -5.747856 
63.15999962 -5.747856 
63.19999962 -5.747856 
63.23999962 -5.747856 
63.27999962 -5.747856 
63.31999962 -5.747856 
63.35999961 -5.573901 
63.39999961 -5.747856 
63.43999961 -5.747856 
63.47999961 -5.747856 
63.51999961 -5.747856 
63.55999961 -5.747856 
63.59999961 -5.747856 
63.63999961 -5.747856 
63.67999961 -5.747856 
63.71999961 -5.573901 
63.75999961 -5.747856 
63.79999961 -5.573901 
63.83999961 -5.573901 
63.87999961 -5.747856 
63.91999961 -5.573901 
63.95999961 -5.573901 
63.99999961 -5.747856 
64.03999961 -5.573901 
64.07999961 -5.573901 
64.11999961 -5.573901 
64.15999961 -5.573901 
64.19999961 -5.573901 
64.23999961 -5.573901 
64.27999961 -5.573901 
64.31999961 -5.573901 
64.35999961 -5.573901 
64.39999961 -5.573901 
64.43999961 -5.573901 
64.47999961 -5.573901 
64.51999961 -5.573901 
64.55999961 -5.573901 
64.59999961 -5.573901 
64.63999961 -5.573901 
64.67999961 -5.573901 
64.71999961 -5.573901 
64.75999961 -5.573901 
64.79999961 -5.573901 
64.83999961 -5.573901 
64.87999961 -5.573901 
64.91999961 -5.573901 
64.95999961 -5.573901 
64.9999996 -5.399335 
65.0399996 -5.399335 
65.0799996 -5.573901 
65.1199996 -5.573901 
65.1599996 -5.399335 
65.1999996 -5.573901 
65.2399996 -5.399335 
65.2799996 -5.399335 
65.3199996 -5.399335 
65.3599996 -5.399335 
65.3999996 -5.225379 
65.4399996 -5.399335 
65.4799996 -5.399335 
65.5199996 -5.399335 
65.5599996 -5.399335 
65.5999996 -5.399335 
65.6399996 -5.399335 
65.6799996 -5.399335 
65.7199996 -5.399335 
65.7599996 -5.399335 
65.7999996 -5.399335 
65.8399996 -5.399335 
65.8799996 -5.225379 
65.9199996 -5.225379 
65.9599996 -5.399335 
65.9999996 -5.399335 
66.0399996 -5.399335 
66.0799996 -5.399335 
66.1199996 -5.399335 
66.1599996 -5.399335 
66.1999996 -5.399335 
66.2399996 -5.225379 
66.2799996 -5.225379 
66.3199996 -5.399335 
66.3599996 -5.225379 
66.3999996 -5.399335 
66.4399996 -5.225379 
66.4799996 -5.225379 
66.5199996 -5.225379 
66.5599996 -5.399335 
66.5999996 -5.225379 
66.63999959 -5.225379 
66.67999959 -5.225379 
66.71999959 -5.225379 
66.75999959 -5.225379 
66.79999959 -5.225379 
66.83999959 -5.051424 
66.87999959 -5.051424 
66.91999959 -5.051424 
66.95999959 -5.051424 
66.99999959 -5.225379 
67.03999959 -5.051424 
67.07999959 -5.051424 
67.11999959 -5.225379 
67.15999959 -5.051424 
67.19999959 -5.051424 
67.23999959 -5.051424 
67.27999959 -5.051424 
67.31999959 -5.051424 
67.35999959 -5.051424 
67.39999959 -5.051424 
67.43999959 -5.051424 
67.47999959 -5.051424 
67.51999959 -5.051424 
67.55999959 -5.051424 
67.59999959 -5.051424 
67.63999959 -5.051424 
67.67999959 -5.051424 
67.71999959 -5.051424 
67.75999959 -5.051424 
67.79999959 -5.051424 
67.83999959 -5.051424 
67.87999959 -5.051424 
67.91999959 -5.051424 
67.95999959 -5.051424 
67.99999959 -5.051424 
68.03999959 -5.051424 
68.07999959 -5.051424 
68.11999959 -4.877468 
68.15999959 -5.051424 
68.19999959 -5.051424 
68.23999959 -4.877468 
68.27999959 -4.877468 
68.31999958 -5.051424 
68.35999958 -5.051424 
68.39999958 -4.877468 
68.43999958 -4.877468 
68.47999958 -4.877468 
68.51999958 -4.877468 
68.55999958 -4.877468 
68.59999958 -4.877468 
68.63999958 -4.877468 
68.67999958 -4.877468 
68.71999958 -4.877468 
68.75999958 -4.877468 
68.79999958 -4.877468 
68.83999958 -4.877468 
68.87999958 -4.877468 
68.91999958 -4.877468 
68.95999958 -4.877468 
68.99999958 -4.877468 
69.03999958 -4.877468 
69.07999958 -4.877468 
69.11999958 -4.702902 
69.15999958 -4.877468 
69.19999958 -4.877468 
69.23999958 -4.877468 
69.27999958 -4.877468 
69.31999958 -4.702902 
69.35999958 -4.877468 
69.39999958 -4.877468 
69.43999958 -4.877468 
69.47999958 -4.702902 
69.51999958 -4.702902 
69.55999958 -4.877468 
69.59999958 -4.702902 
69.63999958 -4.702902 
69.67999958 -4.877468 
69.71999958 -4.702902 
69.75999958 -4.702902 
69.79999958 -4.877468 
69.83999958 -4.702902 
69.87999958 -4.702902 
69.91999958 -4.702902 
69.95999957 -4.702902 
69.99999957 -4.528947 
70.03999957 -4.702902 
70.07999957 -4.528947 
70.11999957 -4.528947 
70.15999957 -4.528947 
70.19999957 -4.528947 
70.23999957 -4.528947 
70.27999957 -4.528947 
70.31999957 -4.528947 
70.35999957 -4.528947 
70.39999957 -4.528947 
70.43999957 -4.528947 
70.47999957 -4.528947 
70.51999957 -4.528947 
70.55999957 -4.528947 
70.59999957 -4.528947 
70.63999957 -4.528947 
70.67999957 -4.528947 
70.71999957 -4.528947 
70.75999957 -4.528947 
70.79999957 -4.528947 
70.83999957 -4.528947 
70.87999957 -4.528947 
70.91999957 -4.528947 
70.95999957 -4.528947 
70.99999957 -4.528947 
71.03999957 -4.528947 
71.07999957 -4.528947 
71.11999957 -4.528947 
71.15999957 -4.528947 
71.19999957 -4.354991 
71.23999957 -4.354991 
71.27999957 -4.354991 
71.31999957 -4.354991 
71.35999957 -4.354991 
71.39999957 -4.354991 
71.43999957 -4.354991 
71.47999957 -4.354991 
71.51999957 -4.354991 
71.55999957 -4.354991 
71.59999956 -4.354991 
71.63999956 -4.354991 
71.67999956 -4.354991 
71.71999956 -4.354991 
71.75999956 -4.354991 
71.79999956 -4.354991 
71.83999956 -4.354991 
71.87999956 -4.354991 
71.91999956 -4.354991 
71.95999956 -4.354991 
71.99999956 -4.354991 
72.03999956 -4.354991 
72.07999956 -4.354991 
72.11999956 -4.354991 
72.15999956 -4.354991 
72.19999956 -4.181036 
72.23999956 -4.354991 
72.27999956 -4.354991 
72.31999956 -4.354991 
72.35999956 -4.181036 
72.39999956 -4.181036 
72.43999956 -4.181036 
72.47999956 -4.181036 
72.51999956 -4.181036 
72.55999956 -4.181036 
72.59999956 -4.181036 
72.63999956 -4.181036 
72.67999956 -4.181036 
72.71999956 -4.181036 
72.75999956 -4.181036 
72.79999956 -4.181036 
72.83999956 -4.181036 
72.87999956 -4.181036 
72.91999956 -4.181036 
72.95999956 -4.181036 
72.99999956 -4.181036 
73.03999956 -4.181036 
73.07999956 -4.181036 
73.11999956 -4.181036 
73.15999956 -4.181036 
73.19999956 -4.181036 
73.23999955 -4.181036 
73.27999955 -4.181036 
73.31999955 -4.00647 
73.35999955 -4.181036 
73.39999955 -4.181036 
73.43999955 -4.181036 
73.47999955 -4.181036 
73.51999955 -4.181036 
73.55999955 -4.00647 
73.59999955 -4.181036 
73.63999955 -4.181036 
73.67999955 -4.00647 
73.71999955 -4.00647 
73.75999955 -4.181036 
73.79999955 -4.00647 
73.83999955 -4.00647 
73.87999955 -4.00647 
73.91999955 -4.00647 
73.95999955 -4.00647 
73.99999955 -4.00647 
74.03999955 -4.00647 
74.07999955 -4.00647 
74.11999955 -4.00647 
74.15999955 -4.00647 
74.19999955 -4.00647 
74.23999955 -4.00647 
74.27999955 -4.00647 
74.31999955 -4.00647 
74.35999955 -4.00647 
74.39999955 -4.00647 
74.43999955 -4.00647 
74.47999955 -3.832515 
74.51999955 -4.00647 
74.55999955 -4.00647 
74.59999955 -3.832515 
74.63999955 -3.832515 
74.67999955 -4.00647 
74.71999955 -3.832515 
74.75999955 -3.832515 
74.79999955 -4.00647 
74.83999955 -4.00647 
74.87999954 -3.832515 
74.91999954 -3.832515 
74.95999954 -3.832515 
74.99999954 -3.832515 
75.03999954 -3.832515 
75.07999954 -3.832515 
75.11999954 -3.832515 
75.15999954 -3.832515 
75.19999954 -3.832515 
75.23999954 -3.832515 
75.27999954 -3.832515 
75.31999954 -3.832515 
75.35999954 -3.832515 
75.39999954 -3.832515 
75.43999954 -3.658559 
75.47999954 -3.658559 
75.51999954 -3.658559 
75.55999954 -3.658559 
75.59999954 -3.658559 
75.63999954 -3.658559 
75.67999954 -3.658559 
75.71999954 -3.658559 
75.75999954 -3.658559 
75.79999954 -3.658559 
75.83999954 -3.658559 
75.87999954 -3.658559 
75.91999954 -3.658559 
75.95999954 -3.658559 
75.99999954 -3.658559 
76.03999954 -3.658559 
76.07999954 -3.658559 
76.11999954 -3.658559 
76.15999954 -3.658559 
76.19999954 -3.658559 
76.23999954 -3.658559 
76.27999954 -3.658559 
76.31999954 -3.658559 
76.35999954 -3.658559 
76.39999954 -3.658559 
76.43999954 -3.658559 
76.47999954 -3.658559 
76.51999953 -3.484603 
76.55999953 -3.658559 
76.59999953 -3.658559 
76.63999953 -3.484603 
76.67999953 -3.484603 
76.71999953 -3.484603 
76.75999953 -3.484603 
76.79999953 -3.484603 
76.83999953 -3.484603 
76.87999953 -3.484603 
76.91999953 -3.484603 
76.95999953 -3.484603 
76.99999953 -3.484603 
77.03999953 -3.484603 
77.07999953 -3.484603 
77.11999953 -3.484603 
77.15999953 -3.484603 
77.19999953 -3.484603 
77.23999953 -3.484603 
77.27999953 -3.484603 
77.31999953 -3.484603 
77.35999953 -3.484603 
77.39999953 -3.484603 
77.43999953 -3.484603 
77.47999953 -3.310038 
77.51999953 -3.484603 
77.55999953 -3.484603 
77.59999953 -3.484603 
77.63999953 -3.484603 
77.67999953 -3.484603 
77.71999953 -3.484603 
77.75999953 -3.484603 
77.79999953 -3.310038 
77.83999953 -3.310038 
77.87999953 -3.310038 
77.91999953 -3.310038 
77.95999953 -3.310038 
77.99999953 -3.136082 
78.03999953 -3.136082 
78.07999953 -3.310038 
78.11999953 -3.310038 
78.15999952 -3.136082 
78.19999952 -3.136082 
78.23999952 -3.136082 
78.27999952 -3.136082 
78.31999952 -3.136082 
78.35999952 -3.136082 
78.39999952 -3.136082 
78.43999952 -3.136082 
78.47999952 -3.136082 
78.51999952 -3.136082 
78.55999952 -3.136082 
78.59999952 -3.136082 
78.63999952 -3.136082 
78.67999952 -3.136082 
78.71999952 -3.136082 
78.75999952 -3.136082 
78.79999952 -3.136082 
78.83999952 -3.136082 
78.87999952 -3.136082 
78.91999952 -3.136082 
78.95999952 -3.136082 
78.99999952 -3.136082 
79.03999952 -3.136082 
79.07999952 -3.136082 
79.11999952 -3.136082 
79.15999952 -3.136082 
79.19999952 -3.136082 
79.23999952 -3.136082 
79.27999952 -3.136082 
79.31999952 -3.136082 
79.35999952 -2.962126 
79.39999952 -3.136082 
79.43999952 -3.136082 
79.47999952 -2.962126 
79.51999952 -2.962126 
79.55999952 -2.962126 
79.59999952 -2.962126 
79.63999952 -2.962126 
79.67999952 -3.136082 
79.71999952 -2.962126 
79.75999952 -2.962126 
79.79999952 -2.962126 
79.83999951 -2.962126 
79.87999951 -2.962126 
79.91999951 -2.962126 
79.95999951 -2.962126 
79.99999951 -2.962126 
80.03999951 -2.962126 
80.07999951 -2.962126 
80.11999951 -2.962126 
80.15999951 -2.962126 
80.19999951 -2.962126 
80.23999951 -2.962126 
80.27999951 -2.962126 
80.31999951 -2.962126 
80.35999951 -2.962126 
80.39999951 -2.962126 
80.43999951 -2.788171 
80.47999951 -2.788171 
80.51999951 -2.788171 
80.55999951 -2.788171 
80.59999951 -2.962126 
80.63999951 -2.788171 
80.67999951 -2.788171 
80.71999951 -2.788171 
80.75999951 -2.788171 
80.79999951 -2.788171 
80.83999951 -2.788171 
80.87999951 -2.788171 
80.91999951 -2.788171 
80.95999951 -2.788171 
80.99999951 -2.788171 
81.03999951 -2.788171 
81.07999951 -2.788171 
81.11999951 -2.613605 
81.15999951 -2.788171 
81.19999951 -2.788171 
81.23999951 -2.788171 
81.27999951 -2.788171 
81.31999951 -2.788171 
81.35999951 -2.788171 
81.39999951 -2.788171 
81.43999951 -2.788171 
81.4799995 -2.788171 
81.5199995 -2.788171 
81.5599995 -2.613605 
81.5999995 -2.613605 
81.6399995 -2.788171 
81.6799995 -2.613605 
81.7199995 -2.788171 
81.7599995 -2.788171 
81.7999995 -2.613605 
81.8399995 -2.788171 
81.8799995 -2.613605 
81.9199995 -2.613605 
81.9599995 -2.613605 
81.9999995 -2.43965 
82.0399995 -2.613605 
82.0799995 -2.613605 
82.1199995 -2.613605 
82.1599995 -2.613605 
82.1999995 -2.613605 
82.2399995 -2.613605 
82.2799995 -2.613605 
82.3199995 -2.613605 
82.3599995 -2.613605 
82.3999995 -2.613605 
82.4399995 -2.43965 
82.4799995 -2.613605 
82.5199995 -2.613605 
82.5599995 -2.613605 
82.5999995 -2.613605 
82.6399995 -2.43965 
82.6799995 -2.43965 
82.7199995 -2.613605 
82.7599995 -2.43965 
82.7999995 -2.43965 
82.8399995 -2.43965 
82.8799995 -2.43965 
82.9199995 -2.43965 
82.9599995 -2.43965 
82.9999995 -2.43965 
83.0399995 -2.265694 
83.0799995 -2.265694 
83.11999949 -2.265694 
83.15999949 -2.265694 
83.19999949 -2.43965 
83.23999949 -2.43965 
83.27999949 -2.43965 
83.31999949 -2.265694 
83.35999949 -2.265694 
83.39999949 -2.265694 
83.43999949 -2.43965 
83.47999949 -2.43965 
83.51999949 -2.265694 
83.55999949 -2.265694 
83.59999949 -2.265694 
83.63999949 -2.265694 
83.67999949 -2.265694 
83.71999949 -2.265694 
83.75999949 -2.265694 
83.79999949 -2.265694 
83.83999949 -2.265694 
83.87999949 -2.265694 
83.91999949 -2.265694 
83.95999949 -2.265694 
83.99999949 -2.265694 
84.03999949 -2.091739 
84.07999949 -2.265694 
84.11999949 -2.265694 
84.15999949 -2.265694 
84.19999949 -2.265694 
84.23999949 -2.265694 
84.27999949 -2.265694 
84.31999949 -2.091739 
84.35999949 -2.265694 
84.39999949 -2.091739 
84.43999949 -2.091739 
84.47999949 -2.091739 
84.51999949 -2.091739 
84.55999949 -2.091739 
84.59999949 -2.265694 
84.63999949 -2.091739 
84.67999949 -2.091739 
84.71999949 -2.091739 
84.75999948 -2.091739 
84.79999948 -2.091739 
84.83999948 -2.091739 
84.87999948 -2.091739 
84.91999948 -2.091739 
84.95999948 -2.091739 
84.99999948 -2.091739 
85.03999948 -2.091739 
85.07999948 -2.091739 
85.11999948 -2.091739 
85.15999948 -1.917173 
85.19999948 -2.091739 
85.23999948 -2.091739 
85.27999948 -1.917173 
85.31999948 -1.917173 
85.35999948 -2.091739 
85.39999948 -1.917173 
85.43999948 -1.917173 
85.47999948 -2.091739 
85.51999948 -1.917173 
85.55999948 -2.091739 
85.59999948 -1.917173 
85.63999948 -1.917173 
85.67999948 -1.917173 
85.71999948 -1.917173 
85.75999948 -1.743217 
85.79999948 -1.743217 
85.83999948 -1.917173 
85.87999948 -1.743217 
85.91999948 -1.917173 
85.95999948 -1.917173 
85.99999948 -1.743217 
86.03999948 -1.743217 
86.07999948 -1.743217 
86.11999948 -1.917173 
86.15999948 -1.743217 
86.19999948 -1.743217 
86.23999948 -1.743217 
86.27999948 -1.743217 
86.31999948 -1.743217 
86.35999948 -1.743217 
86.39999947 -1.743217 
86.43999947 -1.743217 
86.47999947 -1.743217 
86.51999947 -1.743217 
86.55999947 -1.743217 
86.59999947 -1.743217 
86.63999947 -1.743217 
86.67999947 -1.743217 
86.71999947 -1.743217 
86.75999947 -1.743217 
86.79999947 -1.743217 
86.83999947 -1.743217 
86.87999947 -1.743217 
86.91999947 -1.743217 
86.95999947 -1.743217 
86.99999947 -1.743217 
87.03999947 -1.743217 
87.07999947 -1.743217 
87.11999947 -1.743217 
87.15999947 -1.743217 
87.19999947 -1.743217 
87.23999947 -1.569262 
87.27999947 -1.569262 
87.31999947 -1.743217 
87.35999947 -1.743217 
87.39999947 -1.569262 
87.43999947 -1.569262 
87.47999947 -1.569262 
87.51999947 -1.569262 
87.55999947 -1.569262 
87.59999947 -1.569262 
87.63999947 -1.569262 
87.67999947 -1.569262 
87.71999947 -1.569262 
87.75999947 -1.569262 
87.79999947 -1.569262 
87.83999947 -1.569262 
87.87999947 -1.569262 
87.91999947 -1.569262 
87.95999947 -1.569262 
87.99999947 -1.569262 
88.03999946 -1.395306 
88.07999946 -1.395306 
88.11999946 -1.569262 
88.15999946 -1.569262 
88.19999946 -1.569262 
88.23999946 -1.569262 
88.27999946 -1.395306 
88.31999946 -1.395306 
88.35999946 -1.395306 
88.39999946 -1.395306 
88.43999946 -1.569262 
88.47999946 -1.395306 
88.51999946 -1.395306 
88.55999946 -1.395306 
88.59999946 -1.395306 
88.63999946 -1.395306 
88.67999946 -1.395306 
88.71999946 -1.395306 
88.75999946 -1.395306 
88.79999946 -1.395306 
88.83999946 -1.395306 
88.87999946 -1.395306 
88.91999946 -1.395306 
88.95999946 -1.395306 
88.99999946 -1.395306 
89.03999946 -1.395306 
89.07999946 -1.395306 
89.11999946 -1.395306 
89.15999946 -1.395306 
89.19999946 -1.395306 
89.23999946 -1.395306 
89.27999946 -1.395306 
89.31999946 -1.22074 
89.35999946 -1.395306 
89.39999946 -1.395306 
89.43999946 -1.22074 
89.47999946 -1.22074 
89.51999946 -1.22074 
89.55999946 -1.22074 
89.59999946 -1.22074 
89.63999946 -1.046785 
89.67999945 -1.22074 
89.71999945 -1.22074 
89.75999945 -1.22074 
89.79999945 -1.22074 
89.83999945 -1.22074 
89.87999945 -1.22074 
89.91999945 -1.046785 
89.95999945 -1.046785 
89.99999945 -1.046785 
90.03999945 -1.046785 
90.07999945 -1.22074 
90.11999945 -1.22074 
90.15999945 -1.22074 
90.19999945 -1.046785 
90.23999945 -1.22074 
90.27999945 -1.046785 
90.31999945 -1.22074 
90.35999945 -1.046785 
90.39999945 -1.046785 
90.43999945 -1.22074 
90.47999945 -1.046785 
90.51999945 -1.046785 
90.55999945 -1.22074 
90.59999945 -1.046785 
90.63999945 -1.046785 
90.67999945 -1.046785 
90.71999945 -1.046785 
90.75999945 -1.046785 
90.79999945 -1.046785 
90.83999945 -1.046785 
90.87999945 -1.046785 
90.91999945 -1.046785 
90.95999945 -0.8728294 
90.99999945 -1.046785 
91.03999945 -1.046785 
91.07999945 -0.8728294 
91.11999945 -1.046785 
91.15999945 -0.8728294 
91.19999945 -0.8728294 
91.23999945 -0.8728294 
91.27999945 -1.046785 
91.31999945 -0.8728294 
91.35999944 -0.8728294 
91.39999944 -0.8728294 
91.43999944 -1.046785 
91.47999944 -0.8728294 
91.51999944 -0.8728294 
91.55999944 -0.8728294 
91.59999944 -0.8728294 
91.63999944 -0.8728294 
91.67999944 -1.046785 
91.71999944 -0.8728294 
91.75999944 -0.8728294 
91.79999944 -0.8728294 
91.83999944 -0.8728294 
91.87999944 -0.8728294 
91.91999944 -0.8728294 
91.95999944 -0.8728294 
91.99999944 -0.8728294 
92.03999944 -0.8728294 
92.07999944 -0.8728294 
92.11999944 -0.8728294 
92.15999944 -0.8728294 
92.19999944 -0.8728294 
92.23999944 -0.8728294 
92.27999944 -0.8728294 
92.31999944 -0.8728294 
92.35999944 -0.8728294 
92.39999944 -0.8728294 
92.43999944 -0.8728294 
92.47999944 -0.8728294 
92.51999944 -0.8728294 
92.55999944 -0.8728294 
92.59999944 -0.8728294 
92.63999944 -0.8728294 
92.67999944 -0.8728294 
92.71999944 -0.8728294 
92.75999944 -0.8728294 
92.79999944 -0.8728294 
92.83999944 -0.8728294 
92.87999944 -0.8728294 
92.91999944 -0.8728294 
92.95999944 -0.8728294 
92.99999943 -0.8728294 
93.03999943 -0.8728294 
93.07999943 -0.8728294 
93.11999943 -0.8728294 
93.15999943 -0.8728294 
93.19999943 -0.8728294 
93.23999943 -0.8728294 
93.27999943 -0.8728294 
93.31999943 -0.8728294 
93.35999943 -0.8728294 
93.39999943 -0.8728294 
93.43999943 -0.6988739 
93.47999943 -0.8728294 
93.51999943 -0.6988739 
93.55999943 -0.6988739 
93.59999943 -0.8728294 
93.63999943 -0.6988739 
93.67999943 -0.6988739 
93.71999943 -0.8728294 
93.75999943 -0.6988739 
93.79999943 -0.6988739 
93.83999943 -0.6988739 
93.87999943 -0.6988739 
93.91999943 -0.8728294 
93.95999943 -0.6988739 
93.99999943 -0.6988739 
94.03999943 -0.6988739 
94.07999943 -0.6988739 
94.11999943 -0.6988739 
94.15999943 -0.6988739 
94.19999943 -0.6988739 
94.23999943 -0.6988739 
94.27999943 -0.6988739 
94.31999943 -0.6988739 
94.35999943 -0.6988739 
94.39999943 -0.8728294 
94.43999943 -0.6988739 
94.47999943 -0.6988739 
94.51999943 -0.6988739 
94.55999943 -0.6988739 
94.59999943 -0.6988739 
94.63999942 -0.6988739 
94.67999942 -0.6988739 
94.71999942 -0.6988739 
94.75999942 -0.6988739 
94.79999942 -0.8728294 
94.83999942 -0.6988739 
94.87999942 -0.8728294 
94.91999942 -0.6988739 
94.95999942 -0.6988739 
94.99999942 -0.6988739 
95.03999942 -0.6988739 
95.07999942 -0.6988739 
95.11999942 -0.6988739 
95.15999942 -0.6988739 
95.19999942 -0.6988739 
95.23999942 -0.6988739 
95.27999942 -0.6988739 
95.31999942 -0.6988739 
95.35999942 -0.6988739 
95.39999942 -0.6988739 
95.43999942 -0.6988739 
95.47999942 -0.6988739 
95.51999942 -0.6988739 
95.55999942 -0.6988739 
95.59999942 -0.6988739 
95.63999942 -0.6988739 
95.67999942 -0.6988739 
95.71999942 -0.6988739 
95.75999942 -0.6988739 
95.79999942 -0.6988739 
95.83999942 -0.6988739 
95.87999942 -0.6988739 
95.91999942 -0.6988739 
95.95999942 -0.6988739 
95.99999942 -0.6988739 
96.03999942 -0.6988739 
96.07999942 -0.6988739 
96.11999942 -0.6988739 
96.15999942 -0.6988739 
96.19999942 -0.6988739 
96.23999942 -0.6988739 
96.27999941 -0.6988739 
96.31999941 -0.6988739 
96.35999941 -0.6988739 
96.39999941 -0.6988739 
96.43999941 -0.6988739 
96.47999941 -0.6988739 
96.51999941 -0.6988739 
96.55999941 -0.6988739 
96.59999941 -0.6988739 
96.63999941 -0.6988739 
96.67999941 -0.6988739 
96.71999941 -0.6988739 
96.75999941 -0.6988739 
96.79999941 -0.6988739 
96.83999941 -0.6988739 
96.87999941 -0.6988739 
96.91999941 -0.6988739 
96.95999941 -0.6988739 
96.99999941 -0.6988739 
97.03999941 -0.6988739 
97.07999941 -0.6988739 
97.11999941 -0.6988739 
97.15999941 -0.6988739 
97.19999941 -0.6988739 
97.23999941 -0.6988739 
97.27999941 -0.6988739 
97.31999941 -0.6988739 
97.35999941 -0.6988739 
97.39999941 -0.6988739 
97.43999941 -0.524308 
97.47999941 -0.6988739 
97.51999941 -0.6988739 
97.55999941 -0.6988739 
97.59999941 -0.6988739 
97.63999941 -0.524308 
97.67999941 -0.6988739 
97.71999941 -0.6988739 
97.75999941 -0.524308 
97.79999941 -0.524308 
97.83999941 -0.524308 
97.87999941 -0.6988739 
97.9199994 -0.524308 
97.9599994 -0.6988739 
97.9999994 -0.6988739 
98.0399994 -0.524308 
98.0799994 -0.524308 
98.1199994 -0.524308 
98.1599994 -0.524308 
98.1999994 -0.6988739 
98.2399994 -0.6988739 
98.2799994 -0.524308 
98.3199994 -0.524308 
98.3599994 -0.6988739 
98.3999994 -0.3503525 
98.4399994 -0.3503525 
98.4799994 -0.3503525 
98.5199994 -0.3503525 
98.5599994 -0.524308 
98.5999994 -0.3503525 
98.6399994 -0.3503525 
98.6799994 -0.3503525 
98.7199994 -0.524308 
98.7599994 -0.3503525 
98.7999994 -0.524308 
98.8399994 -0.524308 
98.8799994 -0.3503525 
98.9199994 -0.3503525 
98.9599994 -0.3503525 
98.9999994 -0.3503525 
99.0399994 -0.3503525 
99.0799994 -0.3503525 
99.1199994 -0.524308 
99.1599994 -0.3503525 
99.1999994 -0.3503525 
99.2399994 -0.3503525 
99.2799994 -0.3503525 
99.3199994 -0.3503525 
99.3599994 -0.3503525 
99.3999994 -0.3503525 
99.4399994 -0.3503525 
99.4799994 -0.3503525 
99.5199994 -0.3503525 
99.55999939 -0.3503525 
99.59999939 -0.3503525 
99.63999939 -0.3503525 
99.67999939 -0.3503525 
99.71999939 -0.3503525 
99.75999939 -0.3503525 
99.79999939 -0.3503525 
99.83999939 -0.3503525 
99.87999939 -0.3503525 
99.91999939 -0.3503525 
99.95999939 -0.3503525 
99.99999939 -0.3503525 
100.03999939 -0.3503525 
100.07999939 -0.3503525 
100.11999939 -0.3503525 
100.15999939 -0.3503525 
100.19999939 -0.3503525 
100.23999939 -0.3503525 
100.27999939 -0.3503525 
100.31999939 -0.3503525 
100.35999939 -0.3503525 
100.39999939 -0.3503525 
100.43999939 -0.3503525 
100.47999939 -0.3503525 
100.51999939 -0.3503525 
100.55999939 -0.3503525 
100.59999939 -0.3503525 
100.63999939 -0.3503525 
100.67999939 -0.3503525 
100.71999939 -0.3503525 
100.75999939 -0.3503525 
100.79999939 -0.3503525 
100.83999939 -0.3503525 
100.87999939 -0.3503525 
100.91999939 -0.3503525 
100.95999939 -0.3503525 
100.99999939 -0.3503525 
101.03999939 -0.3503525 
101.07999939 -0.3503525 
101.11999939 -0.3503525 
101.15999939 -0.3503525 
101.19999938 -0.3503525 
101.23999938 -0.3503525 
101.27999938 -0.3503525 
101.31999938 -0.3503525 
101.35999938 -0.3503525 
101.39999938 -0.3503525 
101.43999938 -0.3503525 
101.47999938 -0.3503525 
101.51999938 -0.3503525 
101.55999938 -0.3503525 
101.59999938 -0.3503525 
101.63999938 -0.3503525 
101.67999938 -0.3503525 
101.71999938 -0.3503525 
101.75999938 -0.3503525 
101.79999938 -0.3503525 
101.83999938 -0.3503525 
101.87999938 -0.3503525 
101.91999938 -0.3503525 
101.95999938 -0.3503525 
101.99999938 -0.3503525 
102.03999938 -0.3503525 
102.07999938 -0.3503525 
102.11999938 -0.3503525 
102.15999938 -0.3503525 
102.19999938 -0.3503525 
102.23999938 -0.3503525 
102.27999938 -0.3503525 
102.31999938 -0.3503525 
102.35999938 -0.3503525 
102.39999938 -0.3503525 
102.43999938 -0.3503525 
102.47999938 -0.3503525 
102.51999938 -0.3503525 
102.55999938 -0.3503525 
102.59999938 -0.3503525 
102.63999938 -0.3503525 
102.67999938 -0.3503525 
102.71999938 -0.3503525 
102.75999938 -0.3503525 
102.79999938 -0.3503525 
102.83999937 -0.3503525 
102.87999937 -0.3503525 
102.91999937 -0.3503525 
102.95999937 -0.3503525 
102.99999937 -0.3503525 
103.03999937 -0.3503525 
103.07999937 -0.3503525 
103.11999937 -0.3503525 
103.15999937 -0.3503525 
103.19999937 -0.3503525 
103.23999937 -0.3503525 
103.27999937 -0.3503525 
103.31999937 -0.3503525 
103.35999937 -0.3503525 
103.39999937 -0.3503525 
103.43999937 -0.3503525 
103.47999937 -0.3503525 
103.51999937 -0.3503525 
103.55999937 -0.3503525 
103.59999937 -0.3503525 
103.63999937 -0.3503525 
103.67999937 -0.3503525 
103.71999937 -0.3503525 
103.75999937 -0.3503525 
103.79999937 -0.3503525 
103.83999937 -0.3503525 
103.87999937 -0.3503525 
103.91999937 -0.3503525 
103.95999937 -0.3503525 
103.99999937 -0.3503525 
104.03999937 -0.3503525 
104.07999937 -0.3503525 
104.11999937 -0.3503525 
104.19999937 -0.3503525 
104.23999937 -0.3503525 
104.27999937 -0.3503525 
104.31999937 -0.3503525 
104.39999937 -0.3503525 
104.43999937 -0.3503525 
104.47999937 -0.3503525 
104.51999936 -0.3503525 
104.55999936 -0.3503525 
104.59999936 -0.3503525 
104.63999936 -0.3503525 
104.71999936 -0.3503525 
104.75999936 -0.3503525 
104.79999936 -0.3503525 
104.91999936 -0.3503525 
104.95999936 -0.3503525 
105.03999936 -0.3503525 
105.11999936 -0.3503525 
105.15999936 -0.3503525 
105.19999936 -0.3503525 
105.23999936 -0.3503525 
105.27999936 -0.3503525 
105.31999936 -0.3503525 
105.35999936 -0.3503525 
105.39999936 -0.3503525 
105.51999936 -0.3503525 
105.67999936 -0.3503525 
105.87999936 -0.3503525 
105.91999936 -0.3503525 
107.35999935 -0.3503525 
139.31999915 -0.3503525 
139.63999915 -0.3503525 
139.87999915 -0.3503525 
139.99999915 -0.3503525 
140.03999915 -0.3503525 
140.07999915 -0.3503525 
140.19999915 -0.3503525 
140.23999915 -0.3503525 
140.27999915 -0.3503525 
140.31999915 -0.3503525 
140.35999915 -0.3503525 
140.39999915 -0.3503525 
140.43999915 -0.3503525 
140.47999915 -0.3503525 
140.51999915 -0.3503525 
140.55999915 -0.3503525 
140.59999915 -0.3503525 
140.63999915 -0.3503525 
140.67999915 -0.3503525 
140.71999914 -0.3503525 
140.75999914 -0.3503525 
140.79999914 -0.3503525 
140.83999914 -0.3503525 
140.87999914 -0.3503525 
140.91999914 -0.3503525 
140.95999914 -0.3503525 
140.99999914 -0.3503525 
141.03999914 -0.3503525 
141.07999914 -0.3503525 
141.11999914 -0.3503525 
141.15999914 -0.3503525 
141.19999914 -0.3503525 
141.23999914 -0.3503525 
141.27999914 -0.3503525 
141.31999914 -0.3503525 
141.35999914 -0.3503525 
141.39999914 -0.3503525 
141.43999914 -0.3503525 
141.47999914 -0.3503525 
141.51999914 -0.3503525 
141.55999914 -0.3503525 
141.59999914 -0.3503525 
141.63999914 -0.3503525 
141.67999914 -0.3503525 
141.71999914 -0.3503525 
141.75999914 -0.3503525 
141.79999914 -0.3503525 
141.83999914 -0.3503525 
141.87999914 -0.3503525 
141.91999914 -0.3503525 
141.95999914 -0.3503525 
141.99999914 -0.3503525 
142.03999914 -0.3503525 
142.07999914 -0.3503525 
142.11999914 -0.3503525 
142.15999914 -0.3503525 
142.19999914 -0.524308 
142.23999914 -0.3503525 
142.27999914 -0.3503525 
142.31999914 -0.3503525 
142.35999913 -0.3503525 
142.39999913 -0.3503525 
142.43999913 -0.3503525 
142.47999913 -0.3503525 
142.51999913 -0.3503525 
142.55999913 -0.3503525 
142.59999913 -0.3503525 
142.63999913 -0.3503525 
142.67999913 -0.3503525 
142.71999913 -0.3503525 
142.75999913 -0.524308 
142.79999913 -0.3503525 
142.83999913 -0.3503525 
142.87999913 -0.524308 
142.91999913 -0.3503525 
142.95999913 -0.3503525 
142.99999913 -0.524308 
143.03999913 -0.524308 
143.07999913 -0.524308 
143.11999913 -0.524308 
143.15999913 -0.524308 
143.19999913 -0.6988739 
143.23999913 -0.524308 
143.27999913 -0.6988739 
143.31999913 -0.524308 
143.35999913 -0.524308 
143.39999913 -0.3503525 
143.43999913 -0.524308 
143.47999913 -0.524308 
143.51999913 -0.524308 
143.55999913 -0.6988739 
143.59999913 -0.524308 
143.63999913 -0.3503525 
143.67999913 -0.6988739 
143.71999913 -0.6988739 
143.75999913 -0.6988739 
143.79999913 -0.6988739 
143.83999913 -0.6988739 
143.87999913 -0.524308 
143.91999913 -0.524308 
143.95999913 -0.524308 
143.99999912 -0.6988739 
144.03999912 -0.6988739 
144.07999912 -0.524308 
144.11999912 -0.6988739 
144.15999912 -0.6988739 
144.19999912 -0.6988739 
144.23999912 -0.6988739 
144.27999912 -0.6988739 
144.31999912 -0.524308 
144.35999912 -0.6988739 
144.39999912 -0.6988739 
144.43999912 -0.6988739 
144.47999912 -0.6988739 
144.51999912 -0.6988739 
144.55999912 -0.6988739 
144.59999912 -0.6988739 
144.63999912 -0.6988739 
144.67999912 -0.6988739 
144.71999912 -0.6988739 
144.75999912 -0.6988739 
144.79999912 -0.6988739 
144.83999912 -0.6988739 
144.87999912 -0.6988739 
144.91999912 -0.6988739 
144.95999912 -0.6988739 
144.99999912 -0.6988739 
145.03999912 -0.6988739 
145.07999912 -0.6988739 
145.11999912 -0.6988739 
145.15999912 -0.6988739 
145.19999912 -0.6988739 
145.23999912 -0.6988739 
145.27999912 -0.6988739 
145.31999912 -0.6988739 
145.35999912 -0.6988739 
145.39999912 -0.6988739 
145.43999912 -0.6988739 
145.47999912 -0.6988739 
145.51999912 -0.6988739 
145.55999912 -0.6988739 
145.59999912 -0.8728294 
145.63999911 -0.6988739 
145.67999911 -0.8728294 
145.71999911 -0.6988739 
145.75999911 -0.6988739 
145.79999911 -0.8728294 
145.83999911 -0.8728294 
145.87999911 -0.6988739 
145.91999911 -0.8728294 
145.95999911 -0.8728294 
145.99999911 -0.8728294 
146.03999911 -0.6988739 
146.07999911 -0.6988739 
146.11999911 -0.8728294 
146.15999911 -0.8728294 
146.19999911 -0.8728294 
146.23999911 -0.8728294 
146.27999911 -0.8728294 
146.31999911 -0.8728294 
146.35999911 -0.8728294 
146.39999911 -0.8728294 
146.43999911 -0.8728294 
146.47999911 -0.8728294 
146.51999911 -0.8728294 
146.55999911 -0.8728294 
146.59999911 -0.8728294 
146.63999911 -0.8728294 
146.67999911 -0.8728294 
146.71999911 -0.8728294 
146.75999911 -0.8728294 
146.79999911 -0.8728294 
146.83999911 -0.8728294 
146.87999911 -0.8728294 
146.91999911 -0.8728294 
146.95999911 -0.8728294 
146.99999911 -0.8728294 
147.03999911 -0.8728294 
147.07999911 -0.8728294 
147.11999911 -0.8728294 
147.15999911 -0.8728294 
147.19999911 -0.8728294 
147.23999911 -0.8728294 
147.2799991 -0.8728294 
147.3199991 -0.8728294 
147.3599991 -0.8728294 
147.3999991 -0.8728294 
147.4399991 -1.046785 
147.4799991 -0.8728294 
147.5199991 -0.8728294 
147.5599991 -0.8728294 
147.5999991 -1.046785 
147.6399991 -0.8728294 
147.6799991 -1.046785 
147.7199991 -0.8728294 
147.7599991 -1.046785 
147.7999991 -0.8728294 
147.8399991 -1.046785 
147.8799991 -1.046785 
147.9199991 -1.046785 
147.9599991 -1.046785 
147.9999991 -1.046785 
148.0399991 -1.046785 
148.0799991 -1.046785 
148.1199991 -1.046785 
148.1599991 -1.046785 
148.1999991 -1.046785 
148.2399991 -1.046785 
148.2799991 -1.046785 
148.3199991 -1.046785 
148.3599991 -1.046785 
148.3999991 -1.046785 
148.4399991 -1.046785 
148.4799991 -1.046785 
148.5199991 -1.046785 
148.5599991 -1.046785 
148.5999991 -1.046785 
148.6399991 -1.046785 
148.6799991 -1.046785 
148.7199991 -1.046785 
148.7599991 -1.046785 
148.7999991 -1.046785 
148.8399991 -1.046785 
148.8799991 -1.046785 
148.91999909 -1.046785 
148.95999909 -1.046785 
148.99999909 -1.046785 
149.03999909 -1.046785 
149.07999909 -1.046785 
149.11999909 -1.22074 
149.15999909 -1.22074 
149.19999909 -1.22074 
149.23999909 -1.22074 
149.27999909 -1.046785 
149.31999909 -1.22074 
149.35999909 -1.22074 
149.39999909 -1.22074 
149.43999909 -1.046785 
149.47999909 -1.22074 
149.51999909 -1.22074 
149.55999909 -1.22074 
149.59999909 -1.046785 
149.63999909 -1.22074 
149.67999909 -1.22074 
149.71999909 -1.22074 
149.75999909 -1.22074 
149.79999909 -1.046785 
149.83999909 -1.22074 
149.87999909 -1.22074 
149.91999909 -1.22074 
149.95999909 -1.395306 
149.99999909 -1.046785 
150.03999909 -1.395306 
150.07999909 -1.22074 
150.11999909 -1.22074 
150.15999909 -1.22074 
150.19999909 -1.22074 
150.23999909 -1.395306 
150.27999909 -1.22074 
150.31999909 -1.395306 
150.35999909 -1.22074 
150.39999909 -1.395306 
150.43999909 -1.395306 
150.47999909 -1.22074 
150.51999909 -1.395306 
150.55999908 -1.395306 
150.59999908 -1.395306 
150.63999908 -1.395306 
150.67999908 -1.395306 
150.71999908 -1.395306 
150.75999908 -1.395306 
150.79999908 -1.395306 
150.83999908 -1.395306 
150.87999908 -1.395306 
150.91999908 -1.395306 
150.95999908 -1.395306 
150.99999908 -1.395306 
151.03999908 -1.395306 
151.07999908 -1.395306 
151.11999908 -1.395306 
151.15999908 -1.395306 
151.19999908 -1.395306 
151.23999908 -1.395306 
151.27999908 -1.395306 
151.31999908 -1.395306 
151.35999908 -1.395306 
151.39999908 -1.395306 
151.43999908 -1.395306 
151.47999908 -1.395306 
151.51999908 -1.395306 
151.55999908 -1.395306 
151.59999908 -1.395306 
151.63999908 -1.395306 
151.67999908 -1.395306 
151.71999908 -1.395306 
151.75999908 -1.395306 
151.79999908 -1.395306 
151.83999908 -1.395306 
151.87999908 -1.395306 
151.91999908 -1.395306 
151.95999908 -1.395306 
151.99999908 -1.569262 
152.03999908 -1.395306 
152.07999908 -1.395306 
152.11999908 -1.395306 
152.15999908 -1.395306 
152.19999908 -1.395306 
152.23999907 -1.569262 
152.27999907 -1.569262 
152.31999907 -1.569262 
152.35999907 -1.569262 
152.39999907 -1.569262 
152.43999907 -1.569262 
152.47999907 -1.395306 
152.51999907 -1.569262 
152.55999907 -1.569262 
152.59999907 -1.569262 
152.63999907 -1.569262 
152.67999907 -1.569262 
152.71999907 -1.569262 
152.75999907 -1.569262 
152.79999907 -1.569262 
152.83999907 -1.569262 
152.87999907 -1.569262 
152.91999907 -1.569262 
152.95999907 -1.569262 
152.99999907 -1.569262 
153.03999907 -1.569262 
153.07999907 -1.569262 
153.11999907 -1.743217 
153.15999907 -1.569262 
153.19999907 -1.569262 
153.23999907 -1.569262 
153.27999907 -1.569262 
153.31999907 -1.743217 
153.35999907 -1.569262 
153.39999907 -1.569262 
153.43999907 -1.569262 
153.47999907 -1.569262 
153.51999907 -1.569262 
153.55999907 -1.743217 
153.59999907 -1.569262 
153.63999907 -1.743217 
153.67999907 -1.743217 
153.71999907 -1.569262 
153.75999907 -1.569262 
153.79999907 -1.743217 
153.83999907 -1.569262 
153.87999906 -1.743217 
153.91999906 -1.743217 
153.95999906 -1.743217 
153.99999906 -1.743217 
154.03999906 -1.743217 
154.07999906 -1.743217 
154.11999906 -1.743217 
154.15999906 -1.743217 
154.19999906 -1.743217 
154.23999906 -1.743217 
154.27999906 -1.743217 
154.31999906 -1.743217 
154.35999906 -1.743217 
154.39999906 -1.743217 
154.43999906 -1.743217 
154.47999906 -1.743217 
154.51999906 -1.743217 
154.55999906 -1.743217 
154.59999906 -1.743217 
154.63999906 -1.743217 
154.67999906 -1.743217 
154.71999906 -1.743217 
154.75999906 -1.743217 
154.79999906 -1.743217 
154.83999906 -1.743217 
154.87999906 -1.743217 
154.91999906 -1.743217 
154.95999906 -1.743217 
154.99999906 -1.743217 
155.03999906 -1.743217 
155.07999906 -1.743217 
155.11999906 -1.743217 
155.15999906 -1.743217 
155.19999906 -1.743217 
155.23999906 -1.743217 
155.27999906 -1.743217 
155.31999906 -1.743217 
155.35999906 -1.743217 
155.39999906 -1.743217 
155.43999906 -1.743217 
155.47999906 -1.743217 
155.51999905 -1.743217 
155.55999905 -1.743217 
155.59999905 -1.917173 
155.63999905 -1.743217 
155.67999905 -1.743217 
155.71999905 -1.917173 
155.75999905 -1.743217 
155.79999905 -1.917173 
155.83999905 -1.743217 
155.87999905 -1.743217 
155.91999905 -1.917173 
155.95999905 -1.917173 
155.99999905 -1.743217 
156.03999905 -1.917173 
156.07999905 -1.917173 
156.11999905 -1.917173 
156.15999905 -1.917173 
156.19999905 -1.917173 
156.23999905 -2.091739 
156.27999905 -2.091739 
156.31999905 -2.091739 
156.35999905 -1.917173 
156.39999905 -1.917173 
156.43999905 -1.917173 
156.47999905 -2.091739 
156.51999905 -2.091739 
156.55999905 -1.917173 
156.59999905 -1.917173 
156.63999905 -2.091739 
156.67999905 -2.091739 
156.71999905 -2.091739 
156.75999905 -2.091739 
156.79999905 -2.091739 
156.83999905 -2.091739 
156.87999905 -1.917173 
156.91999905 -2.091739 
156.95999905 -2.091739 
156.99999905 -2.091739 
157.03999905 -2.091739 
157.07999905 -2.091739 
157.11999905 -2.091739 
157.15999904 -2.091739 
157.19999904 -2.091739 
157.23999904 -2.091739 
157.27999904 -2.091739 
157.31999904 -2.091739 
157.35999904 -2.091739 
157.39999904 -2.091739 
157.43999904 -2.091739 
157.47999904 -2.091739 
157.51999904 -2.091739 
157.55999904 -2.091739 
157.59999904 -2.091739 
157.63999904 -2.091739 
157.67999904 -2.091739 
157.71999904 -2.091739 
157.75999904 -2.091739 
157.79999904 -2.091739 
157.83999904 -2.091739 
157.87999904 -2.091739 
157.91999904 -2.265694 
157.95999904 -2.091739 
157.99999904 -2.091739 
158.03999904 -2.091739 
158.07999904 -2.091739 
158.11999904 -2.091739 
158.15999904 -2.091739 
158.19999904 -2.265694 
158.23999904 -2.091739 
158.27999904 -2.265694 
158.31999904 -2.265694 
158.35999904 -2.265694 
158.39999904 -2.091739 
158.43999904 -2.091739 
158.47999904 -2.265694 
158.51999904 -2.265694 
158.55999904 -2.265694 
158.59999904 -2.265694 
158.63999904 -2.265694 
158.67999904 -2.265694 
158.71999904 -2.265694 
158.75999904 -2.265694 
158.79999903 -2.265694 
158.83999903 -2.265694 
158.87999903 -2.265694 
158.91999903 -2.265694 
158.95999903 -2.265694 
158.99999903 -2.265694 
159.03999903 -2.265694 
159.07999903 -2.265694 
159.11999903 -2.265694 
159.15999903 -2.265694 
159.19999903 -2.265694 
159.23999903 -2.265694 
159.27999903 -2.265694 
159.31999903 -2.265694 
159.35999903 -2.265694 
159.39999903 -2.265694 
159.43999903 -2.265694 
159.47999903 -2.265694 
159.51999903 -2.265694 
159.55999903 -2.43965 
159.59999903 -2.265694 
159.63999903 -2.265694 
159.67999903 -2.265694 
159.71999903 -2.265694 
159.75999903 -2.43965 
159.79999903 -2.43965 
159.83999903 -2.43965 
159.87999903 -2.43965 
159.91999903 -2.43965 
159.95999903 -2.43965 
159.99999903 -2.43965 
160.03999903 -2.43965 
160.07999903 -2.43965 
160.11999903 -2.265694 
160.15999903 -2.43965 
160.19999903 -2.43965 
160.23999903 -2.43965 
160.27999903 -2.43965 
160.31999903 -2.43965 
160.35999903 -2.43965 
160.39999903 -2.43965 
160.43999902 -2.43965 
160.47999902 -2.43965 
160.51999902 -2.43965 
160.55999902 -2.43965 
160.59999902 -2.43965 
160.63999902 -2.43965 
160.67999902 -2.43965 
160.71999902 -2.43965 
160.75999902 -2.43965 
160.79999902 -2.613605 
160.83999902 -2.613605 
160.87999902 -2.613605 
160.91999902 -2.43965 
160.95999902 -2.613605 
160.99999902 -2.613605 
161.03999902 -2.43965 
161.07999902 -2.613605 
161.11999902 -2.613605 
161.15999902 -2.43965 
161.19999902 -2.613605 
161.23999902 -2.613605 
161.27999902 -2.613605 
161.31999902 -2.43965 
161.35999902 -2.613605 
161.39999902 -2.613605 
161.43999902 -2.43965 
161.47999902 -2.613605 
161.51999902 -2.613605 
161.55999902 -2.613605 
161.59999902 -2.43965 
161.63999902 -2.613605 
161.67999902 -2.43965 
161.71999902 -2.613605 
161.75999902 -2.613605 
161.79999902 -2.613605 
161.83999902 -2.613605 
161.87999902 -2.613605 
161.91999902 -2.613605 
161.95999902 -2.613605 
161.99999902 -2.613605 
162.03999902 -2.613605 
162.07999901 -2.788171 
162.11999901 -2.613605 
162.15999901 -2.788171 
162.19999901 -2.788171 
162.23999901 -2.613605 
162.27999901 -2.613605 
162.31999901 -2.613605 
162.35999901 -2.788171 
162.39999901 -2.788171 
162.43999901 -2.788171 
162.47999901 -2.613605 
162.51999901 -2.788171 
162.55999901 -2.788171 
162.59999901 -2.613605 
162.63999901 -2.613605 
162.67999901 -2.788171 
162.71999901 -2.788171 
162.75999901 -2.788171 
162.79999901 -2.788171 
162.83999901 -2.788171 
162.87999901 -2.788171 
162.91999901 -2.788171 
162.95999901 -2.788171 
162.99999901 -2.788171 
163.03999901 -2.788171 
163.07999901 -2.788171 
163.11999901 -2.788171 
163.15999901 -2.788171 
163.19999901 -2.788171 
163.23999901 -2.788171 
163.27999901 -2.788171 
163.31999901 -2.788171 
163.35999901 -2.788171 
163.39999901 -2.788171 
163.43999901 -2.788171 
163.47999901 -2.788171 
163.51999901 -2.788171 
163.55999901 -2.788171 
163.59999901 -2.788171 
163.63999901 -2.788171 
163.67999901 -2.788171 
163.719999 -2.788171 
163.759999 -2.788171 
163.799999 -2.788171 
163.839999 -2.788171 
163.879999 -2.788171 
163.919999 -2.962126 
163.959999 -2.788171 
163.999999 -2.788171 
164.039999 -2.962126 
164.079999 -2.962126 
164.119999 -2.788171 
164.159999 -2.962126 
164.199999 -2.788171 
164.239999 -2.962126 
164.279999 -2.788171 
164.319999 -2.788171 
164.359999 -2.962126 
164.399999 -2.962126 
164.439999 -2.962126 
164.479999 -2.962126 
164.519999 -2.962126 
164.559999 -2.962126 
164.599999 -2.962126 
164.639999 -2.962126 
164.679999 -2.788171 
164.719999 -2.962126 
164.759999 -2.962126 
164.799999 -2.962126 
164.839999 -2.962126 
164.879999 -2.962126 
164.919999 -2.962126 
164.959999 -2.962126 
164.999999 -2.962126 
165.039999 -2.962126 
165.079999 -2.962126 
165.119999 -2.962126 
165.159999 -2.962126 
165.199999 -2.962126 
165.239999 -2.962126 
165.279999 -2.962126 
165.319999 -2.962126 
165.359999 -3.136082 
165.39999899 -2.962126 
165.43999899 -3.136082 
165.47999899 -2.962126 
165.51999899 -3.136082 
165.55999899 -2.962126 
165.59999899 -2.962126 
165.63999899 -3.136082 
165.67999899 -3.136082 
165.71999899 -2.962126 
165.75999899 -3.136082 
165.79999899 -3.136082 
165.83999899 -3.136082 
165.87999899 -3.136082 
165.91999899 -3.136082 
165.95999899 -3.136082 
165.99999899 -2.962126 
166.03999899 -3.136082 
166.07999899 -3.136082 
166.11999899 -3.136082 
166.15999899 -2.962126 
166.19999899 -3.136082 
166.23999899 -3.136082 
166.27999899 -3.136082 
166.31999899 -3.136082 
166.35999899 -3.136082 
166.39999899 -3.136082 
166.43999899 -3.136082 
166.47999899 -3.136082 
166.51999899 -3.136082 
166.55999899 -3.136082 
166.59999899 -3.136082 
166.63999899 -3.136082 
166.67999899 -3.136082 
166.71999899 -3.136082 
166.75999899 -3.136082 
166.79999899 -3.136082 
166.83999899 -3.136082 
166.87999899 -3.136082 
166.91999899 -3.136082 
166.95999899 -3.136082 
166.99999899 -3.136082 
167.03999898 -3.136082 
167.07999898 -3.136082 
167.11999898 -3.136082 
167.15999898 -3.136082 
167.19999898 -3.136082 
167.23999898 -3.136082 
167.27999898 -3.136082 
167.31999898 -3.136082 
167.35999898 -3.136082 
167.39999898 -3.136082 
167.43999898 -3.136082 
167.47999898 -3.136082 
167.51999898 -3.136082 
167.55999898 -3.310038 
167.59999898 -3.136082 
167.63999898 -3.136082 
167.67999898 -3.310038 
167.71999898 -3.136082 
167.75999898 -3.310038 
167.79999898 -3.310038 
167.83999898 -3.310038 
167.87999898 -3.310038 
167.91999898 -3.136082 
167.95999898 -3.310038 
167.99999898 -3.310038 
168.03999898 -3.310038 
168.07999898 -3.484603 
168.11999898 -3.310038 
168.15999898 -3.310038 
168.19999898 -3.310038 
168.23999898 -3.310038 
168.27999898 -3.484603 
168.31999898 -3.310038 
168.35999898 -3.484603 
168.39999898 -3.310038 
168.43999898 -3.484603 
168.47999898 -3.484603 
168.51999898 -3.484603 
168.55999898 -3.484603 
168.59999898 -3.484603 
168.63999898 -3.310038 
168.67999897 -3.484603 
168.71999897 -3.484603 
168.75999897 -3.484603 
168.79999897 -3.484603 
168.83999897 -3.484603 
168.87999897 -3.484603 
168.91999897 -3.484603 
168.95999897 -3.484603 
168.99999897 -3.484603 
169.03999897 -3.484603 
169.07999897 -3.484603 
169.11999897 -3.484603 
169.15999897 -3.484603 
169.19999897 -3.484603 
169.23999897 -3.484603 
169.27999897 -3.484603 
169.31999897 -3.484603 
169.35999897 -3.484603 
169.39999897 -3.484603 
169.43999897 -3.484603 
169.47999897 -3.484603 
169.51999897 -3.484603 
169.55999897 -3.484603 
169.59999897 -3.484603 
169.63999897 -3.484603 
169.67999897 -3.484603 
169.71999897 -3.484603 
169.75999897 -3.484603 
169.79999897 -3.484603 
169.83999897 -3.484603 
169.87999897 -3.484603 
169.91999897 -3.484603 
169.95999897 -3.484603 
169.99999897 -3.484603 
170.03999897 -3.658559 
170.07999897 -3.484603 
170.11999897 -3.484603 
170.15999897 -3.484603 
170.19999897 -3.658559 
170.23999897 -3.484603 
170.27999897 -3.484603 
170.31999896 -3.658559 
170.35999896 -3.658559 
170.39999896 -3.484603 
170.43999896 -3.484603 
170.47999896 -3.484603 
170.51999896 -3.658559 
170.55999896 -3.484603 
170.59999896 -3.484603 
170.63999896 -3.658559 
170.67999896 -3.658559 
170.71999896 -3.658559 
170.75999896 -3.658559 
170.79999896 -3.658559 
170.83999896 -3.658559 
170.87999896 -3.658559 
170.91999896 -3.658559 
170.95999896 -3.658559 
170.99999896 -3.658559 
171.03999896 -3.658559 
171.07999896 -3.658559 
171.11999896 -3.658559 
171.15999896 -3.658559 
171.19999896 -3.658559 
171.23999896 -3.658559 
171.27999896 -3.658559 
171.31999896 -3.658559 
171.35999896 -3.658559 
171.39999896 -3.658559 
171.43999896 -3.658559 
171.47999896 -3.658559 
171.51999896 -3.658559 
171.55999896 -3.658559 
171.59999896 -3.658559 
171.63999896 -3.658559 
171.67999896 -3.658559 
171.71999896 -3.658559 
171.75999896 -3.658559 
171.79999896 -3.832515 
171.83999896 -3.658559 
171.87999896 -3.658559 
171.91999896 -3.658559 
171.95999895 -3.658559 
171.99999895 -3.658559 
172.03999895 -3.658559 
172.07999895 -3.832515 
172.11999895 -3.832515 
172.15999895 -3.658559 
172.19999895 -3.658559 
172.23999895 -3.658559 
172.27999895 -3.832515 
172.31999895 -3.832515 
172.35999895 -3.658559 
172.39999895 -3.658559 
172.43999895 -3.832515 
172.47999895 -3.832515 
172.51999895 -3.832515 
172.55999895 -3.832515 
172.59999895 -3.832515 
172.63999895 -3.658559 
172.67999895 -3.832515 
172.71999895 -3.658559 
172.75999895 -3.832515 
172.79999895 -3.832515 
172.83999895 -3.832515 
172.87999895 -3.832515 
172.91999895 -3.832515 
172.95999895 -3.832515 
172.99999895 -3.832515 
173.03999895 -3.832515 
173.07999895 -3.832515 
173.11999895 -3.832515 
173.15999895 -3.832515 
173.19999895 -4.00647 
173.23999895 -4.00647 
173.27999895 -4.00647 
173.31999895 -3.832515 
173.35999895 -4.00647 
173.39999895 -3.832515 
173.43999895 -4.00647 
173.47999895 -3.832515 
173.51999895 -3.832515 
173.55999895 -3.832515 
173.59999894 -4.00647 
173.63999894 -4.00647 
173.67999894 -3.832515 
173.71999894 -4.00647 
173.75999894 -3.832515 
173.79999894 -3.832515 
173.83999894 -4.00647 
173.87999894 -4.00647 
173.91999894 -4.00647 
173.95999894 -4.00647 
173.99999894 -4.00647 
174.03999894 -4.00647 
174.07999894 -4.00647 
174.11999894 -4.00647 
174.15999894 -4.00647 
174.19999894 -4.00647 
174.23999894 -4.00647 
174.27999894 -4.00647 
174.31999894 -3.832515 
174.35999894 -3.832515 
174.39999894 -4.00647 
174.43999894 -4.00647 
174.47999894 -4.00647 
174.51999894 -4.00647 
174.55999894 -4.00647 
174.59999894 -4.00647 
174.63999894 -4.00647 
174.67999894 -4.00647 
174.71999894 -4.00647 
174.75999894 -4.00647 
174.79999894 -4.00647 
174.83999894 -4.00647 
174.87999894 -4.00647 
174.91999894 -4.00647 
174.95999894 -4.00647 
174.99999894 -4.181036 
175.03999894 -4.00647 
175.07999894 -4.181036 
175.11999894 -4.181036 
175.15999894 -4.181036 
175.19999894 -4.00647 
175.23999893 -4.181036 
175.27999893 -4.181036 
175.31999893 -4.181036 
175.35999893 -4.181036 
175.39999893 -4.181036 
175.43999893 -4.181036 
175.47999893 -4.181036 
175.51999893 -4.181036 
175.55999893 -4.181036 
175.59999893 -4.181036 
175.63999893 -4.181036 
175.67999893 -4.181036 
175.71999893 -4.181036 
175.75999893 -4.181036 
175.79999893 -4.181036 
175.83999893 -4.181036 
175.87999893 -4.181036 
175.91999893 -4.181036 
175.95999893 -4.181036 
175.99999893 -4.181036 
176.03999893 -4.181036 
176.07999893 -4.181036 
176.11999893 -4.181036 
176.15999893 -4.181036 
176.19999893 -4.181036 
176.23999893 -4.181036 
176.27999893 -4.181036 
176.31999893 -4.181036 
176.35999893 -4.181036 
176.39999893 -4.181036 
176.43999893 -4.181036 
176.47999893 -4.181036 
176.51999893 -4.181036 
176.55999893 -4.181036 
176.59999893 -4.181036 
176.63999893 -4.181036 
176.67999893 -4.181036 
176.71999893 -4.181036 
176.75999893 -4.181036 
176.79999893 -4.181036 
176.83999893 -4.181036 
176.87999893 -4.181036 
176.91999892 -4.181036 
176.95999892 -4.181036 
176.99999892 -4.181036 
177.03999892 -4.354991 
177.07999892 -4.181036 
177.11999892 -4.354991 
177.15999892 -4.354991 
177.19999892 -4.354991 
177.23999892 -4.354991 
177.27999892 -4.354991 
177.31999892 -4.354991 
177.35999892 -4.354991 
177.39999892 -4.354991 
177.43999892 -4.354991 
177.47999892 -4.354991 
177.51999892 -4.354991 
177.55999892 -4.354991 
177.59999892 -4.354991 
177.63999892 -4.354991 
177.67999892 -4.354991 
177.71999892 -4.354991 
177.75999892 -4.354991 
177.79999892 -4.354991 
177.83999892 -4.354991 
177.87999892 -4.354991 
177.91999892 -4.354991 
177.95999892 -4.354991 
177.99999892 -4.354991 
178.03999892 -4.354991 
178.07999892 -4.354991 
178.11999892 -4.354991 
178.15999892 -4.354991 
178.19999892 -4.354991 
178.23999892 -4.354991 
178.27999892 -4.354991 
178.31999892 -4.354991 
178.35999892 -4.354991 
178.39999892 -4.528947 
178.43999892 -4.354991 
178.47999892 -4.354991 
178.51999892 -4.354991 
178.55999891 -4.354991 
178.59999891 -4.354991 
178.63999891 -4.354991 
178.67999891 -4.354991 
178.71999891 -4.528947 
178.75999891 -4.528947 
178.79999891 -4.354991 
178.83999891 -4.528947 
178.87999891 -4.528947 
178.91999891 -4.528947 
178.95999891 -4.528947 
178.99999891 -4.528947 
179.03999891 -4.528947 
179.07999891 -4.528947 
179.11999891 -4.528947 
179.15999891 -4.528947 
179.19999891 -4.528947 
179.23999891 -4.528947 
179.27999891 -4.528947 
179.31999891 -4.528947 
179.35999891 -4.528947 
179.39999891 -4.528947 
179.43999891 -4.528947 
179.47999891 -4.528947 
179.51999891 -4.528947 
179.55999891 -4.528947 
179.59999891 -4.528947 
179.63999891 -4.528947 
179.67999891 -4.528947 
179.71999891 -4.528947 
179.75999891 -4.528947 
179.79999891 -4.528947 
179.83999891 -4.528947 
179.87999891 -4.528947 
179.91999891 -4.528947 
179.95999891 -4.528947 
179.99999891 -4.528947 
180.03999891 -4.528947 
180.07999891 -4.528947 
180.11999891 -4.528947 
180.15999891 -4.528947 
180.1999989 -4.528947 
180.2399989 -4.528947 
180.2799989 -4.528947 
180.3199989 -4.528947 
180.3599989 -4.528947 
180.3999989 -4.528947 
180.4399989 -4.528947 
180.4799989 -4.528947 
180.5199989 -4.528947 
180.5599989 -4.702902 
180.5999989 -4.702902 
180.6399989 -4.528947 
180.6799989 -4.528947 
180.7199989 -4.528947 
180.7599989 -4.528947 
180.7999989 -4.528947 
180.8399989 -4.528947 
180.8799989 -4.702902 
180.9199989 -4.528947 
180.9599989 -4.702902 
180.9999989 -4.702902 
181.0399989 -4.702902 
181.0799989 -4.528947 
181.1199989 -4.528947 
181.1599989 -4.528947 
181.1999989 -4.702902 
181.2399989 -4.528947 
181.2799989 -4.702902 
181.3199989 -4.877468 
181.3599989 -4.877468 
181.3999989 -4.702902 
181.4399989 -4.877468 
181.4799989 -4.877468 
181.5199989 -4.877468 
181.5599989 -4.702902 
181.5999989 -4.702902 
181.6399989 -4.702902 
181.6799989 -4.702902 
181.7199989 -4.877468 
181.7599989 -4.877468 
181.7999989 -4.702902 
181.83999889 -4.702902 
181.87999889 -4.877468 
181.91999889 -4.877468 
181.95999889 -4.877468 
181.99999889 -4.877468 
182.03999889 -4.877468 
182.07999889 -4.877468 
182.11999889 -4.877468 
182.15999889 -4.877468 
182.19999889 -4.877468 
182.23999889 -4.877468 
182.27999889 -4.877468 
182.31999889 -4.877468 
182.35999889 -4.877468 
182.39999889 -4.877468 
182.43999889 -4.877468 
182.47999889 -4.877468 
182.51999889 -4.877468 
182.55999889 -4.702902 
182.59999889 -4.877468 
182.63999889 -4.877468 
182.67999889 -4.877468 
182.71999889 -4.877468 
182.75999889 -4.877468 
182.79999889 -4.877468 
182.83999889 -4.877468 
182.87999889 -4.877468 
182.91999889 -4.877468 
182.95999889 -4.877468 
182.99999889 -4.877468 
183.03999889 -4.877468 
183.07999889 -4.877468 
183.11999889 -4.877468 
183.15999889 -4.877468 
183.19999889 -4.877468 
183.23999889 -4.877468 
183.27999889 -4.877468 
183.31999889 -4.877468 
183.35999889 -4.877468 
183.39999889 -4.877468 
183.43999889 -4.877468 
183.47999888 -4.877468 
183.51999888 -5.051424 
183.55999888 -4.877468 
183.59999888 -4.877468 
183.63999888 -4.877468 
183.67999888 -4.877468 
183.71999888 -4.877468 
183.75999888 -4.877468 
183.79999888 -4.877468 
183.83999888 -5.051424 
183.87999888 -4.877468 
183.91999888 -4.877468 
183.95999888 -5.051424 
183.99999888 -5.051424 
184.03999888 -4.877468 
184.07999888 -5.051424 
184.11999888 -5.051424 
184.15999888 -5.051424 
184.19999888 -5.051424 
184.23999888 -4.877468 
184.27999888 -5.051424 
184.31999888 -4.877468 
184.35999888 -5.051424 
184.39999888 -5.051424 
184.43999888 -5.051424 
184.47999888 -4.877468 
184.51999888 -5.051424 
184.55999888 -5.051424 
184.59999888 -5.051424 
184.63999888 -5.051424 
184.67999888 -5.051424 
184.71999888 -5.051424 
184.75999888 -5.051424 
184.79999888 -5.051424 
184.83999888 -5.051424 
184.87999888 -5.051424 
184.91999888 -5.051424 
184.95999888 -5.051424 
184.99999888 -5.051424 
185.03999888 -5.051424 
185.07999888 -5.051424 
185.11999887 -5.051424 
185.15999887 -5.051424 
185.19999887 -5.051424 
185.23999887 -5.051424 
185.27999887 -5.051424 
185.31999887 -5.051424 
185.35999887 -5.051424 
185.39999887 -5.051424 
185.43999887 -5.225379 
185.47999887 -5.051424 
185.51999887 -5.051424 
185.55999887 -5.051424 
185.59999887 -5.051424 
185.63999887 -5.051424 
185.67999887 -5.051424 
185.71999887 -5.051424 
185.75999887 -5.051424 
185.79999887 -5.051424 
185.83999887 -5.051424 
185.87999887 -5.051424 
185.91999887 -5.051424 
185.95999887 -5.225379 
185.99999887 -5.051424 
186.03999887 -5.225379 
186.07999887 -5.225379 
186.11999887 -5.051424 
186.15999887 -5.051424 
186.19999887 -5.225379 
186.23999887 -5.225379 
186.27999887 -5.225379 
186.31999887 -5.225379 
186.35999887 -5.225379 
186.39999887 -5.225379 
186.43999887 -5.225379 
186.47999887 -5.225379 
186.51999887 -5.051424 
186.55999887 -5.225379 
186.59999887 -5.225379 
186.63999887 -5.225379 
186.67999887 -5.225379 
186.71999887 -5.225379 
186.75999886 -5.225379 
186.79999886 -5.225379 
186.83999886 -5.225379 
186.87999886 -5.399335 
186.91999886 -5.225379 
186.95999886 -5.225379 
186.99999886 -5.399335 
187.03999886 -5.225379 
187.07999886 -5.225379 
187.11999886 -5.225379 
187.15999886 -5.225379 
187.19999886 -5.399335 
187.23999886 -5.399335 
187.27999886 -5.225379 
187.31999886 -5.225379 
187.35999886 -5.399335 
187.39999886 -5.399335 
187.43999886 -5.225379 
187.47999886 -5.225379 
187.51999886 -5.225379 
187.55999886 -5.399335 
187.59999886 -5.399335 
187.63999886 -5.225379 
187.67999886 -5.399335 
187.71999886 -5.399335 
187.75999886 -5.399335 
187.79999886 -5.399335 
187.83999886 -5.399335 
187.87999886 -5.399335 
187.91999886 -5.399335 
187.95999886 -5.399335 
187.99999886 -5.225379 
188.03999886 -5.399335 
188.07999886 -5.399335 
188.11999886 -5.225379 
188.15999886 -5.399335 
188.19999886 -5.225379 
188.23999886 -5.225379 
188.27999886 -5.399335 
188.31999886 -5.399335 
188.35999886 -5.399335 
188.39999886 -5.225379 
188.43999885 -5.399335 
188.47999885 -5.399335 
188.51999885 -5.225379 
188.55999885 -5.399335 
188.59999885 -5.399335 
188.63999885 -5.399335 
188.67999885 -5.399335 
188.71999885 -5.399335 
188.75999885 -5.573901 
188.79999885 -5.399335 
188.83999885 -5.399335 
188.87999885 -5.399335 
188.91999885 -5.399335 
188.95999885 -5.399335 
188.99999885 -5.399335 
189.03999885 -5.399335 
189.07999885 -5.399335 
189.11999885 -5.399335 
189.15999885 -5.399335 
189.19999885 -5.399335 
189.23999885 -5.399335 
189.27999885 -5.399335 
189.31999885 -5.399335 
189.35999885 -5.399335 
189.39999885 -5.399335 
189.43999885 -5.573901 
189.47999885 -5.573901 
189.51999885 -5.573901 
189.55999885 -5.573901 
189.59999885 -5.399335 
189.63999885 -5.573901 
189.67999885 -5.573901 
189.71999885 -5.573901 
189.75999885 -5.573901 
189.79999885 -5.573901 
189.83999885 -5.573901 
189.87999885 -5.573901 
189.91999885 -5.573901 
189.95999885 -5.573901 
189.99999885 -5.573901 
190.03999885 -5.573901 
190.07999884 -5.573901 
190.11999884 -5.573901 
190.15999884 -5.573901 
190.19999884 -5.573901 
190.23999884 -5.573901 
190.27999884 -5.573901 
190.31999884 -5.573901 
190.35999884 -5.573901 
190.39999884 -5.573901 
190.43999884 -5.573901 
190.47999884 -5.573901 
190.51999884 -5.573901 
190.55999884 -5.573901 
190.59999884 -5.573901 
190.63999884 -5.573901 
190.67999884 -5.573901 
190.71999884 -5.573901 
190.75999884 -5.573901 
190.79999884 -5.573901 
190.83999884 -5.573901 
190.87999884 -5.573901 
190.91999884 -5.573901 
190.95999884 -5.573901 
190.99999884 -5.573901 
191.03999884 -5.573901 
191.07999884 -5.573901 
191.11999884 -5.573901 
191.15999884 -5.573901 
191.19999884 -5.573901 
191.23999884 -5.573901 
191.27999884 -5.573901 
191.31999884 -5.573901 
191.35999884 -5.573901 
191.39999884 -5.573901 
191.43999884 -5.573901 
191.47999884 -5.573901 
191.51999884 -5.747856 
191.55999884 -5.573901 
191.59999884 -5.573901 
191.63999884 -5.573901 
191.67999884 -5.747856 
191.71999883 -5.573901 
191.75999883 -5.747856 
191.79999883 -5.747856 
191.83999883 -5.573901 
191.87999883 -5.747856 
191.91999883 -5.573901 
191.95999883 -5.747856 
191.99999883 -5.573901 
192.03999883 -5.747856 
192.07999883 -5.573901 
192.11999883 -5.747856 
192.15999883 -5.747856 
192.19999883 -5.573901 
192.23999883 -5.747856 
192.27999883 -5.747856 
192.31999883 -5.747856 
192.35999883 -5.573901 
192.39999883 -5.747856 
192.43999883 -5.747856 
192.47999883 -5.747856 
192.51999883 -5.747856 
192.55999883 -5.573901 
192.59999883 -5.747856 
192.63999883 -5.747856 
192.67999883 -5.747856 
192.71999883 -5.747856 
192.75999883 -5.747856 
192.79999883 -5.747856 
192.83999883 -5.747856 
192.87999883 -5.747856 
192.91999883 -5.747856 
192.95999883 -5.747856 
192.99999883 -5.747856 
193.03999883 -5.747856 
193.07999883 -5.747856 
193.11999883 -5.747856 
193.15999883 -5.747856 
193.19999883 -5.747856 
193.23999883 -5.747856 
193.27999883 -5.747856 
193.31999883 -5.747856 
193.35999882 -5.747856 
193.39999882 -5.921812 
193.43999882 -5.747856 
193.47999882 -5.747856 
193.51999882 -5.747856 
193.55999882 -5.921812 
193.59999882 -5.921812 
193.63999882 -5.747856 
193.67999882 -5.921812 
193.71999882 -5.747856 
193.75999882 -5.747856 
193.79999882 -5.747856 
193.83999882 -5.747856 
193.87999882 -5.921812 
193.91999882 -5.921812 
193.95999882 -5.747856 
193.99999882 -5.921812 
194.03999882 -5.921812 
194.07999882 -5.747856 
194.11999882 -5.921812 
194.15999882 -5.921812 
194.19999882 -5.921812 
194.23999882 -5.921812 
194.27999882 -5.921812 
194.31999882 -5.921812 
194.35999882 -5.921812 
194.39999882 -5.921812 
194.43999882 -5.921812 
194.47999882 -5.747856 
194.51999882 -5.921812 
194.55999882 -5.921812 
194.59999882 -5.921812 
194.63999882 -5.921812 
194.67999882 -5.921812 
194.71999882 -5.921812 
194.75999882 -5.921812 
194.79999882 -5.921812 
194.83999882 -5.921812 
194.87999882 -5.921812 
194.91999882 -5.921812 
194.95999882 -5.921812 
194.99999881 -5.921812 
195.03999881 -5.921812 
195.07999881 -5.921812 
195.11999881 -5.921812 
195.15999881 -5.921812 
195.19999881 -5.921812 
195.23999881 -5.921812 
195.27999881 -5.921812 
195.31999881 -5.921812 
195.35999881 -5.921812 
195.39999881 -5.921812 
195.43999881 -5.921812 
195.47999881 -5.921812 
195.51999881 -5.921812 
195.55999881 -5.921812 
195.59999881 -5.921812 
195.63999881 -5.921812 
195.67999881 -5.921812 
195.71999881 -5.921812 
195.75999881 -5.921812 
195.79999881 -5.921812 
195.83999881 -5.921812 
195.87999881 -5.921812 
195.91999881 -5.921812 
195.95999881 -5.921812 
195.99999881 -5.921812 
196.03999881 -5.921812 
196.07999881 -5.921812 
196.11999881 -5.921812 
196.15999881 -5.921812 
196.19999881 -5.921812 
196.23999881 -6.095767 
196.27999881 -5.921812 
196.31999881 -5.921812 
196.35999881 -5.921812 
196.39999881 -5.921812 
196.43999881 -5.921812 
196.47999881 -5.921812 
196.51999881 -6.095767 
196.55999881 -6.095767 
196.59999881 -5.921812 
196.6399988 -6.095767 
196.6799988 -5.921812 
196.7199988 -5.921812 
196.7599988 -6.095767 
196.7999988 -5.921812 
196.8399988 -6.095767 
196.8799988 -6.095767 
196.9199988 -6.095767 
196.9599988 -5.921812 
196.9999988 -6.095767 
197.0399988 -6.095767 
197.0799988 -6.095767 
197.1199988 -6.095767 
197.1599988 -5.921812 
197.1999988 -6.095767 
197.2399988 -6.095767 
197.2799988 -6.095767 
197.3199988 -6.095767 
197.3599988 -5.921812 
197.3999988 -6.270333 
197.4399988 -6.270333 
197.4799988 -6.095767 
197.5199988 -6.095767 
197.5599988 -6.095767 
197.5999988 -6.270333 
197.6399988 -6.095767 
197.6799988 -6.095767 
197.7199988 -6.270333 
197.7599988 -6.095767 
197.7999988 -6.270333 
197.8399988 -6.095767 
197.8799988 -6.095767 
197.9199988 -6.270333 
197.9599988 -6.095767 
197.9999988 -6.270333 
198.0399988 -6.270333 
198.0799988 -6.270333 
198.1199988 -6.270333 
198.1599988 -6.095767 
198.1999988 -6.270333 
198.2399988 -6.270333 
198.27999879 -6.270333 
198.31999879 -6.270333 
198.35999879 -6.270333 
198.39999879 -6.270333 
198.43999879 -6.270333 
198.47999879 -6.270333 
198.51999879 -6.270333 
198.55999879 -6.270333 
198.59999879 -6.270333 
198.63999879 -6.270333 
198.67999879 -6.270333 
198.71999879 -6.270333 
198.75999879 -6.270333 
198.79999879 -6.270333 
198.83999879 -6.270333 
198.87999879 -6.270333 
198.91999879 -6.270333 
198.95999879 -6.270333 
198.99999879 -6.270333 
199.03999879 -6.270333 
199.07999879 -6.270333 
199.11999879 -6.270333 
199.15999879 -6.270333 
199.19999879 -6.270333 
199.23999879 -6.270333 
199.27999879 -6.270333 
199.31999879 -6.270333 
199.35999879 -6.270333 
199.39999879 -6.270333 
199.43999879 -6.270333 
199.47999879 -6.270333 
199.51999879 -6.270333 
199.55999879 -6.270333 
199.59999879 -6.270333 
199.63999879 -6.270333 
199.67999879 -6.270333 
199.71999879 -6.270333 
199.75999879 -6.270333 
199.79999879 -6.270333 
199.83999879 -6.270333 
199.87999879 -6.270333 
199.91999878 -6.270333 
199.95999878 -6.270333 
199.99999878 -6.270333 
200.03999878 -6.270333 
200.07999878 -6.270333 
200.11999878 -6.270333 
0 0 
