124.83999924 -8.881496 
124.91999924 -8.881496 
124.95999924 -8.881496 
124.99999924 -8.881496 
125.03999924 -8.881496 
125.07999924 -8.881496 
125.11999924 -8.881496 
125.15999924 -8.881496 
125.19999924 -8.707541 
125.23999924 -8.881496 
125.27999924 -8.881496 
125.31999924 -8.707541 
125.35999924 -8.707541 
125.39999924 -8.707541 
125.43999924 -8.707541 
125.47999924 -8.707541 
125.51999924 -8.707541 
125.55999924 -8.707541 
125.59999924 -8.707541 
125.63999924 -8.707541 
125.67999924 -8.707541 
125.71999924 -8.707541 
125.75999924 -8.707541 
125.79999924 -8.707541 
125.83999924 -8.707541 
125.87999923 -8.707541 
125.91999923 -8.707541 
125.95999923 -8.707541 
125.99999923 -8.707541 
126.03999923 -8.707541 
126.07999923 -8.707541 
126.11999923 -8.707541 
126.15999923 -8.707541 
126.19999923 -8.707541 
126.23999923 -8.707541 
126.27999923 -8.707541 
126.31999923 -8.707541 
126.35999923 -8.707541 
126.39999923 -8.707541 
126.43999923 -8.707541 
126.47999923 -8.707541 
126.51999923 -8.707541 
126.55999923 -8.707541 
126.59999923 -8.707541 
126.63999923 -8.707541 
126.67999923 -8.533586 
126.71999923 -8.707541 
126.75999923 -8.707541 
126.79999923 -8.533586 
126.83999923 -8.707541 
126.87999923 -8.533586 
126.91999923 -8.533586 
126.95999923 -8.533586 
126.99999923 -8.707541 
127.03999923 -8.533586 
127.07999923 -8.533586 
127.11999923 -8.533586 
127.15999923 -8.533586 
127.19999923 -8.533586 
127.23999923 -8.533586 
127.27999923 -8.533586 
127.31999923 -8.533586 
127.35999923 -8.533586 
127.39999923 -8.533586 
127.43999923 -8.533586 
127.47999923 -8.533586 
127.51999923 -8.533586 
127.55999922 -8.533586 
127.59999922 -8.533586 
127.63999922 -8.533586 
127.67999922 -8.533586 
127.71999922 -8.533586 
127.75999922 -8.533586 
127.79999922 -8.359631 
127.83999922 -8.533586 
127.87999922 -8.533586 
127.91999922 -8.533586 
127.95999922 -8.359631 
127.99999922 -8.533586 
128.03999922 -8.533586 
128.07999922 -8.533586 
128.11999922 -8.359631 
128.15999922 -8.359631 
128.19999922 -8.359631 
128.23999922 -8.359631 
128.27999922 -8.359631 
128.31999922 -8.359631 
128.35999922 -8.359631 
128.39999922 -8.359631 
128.43999922 -8.359631 
128.47999922 -8.359631 
128.51999922 -8.359631 
128.55999922 -8.359631 
128.59999922 -8.359631 
128.63999922 -8.359631 
128.67999922 -8.359631 
128.71999922 -8.359631 
128.75999922 -8.359631 
128.79999922 -8.359631 
128.83999922 -8.359631 
128.87999922 -8.359631 
128.91999922 -8.359631 
128.95999922 -8.359631 
128.99999922 -8.359631 
129.03999922 -8.359631 
129.07999922 -8.359631 
129.11999922 -8.185064 
129.15999922 -8.359631 
129.19999921 -8.359631 
129.23999921 -8.359631 
129.27999921 -8.185064 
129.31999921 -8.359631 
129.35999921 -8.185064 
129.39999921 -8.185064 
129.43999921 -8.359631 
129.47999921 -8.185064 
129.51999921 -8.185064 
129.55999921 -8.185064 
129.59999921 -8.185064 
129.63999921 -8.011108 
129.67999921 -8.011108 
129.71999921 -8.185064 
129.75999921 -8.185064 
129.79999921 -8.185064 
129.83999921 -8.185064 
129.87999921 -8.185064 
129.91999921 -8.011108 
129.95999921 -8.185064 
129.99999921 -8.011108 
130.03999921 -8.185064 
130.07999921 -8.185064 
130.11999921 -8.185064 
130.15999921 -8.185064 
130.19999921 -8.185064 
130.23999921 -8.185064 
130.27999921 -8.185064 
130.31999921 -8.185064 
130.35999921 -8.185064 
130.39999921 -8.011108 
130.43999921 -8.011108 
130.47999921 -8.185064 
130.51999921 -8.011108 
130.55999921 -8.185064 
130.59999921 -8.185064 
130.63999921 -8.011108 
130.67999921 -8.185064 
130.71999921 -8.011108 
130.75999921 -8.011108 
130.79999921 -8.011108 
130.8399992 -8.011108 
130.8799992 -8.011108 
130.9199992 -8.011108 
130.9599992 -8.011108 
130.9999992 -7.837153 
131.0399992 -8.011108 
131.0799992 -8.011108 
131.1199992 -7.837153 
131.1599992 -7.837153 
131.1999992 -7.837153 
131.2399992 -7.837153 
131.2799992 -7.837153 
131.3199992 -8.011108 
131.3599992 -7.837153 
131.3999992 -7.837153 
131.4399992 -7.837153 
131.4799992 -7.837153 
131.5199992 -7.837153 
131.5599992 -7.837153 
131.5999992 -7.837153 
131.6399992 -7.837153 
131.6799992 -7.837153 
131.7199992 -7.837153 
131.7599992 -7.837153 
131.7999992 -7.837153 
131.8399992 -7.837153 
131.8799992 -7.837153 
131.9199992 -7.837153 
131.9599992 -7.837153 
131.9999992 -7.837153 
132.0399992 -7.837153 
132.0799992 -7.837153 
132.1199992 -7.663198 
132.1599992 -7.837153 
132.1999992 -7.837153 
132.2399992 -7.837153 
132.2799992 -7.663198 
132.3199992 -7.663198 
132.3599992 -7.663198 
132.3999992 -7.837153 
132.4399992 -7.837153 
132.47999919 -7.663198 
132.51999919 -7.837153 
132.55999919 -7.663198 
132.59999919 -7.663198 
132.63999919 -7.837153 
132.67999919 -7.663198 
132.71999919 -7.663198 
132.75999919 -7.663198 
132.79999919 -7.663198 
132.83999919 -7.663198 
132.87999919 -7.663198 
132.91999919 -7.663198 
132.95999919 -7.663198 
132.99999919 -7.663198 
133.03999919 -7.663198 
133.07999919 -7.663198 
133.11999919 -7.663198 
133.15999919 -7.663198 
133.19999919 -7.663198 
133.23999919 -7.663198 
133.27999919 -7.663198 
133.31999919 -7.488632 
133.35999919 -7.663198 
133.39999919 -7.663198 
133.43999919 -7.663198 
133.47999919 -7.663198 
133.51999919 -7.663198 
133.55999919 -7.663198 
133.59999919 -7.488632 
133.63999919 -7.663198 
133.67999919 -7.663198 
133.71999919 -7.663198 
133.75999919 -7.488632 
133.79999919 -7.488632 
133.83999919 -7.488632 
133.87999919 -7.488632 
133.91999919 -7.488632 
133.95999919 -7.488632 
133.99999919 -7.488632 
134.03999919 -7.488632 
134.07999919 -7.488632 
134.11999918 -7.488632 
134.15999918 -7.488632 
134.19999918 -7.314676 
134.23999918 -7.488632 
134.27999918 -7.314676 
134.31999918 -7.314676 
134.35999918 -7.314676 
134.39999918 -7.314676 
134.43999918 -7.314676 
134.47999918 -7.314676 
134.51999918 -7.314676 
134.55999918 -7.314676 
134.59999918 -7.314676 
134.63999918 -7.314676 
134.67999918 -7.314676 
134.71999918 -7.314676 
134.75999918 -7.314676 
134.79999918 -7.314676 
134.83999918 -7.314676 
134.87999918 -7.314676 
134.91999918 -7.314676 
134.95999918 -7.314676 
134.99999918 -7.314676 
135.03999918 -7.314676 
135.07999918 -7.314676 
135.11999918 -7.314676 
135.15999918 -7.314676 
135.19999918 -7.314676 
135.23999918 -7.314676 
135.27999918 -7.314676 
135.31999918 -7.314676 
135.35999918 -7.140721 
135.39999918 -7.314676 
135.43999918 -7.314676 
135.47999918 -7.140721 
135.51999918 -7.140721 
135.55999918 -7.140721 
135.59999918 -7.140721 
135.63999918 -7.140721 
135.67999918 -7.140721 
135.71999918 -7.140721 
135.75999917 -7.140721 
135.79999917 -7.314676 
135.83999917 -7.140721 
135.87999917 -7.140721 
135.91999917 -7.140721 
135.95999917 -7.140721 
135.99999917 -7.140721 
136.03999917 -7.140721 
136.07999917 -7.140721 
136.11999917 -7.140721 
136.15999917 -7.140721 
136.19999917 -7.140721 
136.23999917 -7.140721 
136.27999917 -7.140721 
136.31999917 -7.140721 
136.35999917 -7.140721 
136.39999917 -6.966765 
136.43999917 -7.140721 
136.47999917 -7.140721 
136.51999917 -7.140721 
136.55999917 -6.966765 
136.59999917 -7.140721 
136.63999917 -7.140721 
136.67999917 -6.966765 
136.71999917 -7.140721 
136.75999917 -6.966765 
136.79999917 -7.140721 
136.83999917 -6.966765 
136.87999917 -6.966765 
136.91999917 -6.966765 
136.95999917 -6.966765 
136.99999917 -6.966765 
137.03999917 -6.966765 
137.07999917 -6.966765 
137.11999917 -6.966765 
137.15999917 -6.966765 
137.19999917 -6.966765 
137.23999917 -6.966765 
137.27999917 -6.966765 
137.31999917 -6.966765 
137.35999917 -6.966765 
137.39999916 -6.966765 
137.43999916 -6.966765 
137.47999916 -6.966765 
137.51999916 -6.966765 
137.55999916 -6.7922 
137.59999916 -6.966765 
137.63999916 -6.966765 
137.67999916 -6.966765 
137.71999916 -6.7922 
137.75999916 -6.7922 
137.79999916 -6.7922 
137.83999916 -6.7922 
137.87999916 -6.7922 
137.91999916 -6.7922 
137.95999916 -6.966765 
137.99999916 -6.7922 
138.03999916 -6.966765 
138.07999916 -6.7922 
138.11999916 -6.7922 
138.15999916 -6.7922 
138.19999916 -6.7922 
138.23999916 -6.7922 
138.27999916 -6.7922 
138.31999916 -6.7922 
138.35999916 -6.618244 
138.39999916 -6.618244 
138.43999916 -6.7922 
138.47999916 -6.7922 
138.51999916 -6.7922 
138.55999916 -6.618244 
138.59999916 -6.618244 
138.63999916 -6.618244 
138.67999916 -6.7922 
138.71999916 -6.618244 
138.75999916 -6.7922 
138.79999916 -6.618244 
138.83999916 -6.618244 
138.87999916 -6.618244 
138.91999916 -6.618244 
138.95999916 -6.618244 
138.99999916 -6.618244 
139.03999915 -6.618244 
139.07999915 -6.618244 
139.11999915 -6.618244 
139.15999915 -6.618244 
139.19999915 -6.618244 
139.23999915 -6.444288 
139.27999915 -6.618244 
139.31999915 -6.618244 
139.35999915 -6.444288 
139.39999915 -6.618244 
139.43999915 -6.444288 
139.47999915 -6.444288 
139.51999915 -6.444288 
139.55999915 -6.444288 
139.59999915 -6.618244 
139.63999915 -6.444288 
139.67999915 -6.444288 
139.71999915 -6.444288 
139.75999915 -6.444288 
139.79999915 -6.444288 
139.83999915 -6.444288 
139.87999915 -6.444288 
139.91999915 -6.444288 
139.95999915 -6.444288 
139.99999915 -6.444288 
140.03999915 -6.444288 
140.07999915 -6.444288 
140.11999915 -6.444288 
140.15999915 -6.444288 
140.19999915 -6.444288 
140.23999915 -6.444288 
140.27999915 -6.444288 
140.31999915 -6.444288 
140.35999915 -6.444288 
140.39999915 -6.444288 
140.43999915 -6.444288 
140.47999915 -6.444288 
140.51999915 -6.444288 
140.55999915 -6.444288 
140.59999915 -6.270333 
140.63999915 -6.270333 
140.67999915 -6.270333 
140.71999914 -6.270333 
140.75999914 -6.444288 
140.79999914 -6.270333 
140.83999914 -6.270333 
140.87999914 -6.270333 
140.91999914 -6.270333 
140.95999914 -6.270333 
140.99999914 -6.270333 
141.03999914 -6.270333 
141.07999914 -6.270333 
141.11999914 -6.270333 
141.15999914 -6.270333 
141.19999914 -6.270333 
141.23999914 -6.270333 
141.27999914 -6.270333 
141.31999914 -6.270333 
141.35999914 -6.270333 
141.39999914 -6.270333 
141.43999914 -6.270333 
141.47999914 -6.270333 
141.51999914 -6.270333 
141.55999914 -6.270333 
141.59999914 -6.095767 
141.63999914 -6.270333 
141.67999914 -6.270333 
141.71999914 -6.270333 
141.75999914 -6.095767 
141.79999914 -6.095767 
141.83999914 -6.270333 
141.87999914 -6.095767 
141.91999914 -6.095767 
141.95999914 -6.095767 
141.99999914 -6.095767 
142.03999914 -5.921812 
142.07999914 -6.095767 
142.11999914 -5.921812 
142.15999914 -6.095767 
142.19999914 -5.921812 
142.23999914 -5.921812 
142.27999914 -5.921812 
142.31999914 -5.921812 
142.35999913 -5.921812 
142.39999913 -5.921812 
142.43999913 -5.921812 
142.47999913 -5.921812 
142.51999913 -5.921812 
142.55999913 -5.921812 
142.59999913 -5.921812 
142.63999913 -5.921812 
142.67999913 -5.921812 
142.71999913 -5.921812 
142.75999913 -5.921812 
142.79999913 -5.921812 
142.83999913 -5.921812 
142.87999913 -5.921812 
142.91999913 -5.921812 
142.95999913 -5.921812 
142.99999913 -5.921812 
143.03999913 -5.921812 
143.07999913 -5.921812 
143.11999913 -5.921812 
143.15999913 -5.921812 
143.19999913 -5.921812 
143.23999913 -5.921812 
143.27999913 -5.921812 
143.31999913 -5.921812 
143.35999913 -5.921812 
143.39999913 -5.921812 
143.43999913 -5.747856 
143.47999913 -5.921812 
143.51999913 -5.921812 
143.55999913 -5.921812 
143.59999913 -5.747856 
143.63999913 -5.747856 
143.67999913 -5.747856 
143.71999913 -5.747856 
143.75999913 -5.747856 
143.79999913 -5.747856 
143.83999913 -5.747856 
143.87999913 -5.747856 
143.91999913 -5.747856 
143.95999913 -5.747856 
143.99999912 -5.747856 
144.03999912 -5.747856 
144.07999912 -5.747856 
144.11999912 -5.747856 
144.15999912 -5.747856 
144.19999912 -5.747856 
144.23999912 -5.747856 
144.27999912 -5.747856 
144.31999912 -5.747856 
144.35999912 -5.747856 
144.39999912 -5.747856 
144.43999912 -5.747856 
144.47999912 -5.747856 
144.51999912 -5.573901 
144.55999912 -5.747856 
144.59999912 -5.573901 
144.63999912 -5.747856 
144.67999912 -5.747856 
144.71999912 -5.573901 
144.75999912 -5.573901 
144.79999912 -5.573901 
144.83999912 -5.573901 
144.87999912 -5.573901 
144.91999912 -5.573901 
144.95999912 -5.573901 
144.99999912 -5.573901 
145.03999912 -5.573901 
145.07999912 -5.573901 
145.11999912 -5.573901 
145.15999912 -5.573901 
145.19999912 -5.573901 
145.23999912 -5.573901 
145.27999912 -5.573901 
145.31999912 -5.573901 
145.35999912 -5.573901 
145.39999912 -5.573901 
145.43999912 -5.573901 
145.47999912 -5.573901 
145.51999912 -5.399335 
145.55999912 -5.573901 
145.59999912 -5.573901 
145.63999911 -5.573901 
145.67999911 -5.573901 
145.71999911 -5.399335 
145.75999911 -5.399335 
145.79999911 -5.573901 
145.83999911 -5.573901 
145.87999911 -5.399335 
145.91999911 -5.399335 
145.95999911 -5.225379 
145.99999911 -5.399335 
146.03999911 -5.399335 
146.07999911 -5.573901 
146.11999911 -5.399335 
146.15999911 -5.399335 
146.19999911 -5.399335 
146.23999911 -5.225379 
146.27999911 -5.399335 
146.31999911 -5.399335 
146.35999911 -5.399335 
146.39999911 -5.399335 
146.43999911 -5.225379 
146.47999911 -5.399335 
146.51999911 -5.399335 
146.55999911 -5.399335 
146.59999911 -5.225379 
146.63999911 -5.399335 
146.67999911 -5.399335 
146.71999911 -5.225379 
146.75999911 -5.399335 
146.79999911 -5.225379 
146.83999911 -5.225379 
146.87999911 -5.225379 
146.91999911 -5.225379 
146.95999911 -5.225379 
146.99999911 -5.225379 
147.03999911 -5.225379 
147.07999911 -5.225379 
147.11999911 -5.225379 
147.15999911 -5.225379 
147.19999911 -5.225379 
147.23999911 -5.225379 
147.2799991 -5.225379 
147.3199991 -5.051424 
147.3599991 -5.225379 
147.3999991 -5.051424 
147.4399991 -5.051424 
147.4799991 -5.051424 
147.5199991 -5.051424 
147.5599991 -5.051424 
147.5999991 -5.051424 
147.6399991 -5.051424 
147.6799991 -5.051424 
147.7199991 -5.051424 
147.7599991 -5.051424 
147.7999991 -5.051424 
147.8399991 -5.051424 
147.8799991 -5.051424 
147.9199991 -5.051424 
147.9599991 -5.051424 
147.9999991 -5.051424 
148.0399991 -5.051424 
148.0799991 -5.051424 
148.1199991 -5.051424 
148.1599991 -4.877468 
148.1999991 -5.051424 
148.2399991 -5.051424 
148.2799991 -5.051424 
148.3199991 -5.051424 
148.3599991 -5.051424 
148.3999991 -5.051424 
148.4399991 -4.877468 
148.4799991 -5.051424 
148.5199991 -5.051424 
148.5599991 -5.051424 
148.5999991 -5.051424 
148.6399991 -4.877468 
148.6799991 -4.877468 
148.7199991 -4.877468 
148.7599991 -4.877468 
148.7999991 -4.877468 
148.8399991 -4.877468 
148.8799991 -4.877468 
148.91999909 -4.877468 
148.95999909 -4.877468 
148.99999909 -4.877468 
149.03999909 -4.877468 
149.07999909 -4.877468 
149.11999909 -4.877468 
149.15999909 -4.877468 
149.19999909 -4.877468 
149.23999909 -4.877468 
149.27999909 -4.877468 
149.31999909 -4.877468 
149.35999909 -4.877468 
149.39999909 -4.877468 
149.43999909 -4.877468 
149.47999909 -4.877468 
149.51999909 -4.877468 
149.55999909 -4.877468 
149.59999909 -4.702902 
149.63999909 -4.877468 
149.67999909 -4.702902 
149.71999909 -4.702902 
149.75999909 -4.702902 
149.79999909 -4.877468 
149.83999909 -4.702902 
149.87999909 -4.702902 
149.91999909 -4.702902 
149.95999909 -4.702902 
149.99999909 -4.702902 
150.03999909 -4.528947 
150.07999909 -4.528947 
150.11999909 -4.528947 
150.15999909 -4.528947 
150.19999909 -4.528947 
150.23999909 -4.528947 
150.27999909 -4.528947 
150.31999909 -4.528947 
150.35999909 -4.528947 
150.39999909 -4.528947 
150.43999909 -4.528947 
150.47999909 -4.528947 
150.51999909 -4.528947 
150.55999908 -4.528947 
150.59999908 -4.528947 
150.63999908 -4.528947 
150.67999908 -4.528947 
150.71999908 -4.528947 
150.75999908 -4.528947 
150.79999908 -4.528947 
150.83999908 -4.528947 
150.87999908 -4.528947 
150.91999908 -4.528947 
150.95999908 -4.528947 
150.99999908 -4.528947 
151.03999908 -4.528947 
151.07999908 -4.528947 
151.11999908 -4.528947 
151.15999908 -4.528947 
151.19999908 -4.528947 
151.23999908 -4.528947 
151.27999908 -4.528947 
151.31999908 -4.354991 
151.35999908 -4.528947 
151.39999908 -4.354991 
151.43999908 -4.354991 
151.47999908 -4.354991 
151.51999908 -4.354991 
151.55999908 -4.354991 
151.59999908 -4.354991 
151.63999908 -4.354991 
151.67999908 -4.354991 
151.71999908 -4.354991 
151.75999908 -4.354991 
151.79999908 -4.354991 
151.83999908 -4.354991 
151.87999908 -4.354991 
151.91999908 -4.354991 
151.95999908 -4.354991 
151.99999908 -4.354991 
152.03999908 -4.354991 
152.07999908 -4.181036 
152.11999908 -4.354991 
152.15999908 -4.181036 
152.19999908 -4.354991 
152.23999907 -4.181036 
152.27999907 -4.181036 
152.31999907 -4.181036 
152.35999907 -4.181036 
152.39999907 -4.181036 
152.43999907 -4.181036 
152.47999907 -4.181036 
152.51999907 -4.181036 
152.55999907 -4.181036 
152.59999907 -4.181036 
152.63999907 -4.181036 
152.67999907 -4.181036 
152.71999907 -4.181036 
152.75999907 -4.181036 
152.79999907 -4.181036 
152.83999907 -4.181036 
152.87999907 -4.181036 
152.91999907 -4.181036 
152.95999907 -4.181036 
152.99999907 -4.181036 
153.03999907 -4.181036 
153.07999907 -4.181036 
153.11999907 -4.00647 
153.15999907 -4.181036 
153.19999907 -4.00647 
153.23999907 -4.181036 
153.27999907 -4.181036 
153.31999907 -4.00647 
153.35999907 -4.00647 
153.39999907 -4.181036 
153.43999907 -4.181036 
153.47999907 -4.181036 
153.51999907 -4.181036 
153.55999907 -4.181036 
153.59999907 -4.00647 
153.63999907 -4.00647 
153.67999907 -4.00647 
153.71999907 -4.00647 
153.75999907 -4.00647 
153.79999907 -3.832515 
153.83999907 -4.00647 
153.87999906 -4.00647 
153.91999906 -3.832515 
153.95999906 -4.00647 
153.99999906 -4.00647 
154.03999906 -4.00647 
154.07999906 -4.00647 
154.11999906 -4.00647 
154.15999906 -4.00647 
154.19999906 -4.00647 
154.23999906 -3.832515 
154.27999906 -4.00647 
154.31999906 -4.00647 
154.35999906 -3.832515 
154.39999906 -4.00647 
154.43999906 -4.00647 
154.47999906 -3.832515 
154.51999906 -3.832515 
154.55999906 -3.832515 
154.59999906 -3.832515 
154.63999906 -3.832515 
154.67999906 -3.832515 
154.71999906 -3.832515 
154.75999906 -3.832515 
154.79999906 -3.832515 
154.83999906 -3.832515 
154.87999906 -3.658559 
154.91999906 -3.832515 
154.95999906 -3.832515 
154.99999906 -3.658559 
155.03999906 -3.658559 
155.07999906 -3.658559 
155.11999906 -3.832515 
155.15999906 -3.832515 
155.19999906 -3.658559 
155.23999906 -3.658559 
155.27999906 -3.658559 
155.31999906 -3.832515 
155.35999906 -3.658559 
155.39999906 -3.658559 
155.43999906 -3.658559 
155.47999906 -3.658559 
155.51999905 -3.658559 
155.55999905 -3.658559 
155.59999905 -3.658559 
155.63999905 -3.658559 
155.67999905 -3.658559 
155.71999905 -3.658559 
155.75999905 -3.658559 
155.79999905 -3.658559 
155.83999905 -3.658559 
155.87999905 -3.658559 
155.91999905 -3.658559 
155.95999905 -3.658559 
155.99999905 -3.658559 
156.03999905 -3.658559 
156.07999905 -3.658559 
156.11999905 -3.484603 
156.15999905 -3.484603 
156.19999905 -3.658559 
156.23999905 -3.484603 
156.27999905 -3.484603 
156.31999905 -3.484603 
156.35999905 -3.484603 
156.39999905 -3.484603 
156.43999905 -3.484603 
156.47999905 -3.484603 
156.51999905 -3.484603 
156.55999905 -3.484603 
156.59999905 -3.484603 
156.63999905 -3.484603 
156.67999905 -3.484603 
156.71999905 -3.484603 
156.75999905 -3.484603 
156.79999905 -3.484603 
156.83999905 -3.484603 
156.87999905 -3.484603 
156.91999905 -3.484603 
156.95999905 -3.484603 
156.99999905 -3.484603 
157.03999905 -3.484603 
157.07999905 -3.484603 
157.11999905 -3.310038 
157.15999904 -3.484603 
157.19999904 -3.484603 
157.23999904 -3.484603 
157.27999904 -3.484603 
157.31999904 -3.484603 
157.35999904 -3.310038 
157.39999904 -3.484603 
157.43999904 -3.136082 
157.47999904 -3.310038 
157.51999904 -3.310038 
157.55999904 -3.310038 
157.59999904 -3.310038 
157.63999904 -3.136082 
157.67999904 -3.310038 
157.71999904 -3.136082 
157.75999904 -3.136082 
157.79999904 -3.136082 
157.83999904 -3.136082 
157.87999904 -3.310038 
157.91999904 -3.136082 
157.95999904 -3.136082 
157.99999904 -3.136082 
158.03999904 -3.136082 
158.07999904 -3.136082 
158.11999904 -3.136082 
158.15999904 -3.136082 
158.19999904 -3.136082 
158.23999904 -3.136082 
158.27999904 -3.136082 
158.31999904 -3.136082 
158.35999904 -3.136082 
158.39999904 -3.136082 
158.43999904 -3.136082 
158.47999904 -3.136082 
158.51999904 -3.136082 
158.55999904 -3.136082 
158.59999904 -3.136082 
158.63999904 -3.136082 
158.67999904 -3.136082 
158.71999904 -2.962126 
158.75999904 -3.136082 
158.79999903 -3.136082 
158.83999903 -3.136082 
158.87999903 -3.136082 
158.91999903 -2.962126 
158.95999903 -2.962126 
158.99999903 -2.962126 
159.03999903 -2.962126 
159.07999903 -2.962126 
159.11999903 -2.962126 
159.15999903 -2.962126 
159.19999903 -2.962126 
159.23999903 -2.962126 
159.27999903 -2.962126 
159.31999903 -2.962126 
159.35999903 -2.962126 
159.39999903 -2.962126 
159.43999903 -2.962126 
159.47999903 -2.962126 
159.51999903 -2.962126 
159.55999903 -2.962126 
159.59999903 -2.962126 
159.63999903 -2.962126 
159.67999903 -2.962126 
159.71999903 -2.962126 
159.75999903 -2.962126 
159.79999903 -2.962126 
159.83999903 -2.962126 
159.87999903 -2.788171 
159.91999903 -2.788171 
159.95999903 -2.788171 
159.99999903 -2.788171 
160.03999903 -2.788171 
160.07999903 -2.788171 
160.11999903 -2.962126 
160.15999903 -2.788171 
160.19999903 -2.788171 
160.23999903 -2.788171 
160.27999903 -2.788171 
160.31999903 -2.788171 
160.35999903 -2.788171 
160.39999903 -2.788171 
160.43999902 -2.788171 
160.47999902 -2.788171 
160.51999902 -2.788171 
160.55999902 -2.788171 
160.59999902 -2.788171 
160.63999902 -2.788171 
160.67999902 -2.788171 
160.71999902 -2.788171 
160.75999902 -2.788171 
160.79999902 -2.788171 
160.83999902 -2.788171 
160.87999902 -2.788171 
160.91999902 -2.788171 
160.95999902 -2.613605 
160.99999902 -2.613605 
161.03999902 -2.788171 
161.07999902 -2.613605 
161.11999902 -2.613605 
161.15999902 -2.613605 
161.19999902 -2.613605 
161.23999902 -2.613605 
161.27999902 -2.613605 
161.31999902 -2.613605 
161.35999902 -2.613605 
161.39999902 -2.613605 
161.43999902 -2.613605 
161.47999902 -2.613605 
161.51999902 -2.613605 
161.55999902 -2.613605 
161.59999902 -2.613605 
161.63999902 -2.613605 
161.67999902 -2.43965 
161.71999902 -2.613605 
161.75999902 -2.613605 
161.79999902 -2.613605 
161.83999902 -2.43965 
161.87999902 -2.43965 
161.91999902 -2.613605 
161.95999902 -2.613605 
161.99999902 -2.43965 
162.03999902 -2.43965 
162.07999901 -2.613605 
162.11999901 -2.43965 
162.15999901 -2.613605 
162.19999901 -2.43965 
162.23999901 -2.43965 
162.27999901 -2.43965 
162.31999901 -2.43965 
162.35999901 -2.43965 
162.39999901 -2.265694 
162.43999901 -2.43965 
162.47999901 -2.43965 
162.51999901 -2.43965 
162.55999901 -2.265694 
162.59999901 -2.43965 
162.63999901 -2.43965 
162.67999901 -2.43965 
162.71999901 -2.265694 
162.75999901 -2.43965 
162.79999901 -2.43965 
162.83999901 -2.265694 
162.87999901 -2.265694 
162.91999901 -2.265694 
162.95999901 -2.265694 
162.99999901 -2.265694 
163.03999901 -2.265694 
163.07999901 -2.265694 
163.11999901 -2.265694 
163.15999901 -2.265694 
163.19999901 -2.265694 
163.23999901 -2.265694 
163.27999901 -2.265694 
163.31999901 -2.265694 
163.35999901 -2.265694 
163.39999901 -2.265694 
163.43999901 -2.265694 
163.47999901 -2.265694 
163.51999901 -2.265694 
163.55999901 -2.091739 
163.59999901 -2.091739 
163.63999901 -2.091739 
163.67999901 -2.265694 
163.719999 -2.265694 
163.759999 -2.265694 
163.799999 -2.091739 
163.839999 -2.265694 
163.879999 -2.091739 
163.919999 -2.091739 
163.959999 -2.091739 
163.999999 -2.091739 
164.039999 -2.091739 
164.079999 -2.091739 
164.119999 -2.091739 
164.159999 -2.091739 
164.199999 -2.091739 
164.239999 -2.091739 
164.279999 -2.091739 
164.319999 -2.091739 
164.359999 -2.091739 
164.399999 -2.091739 
164.439999 -2.091739 
164.479999 -2.091739 
164.519999 -2.091739 
164.559999 -2.091739 
164.599999 -2.091739 
164.639999 -2.091739 
164.679999 -2.091739 
164.719999 -1.917173 
164.759999 -1.917173 
164.799999 -1.917173 
164.839999 -2.091739 
164.879999 -1.917173 
164.919999 -1.917173 
164.959999 -1.917173 
164.999999 -1.917173 
165.039999 -2.091739 
165.079999 -1.917173 
165.119999 -1.917173 
165.159999 -1.743217 
165.199999 -1.917173 
165.239999 -1.917173 
165.279999 -1.917173 
165.319999 -1.743217 
165.359999 -1.743217 
165.39999899 -1.743217 
165.43999899 -1.743217 
165.47999899 -1.743217 
165.51999899 -1.743217 
165.55999899 -1.743217 
165.59999899 -1.743217 
165.63999899 -1.743217 
165.67999899 -1.743217 
165.71999899 -1.743217 
165.75999899 -1.743217 
165.79999899 -1.743217 
165.83999899 -1.743217 
165.87999899 -1.743217 
165.91999899 -1.743217 
165.95999899 -1.743217 
165.99999899 -1.743217 
166.03999899 -1.743217 
166.07999899 -1.743217 
166.11999899 -1.743217 
166.15999899 -1.743217 
166.19999899 -1.743217 
166.23999899 -1.743217 
166.27999899 -1.743217 
166.31999899 -1.743217 
166.35999899 -1.743217 
166.39999899 -1.743217 
166.43999899 -1.743217 
166.47999899 -1.569262 
166.51999899 -1.743217 
166.55999899 -1.569262 
166.59999899 -1.743217 
166.63999899 -1.743217 
166.67999899 -1.569262 
166.71999899 -1.569262 
166.75999899 -1.743217 
166.79999899 -1.569262 
166.83999899 -1.569262 
166.87999899 -1.569262 
166.91999899 -1.569262 
166.95999899 -1.569262 
166.99999899 -1.569262 
167.03999898 -1.569262 
167.07999898 -1.569262 
167.11999898 -1.569262 
167.15999898 -1.569262 
167.19999898 -1.569262 
167.23999898 -1.569262 
167.27999898 -1.569262 
167.31999898 -1.569262 
167.35999898 -1.569262 
167.39999898 -1.569262 
167.43999898 -1.395306 
167.47999898 -1.569262 
167.51999898 -1.395306 
167.55999898 -1.395306 
167.59999898 -1.569262 
167.63999898 -1.395306 
167.67999898 -1.395306 
167.71999898 -1.569262 
167.75999898 -1.395306 
167.79999898 -1.569262 
167.83999898 -1.395306 
167.87999898 -1.395306 
167.91999898 -1.395306 
167.95999898 -1.395306 
167.99999898 -1.395306 
168.03999898 -1.395306 
168.07999898 -1.395306 
168.11999898 -1.395306 
168.15999898 -1.395306 
168.19999898 -1.395306 
168.23999898 -1.395306 
168.27999898 -1.395306 
168.31999898 -1.395306 
168.35999898 -1.395306 
168.39999898 -1.395306 
168.43999898 -1.395306 
168.47999898 -1.22074 
168.51999898 -1.395306 
168.55999898 -1.22074 
168.59999898 -1.395306 
168.63999898 -1.395306 
168.67999897 -1.22074 
168.71999897 -1.395306 
168.75999897 -1.395306 
168.79999897 -1.395306 
168.83999897 -1.22074 
168.87999897 -1.22074 
168.91999897 -1.22074 
168.95999897 -1.22074 
168.99999897 -1.22074 
169.03999897 -1.22074 
169.07999897 -1.22074 
169.11999897 -1.22074 
169.15999897 -1.22074 
169.19999897 -1.22074 
169.23999897 -1.22074 
169.27999897 -1.22074 
169.31999897 -1.046785 
169.35999897 -1.22074 
169.39999897 -1.22074 
169.43999897 -1.22074 
169.47999897 -1.22074 
169.51999897 -1.046785 
169.55999897 -1.22074 
169.59999897 -1.046785 
169.63999897 -1.22074 
169.67999897 -1.046785 
169.71999897 -1.046785 
169.75999897 -1.046785 
169.79999897 -1.046785 
169.83999897 -1.046785 
169.87999897 -1.046785 
169.91999897 -1.046785 
169.95999897 -1.22074 
169.99999897 -1.046785 
170.03999897 -1.046785 
170.07999897 -1.046785 
170.11999897 -1.046785 
170.15999897 -1.046785 
170.19999897 -1.046785 
170.23999897 -1.046785 
170.27999897 -1.046785 
170.31999896 -1.046785 
170.35999896 -0.8728294 
170.39999896 -1.046785 
170.43999896 -0.8728294 
170.47999896 -1.046785 
170.51999896 -1.046785 
170.55999896 -1.046785 
170.59999896 -0.8728294 
170.63999896 -1.046785 
170.67999896 -1.046785 
170.71999896 -1.046785 
170.75999896 -0.8728294 
170.79999896 -0.8728294 
170.83999896 -0.8728294 
170.87999896 -0.8728294 
170.91999896 -0.8728294 
170.95999896 -0.8728294 
170.99999896 -0.8728294 
171.03999896 -0.8728294 
171.07999896 -0.8728294 
171.11999896 -0.8728294 
171.15999896 -0.8728294 
171.19999896 -0.8728294 
171.23999896 -0.8728294 
171.27999896 -0.8728294 
171.31999896 -0.8728294 
171.35999896 -0.8728294 
171.39999896 -0.8728294 
171.43999896 -0.8728294 
171.47999896 -0.8728294 
171.51999896 -0.8728294 
171.55999896 -0.8728294 
171.59999896 -0.8728294 
171.63999896 -0.8728294 
171.67999896 -0.8728294 
171.71999896 -0.8728294 
171.75999896 -0.8728294 
171.79999896 -0.8728294 
171.83999896 -0.8728294 
171.87999896 -0.8728294 
171.91999896 -0.8728294 
171.95999895 -0.8728294 
171.99999895 -0.8728294 
172.03999895 -0.8728294 
172.07999895 -0.8728294 
172.11999895 -0.8728294 
172.15999895 -0.8728294 
172.19999895 -0.8728294 
172.23999895 -0.8728294 
172.27999895 -0.8728294 
172.31999895 -0.8728294 
172.35999895 -0.8728294 
172.39999895 -0.8728294 
172.43999895 -0.8728294 
172.47999895 -0.8728294 
172.51999895 -0.8728294 
172.55999895 -0.8728294 
172.59999895 -0.6988739 
172.63999895 -0.8728294 
172.67999895 -0.8728294 
172.71999895 -0.8728294 
172.75999895 -0.8728294 
172.79999895 -0.6988739 
172.83999895 -0.8728294 
172.87999895 -0.8728294 
172.91999895 -0.8728294 
172.95999895 -0.8728294 
172.99999895 -0.6988739 
173.03999895 -0.8728294 
173.07999895 -0.8728294 
173.11999895 -0.8728294 
173.15999895 -0.6988739 
173.19999895 -0.8728294 
173.23999895 -0.8728294 
173.27999895 -0.6988739 
173.31999895 -0.6988739 
173.35999895 -0.6988739 
173.39999895 -0.6988739 
173.43999895 -0.8728294 
173.47999895 -0.6988739 
173.51999895 -0.8728294 
173.55999895 -0.6988739 
173.59999894 -0.6988739 
173.63999894 -0.6988739 
173.67999894 -0.8728294 
173.71999894 -0.6988739 
173.75999894 -0.6988739 
173.79999894 -0.8728294 
173.83999894 -0.6988739 
173.87999894 -0.8728294 
173.91999894 -0.8728294 
173.95999894 -0.6988739 
173.99999894 -0.6988739 
174.03999894 -0.6988739 
174.07999894 -0.6988739 
174.11999894 -0.6988739 
174.15999894 -0.6988739 
174.19999894 -0.6988739 
174.23999894 -0.8728294 
174.27999894 -0.6988739 
174.31999894 -0.6988739 
174.35999894 -0.6988739 
174.39999894 -0.6988739 
174.43999894 -0.6988739 
174.47999894 -0.6988739 
174.51999894 -0.6988739 
174.55999894 -0.6988739 
174.59999894 -0.6988739 
174.63999894 -0.6988739 
174.67999894 -0.6988739 
174.71999894 -0.6988739 
174.75999894 -0.6988739 
174.79999894 -0.6988739 
174.83999894 -0.6988739 
174.87999894 -0.6988739 
174.91999894 -0.6988739 
174.95999894 -0.8728294 
174.99999894 -0.6988739 
175.03999894 -0.6988739 
175.07999894 -0.6988739 
175.11999894 -0.6988739 
175.15999894 -0.6988739 
175.19999894 -0.6988739 
175.23999893 -0.6988739 
175.27999893 -0.6988739 
175.31999893 -0.6988739 
175.35999893 -0.6988739 
175.39999893 -0.6988739 
175.43999893 -0.6988739 
175.47999893 -0.6988739 
175.51999893 -0.6988739 
175.55999893 -0.6988739 
175.59999893 -0.6988739 
175.63999893 -0.6988739 
175.67999893 -0.6988739 
175.71999893 -0.6988739 
175.75999893 -0.6988739 
175.79999893 -0.6988739 
175.83999893 -0.6988739 
175.87999893 -0.6988739 
175.91999893 -0.6988739 
175.95999893 -0.6988739 
175.99999893 -0.6988739 
176.03999893 -0.6988739 
176.07999893 -0.6988739 
176.11999893 -0.6988739 
176.15999893 -0.6988739 
176.19999893 -0.6988739 
176.23999893 -0.6988739 
176.27999893 -0.6988739 
176.31999893 -0.6988739 
176.35999893 -0.6988739 
176.39999893 -0.6988739 
176.43999893 -0.6988739 
176.47999893 -0.6988739 
176.51999893 -0.6988739 
176.55999893 -0.6988739 
176.59999893 -0.6988739 
176.63999893 -0.6988739 
176.67999893 -0.6988739 
176.71999893 -0.6988739 
176.75999893 -0.6988739 
176.79999893 -0.6988739 
176.83999893 -0.6988739 
176.87999893 -0.524308 
176.91999892 -0.6988739 
176.95999892 -0.6988739 
176.99999892 -0.6988739 
177.03999892 -0.524308 
177.07999892 -0.524308 
177.11999892 -0.524308 
177.15999892 -0.524308 
177.19999892 -0.6988739 
177.23999892 -0.6988739 
177.27999892 -0.524308 
177.31999892 -0.6988739 
177.35999892 -0.6988739 
177.39999892 -0.6988739 
177.43999892 -0.6988739 
177.47999892 -0.524308 
177.51999892 -0.524308 
177.55999892 -0.524308 
177.59999892 -0.524308 
177.63999892 -0.524308 
177.67999892 -0.524308 
177.71999892 -0.3503525 
177.75999892 -0.524308 
177.79999892 -0.524308 
177.83999892 -0.3503525 
177.87999892 -0.524308 
177.91999892 -0.524308 
177.95999892 -0.3503525 
177.99999892 -0.3503525 
178.03999892 -0.3503525 
178.07999892 -0.3503525 
178.11999892 -0.3503525 
178.15999892 -0.3503525 
178.19999892 -0.3503525 
178.23999892 -0.3503525 
178.27999892 -0.3503525 
178.31999892 -0.524308 
178.35999892 -0.3503525 
178.39999892 -0.3503525 
178.43999892 -0.3503525 
178.47999892 -0.3503525 
178.51999892 -0.3503525 
178.55999891 -0.3503525 
178.59999891 -0.3503525 
178.63999891 -0.3503525 
178.67999891 -0.3503525 
178.71999891 -0.3503525 
178.75999891 -0.3503525 
178.79999891 -0.3503525 
178.83999891 -0.3503525 
178.87999891 -0.3503525 
178.91999891 -0.3503525 
178.95999891 -0.3503525 
178.99999891 -0.3503525 
179.03999891 -0.3503525 
179.07999891 -0.3503525 
179.11999891 -0.3503525 
179.15999891 -0.3503525 
179.19999891 -0.3503525 
179.23999891 -0.3503525 
179.27999891 -0.3503525 
179.31999891 -0.3503525 
179.35999891 -0.3503525 
179.39999891 -0.3503525 
179.43999891 -0.3503525 
179.47999891 -0.3503525 
179.51999891 -0.3503525 
179.55999891 -0.3503525 
179.59999891 -0.3503525 
179.63999891 -0.3503525 
179.67999891 -0.3503525 
179.71999891 -0.3503525 
179.75999891 -0.3503525 
179.79999891 -0.3503525 
179.83999891 -0.3503525 
179.87999891 -0.3503525 
179.91999891 -0.3503525 
179.95999891 -0.3503525 
179.99999891 -0.3503525 
180.03999891 -0.3503525 
180.07999891 -0.3503525 
180.11999891 -0.3503525 
180.15999891 -0.3503525 
180.1999989 -0.3503525 
180.2399989 -0.3503525 
180.2799989 -0.3503525 
180.3199989 -0.3503525 
180.3599989 -0.3503525 
180.3999989 -0.3503525 
180.4399989 -0.3503525 
180.4799989 -0.3503525 
180.5199989 -0.3503525 
180.5599989 -0.3503525 
180.5999989 -0.3503525 
180.6399989 -0.3503525 
180.6799989 -0.3503525 
180.7199989 -0.3503525 
180.7599989 -0.3503525 
180.7999989 -0.3503525 
180.8399989 -0.3503525 
180.8799989 -0.3503525 
180.9199989 -0.3503525 
180.9599989 -0.3503525 
180.9999989 -0.3503525 
181.0399989 -0.3503525 
181.0799989 -0.3503525 
181.1199989 -0.3503525 
181.1599989 -0.3503525 
181.1999989 -0.3503525 
181.2399989 -0.3503525 
181.2799989 -0.3503525 
181.3199989 -0.3503525 
181.3599989 -0.3503525 
181.3999989 -0.3503525 
181.4399989 -0.3503525 
181.4799989 -0.3503525 
181.5199989 -0.3503525 
181.5599989 -0.3503525 
181.5999989 -0.3503525 
181.6399989 -0.3503525 
181.6799989 -0.3503525 
181.7199989 -0.3503525 
181.7599989 -0.3503525 
181.7999989 -0.3503525 
181.83999889 -0.3503525 
181.87999889 -0.3503525 
181.91999889 -0.3503525 
181.95999889 -0.3503525 
181.99999889 -0.3503525 
182.03999889 -0.3503525 
182.07999889 -0.3503525 
182.11999889 -0.3503525 
182.15999889 -0.3503525 
182.19999889 -0.3503525 
182.23999889 -0.3503525 
182.27999889 -0.3503525 
182.31999889 -0.3503525 
182.35999889 -0.3503525 
182.39999889 -0.3503525 
182.43999889 -0.3503525 
182.47999889 -0.3503525 
182.51999889 -0.3503525 
182.55999889 -0.3503525 
182.59999889 -0.3503525 
182.63999889 -0.3503525 
182.67999889 -0.3503525 
182.71999889 -0.3503525 
182.75999889 -0.3503525 
182.79999889 -0.3503525 
182.83999889 -0.3503525 
182.87999889 -0.3503525 
182.91999889 -0.3503525 
182.95999889 -0.3503525 
182.99999889 -0.3503525 
183.03999889 -0.3503525 
183.07999889 -0.3503525 
183.11999889 -0.3503525 
183.15999889 -0.3503525 
183.19999889 -0.3503525 
183.23999889 -0.3503525 
183.27999889 -0.3503525 
183.31999889 -0.3503525 
183.35999889 -0.3503525 
183.39999889 -0.3503525 
183.47999888 -0.3503525 
183.51999888 -0.3503525 
183.55999888 -0.3503525 
183.59999888 -0.3503525 
183.63999888 -0.3503525 
183.67999888 -0.3503525 
183.71999888 -0.3503525 
183.75999888 -0.3503525 
183.79999888 -0.3503525 
183.95999888 -0.3503525 
183.99999888 -0.3503525 
184.03999888 -0.3503525 
184.07999888 -0.3503525 
184.15999888 -0.3503525 
184.19999888 -0.3503525 
184.23999888 -0.3503525 
184.31999888 -0.3503525 
184.35999888 -0.3503525 
184.39999888 -0.3503525 
184.43999888 -0.3503525 
184.47999888 -0.3503525 
184.63999888 -0.3503525 
184.79999888 -0.3503525 
184.95999888 -0.3503525 
185.11999887 -0.3503525 
185.15999887 -0.3503525 
185.23999887 -0.3503525 
185.39999887 -0.3503525 
185.47999887 -0.3503525 
0 0 
