0.0 -0.4989776 
0.04 -0.4989776 
0.08 -0.4989776 
0.2 -0.4989776 
0.24 -0.4989776 
0.36 -0.4989776 
0.4 -0.4989776 
0.44 -0.941496 
0.48 -0.4989776 
0.52 -0.4989776 
0.6 -0.4989776 
0.64 -0.4989776 
0.68 -0.941496 
0.72 -0.4989776 
0.76 -0.941496 
0.8 -0.941496 
0.87999999 -0.4989776 
0.91999999 -0.941496 
0.95999999 -0.941496 
0.99999999 -0.941496 
1.03999999 -0.4989776 
1.07999999 -0.4989776 
1.11999999 -0.4989776 
1.15999999 -0.941496 
1.19999999 -0.941496 
1.23999999 -0.4989776 
1.27999999 -0.4989776 
1.31999999 -0.4989776 
1.35999999 -0.4989776 
1.39999999 -0.4989776 
1.43999999 -0.4989776 
1.47999999 -0.941496 
1.51999999 -0.4989776 
1.55999999 -0.4989776 
1.59999999 -0.941496 
1.63999999 -0.941496 
1.67999999 -0.941496 
1.71999999 -0.4989776 
1.75999999 -0.4989776 
1.79999999 -0.4989776 
1.87999999 -0.4989776 
1.91999999 -0.4989776 
1.95999999 -0.4989776 
1.99999999 -0.941496 
2.03999999 -0.4989776 
2.07999999 -0.4989776 
2.11999999 -0.4989776 
2.15999999 -0.4989776 
2.19999999 -0.4989776 
2.23999999 -0.4989776 
2.27999999 -0.4989776 
2.35999999 -0.941496 
2.39999999 -3.151036 
2.51999998 -0.941496 
2.63999998 -0.4989776 
2.67999998 -0.4989776 
2.79999998 -0.4989776 
6.63999996 -0.4989776 
6.95999996 -5.803094 
7.07999996 -0.941496 
7.11999996 -8.896146 
7.23999996 -2.708518 
7.39999996 -0.4989776 
7.43999995 -4.034547 
7.47999995 -2.267525 
7.59999995 -1.825007 
7.71999995 -2.708518 
7.75999995 -0.4989776 
7.87999995 -1.825007 
8.07999995 -0.4989776 
8.23999995 -0.941496 
8.39999995 -0.4989776 
10.75999993 -0.941496 
11.67999993 -0.4989776 
12.15999993 -0.4989776 
12.19999993 -0.4989776 
12.35999992 -0.4989776 
12.39999992 -0.4989776 
12.43999992 -0.4989776 
12.47999992 -0.4989776 
12.51999992 -0.4989776 
12.59999992 -0.4989776 
12.67999992 -0.4989776 
12.71999992 -0.4989776 
12.87999992 -0.4989776 
12.91999992 -0.4989776 
13.03999992 -0.4989776 
13.11999992 -0.4989776 
13.15999992 -0.4989776 
19.99999988 -0.4989776 
20.03999988 -0.4989776 
24.15999985 -0.941496 
26.71999984 -0.4989776 
27.35999983 -0.4989776 
27.59999983 -0.4989776 
27.83999983 -0.4989776 
27.87999983 -0.4989776 
27.99999983 -0.4989776 
28.03999983 -0.4989776 
28.31999983 -0.4989776 
28.43999983 -0.4989776 
28.55999983 -0.4989776 
28.71999983 -0.4989776 
28.95999982 -0.941496 
28.99999982 -0.941496 
29.03999982 -0.941496 
29.07999982 -2.267525 
29.11999982 -5.360576 
29.15999982 -0.4989776 
29.27999982 -0.4989776 
29.35999982 -0.941496 
29.51999982 -3.593554 
29.55999982 -0.941496 
29.67999982 -0.4989776 
29.83999982 -1.825007 
29.99999982 -0.941496 
30.15999982 -0.4989776 
33.3599998 -0.4989776 
33.3999998 -0.941496 
33.4399998 -0.941496 
33.5199998 -0.4989776 
33.5599998 -0.941496 
33.6799998 -0.4989776 
33.7199998 -0.4989776 
33.99999979 -0.4989776 
34.47999979 -0.4989776 
34.87999979 -0.4989776 
35.15999979 -0.4989776 
36.79999978 -0.4989776 
36.91999978 -0.941496 
37.19999977 -0.4989776 
37.39999977 -0.4989776 
37.43999977 -0.4989776 
37.87999977 -0.4989776 
37.99999977 -0.4989776 
38.03999977 -0.4989776 
38.11999977 -0.4989776 
38.23999977 -0.4989776 
38.27999977 -0.4989776 
38.35999977 -0.4989776 
38.39999977 -0.4989776 
38.51999977 -0.4989776 
38.55999977 -0.941496 
38.59999977 -0.4989776 
38.63999977 -0.4989776 
38.67999976 -0.4989776 
38.71999976 -0.4989776 
38.75999976 -0.4989776 
38.79999976 -0.941496 
38.83999976 -0.4989776 
38.87999976 -0.4989776 
38.91999976 -0.4989776 
38.99999976 -0.4989776 
39.03999976 -0.4989776 
39.07999976 -0.4989776 
39.11999976 -0.4989776 
39.15999976 -0.4989776 
39.23999976 -0.4989776 
39.27999976 -0.941496 
39.31999976 -0.4989776 
39.43999976 -0.4989776 
39.47999976 -0.4989776 
39.55999976 -0.4989776 
39.63999976 -0.4989776 
39.87999976 -0.4989776 
40.15999976 -0.4989776 
40.39999975 -0.4989776 
46.31999972 -0.941496 
46.43999972 -0.4989776 
46.47999972 -1.825007 
49.5599997 -0.4989776 
49.9999997 -0.4989776 
50.1199997 -0.4989776 
50.1599997 -0.4989776 
50.19999969 -3.593554 
50.31999969 -0.941496 
50.43999969 -0.941496 
50.47999969 -0.941496 
50.63999969 -0.4989776 
50.67999969 -0.941496 
50.71999969 -0.4989776 
50.95999969 -1.382488 
50.99999969 -0.941496 
51.03999969 -0.941496 
51.07999969 -2.708518 
51.11999969 -5.803094 
51.23999969 -1.825007 
51.27999969 -0.941496 
51.35999969 -1.825007 
51.51999969 -3.593554 
51.55999969 -2.267525 
51.59999969 -0.4989776 
51.79999969 -0.941496 
51.83999968 -2.267525 
51.99999968 -1.825007 
52.35999968 -0.4989776 
55.07999967 -0.4989776 
55.27999966 -0.4989776 
55.31999966 -0.4989776 
55.43999966 -0.4989776 
55.47999966 -0.4989776 
55.51999966 -0.4989776 
55.71999966 -0.4989776 
55.83999966 -0.4989776 
55.87999966 -0.4989776 
55.95999966 -0.4989776 
56.03999966 -0.4989776 
56.11999966 -0.4989776 
56.19999966 -0.4989776 
56.23999966 -0.4989776 
56.39999966 -0.4989776 
56.43999966 -0.4989776 
56.79999965 -0.4989776 
56.87999965 -0.4989776 
56.91999965 -0.4989776 
59.83999964 -0.4989776 
59.99999964 -0.4989776 
60.79999963 -0.4989776 
60.83999963 -0.4989776 
61.15999963 -0.4989776 
61.19999963 -0.4989776 
61.27999963 -0.4989776 
61.31999963 -0.4989776 
61.35999963 -0.4989776 
61.39999963 -0.4989776 
61.43999963 -0.4989776 
61.55999963 -0.4989776 
61.59999963 -0.4989776 
61.63999963 -0.4989776 
61.67999963 -0.4989776 
61.71999962 -0.4989776 
61.75999962 -0.941496 
61.79999962 -0.4989776 
61.83999962 -0.4989776 
61.87999962 -0.941496 
61.91999962 -0.4989776 
61.95999962 -0.4989776 
61.99999962 -0.4989776 
62.03999962 -0.4989776 
62.07999962 -0.4989776 
62.11999962 -0.941496 
62.15999962 -0.4989776 
62.23999962 -0.4989776 
62.27999962 -0.4989776 
62.31999962 -0.4989776 
62.35999962 -0.4989776 
62.43999962 -0.4989776 
62.47999962 -0.4989776 
62.51999962 -0.4989776 
62.55999962 -0.4989776 
62.59999962 -0.4989776 
62.67999962 -0.4989776 
62.71999962 -0.4989776 
62.75999962 -0.4989776 
62.79999962 -0.4989776 
62.83999962 -0.4989776 
62.91999962 -0.4989776 
62.95999962 -1.825007 
63.07999962 -0.941496 
63.23999962 -0.4989776 
68.47999958 -0.941496 
68.51999958 -1.382488 
72.75999956 -0.4989776 
73.03999956 -0.4989776 
73.07999956 -2.708518 
73.15999956 -3.593554 
73.19999956 -8.012634 
73.31999955 -2.267525 
73.55999955 -4.477065 
73.59999955 -0.941496 
73.71999955 -1.382488 
73.83999955 -1.825007 
73.87999955 -0.941496 
74.03999955 -0.941496 
74.19999955 -0.4989776 
74.23999955 -0.4989776 
74.39999955 -0.4989776 
76.31999954 -0.941496 
76.35999954 -1.825007 
77.51999953 -0.4989776 
77.55999953 -0.4989776 
86.11999948 -0.941496 
86.15999948 -1.825007 
86.31999948 -0.4989776 
86.75999947 -0.4989776 
86.83999947 -0.4989776 
87.03999947 -0.4989776 
87.07999947 -0.4989776 
87.23999947 -0.4989776 
87.27999947 -0.4989776 
87.31999947 -0.4989776 
87.35999947 -0.4989776 
87.39999947 -0.4989776 
87.47999947 -0.4989776 
87.51999947 -0.4989776 
87.55999947 -0.4989776 
87.59999947 -0.941496 
87.63999947 -0.4989776 
87.71999947 -0.4989776 
87.75999947 -0.941496 
87.79999947 -0.4989776 
87.87999947 -0.4989776 
87.91999947 -0.4989776 
87.95999947 -0.4989776 
87.99999947 -0.4989776 
88.03999946 -0.4989776 
88.07999946 -0.4989776 
88.11999946 -0.4989776 
88.15999946 -0.941496 
88.19999946 -0.4989776 
88.23999946 -0.4989776 
88.27999946 -0.4989776 
88.35999946 -0.4989776 
88.39999946 -0.4989776 
88.43999946 -1.382488 
88.47999946 -0.941496 
88.63999946 -0.4989776 
88.67999946 -0.941496 
88.71999946 -0.4989776 
88.75999946 -0.4989776 
88.79999946 -0.941496 
88.83999946 -0.4989776 
88.87999946 -0.4989776 
88.91999946 -0.4989776 
88.95999946 -0.4989776 
88.99999946 -0.4989776 
89.07999946 -1.382488 
89.11999946 -1.382488 
89.19999946 -0.4989776 
89.23999946 -0.4989776 
89.27999946 -0.941496 
89.35999946 -0.4989776 
89.39999946 -0.941496 
89.43999946 -0.4989776 
89.47999946 -0.4989776 
89.51999946 -0.4989776 
89.55999946 -0.4989776 
89.59999946 -0.4989776 
89.63999946 -0.4989776 
89.75999945 -0.4989776 
89.79999945 -0.4989776 
89.83999945 -0.4989776 
89.87999945 -0.4989776 
89.99999945 -0.4989776 
90.03999945 -0.4989776 
90.07999945 -0.4989776 
90.11999945 -0.4989776 
90.31999945 -0.4989776 
90.35999945 -0.941496 
90.39999945 -0.4989776 
90.67999945 -0.941496 
95.11999942 -5.360576 
95.23999942 -7.129124 
95.27999942 -7.570117 
95.35999942 -0.4989776 
95.39999942 -2.267525 
95.59999942 -4.919584 
95.63999942 -2.267525 
95.75999942 -2.708518 
95.87999942 -3.151036 
95.91999942 -0.4989776 
96.03999942 -1.825007 
96.23999942 -0.4989776 
96.39999941 -0.4989776 
98.9199994 -0.4989776 
99.0399994 -0.941496 
99.0799994 -0.4989776 
99.1999994 -0.4989776 
100.35999939 -0.4989776 
110.11999933 -0.4989776 
110.23999933 -0.4989776 
110.27999933 -0.4989776 
110.35999933 -0.4989776 
110.39999933 -0.4989776 
110.43999933 -0.4989776 
110.47999933 -0.4989776 
110.51999933 -0.4989776 
110.55999933 -0.4989776 
110.59999933 -0.4989776 
110.63999933 -0.4989776 
110.67999933 -0.4989776 
110.71999933 -0.4989776 
110.75999933 -0.4989776 
110.79999933 -0.941496 
110.83999933 -0.941496 
110.87999933 -0.941496 
110.91999933 -1.382488 
110.95999933 -0.941496 
110.99999933 -0.4989776 
111.03999933 -0.941496 
111.07999932 -0.941496 
111.11999932 -0.941496 
111.15999932 -0.941496 
111.19999932 -0.941496 
111.23999932 -0.941496 
111.27999932 -0.941496 
111.31999932 -0.941496 
111.35999932 -0.941496 
111.39999932 -0.4989776 
111.43999932 -0.941496 
111.47999932 -0.4989776 
111.51999932 -0.941496 
111.55999932 -0.941496 
111.59999932 -0.941496 
111.63999932 -0.4989776 
111.67999932 -0.941496 
111.71999932 -0.941496 
111.75999932 -0.941496 
111.79999932 -0.941496 
111.83999932 -0.4989776 
111.87999932 -0.4989776 
111.91999932 -0.941496 
111.95999932 -0.941496 
111.99999932 -0.941496 
112.03999932 -0.941496 
112.07999932 -0.4989776 
112.11999932 -0.4989776 
112.15999932 -0.941496 
112.19999932 -0.941496 
112.23999932 -0.4989776 
112.27999932 -0.4989776 
112.31999932 -0.941496 
112.35999932 -0.4989776 
112.43999932 -3.151036 
112.47999932 -0.941496 
112.55999932 -0.941496 
112.59999932 -0.941496 
112.71999931 -3.593554 
112.75999931 -0.941496 
112.83999931 -0.4989776 
112.87999931 -0.4989776 
112.95999931 -0.4989776 
112.99999931 -0.941496 
113.07999931 -0.4989776 
113.11999931 -0.4989776 
113.23999931 -0.4989776 
113.39999931 -0.4989776 
113.59999931 -0.4989776 
114.8399993 -0.4989776 
114.9999993 -0.4989776 
115.1199993 -0.4989776 
115.2399993 -0.941496 
115.2799993 -0.4989776 
115.3999993 -0.4989776 
115.4399993 -0.4989776 
115.8799993 -0.4989776 
115.9199993 -0.4989776 
116.11999929 -0.4989776 
117.19999929 -0.4989776 
117.23999929 -1.825007 
117.31999929 -5.360576 
117.35999929 -5.360576 
117.47999929 -1.825007 
117.55999929 -0.4989776 
117.71999928 -3.593554 
117.75999928 -0.941496 
117.87999928 -0.4989776 
117.99999928 -0.941496 
118.03999928 -0.941496 
118.19999928 -0.941496 
118.35999928 -0.4989776 
122.19999926 -0.4989776 
122.79999925 -0.4989776 
123.27999925 -0.4989776 
125.35999924 -1.382488 
128.51999922 -2.267525 
134.79999918 -0.4989776 
134.83999918 -2.267525 
135.07999918 -0.4989776 
135.23999918 -0.4989776 
137.71999916 -0.4989776 
137.79999916 -0.4989776 
137.95999916 -0.4989776 
137.99999916 -0.4989776 
138.07999916 -0.4989776 
138.11999916 -0.4989776 
138.15999916 -0.4989776 
138.19999916 -0.4989776 
138.23999916 -0.4989776 
138.31999916 -0.4989776 
138.35999916 -0.4989776 
138.39999916 -0.4989776 
138.43999916 -0.4989776 
138.47999916 -0.4989776 
138.51999916 -0.4989776 
138.55999916 -0.4989776 
138.59999916 -0.4989776 
138.63999916 -0.4989776 
138.71999916 -0.4989776 
138.75999916 -2.267525 
138.87999916 -0.941496 
138.91999916 -0.4989776 
139.03999915 -0.4989776 
139.07999915 -0.941496 
139.11999915 -0.941496 
139.27999915 -1.382488 
139.31999915 -1.825007 
139.35999915 -0.941496 
139.39999915 -3.593554 
139.43999915 -4.477065 
139.55999915 -3.593554 
139.67999915 -2.267525 
139.83999915 -3.151036 
139.87999915 -2.708518 
139.91999915 -0.941496 
140.03999915 -0.4989776 
140.15999915 -2.267525 
140.31999915 -1.825007 
140.67999915 -0.4989776 
141.27999914 -1.382488 
143.27999913 -0.4989776 
143.31999913 -0.4989776 
148.5199991 -0.4989776 
148.7199991 -0.4989776 
148.7599991 -0.4989776 
148.91999909 -0.4989776 
148.95999909 -0.4989776 
148.99999909 -0.4989776 
149.03999909 -0.4989776 
149.15999909 -0.4989776 
149.19999909 -0.4989776 
149.23999909 -0.4989776 
149.27999909 -0.4989776 
149.35999909 -0.4989776 
149.39999909 -0.4989776 
149.43999909 -0.4989776 
149.47999909 -0.4989776 
149.51999909 -0.4989776 
149.55999909 -0.4989776 
149.59999909 -0.4989776 
149.63999909 -0.4989776 
149.75999909 -0.4989776 
149.79999909 -0.941496 
149.83999909 -0.4989776 
149.87999909 -0.4989776 
149.91999909 -0.4989776 
149.95999909 -0.4989776 
149.99999909 -0.4989776 
150.15999909 -0.4989776 
150.19999909 -0.4989776 
150.23999909 -0.4989776 
151.63999908 -0.941496 
151.67999908 -0.941496 
154.63999906 -0.4989776 
154.67999906 -0.4989776 
157.11999905 -0.941496 
160.91999902 -0.4989776 
161.03999902 -0.4989776 
161.15999902 -0.4989776 
161.19999902 -0.941496 
161.35999902 -0.941496 
161.39999902 -0.4989776 
161.51999902 -0.941496 
161.55999902 -0.4989776 
161.59999902 -0.4989776 
161.63999902 -5.803094 
161.67999902 -0.4989776 
161.79999902 -5.803094 
161.91999902 -2.708518 
162.07999901 -1.382488 
162.11999901 -3.593554 
162.15999901 -2.267525 
162.27999901 -1.825007 
162.39999901 -2.267525 
162.55999901 -1.825007 
162.91999901 -0.4989776 
165.039999 -0.4989776 
165.079999 -0.941496 
165.199999 -0.4989776 
166.35999899 -0.4989776 
166.39999899 -0.4989776 
166.67999899 -0.4989776 
167.39999898 -0.4989776 
167.43999898 -0.941496 
170.51999896 -0.4989776 
171.15999896 -0.4989776 
171.19999896 -0.4989776 
171.23999896 -0.4989776 
171.35999896 -0.4989776 
171.43999896 -0.4989776 
171.47999896 -0.4989776 
171.51999896 -0.4989776 
171.55999896 -0.4989776 
171.63999896 -0.4989776 
171.71999896 -0.4989776 
171.75999896 -0.941496 
171.79999896 -0.941496 
171.83999896 -0.4989776 
171.87999896 -0.4989776 
171.91999896 -0.4989776 
171.95999895 -0.4989776 
171.99999895 -0.4989776 
172.03999895 -0.4989776 
172.07999895 -0.4989776 
172.11999895 -0.4989776 
172.15999895 -0.4989776 
172.19999895 -0.4989776 
172.23999895 -0.4989776 
172.27999895 -0.4989776 
172.31999895 -0.941496 
172.35999895 -0.4989776 
172.39999895 -0.4989776 
172.43999895 -0.4989776 
172.47999895 -0.4989776 
172.51999895 -0.4989776 
172.55999895 -0.4989776 
172.59999895 -0.4989776 
172.71999895 -0.4989776 
172.75999895 -0.4989776 
172.79999895 -0.4989776 
172.83999895 -0.4989776 
172.87999895 -0.941496 
172.91999895 -0.4989776 
172.95999895 -0.4989776 
172.99999895 -0.4989776 
173.03999895 -0.4989776 
173.11999895 -0.4989776 
173.15999895 -0.4989776 
173.19999895 -0.4989776 
173.27999895 -0.4989776 
173.31999895 -0.941496 
173.39999895 -0.4989776 
173.51999895 -0.4989776 
173.55999895 -0.4989776 
173.71999894 -0.4989776 
174.87999894 -0.4989776 
175.99999893 -0.4989776 
177.39999892 -0.4989776 
177.95999892 -1.382488 
179.39999891 -0.941496 
183.79999888 -0.4989776 
183.91999888 -4.034547 
183.95999888 -2.708518 
184.07999888 -3.593554 
184.19999888 -1.825007 
184.35999888 -0.941496 
184.39999888 -2.708518 
184.43999888 -1.382488 
184.55999888 -0.941496 
184.67999888 -1.825007 
184.83999888 -1.825007 
185.19999887 -0.4989776 
185.35999887 -0.4989776 
193.43999882 -0.4989776 
193.55999882 -0.941496 
193.71999882 -0.4989776 
193.83999882 -0.4989776 
195.07999881 -0.4989776 
197.7599988 -0.4989776 
197.7999988 -0.4989776 
197.9999988 -0.4989776 
198.0399988 -0.941496 
198.0799988 -0.4989776 
198.1199988 -0.4989776 
198.1999988 -0.4989776 
198.2399988 -0.941496 
198.27999879 -0.4989776 
198.31999879 -0.4989776 
198.35999879 -0.4989776 
198.39999879 -0.4989776 
198.43999879 -0.941496 
198.47999879 -0.4989776 
198.51999879 -0.4989776 
198.55999879 -0.4989776 
198.63999879 -0.4989776 
198.67999879 -0.941496 
198.71999879 -0.941496 
198.75999879 -0.4989776 
198.79999879 -0.4989776 
198.83999879 -0.4989776 
198.87999879 -0.4989776 
198.91999879 -0.941496 
198.95999879 -0.4989776 
198.99999879 -0.4989776 
199.03999879 -0.941496 
199.07999879 -0.941496 
199.11999879 -0.4989776 
199.15999879 -0.941496 
199.19999879 -0.4989776 
199.23999879 -0.4989776 
199.27999879 -0.4989776 
199.31999879 -0.4989776 
199.35999879 -0.4989776 
199.39999879 -0.941496 
199.43999879 -0.941496 
199.47999879 -0.4989776 
199.51999879 -0.4989776 
199.55999879 -0.941496 
199.59999879 -0.4989776 
199.67999879 -0.4989776 
199.71999879 -0.4989776 
199.75999879 -0.4989776 
199.79999879 -0.941496 
199.83999879 -0.4989776 
199.87999879 -0.4989776 
199.99999878 -0.4989776 
200.03999878 -0.4989776 
200.07999878 -0.4989776 
0 0 
