1.07999999 -0.4989776 
1.11999999 -0.4989776 
1.19999999 -0.4989776 
1.23999999 -0.4989776 
1.27999999 -0.4989776 
1.31999999 -0.4989776 
1.35999999 -0.4989776 
1.39999999 -0.4989776 
1.43999999 -0.941496 
1.47999999 -0.941496 
1.51999999 -0.941496 
1.55999999 -0.941496 
1.59999999 -0.941496 
1.63999999 -0.941496 
1.67999999 -1.382488 
1.71999999 -0.941496 
1.75999999 -0.941496 
1.79999999 -0.941496 
1.83999999 -1.382488 
1.87999999 -0.941496 
1.91999999 -0.941496 
1.95999999 -0.941496 
1.99999999 -1.382488 
2.03999999 -1.825007 
2.07999999 -1.825007 
2.11999999 -0.941496 
2.15999999 -1.382488 
2.19999999 -0.941496 
2.23999999 -1.825007 
2.27999999 -1.825007 
2.31999999 -1.382488 
2.35999999 -0.941496 
2.39999999 -0.941496 
2.43999999 -0.941496 
2.47999998 -0.941496 
2.51999998 -1.382488 
2.55999998 -1.382488 
2.59999998 -1.825007 
2.63999998 -0.941496 
2.67999998 -0.941496 
2.71999998 -0.941496 
2.75999998 -0.941496 
2.79999998 -0.941496 
2.83999998 -0.941496 
2.87999998 -0.941496 
2.91999998 -0.941496 
2.95999998 -0.941496 
2.99999998 -0.941496 
3.03999998 -0.941496 
3.07999998 -0.941496 
3.11999998 -0.4989776 
3.15999998 -0.4989776 
3.19999998 -0.4989776 
3.23999998 -0.941496 
3.27999998 -0.4989776 
3.31999998 -0.4989776 
3.43999998 -0.4989776 
3.55999998 -0.941496 
3.59999998 -0.4989776 
6.35999996 -0.4989776 
6.39999996 -0.4989776 
6.43999996 -0.4989776 
6.47999996 -0.4989776 
6.51999996 -0.4989776 
6.55999996 -0.941496 
6.59999996 -0.941496 
6.63999996 -0.941496 
6.67999996 -0.941496 
6.71999996 -0.941496 
6.75999996 -0.941496 
6.79999996 -0.941496 
6.83999996 -0.941496 
6.87999996 -1.382488 
6.91999996 -1.825007 
6.95999996 -0.941496 
6.99999996 -1.825007 
7.03999996 -1.825007 
7.07999996 -1.825007 
7.11999996 -1.825007 
7.15999996 -1.825007 
7.19999996 -1.825007 
7.23999996 -2.267525 
7.27999996 -2.267525 
7.31999996 -2.267525 
7.35999996 -2.267525 
7.39999996 -2.267525 
7.43999995 -2.267525 
7.47999995 -2.708518 
7.51999995 -2.708518 
7.55999995 -2.267525 
7.59999995 -3.151036 
7.63999995 -2.708518 
7.67999995 -3.151036 
7.71999995 -2.708518 
7.75999995 -3.151036 
7.79999995 -3.151036 
7.83999995 -3.151036 
7.87999995 -3.593554 
7.91999995 -3.593554 
7.95999995 -3.593554 
7.99999995 -3.151036 
8.03999995 -3.593554 
8.07999995 -3.593554 
8.11999995 -3.593554 
8.15999995 -3.593554 
8.19999995 -3.593554 
8.23999995 -3.593554 
8.27999995 -3.593554 
8.31999995 -4.034547 
8.35999995 -3.593554 
8.39999995 -3.593554 
8.43999995 -3.593554 
8.47999995 -3.593554 
8.51999995 -3.593554 
8.55999995 -3.593554 
8.59999995 -3.593554 
8.63999995 -4.034547 
8.67999995 -4.034547 
8.71999995 -3.593554 
8.75999995 -3.151036 
8.79999995 -3.593554 
8.83999995 -3.151036 
8.87999995 -3.593554 
8.91999995 -3.593554 
8.95999995 -3.151036 
8.99999995 -3.151036 
9.03999995 -3.151036 
9.07999994 -3.151036 
9.11999994 -3.151036 
9.15999994 -2.708518 
9.19999994 -2.708518 
9.23999994 -2.708518 
9.27999994 -2.708518 
9.31999994 -2.708518 
9.35999994 -2.267525 
9.39999994 -2.267525 
9.43999994 -2.267525 
9.47999994 -1.825007 
9.51999994 -1.825007 
9.55999994 -2.267525 
9.59999994 -1.825007 
9.63999994 -1.825007 
9.67999994 -1.825007 
9.71999994 -1.825007 
9.75999994 -1.382488 
9.79999994 -0.941496 
9.83999994 -0.941496 
9.87999994 -0.941496 
9.91999994 -0.4989776 
9.95999994 -0.941496 
9.99999994 -0.941496 
10.03999994 -0.4989776 
10.07999994 -0.4989776 
12.87999992 -0.4989776 
12.95999992 -0.4989776 
12.99999992 -0.4989776 
13.03999992 -0.941496 
13.07999992 -0.941496 
13.11999992 -0.4989776 
13.15999992 -0.941496 
13.19999992 -0.941496 
13.23999992 -0.941496 
13.27999992 -0.941496 
13.31999992 -0.941496 
13.35999992 -0.941496 
13.39999992 -1.825007 
13.43999992 -1.382488 
13.47999992 -0.941496 
13.51999992 -0.941496 
13.55999992 -1.825007 
13.59999992 -1.825007 
13.63999992 -0.941496 
13.67999992 -1.825007 
13.71999992 -1.825007 
13.75999992 -1.382488 
13.79999992 -1.825007 
13.83999992 -1.825007 
13.87999992 -1.825007 
13.91999992 -1.825007 
13.95999992 -1.825007 
13.99999991 -1.825007 
14.03999991 -1.825007 
14.07999991 -1.825007 
14.11999991 -1.825007 
14.15999991 -1.382488 
14.19999991 -1.382488 
14.23999991 -1.825007 
14.27999991 -1.382488 
14.31999991 -0.941496 
14.35999991 -1.825007 
14.39999991 -0.941496 
14.43999991 -1.382488 
14.47999991 -0.941496 
14.51999991 -0.941496 
14.55999991 -0.941496 
14.59999991 -0.941496 
14.63999991 -0.4989776 
14.67999991 -0.4989776 
14.71999991 -0.4989776 
14.75999991 -0.4989776 
14.79999991 -0.4989776 
22.99999986 -0.4989776 
23.03999986 -0.4989776 
23.07999986 -0.4989776 
23.11999986 -0.4989776 
23.15999986 -0.4989776 
23.19999986 -0.941496 
23.23999986 -0.4989776 
23.27999986 -0.4989776 
23.31999986 -0.941496 
23.35999986 -0.941496 
23.39999986 -0.4989776 
23.43999986 -0.941496 
23.47999986 -0.941496 
23.51999986 -0.941496 
23.55999986 -0.941496 
23.59999986 -0.941496 
23.63999986 -1.382488 
23.67999986 -1.825007 
23.71999986 -1.825007 
23.75999986 -1.382488 
23.79999986 -1.825007 
23.83999986 -1.825007 
23.87999985 -1.825007 
23.91999985 -1.825007 
23.95999985 -1.825007 
23.99999985 -1.825007 
24.03999985 -1.825007 
24.07999985 -2.267525 
24.11999985 -1.825007 
24.15999985 -2.267525 
24.19999985 -2.267525 
24.23999985 -2.267525 
24.27999985 -2.267525 
24.31999985 -2.267525 
24.35999985 -2.267525 
24.39999985 -2.267525 
24.43999985 -2.267525 
24.47999985 -2.708518 
24.51999985 -2.708518 
24.55999985 -2.708518 
24.59999985 -2.267525 
24.63999985 -2.708518 
24.67999985 -2.708518 
24.71999985 -2.708518 
24.75999985 -2.708518 
24.79999985 -2.708518 
24.83999985 -2.708518 
24.87999985 -2.708518 
24.91999985 -2.708518 
24.95999985 -2.708518 
24.99999985 -2.708518 
25.03999985 -2.708518 
25.07999985 -2.708518 
25.11999985 -2.708518 
25.15999985 -2.708518 
25.19999985 -2.708518 
25.23999985 -2.708518 
25.27999985 -2.708518 
25.31999985 -2.708518 
25.35999985 -2.708518 
25.39999985 -2.708518 
25.43999985 -2.708518 
25.47999985 -2.708518 
25.51999984 -2.267525 
25.55999984 -2.708518 
25.59999984 -2.267525 
25.63999984 -2.708518 
25.67999984 -2.708518 
25.71999984 -2.708518 
25.75999984 -2.267525 
25.79999984 -2.267525 
25.83999984 -2.267525 
25.87999984 -1.825007 
25.91999984 -1.825007 
25.95999984 -2.267525 
25.99999984 -2.267525 
26.03999984 -1.825007 
26.07999984 -1.825007 
26.11999984 -1.825007 
26.15999984 -1.825007 
26.19999984 -1.825007 
26.23999984 -1.382488 
26.27999984 -0.941496 
26.31999984 -0.941496 
26.35999984 -0.941496 
26.39999984 -0.4989776 
26.43999984 -0.4989776 
26.47999984 -0.941496 
26.51999984 -0.4989776 
29.71999982 -0.4989776 
29.75999982 -0.4989776 
29.79999982 -0.4989776 
29.83999982 -0.4989776 
29.87999982 -0.941496 
29.91999982 -0.941496 
29.95999982 -0.4989776 
29.99999982 -0.941496 
30.03999982 -0.941496 
30.07999982 -0.941496 
30.11999982 -0.941496 
30.15999982 -1.382488 
30.19999982 -1.382488 
30.23999982 -1.382488 
30.27999982 -1.382488 
30.31999982 -1.825007 
30.35999982 -1.825007 
30.39999982 -1.825007 
30.43999982 -1.825007 
30.47999981 -1.825007 
30.51999981 -1.825007 
30.55999981 -2.267525 
30.59999981 -2.267525 
30.63999981 -2.267525 
30.67999981 -2.267525 
30.71999981 -2.267525 
30.75999981 -2.267525 
30.79999981 -2.267525 
30.83999981 -2.267525 
30.87999981 -2.267525 
30.91999981 -2.267525 
30.95999981 -2.267525 
30.99999981 -2.267525 
31.03999981 -2.708518 
31.07999981 -2.708518 
31.11999981 -2.267525 
31.15999981 -2.708518 
31.19999981 -2.708518 
31.23999981 -2.267525 
31.27999981 -2.267525 
31.31999981 -2.708518 
31.35999981 -2.267525 
31.39999981 -2.267525 
31.43999981 -2.267525 
31.47999981 -2.267525 
31.51999981 -2.267525 
31.55999981 -2.267525 
31.59999981 -2.267525 
31.63999981 -2.267525 
31.67999981 -1.825007 
31.71999981 -1.825007 
31.75999981 -1.825007 
31.79999981 -2.267525 
31.83999981 -2.267525 
31.87999981 -1.825007 
31.91999981 -1.825007 
31.95999981 -1.825007 
31.99999981 -1.825007 
32.03999981 -1.825007 
32.07999981 -1.825007 
32.1199998 -1.382488 
32.1599998 -1.825007 
32.1999998 -1.825007 
32.2399998 -1.825007 
32.2799998 -1.825007 
32.3199998 -1.382488 
32.3599998 -0.941496 
32.3999998 -1.825007 
32.4399998 -1.825007 
32.4799998 -1.825007 
32.5199998 -0.941496 
32.5599998 -1.382488 
32.5999998 -1.825007 
32.6399998 -0.941496 
32.6799998 -0.941496 
32.7199998 -0.941496 
32.7599998 -0.941496 
32.7999998 -0.941496 
32.8399998 -0.941496 
32.8799998 -0.941496 
32.9199998 -0.941496 
32.9599998 -0.941496 
32.9999998 -0.941496 
33.0399998 -0.941496 
33.0799998 -0.941496 
33.1199998 -0.941496 
33.1599998 -0.941496 
33.1999998 -0.4989776 
33.2399998 -0.941496 
33.2799998 -0.941496 
33.3199998 -0.941496 
33.3599998 -0.941496 
33.3999998 -0.941496 
33.4399998 -0.941496 
33.4799998 -0.941496 
33.5199998 -0.941496 
33.5599998 -0.941496 
33.5999998 -0.941496 
33.6399998 -0.941496 
33.6799998 -0.941496 
33.7199998 -0.941496 
33.75999979 -0.941496 
33.79999979 -0.941496 
33.83999979 -0.941496 
33.87999979 -0.941496 
33.91999979 -0.941496 
33.95999979 -0.941496 
33.99999979 -0.941496 
34.03999979 -0.941496 
34.07999979 -0.941496 
34.11999979 -0.941496 
34.15999979 -0.941496 
34.19999979 -0.941496 
34.23999979 -0.941496 
34.27999979 -0.941496 
34.31999979 -0.941496 
34.35999979 -0.941496 
34.39999979 -0.941496 
34.43999979 -0.941496 
34.47999979 -0.941496 
34.51999979 -0.941496 
34.55999979 -0.941496 
34.59999979 -0.941496 
34.63999979 -0.941496 
34.67999979 -0.941496 
34.71999979 -0.941496 
34.75999979 -0.941496 
34.79999979 -0.941496 
34.83999979 -0.941496 
34.87999979 -0.941496 
34.91999979 -0.941496 
34.95999979 -0.941496 
34.99999979 -0.941496 
35.03999979 -0.941496 
35.07999979 -0.941496 
35.11999979 -0.941496 
35.15999979 -1.382488 
35.19999979 -1.382488 
35.23999979 -1.825007 
35.27999979 -1.825007 
35.31999979 -0.941496 
35.35999979 -0.941496 
35.39999978 -1.825007 
35.43999978 -1.825007 
35.47999978 -1.825007 
35.51999978 -1.825007 
35.55999978 -1.825007 
35.59999978 -1.825007 
35.63999978 -1.825007 
35.67999978 -1.382488 
35.71999978 -1.382488 
35.75999978 -1.825007 
35.79999978 -1.825007 
35.83999978 -1.382488 
35.87999978 -1.825007 
35.91999978 -1.825007 
35.95999978 -1.825007 
35.99999978 -1.382488 
36.03999978 -1.825007 
36.07999978 -1.825007 
36.11999978 -1.825007 
36.15999978 -1.825007 
36.19999978 -1.825007 
36.23999978 -1.382488 
36.27999978 -1.825007 
36.31999978 -1.825007 
36.35999978 -1.382488 
36.39999978 -0.941496 
36.43999978 -1.382488 
36.47999978 -1.382488 
36.51999978 -0.941496 
36.55999978 -0.941496 
36.59999978 -1.382488 
36.63999978 -1.382488 
36.67999978 -0.941496 
36.71999978 -0.941496 
36.75999978 -0.941496 
36.79999978 -0.941496 
36.83999978 -0.941496 
36.87999978 -0.941496 
36.91999978 -0.941496 
36.95999978 -0.941496 
36.99999978 -0.941496 
37.03999977 -0.4989776 
37.07999977 -0.4989776 
37.11999977 -0.4989776 
37.15999977 -0.4989776 
37.19999977 -0.4989776 
37.23999977 -0.4989776 
37.27999977 -0.4989776 
37.31999977 -0.4989776 
37.39999977 -0.4989776 
37.43999977 -0.4989776 
46.19999972 -0.4989776 
46.23999972 -0.4989776 
46.27999972 -0.4989776 
46.31999972 -0.4989776 
46.35999972 -0.941496 
46.39999972 -0.941496 
46.43999972 -0.941496 
46.47999972 -0.941496 
46.51999972 -0.941496 
46.55999972 -0.941496 
46.59999972 -1.382488 
46.63999972 -0.941496 
46.67999972 -0.941496 
46.71999972 -0.941496 
46.75999972 -1.382488 
46.79999972 -1.825007 
46.83999972 -1.825007 
46.87999972 -1.825007 
46.91999971 -1.825007 
46.95999971 -1.382488 
46.99999971 -1.825007 
47.03999971 -1.382488 
47.07999971 -1.825007 
47.11999971 -1.825007 
47.15999971 -1.825007 
47.19999971 -1.825007 
47.23999971 -1.825007 
47.27999971 -1.825007 
47.31999971 -1.825007 
47.35999971 -2.267525 
47.39999971 -1.825007 
47.43999971 -1.825007 
47.47999971 -1.825007 
47.51999971 -2.267525 
47.55999971 -1.825007 
47.59999971 -2.267525 
47.63999971 -1.825007 
47.67999971 -2.267525 
47.71999971 -1.825007 
47.75999971 -1.825007 
47.79999971 -1.825007 
47.83999971 -1.825007 
47.87999971 -1.825007 
47.91999971 -1.825007 
47.95999971 -1.825007 
47.99999971 -1.825007 
48.03999971 -1.825007 
48.07999971 -1.825007 
48.11999971 -1.382488 
48.15999971 -1.825007 
48.19999971 -1.825007 
48.23999971 -1.825007 
48.27999971 -1.825007 
48.31999971 -1.825007 
48.35999971 -1.825007 
48.39999971 -1.825007 
48.43999971 -0.941496 
48.47999971 -1.382488 
48.51999971 -1.382488 
48.5599997 -0.941496 
48.5999997 -0.941496 
48.6399997 -0.941496 
48.6799997 -0.941496 
48.7199997 -0.941496 
48.7599997 -0.941496 
48.7999997 -0.4989776 
48.8399997 -0.941496 
48.8799997 -0.941496 
48.9199997 -0.4989776 
48.9599997 -0.4989776 
48.9999997 -0.4989776 
49.0399997 -0.941496 
49.0799997 -0.4989776 
49.1199997 -0.4989776 
49.1599997 -0.4989776 
49.1999997 -0.4989776 
49.2399997 -0.4989776 
49.2799997 -0.4989776 
49.4799997 -0.4989776 
56.71999966 -0.4989776 
56.75999966 -0.4989776 
56.79999965 -0.4989776 
56.83999965 -0.4989776 
56.87999965 -0.941496 
56.91999965 -0.941496 
56.95999965 -0.941496 
56.99999965 -0.941496 
57.03999965 -0.941496 
57.07999965 -0.941496 
57.11999965 -0.941496 
57.15999965 -0.941496 
57.19999965 -0.941496 
57.23999965 -1.382488 
57.27999965 -1.382488 
57.31999965 -1.825007 
57.35999965 -1.382488 
57.39999965 -1.825007 
57.43999965 -1.825007 
57.47999965 -1.825007 
57.51999965 -1.825007 
57.55999965 -1.825007 
57.59999965 -1.825007 
57.63999965 -2.267525 
57.67999965 -2.267525 
57.71999965 -2.267525 
57.75999965 -2.267525 
57.79999965 -2.267525 
57.83999965 -2.267525 
57.87999965 -2.267525 
57.91999965 -2.267525 
57.95999965 -2.708518 
57.99999965 -2.708518 
58.03999965 -1.825007 
58.07999965 -2.708518 
58.11999965 -2.267525 
58.15999965 -2.708518 
58.19999965 -3.151036 
58.23999965 -2.267525 
58.27999965 -2.267525 
58.31999965 -3.151036 
58.35999965 -2.708518 
58.39999965 -2.267525 
58.43999964 -2.708518 
58.47999964 -2.708518 
58.51999964 -2.708518 
58.55999964 -2.708518 
58.59999964 -2.708518 
58.63999964 -2.708518 
58.67999964 -2.708518 
58.71999964 -2.708518 
58.75999964 -2.708518 
58.79999964 -2.267525 
58.83999964 -2.708518 
58.87999964 -2.708518 
58.91999964 -2.267525 
58.95999964 -2.708518 
58.99999964 -2.708518 
59.03999964 -2.267525 
59.07999964 -2.267525 
59.11999964 -2.267525 
59.15999964 -2.267525 
59.19999964 -2.267525 
59.23999964 -2.267525 
59.27999964 -2.267525 
59.31999964 -2.267525 
59.35999964 -2.267525 
59.39999964 -2.267525 
59.43999964 -2.267525 
59.47999964 -2.267525 
59.51999964 -2.267525 
59.55999964 -1.825007 
59.59999964 -1.825007 
59.63999964 -1.825007 
59.67999964 -1.825007 
59.71999964 -1.825007 
59.75999964 -1.825007 
59.79999964 -1.825007 
59.83999964 -1.825007 
59.87999964 -1.825007 
59.91999964 -1.382488 
59.95999964 -1.382488 
59.99999964 -1.382488 
60.03999964 -0.941496 
60.07999963 -1.825007 
60.11999963 -1.825007 
60.15999963 -1.382488 
60.19999963 -0.941496 
60.23999963 -0.941496 
60.27999963 -0.941496 
60.31999963 -0.941496 
60.35999963 -0.941496 
60.39999963 -0.941496 
60.43999963 -0.941496 
60.47999963 -0.941496 
60.51999963 -0.941496 
60.55999963 -0.941496 
60.59999963 -0.941496 
60.63999963 -0.941496 
60.67999963 -0.4989776 
60.71999963 -0.941496 
60.75999963 -0.4989776 
60.79999963 -0.4989776 
60.83999963 -0.4989776 
60.87999963 -0.4989776 
60.91999963 -0.4989776 
60.95999963 -0.941496 
60.99999963 -0.4989776 
61.03999963 -0.4989776 
61.07999963 -0.4989776 
61.11999963 -0.4989776 
61.15999963 -0.4989776 
61.19999963 -0.4989776 
61.23999963 -0.4989776 
61.27999963 -0.4989776 
61.31999963 -0.4989776 
61.39999963 -0.4989776 
61.43999963 -0.4989776 
61.51999963 -0.4989776 
61.59999963 -0.4989776 
61.63999963 -0.4989776 
61.67999963 -0.4989776 
61.87999962 -0.4989776 
61.91999962 -0.4989776 
61.95999962 -0.4989776 
61.99999962 -0.4989776 
62.03999962 -0.4989776 
62.07999962 -0.4989776 
62.11999962 -0.4989776 
62.15999962 -0.4989776 
62.19999962 -0.4989776 
62.23999962 -0.4989776 
62.27999962 -0.4989776 
62.31999962 -0.4989776 
62.35999962 -0.4989776 
62.39999962 -0.4989776 
62.43999962 -0.4989776 
62.47999962 -0.941496 
62.51999962 -0.941496 
62.55999962 -0.4989776 
62.59999962 -0.941496 
62.63999962 -0.941496 
62.71999962 -0.941496 
62.75999962 -1.825007 
62.79999962 -0.941496 
62.83999962 -0.941496 
62.87999962 -0.941496 
62.91999962 -0.4989776 
62.95999962 -0.4989776 
62.99999962 -0.4989776 
63.03999962 -0.941496 
63.07999962 -1.825007 
63.11999962 -1.825007 
63.19999962 -0.4989776 
63.23999962 -1.382488 
63.27999962 -0.941496 
63.31999962 -0.4989776 
63.35999961 -1.825007 
63.39999961 -1.382488 
63.47999961 -0.4989776 
63.51999961 -1.825007 
63.55999961 -0.941496 
63.59999961 -0.4989776 
63.63999961 -0.4989776 
63.67999961 -0.941496 
63.71999961 -0.941496 
63.75999961 -0.4989776 
63.83999961 -0.4989776 
63.87999961 -0.941496 
63.91999961 -0.4989776 
63.95999961 -0.4989776 
63.99999961 -0.4989776 
64.03999961 -0.4989776 
64.15999961 -0.4989776 
64.31999961 -0.4989776 
68.51999958 -0.4989776 
68.55999958 -0.4989776 
69.71999958 -0.4989776 
69.75999958 -0.4989776 
72.03999956 -0.4989776 
72.15999956 -0.4989776 
72.19999956 -0.4989776 
72.23999956 -0.4989776 
72.27999956 -0.4989776 
72.31999956 -0.4989776 
72.35999956 -0.4989776 
72.39999956 -0.4989776 
72.43999956 -0.941496 
72.47999956 -0.941496 
72.51999956 -0.941496 
72.55999956 -0.941496 
72.59999956 -0.941496 
72.63999956 -0.4989776 
72.67999956 -0.941496 
72.71999956 -0.941496 
72.75999956 -0.941496 
72.79999956 -0.941496 
72.83999956 -0.941496 
72.87999956 -0.941496 
72.91999956 -0.941496 
72.95999956 -1.382488 
72.99999956 -0.941496 
73.03999956 -0.941496 
73.07999956 -0.941496 
73.11999956 -0.941496 
73.15999956 -0.941496 
73.19999956 -0.941496 
73.23999955 -1.382488 
73.27999955 -0.941496 
73.31999955 -0.941496 
73.35999955 -0.941496 
73.39999955 -1.382488 
73.43999955 -1.382488 
73.47999955 -0.941496 
73.51999955 -0.941496 
73.55999955 -1.825007 
73.59999955 -1.382488 
73.63999955 -0.941496 
73.67999955 -0.941496 
73.71999955 -1.825007 
73.75999955 -0.941496 
73.79999955 -1.382488 
73.83999955 -1.382488 
73.87999955 -1.382488 
73.91999955 -0.941496 
73.95999955 -0.941496 
73.99999955 -0.941496 
74.03999955 -0.941496 
74.07999955 -1.382488 
74.11999955 -0.941496 
74.15999955 -0.941496 
74.19999955 -0.941496 
74.23999955 -1.382488 
74.27999955 -0.941496 
74.31999955 -0.941496 
74.35999955 -0.941496 
74.39999955 -0.941496 
74.43999955 -0.941496 
74.47999955 -0.941496 
74.51999955 -0.941496 
74.55999955 -0.941496 
74.59999955 -0.941496 
74.63999955 -0.941496 
74.67999955 -0.4989776 
74.71999955 -0.4989776 
74.75999955 -0.941496 
74.79999955 -0.4989776 
74.83999955 -0.4989776 
74.87999954 -0.4989776 
74.91999954 -0.4989776 
74.95999954 -0.4989776 
79.35999952 -0.4989776 
79.43999952 -0.4989776 
79.47999952 -0.4989776 
79.51999952 -0.4989776 
79.55999952 -0.4989776 
79.59999952 -0.4989776 
79.63999952 -0.4989776 
79.67999952 -0.4989776 
79.71999952 -0.4989776 
79.75999952 -0.941496 
79.79999952 -0.4989776 
79.83999951 -0.941496 
79.87999951 -0.941496 
79.91999951 -0.4989776 
79.95999951 -0.4989776 
79.99999951 -0.941496 
80.03999951 -0.941496 
80.07999951 -0.4989776 
80.11999951 -0.941496 
80.15999951 -0.941496 
80.19999951 -0.4989776 
80.23999951 -0.941496 
80.27999951 -0.941496 
80.31999951 -0.941496 
80.35999951 -1.382488 
80.39999951 -0.941496 
80.43999951 -0.4989776 
80.47999951 -0.941496 
80.51999951 -0.941496 
80.55999951 -0.4989776 
80.59999951 -0.941496 
80.63999951 -0.4989776 
80.67999951 -0.4989776 
80.71999951 -0.4989776 
80.75999951 -0.4989776 
80.79999951 -0.4989776 
80.87999951 -0.4989776 
80.91999951 -0.4989776 
82.6399995 -0.4989776 
82.8399995 -0.941496 
82.8799995 -0.941496 
82.9199995 -0.941496 
82.9599995 -0.941496 
82.9999995 -0.941496 
83.0399995 -0.941496 
83.0799995 -0.941496 
83.11999949 -0.941496 
83.15999949 -0.941496 
83.19999949 -0.941496 
83.23999949 -0.941496 
83.27999949 -0.941496 
83.31999949 -0.941496 
83.35999949 -1.825007 
83.39999949 -1.825007 
83.43999949 -1.825007 
83.47999949 -1.825007 
83.51999949 -1.825007 
83.55999949 -1.825007 
83.59999949 -2.267525 
83.63999949 -2.267525 
83.67999949 -1.825007 
83.71999949 -2.267525 
83.75999949 -2.267525 
83.79999949 -2.267525 
83.83999949 -2.708518 
83.87999949 -2.267525 
83.91999949 -2.708518 
83.95999949 -2.708518 
83.99999949 -3.151036 
84.03999949 -3.151036 
84.07999949 -2.708518 
84.11999949 -3.151036 
84.15999949 -2.708518 
84.19999949 -3.593554 
84.23999949 -3.593554 
84.27999949 -3.151036 
84.31999949 -3.593554 
84.35999949 -3.593554 
84.39999949 -3.151036 
84.43999949 -3.151036 
84.47999949 -3.593554 
84.51999949 -3.593554 
84.55999949 -3.593554 
84.59999949 -3.593554 
84.63999949 -3.593554 
84.67999949 -4.034547 
84.71999949 -3.593554 
84.75999948 -3.593554 
84.79999948 -4.477065 
84.83999948 -3.593554 
84.87999948 -3.151036 
84.91999948 -4.034547 
84.95999948 -4.034547 
84.99999948 -2.708518 
85.03999948 -3.593554 
85.07999948 -4.034547 
85.11999948 -2.708518 
85.15999948 -2.267525 
85.19999948 -2.708518 
85.23999948 -4.034547 
85.27999948 -4.034547 
85.31999948 -2.708518 
85.35999948 -2.267525 
85.39999948 -2.708518 
85.43999948 -3.151036 
85.47999948 -2.267525 
85.51999948 -2.708518 
85.55999948 -3.151036 
85.59999948 -1.825007 
85.63999948 -1.825007 
85.67999948 -2.267525 
85.71999948 -2.267525 
85.75999948 -1.825007 
85.79999948 -1.825007 
85.83999948 -2.267525 
85.87999948 -2.267525 
85.91999948 -1.825007 
85.95999948 -1.382488 
85.99999948 -1.825007 
86.03999948 -1.382488 
86.07999948 -0.941496 
86.11999948 -0.941496 
86.15999948 -0.941496 
86.19999948 -0.941496 
86.23999948 -0.941496 
86.27999948 -0.4989776 
86.31999948 -0.4989776 
86.35999948 -0.4989776 
86.39999947 -0.4989776 
86.47999947 -0.4989776 
86.55999947 -0.4989776 
89.47999946 -0.4989776 
89.59999946 -0.941496 
89.63999946 -0.4989776 
89.67999945 -0.941496 
89.71999945 -0.941496 
89.75999945 -0.941496 
89.79999945 -0.941496 
89.83999945 -1.382488 
89.87999945 -0.941496 
89.91999945 -0.941496 
89.95999945 -1.825007 
89.99999945 -0.941496 
90.03999945 -1.825007 
90.07999945 -0.941496 
90.11999945 -1.825007 
90.15999945 -1.825007 
90.19999945 -1.825007 
90.23999945 -1.382488 
90.27999945 -1.825007 
90.31999945 -1.825007 
90.35999945 -1.825007 
90.39999945 -1.825007 
90.43999945 -1.825007 
90.47999945 -1.825007 
90.51999945 -1.825007 
90.55999945 -2.267525 
90.59999945 -1.825007 
90.63999945 -1.825007 
90.67999945 -2.267525 
90.71999945 -2.267525 
90.75999945 -2.267525 
90.79999945 -2.267525 
90.83999945 -1.825007 
90.87999945 -1.825007 
90.91999945 -1.825007 
90.95999945 -1.825007 
90.99999945 -1.825007 
91.03999945 -1.825007 
91.07999945 -2.267525 
91.11999945 -1.825007 
91.15999945 -1.825007 
91.19999945 -2.267525 
91.23999945 -1.825007 
91.27999945 -1.825007 
91.31999945 -1.825007 
91.35999944 -1.825007 
91.39999944 -1.825007 
91.43999944 -1.825007 
91.47999944 -1.382488 
91.51999944 -0.941496 
91.55999944 -1.382488 
91.59999944 -1.382488 
91.63999944 -0.941496 
91.67999944 -0.941496 
91.71999944 -0.941496 
91.75999944 -0.941496 
91.79999944 -0.941496 
91.83999944 -0.941496 
91.87999944 -0.941496 
91.91999944 -0.4989776 
91.95999944 -0.4989776 
91.99999944 -0.4989776 
92.03999944 -0.4989776 
92.07999944 -0.4989776 
95.19999942 -0.4989776 
95.23999942 -0.4989776 
95.27999942 -0.941496 
95.31999942 -0.941496 
95.35999942 -0.941496 
95.39999942 -1.382488 
95.43999942 -1.382488 
95.47999942 -0.941496 
95.51999942 -1.825007 
95.55999942 -1.382488 
95.59999942 -1.825007 
95.63999942 -1.825007 
95.67999942 -1.825007 
95.71999942 -2.267525 
95.75999942 -2.267525 
95.79999942 -2.267525 
95.83999942 -2.267525 
95.87999942 -2.267525 
95.91999942 -2.708518 
95.95999942 -2.708518 
95.99999942 -2.708518 
96.03999942 -3.593554 
96.07999942 -3.593554 
96.11999942 -3.151036 
96.15999942 -3.593554 
96.19999942 -3.593554 
96.23999942 -3.151036 
96.27999941 -3.593554 
96.31999941 -3.593554 
96.35999941 -3.593554 
96.39999941 -3.593554 
96.43999941 -3.593554 
96.47999941 -3.593554 
96.51999941 -3.593554 
96.55999941 -3.593554 
96.59999941 -3.593554 
96.63999941 -4.034547 
96.67999941 -3.593554 
96.71999941 -3.593554 
96.75999941 -3.593554 
96.79999941 -4.034547 
96.83999941 -3.593554 
96.87999941 -3.593554 
96.91999941 -3.593554 
96.95999941 -4.034547 
96.99999941 -3.593554 
97.03999941 -3.593554 
97.07999941 -3.593554 
97.11999941 -3.593554 
97.15999941 -3.593554 
97.19999941 -3.151036 
97.23999941 -3.151036 
97.27999941 -3.151036 
97.31999941 -3.593554 
97.35999941 -2.708518 
97.39999941 -2.708518 
97.43999941 -2.708518 
97.47999941 -2.267525 
97.51999941 -2.267525 
97.55999941 -2.267525 
97.59999941 -2.267525 
97.63999941 -2.267525 
97.67999941 -2.267525 
97.71999941 -1.825007 
97.75999941 -1.825007 
97.79999941 -1.825007 
97.83999941 -1.825007 
97.87999941 -1.825007 
97.9199994 -1.825007 
97.9599994 -0.941496 
97.9999994 -0.941496 
98.0399994 -0.941496 
98.0799994 -0.941496 
98.1199994 -0.4989776 
98.1599994 -0.941496 
98.1999994 -0.941496 
98.2399994 -0.4989776 
98.2799994 -0.4989776 
98.3199994 -0.4989776 
98.3599994 -0.4989776 
106.35999935 -0.941496 
106.39999935 -0.941496 
106.43999935 -0.941496 
106.47999935 -0.941496 
106.51999935 -0.941496 
106.55999935 -0.941496 
106.59999935 -0.941496 
106.63999935 -0.941496 
106.67999935 -0.941496 
106.71999935 -1.825007 
106.75999935 -1.825007 
106.79999935 -1.825007 
106.83999935 -2.267525 
106.87999935 -1.825007 
106.91999935 -2.267525 
106.95999935 -3.593554 
106.99999935 -2.708518 
107.03999935 -2.267525 
107.07999935 -3.151036 
107.11999935 -3.593554 
107.15999935 -2.708518 
107.19999935 -2.708518 
107.23999935 -3.593554 
107.27999935 -2.708518 
107.31999935 -2.267525 
107.35999935 -2.708518 
107.39999935 -4.034547 
107.43999935 -4.034547 
107.47999935 -2.708518 
107.51999935 -2.267525 
107.55999935 -3.593554 
107.59999935 -3.593554 
107.63999935 -2.708518 
107.67999935 -3.593554 
107.71999935 -4.034547 
107.75999935 -2.708518 
107.79999934 -3.151036 
107.83999934 -4.034547 
107.87999934 -4.034547 
107.91999934 -3.151036 
107.95999934 -4.034547 
107.99999934 -3.593554 
108.03999934 -3.151036 
108.07999934 -3.151036 
108.11999934 -2.708518 
108.15999934 -3.593554 
108.19999934 -3.593554 
108.23999934 -2.708518 
108.27999934 -2.708518 
108.31999934 -3.151036 
108.35999934 -3.151036 
108.39999934 -2.708518 
108.43999934 -2.267525 
108.47999934 -2.708518 
108.51999934 -3.151036 
108.55999934 -3.151036 
108.59999934 -2.267525 
108.63999934 -2.267525 
108.67999934 -2.708518 
108.71999934 -2.267525 
108.75999934 -2.267525 
108.79999934 -2.267525 
108.83999934 -1.825007 
108.87999934 -1.825007 
108.91999934 -2.267525 
108.95999934 -1.825007 
108.99999934 -1.382488 
109.03999934 -1.825007 
109.07999934 -1.382488 
109.11999934 -0.941496 
109.15999934 -0.941496 
109.19999934 -0.941496 
109.23999934 -0.941496 
109.27999934 -0.941496 
109.31999934 -0.941496 
109.35999934 -0.941496 
109.39999934 -0.941496 
109.43999933 -0.4989776 
109.47999933 -0.4989776 
109.51999933 -0.4989776 
109.55999933 -0.4989776 
111.43999932 -0.4989776 
111.47999932 -0.4989776 
111.51999932 -0.4989776 
111.55999932 -0.4989776 
111.59999932 -0.4989776 
111.63999932 -0.4989776 
111.67999932 -0.941496 
111.71999932 -0.941496 
111.75999932 -0.941496 
111.79999932 -0.941496 
111.83999932 -1.382488 
111.87999932 -1.382488 
111.91999932 -1.382488 
111.95999932 -1.825007 
111.99999932 -1.825007 
112.03999932 -1.825007 
112.07999932 -1.825007 
112.11999932 -1.825007 
112.15999932 -1.825007 
112.19999932 -1.825007 
112.23999932 -1.825007 
112.27999932 -2.267525 
112.31999932 -2.267525 
112.35999932 -2.267525 
112.39999932 -2.267525 
112.43999932 -2.267525 
112.47999932 -2.267525 
112.51999932 -2.267525 
112.55999932 -2.708518 
112.59999932 -2.267525 
112.63999932 -2.267525 
112.67999932 -2.267525 
112.71999931 -2.267525 
112.75999931 -2.708518 
112.79999931 -2.267525 
112.83999931 -2.267525 
112.87999931 -2.267525 
112.91999931 -2.267525 
112.95999931 -2.267525 
112.99999931 -2.267525 
113.03999931 -2.708518 
113.07999931 -2.267525 
113.11999931 -2.708518 
113.15999931 -2.708518 
113.19999931 -2.708518 
113.23999931 -2.267525 
113.27999931 -2.267525 
113.31999931 -2.267525 
113.35999931 -2.267525 
113.39999931 -2.267525 
113.43999931 -2.267525 
113.47999931 -2.267525 
113.51999931 -2.267525 
113.55999931 -1.825007 
113.59999931 -1.825007 
113.63999931 -1.825007 
113.67999931 -1.825007 
113.71999931 -1.825007 
113.75999931 -1.382488 
113.79999931 -1.825007 
113.83999931 -0.941496 
113.87999931 -1.382488 
113.91999931 -1.382488 
113.95999931 -1.382488 
113.99999931 -0.941496 
114.03999931 -0.941496 
114.07999931 -0.941496 
114.11999931 -0.941496 
114.15999931 -0.941496 
114.19999931 -0.4989776 
114.23999931 -0.4989776 
114.27999931 -0.4989776 
114.31999931 -0.4989776 
114.3599993 -0.4989776 
114.4399993 -0.4989776 
117.39999929 -0.4989776 
117.43999929 -0.4989776 
117.47999929 -0.4989776 
117.51999929 -0.4989776 
117.55999929 -0.941496 
117.59999929 -0.4989776 
117.63999929 -0.4989776 
117.67999928 -0.941496 
117.71999928 -0.941496 
117.75999928 -0.941496 
117.79999928 -0.941496 
117.83999928 -0.941496 
117.87999928 -0.941496 
117.91999928 -1.382488 
117.95999928 -1.382488 
117.99999928 -1.825007 
118.03999928 -1.382488 
118.07999928 -1.382488 
118.11999928 -1.825007 
118.15999928 -1.825007 
118.19999928 -1.825007 
118.23999928 -1.825007 
118.27999928 -1.825007 
118.31999928 -1.825007 
118.35999928 -1.825007 
118.39999928 -1.825007 
118.43999928 -1.825007 
118.47999928 -2.267525 
118.51999928 -1.825007 
118.55999928 -2.267525 
118.59999928 -1.825007 
118.63999928 -2.267525 
118.67999928 -2.267525 
118.71999928 -2.267525 
118.75999928 -2.267525 
118.79999928 -2.267525 
118.83999928 -2.267525 
118.87999928 -2.267525 
118.91999928 -2.708518 
118.95999928 -3.151036 
118.99999928 -2.267525 
119.03999928 -2.267525 
119.07999928 -2.267525 
119.11999928 -2.708518 
119.15999928 -2.267525 
119.19999928 -2.267525 
119.23999928 -2.267525 
119.27999928 -2.267525 
119.31999927 -2.267525 
119.35999927 -2.267525 
119.39999927 -2.267525 
119.43999927 -2.267525 
119.47999927 -2.267525 
119.51999927 -2.267525 
119.55999927 -2.267525 
119.59999927 -2.267525 
119.63999927 -2.267525 
119.67999927 -2.267525 
119.71999927 -2.267525 
119.75999927 -2.267525 
119.79999927 -1.825007 
119.83999927 -2.267525 
119.87999927 -1.825007 
119.91999927 -1.825007 
119.95999927 -1.825007 
119.99999927 -1.825007 
120.03999927 -1.825007 
120.07999927 -1.382488 
120.11999927 -1.825007 
120.15999927 -0.941496 
120.19999927 -1.382488 
120.23999927 -1.382488 
120.27999927 -1.825007 
120.31999927 -0.941496 
120.35999927 -0.941496 
120.39999927 -0.941496 
120.43999927 -0.941496 
120.47999927 -0.941496 
120.51999927 -0.941496 
120.55999927 -0.941496 
120.59999927 -0.941496 
120.63999927 -0.941496 
120.67999927 -0.941496 
120.71999927 -1.825007 
120.75999927 -1.382488 
120.83999927 -0.4989776 
120.87999927 -0.4989776 
120.91999927 -0.941496 
120.95999926 -0.941496 
120.99999926 -0.4989776 
121.03999926 -0.4989776 
121.07999926 -0.4989776 
121.11999926 -0.4989776 
121.15999926 -0.4989776 
121.31999926 -0.4989776 
122.35999926 -0.4989776 
122.47999926 -0.4989776 
122.63999925 -0.4989776 
122.71999925 -0.4989776 
122.75999925 -0.4989776 
122.83999925 -0.4989776 
122.87999925 -0.4989776 
122.91999925 -0.941496 
122.95999925 -0.941496 
122.99999925 -0.4989776 
123.03999925 -0.4989776 
123.07999925 -0.4989776 
123.11999925 -0.941496 
123.15999925 -0.941496 
123.19999925 -0.941496 
123.23999925 -0.941496 
123.27999925 -0.941496 
123.31999925 -0.941496 
123.35999925 -0.941496 
123.39999925 -0.941496 
123.43999925 -0.941496 
123.47999925 -0.941496 
123.51999925 -0.941496 
123.55999925 -1.825007 
123.59999925 -1.825007 
123.63999925 -1.825007 
123.67999925 -1.825007 
123.71999925 -1.825007 
123.75999925 -1.825007 
123.79999925 -1.382488 
123.83999925 -1.825007 
123.87999925 -1.825007 
123.91999925 -1.825007 
123.95999925 -2.267525 
123.99999925 -1.825007 
124.03999925 -1.825007 
124.07999925 -2.267525 
124.11999925 -1.825007 
124.15999925 -1.825007 
124.19999925 -1.825007 
124.23999924 -2.267525 
124.27999924 -2.267525 
124.31999924 -2.267525 
124.35999924 -1.825007 
124.39999924 -1.825007 
124.43999924 -2.267525 
124.47999924 -2.267525 
124.51999924 -2.267525 
124.55999924 -1.825007 
124.59999924 -1.382488 
124.63999924 -1.825007 
124.67999924 -1.825007 
124.71999924 -1.825007 
124.75999924 -1.825007 
124.79999924 -1.825007 
124.83999924 -1.825007 
124.87999924 -1.825007 
124.91999924 -1.382488 
124.95999924 -0.941496 
124.99999924 -0.941496 
125.03999924 -0.941496 
125.07999924 -0.941496 
125.11999924 -0.941496 
125.15999924 -0.4989776 
125.19999924 -0.4989776 
125.23999924 -0.4989776 
125.27999924 -0.4989776 
129.43999921 -0.941496 
129.47999921 -0.941496 
129.59999921 -0.941496 
129.63999921 -0.4989776 
129.71999921 -0.941496 
129.75999921 -0.941496 
129.87999921 -0.941496 
129.91999921 -0.941496 
129.99999921 -0.4989776 
130.03999921 -0.941496 
130.07999921 -0.4989776 
130.15999921 -0.4989776 
130.19999921 -0.4989776 
130.23999921 -0.941496 
130.27999921 -0.4989776 
130.31999921 -0.4989776 
130.35999921 -0.4989776 
130.39999921 -0.4989776 
130.43999921 -0.4989776 
130.47999921 -0.4989776 
130.51999921 -0.4989776 
130.55999921 -0.4989776 
130.59999921 -0.4989776 
130.67999921 -0.4989776 
130.71999921 -0.4989776 
130.79999921 -0.4989776 
130.8399992 -0.4989776 
130.8799992 -0.4989776 
130.9199992 -0.4989776 
130.9599992 -0.4989776 
130.9999992 -0.4989776 
131.0399992 -0.4989776 
131.1999992 -0.4989776 
131.2799992 -0.4989776 
131.3199992 -0.4989776 
131.3599992 -0.4989776 
131.3999992 -0.4989776 
131.5199992 -0.4989776 
131.5599992 -0.4989776 
131.7999992 -0.4989776 
131.8799992 -0.4989776 
132.3599992 -0.4989776 
132.3999992 -0.4989776 
132.47999919 -0.4989776 
132.59999919 -0.4989776 
132.63999919 -0.4989776 
132.67999919 -0.4989776 
132.71999919 -0.4989776 
132.75999919 -0.4989776 
132.79999919 -0.4989776 
132.83999919 -0.4989776 
132.87999919 -0.4989776 
132.91999919 -0.4989776 
132.95999919 -0.941496 
132.99999919 -0.941496 
133.03999919 -0.4989776 
133.07999919 -0.4989776 
133.11999919 -0.941496 
133.15999919 -0.4989776 
133.19999919 -0.4989776 
133.23999919 -0.941496 
133.27999919 -0.941496 
133.31999919 -0.941496 
133.35999919 -0.941496 
133.39999919 -0.941496 
133.43999919 -0.941496 
133.47999919 -0.941496 
133.51999919 -0.941496 
133.55999919 -0.941496 
133.59999919 -0.941496 
133.63999919 -0.941496 
133.67999919 -0.941496 
133.71999919 -0.941496 
133.75999919 -0.941496 
133.79999919 -0.941496 
133.83999919 -0.941496 
133.87999919 -1.382488 
133.91999919 -1.382488 
133.95999919 -1.825007 
133.99999919 -1.382488 
134.03999919 -1.825007 
134.07999919 -0.4989776 
134.11999918 -1.382488 
134.15999918 -1.825007 
134.19999918 -1.825007 
134.23999918 -1.825007 
134.27999918 -1.382488 
134.31999918 -0.941496 
134.35999918 -1.825007 
134.39999918 -1.825007 
134.43999918 -1.382488 
134.47999918 -1.825007 
134.51999918 -1.825007 
134.55999918 -1.825007 
134.59999918 -1.825007 
134.63999918 -1.825007 
134.67999918 -1.825007 
134.71999918 -1.825007 
134.75999918 -1.825007 
134.79999918 -1.825007 
134.83999918 -1.825007 
134.87999918 -1.825007 
134.91999918 -1.825007 
134.95999918 -1.825007 
134.99999918 -1.825007 
135.03999918 -1.825007 
135.07999918 -1.825007 
135.11999918 -1.825007 
135.15999918 -1.382488 
135.19999918 -1.382488 
135.23999918 -1.825007 
135.27999918 -1.382488 
135.31999918 -1.382488 
135.35999918 -1.382488 
135.39999918 -1.825007 
135.43999918 -1.382488 
135.47999918 -1.382488 
135.51999918 -1.382488 
135.55999918 -0.941496 
135.59999918 -0.941496 
135.63999918 -0.941496 
135.67999918 -0.941496 
135.71999918 -0.941496 
135.75999917 -1.382488 
135.79999917 -0.941496 
135.83999917 -1.382488 
135.87999917 -0.941496 
135.91999917 -0.941496 
135.95999917 -0.941496 
135.99999917 -0.941496 
136.03999917 -0.941496 
136.07999917 -0.941496 
136.11999917 -0.941496 
136.15999917 -0.941496 
136.19999917 -0.941496 
136.23999917 -0.941496 
136.27999917 -0.941496 
136.31999917 -0.941496 
136.35999917 -0.941496 
136.39999917 -0.4989776 
136.43999917 -0.941496 
136.47999917 -0.941496 
136.51999917 -0.941496 
136.55999917 -0.941496 
136.59999917 -0.941496 
136.63999917 -0.4989776 
136.67999917 -0.4989776 
136.71999917 -0.4989776 
136.79999917 -0.941496 
136.83999917 -0.4989776 
136.87999917 -0.941496 
136.91999917 -0.4989776 
136.95999917 -0.4989776 
136.99999917 -0.4989776 
139.43999915 -0.4989776 
139.71999915 -0.4989776 
139.75999915 -0.4989776 
139.79999915 -0.4989776 
139.83999915 -0.4989776 
139.87999915 -0.4989776 
139.91999915 -0.941496 
139.95999915 -0.941496 
139.99999915 -0.4989776 
140.03999915 -0.4989776 
140.07999915 -0.4989776 
140.11999915 -0.941496 
140.15999915 -0.941496 
140.19999915 -0.941496 
140.23999915 -0.941496 
140.27999915 -0.4989776 
140.31999915 -0.941496 
140.35999915 -0.941496 
140.39999915 -0.941496 
140.43999915 -0.941496 
140.47999915 -1.382488 
140.51999915 -1.382488 
140.55999915 -0.941496 
140.59999915 -0.941496 
140.63999915 -1.382488 
140.67999915 -1.382488 
140.71999914 -0.941496 
140.75999914 -1.382488 
140.79999914 -0.941496 
140.83999914 -1.382488 
140.87999914 -1.382488 
140.91999914 -0.941496 
140.95999914 -0.941496 
140.99999914 -0.941496 
141.03999914 -0.941496 
141.07999914 -1.382488 
141.11999914 -0.941496 
141.15999914 -0.941496 
141.19999914 -0.941496 
141.23999914 -0.941496 
141.27999914 -0.941496 
141.31999914 -0.941496 
141.35999914 -0.941496 
141.39999914 -0.941496 
141.43999914 -0.941496 
141.47999914 -0.941496 
141.51999914 -0.941496 
141.55999914 -0.941496 
141.59999914 -0.941496 
141.63999914 -0.941496 
141.67999914 -0.941496 
141.71999914 -0.941496 
141.75999914 -0.941496 
141.79999914 -0.4989776 
141.83999914 -0.4989776 
141.87999914 -0.941496 
141.91999914 -0.4989776 
141.95999914 -0.4989776 
141.99999914 -0.4989776 
142.03999914 -0.4989776 
142.07999914 -0.4989776 
142.11999914 -0.4989776 
142.15999914 -0.4989776 
142.43999913 -0.4989776 
144.31999912 -0.4989776 
144.35999912 -0.4989776 
144.39999912 -0.4989776 
144.43999912 -0.4989776 
144.47999912 -0.4989776 
144.51999912 -0.941496 
144.55999912 -0.941496 
144.59999912 -0.941496 
144.63999912 -0.941496 
144.67999912 -0.941496 
144.71999912 -0.941496 
144.75999912 -0.941496 
144.79999912 -0.941496 
144.83999912 -1.382488 
144.87999912 -1.382488 
144.91999912 -1.825007 
144.95999912 -1.382488 
144.99999912 -1.825007 
145.03999912 -1.825007 
145.07999912 -1.825007 
145.11999912 -1.825007 
145.15999912 -1.825007 
145.19999912 -1.825007 
145.23999912 -2.267525 
145.27999912 -2.267525 
145.31999912 -2.267525 
145.35999912 -2.267525 
145.39999912 -2.267525 
145.43999912 -2.267525 
145.47999912 -2.267525 
145.51999912 -2.267525 
145.55999912 -2.708518 
145.59999912 -2.708518 
145.63999911 -2.708518 
145.67999911 -2.267525 
145.71999911 -2.708518 
145.75999911 -2.708518 
145.79999911 -2.708518 
145.83999911 -2.708518 
145.87999911 -2.708518 
145.91999911 -2.708518 
145.95999911 -2.708518 
145.99999911 -3.151036 
146.03999911 -3.151036 
146.07999911 -3.151036 
146.11999911 -2.708518 
146.15999911 -3.151036 
146.19999911 -2.708518 
146.23999911 -3.151036 
146.27999911 -3.151036 
146.31999911 -2.708518 
146.35999911 -2.708518 
146.39999911 -2.708518 
146.43999911 -3.151036 
146.47999911 -3.151036 
146.51999911 -2.708518 
146.55999911 -3.151036 
146.59999911 -3.151036 
146.63999911 -2.708518 
146.67999911 -3.151036 
146.71999911 -3.151036 
146.75999911 -3.151036 
146.79999911 -2.708518 
146.83999911 -1.825007 
146.87999911 -2.708518 
146.91999911 -2.708518 
146.95999911 -2.708518 
146.99999911 -2.708518 
147.03999911 -2.267525 
147.07999911 -2.267525 
147.11999911 -2.267525 
147.15999911 -2.267525 
147.19999911 -2.267525 
147.23999911 -2.267525 
147.2799991 -2.267525 
147.3199991 -2.267525 
147.3599991 -2.267525 
147.3999991 -1.825007 
147.4399991 -1.825007 
147.4799991 -1.825007 
147.5199991 -1.825007 
147.5599991 -1.825007 
147.5999991 -1.825007 
147.6399991 -1.825007 
147.6799991 -1.382488 
147.7199991 -1.825007 
147.7599991 -0.941496 
147.7999991 -0.941496 
147.8399991 -1.825007 
147.8799991 -0.941496 
147.9199991 -0.941496 
147.9599991 -0.941496 
147.9999991 -0.941496 
148.0399991 -0.941496 
148.0799991 -0.941496 
148.1199991 -0.941496 
148.1599991 -0.941496 
148.1999991 -0.941496 
148.2399991 -0.4989776 
148.2799991 -0.941496 
148.3199991 -0.4989776 
148.3599991 -0.941496 
148.3999991 -0.4989776 
148.5199991 -0.4989776 
148.5599991 -0.4989776 
148.5999991 -0.4989776 
148.6399991 -0.4989776 
148.6799991 -0.4989776 
148.7599991 -0.4989776 
148.8799991 -0.4989776 
155.67999905 -0.4989776 
155.83999905 -0.4989776 
155.91999905 -0.4989776 
155.95999905 -0.4989776 
156.03999905 -0.4989776 
156.07999905 -0.4989776 
156.11999905 -0.4989776 
156.15999905 -0.4989776 
156.19999905 -0.4989776 
156.23999905 -0.4989776 
156.27999905 -0.4989776 
156.31999905 -0.4989776 
156.35999905 -0.941496 
156.39999905 -0.941496 
156.43999905 -0.941496 
156.47999905 -0.941496 
156.51999905 -0.941496 
156.55999905 -0.941496 
156.59999905 -0.941496 
156.63999905 -0.941496 
156.67999905 -0.941496 
156.71999905 -0.941496 
156.75999905 -0.941496 
156.79999905 -0.941496 
156.83999905 -1.382488 
156.87999905 -1.382488 
156.91999905 -0.941496 
156.95999905 -1.382488 
156.99999905 -0.941496 
157.03999905 -1.382488 
157.07999905 -0.941496 
157.11999905 -1.825007 
157.15999904 -1.382488 
157.19999904 -1.825007 
157.23999904 -1.382488 
157.27999904 -1.825007 
157.31999904 -1.825007 
157.35999904 -1.382488 
157.39999904 -1.382488 
157.43999904 -1.382488 
157.47999904 -1.382488 
157.51999904 -0.941496 
157.55999904 -1.825007 
157.59999904 -1.382488 
157.63999904 -1.382488 
157.67999904 -0.941496 
157.71999904 -0.941496 
157.75999904 -0.941496 
157.79999904 -1.382488 
157.83999904 -1.382488 
157.87999904 -0.941496 
157.91999904 -0.941496 
157.95999904 -0.941496 
157.99999904 -1.382488 
158.03999904 -0.941496 
158.07999904 -0.941496 
158.11999904 -0.941496 
158.15999904 -0.941496 
158.19999904 -0.941496 
158.23999904 -0.941496 
158.27999904 -0.941496 
158.31999904 -0.941496 
158.35999904 -0.941496 
158.39999904 -0.941496 
158.43999904 -0.941496 
158.47999904 -0.941496 
158.51999904 -0.4989776 
158.55999904 -0.941496 
158.59999904 -0.941496 
158.63999904 -0.941496 
158.67999904 -0.4989776 
158.71999904 -0.4989776 
158.75999904 -0.941496 
158.79999903 -0.4989776 
158.83999903 -0.4989776 
158.87999903 -0.4989776 
158.91999903 -0.941496 
158.95999903 -0.4989776 
158.99999903 -0.4989776 
159.03999903 -0.4989776 
159.07999903 -0.4989776 
159.11999903 -0.4989776 
160.95999902 -0.4989776 
161.31999902 -0.4989776 
161.35999902 -0.4989776 
161.39999902 -0.4989776 
161.43999902 -0.941496 
161.47999902 -0.4989776 
161.51999902 -0.4989776 
161.55999902 -0.4989776 
161.63999902 -0.941496 
161.67999902 -0.941496 
161.71999902 -0.941496 
161.75999902 -0.4989776 
161.79999902 -0.4989776 
161.83999902 -0.4989776 
161.87999902 -0.4989776 
161.91999902 -0.4989776 
161.95999902 -0.4989776 
161.99999902 -0.941496 
162.03999902 -0.4989776 
162.07999901 -0.4989776 
162.11999901 -0.941496 
162.15999901 -0.4989776 
162.19999901 -0.4989776 
162.23999901 -0.4989776 
162.27999901 -0.4989776 
162.31999901 -0.4989776 
162.35999901 -0.4989776 
162.39999901 -0.4989776 
166.35999899 -0.4989776 
166.51999899 -0.4989776 
166.55999899 -0.4989776 
166.59999899 -0.4989776 
166.63999899 -0.941496 
166.67999899 -0.4989776 
166.71999899 -0.4989776 
166.75999899 -0.941496 
166.79999899 -0.4989776 
166.83999899 -0.941496 
166.87999899 -0.941496 
166.91999899 -0.941496 
166.95999899 -0.941496 
166.99999899 -0.941496 
167.03999898 -0.941496 
167.07999898 -0.941496 
167.11999898 -1.382488 
167.15999898 -0.941496 
167.19999898 -0.941496 
167.23999898 -0.941496 
167.27999898 -1.382488 
167.31999898 -0.941496 
167.35999898 -1.382488 
167.39999898 -0.941496 
167.43999898 -0.941496 
167.47999898 -1.382488 
167.51999898 -0.941496 
167.55999898 -1.382488 
167.59999898 -0.941496 
167.63999898 -1.825007 
167.67999898 -0.941496 
167.71999898 -1.382488 
167.75999898 -1.382488 
167.79999898 -1.382488 
167.83999898 -1.382488 
167.87999898 -1.825007 
167.91999898 -1.382488 
167.95999898 -1.825007 
167.99999898 -1.825007 
168.03999898 -1.825007 
168.07999898 -1.382488 
168.11999898 -1.825007 
168.15999898 -1.382488 
168.19999898 -1.825007 
168.23999898 -1.825007 
168.27999898 -1.825007 
168.31999898 -1.825007 
168.35999898 -1.382488 
168.39999898 -0.941496 
168.43999898 -1.825007 
168.47999898 -2.267525 
168.51999898 -1.382488 
168.55999898 -0.941496 
168.59999898 -1.825007 
168.63999898 -1.825007 
168.67999897 -1.382488 
168.71999897 -0.941496 
168.75999897 -1.825007 
168.79999897 -0.941496 
168.83999897 -1.382488 
168.87999897 -1.382488 
168.91999897 -0.941496 
168.95999897 -0.941496 
168.99999897 -1.382488 
169.03999897 -1.382488 
169.07999897 -0.941496 
169.11999897 -0.941496 
169.15999897 -1.382488 
169.19999897 -0.941496 
169.23999897 -0.941496 
169.27999897 -0.941496 
169.31999897 -0.941496 
169.35999897 -0.941496 
169.39999897 -0.941496 
169.43999897 -0.941496 
169.47999897 -0.941496 
169.51999897 -0.941496 
169.55999897 -0.941496 
169.59999897 -0.941496 
169.63999897 -0.941496 
169.67999897 -0.941496 
169.71999897 -0.941496 
169.75999897 -1.382488 
169.79999897 -0.941496 
169.83999897 -0.941496 
169.87999897 -0.941496 
169.91999897 -0.941496 
169.95999897 -0.941496 
169.99999897 -0.941496 
170.03999897 -0.941496 
170.07999897 -0.941496 
170.11999897 -0.941496 
170.15999897 -0.941496 
170.19999897 -0.941496 
170.23999897 -0.941496 
170.27999897 -0.941496 
170.31999896 -0.941496 
170.35999896 -0.941496 
170.39999896 -0.941496 
170.43999896 -0.941496 
170.47999896 -0.941496 
170.51999896 -0.941496 
170.55999896 -0.941496 
170.59999896 -1.382488 
170.63999896 -0.941496 
170.67999896 -0.941496 
170.71999896 -1.382488 
170.75999896 -0.941496 
170.79999896 -1.382488 
170.83999896 -1.382488 
170.87999896 -1.382488 
170.91999896 -1.825007 
170.95999896 -1.825007 
170.99999896 -1.825007 
171.03999896 -1.825007 
171.07999896 -1.825007 
171.11999896 -1.825007 
171.15999896 -1.825007 
171.19999896 -1.825007 
171.23999896 -1.825007 
171.27999896 -1.825007 
171.31999896 -1.825007 
171.35999896 -2.267525 
171.39999896 -2.267525 
171.43999896 -2.267525 
171.47999896 -1.825007 
171.51999896 -1.825007 
171.55999896 -2.267525 
171.59999896 -2.267525 
171.63999896 -2.267525 
171.67999896 -2.267525 
171.71999896 -2.267525 
171.75999896 -2.267525 
171.79999896 -2.267525 
171.83999896 -2.267525 
171.87999896 -2.708518 
171.91999896 -2.708518 
171.95999895 -2.708518 
171.99999895 -2.708518 
172.03999895 -2.708518 
172.07999895 -2.708518 
172.11999895 -2.708518 
172.15999895 -3.151036 
172.19999895 -2.708518 
172.23999895 -2.708518 
172.27999895 -3.151036 
172.31999895 -3.593554 
172.35999895 -2.708518 
172.39999895 -3.151036 
172.43999895 -3.151036 
172.47999895 -3.151036 
172.51999895 -3.593554 
172.55999895 -3.593554 
172.59999895 -3.151036 
172.63999895 -3.151036 
172.67999895 -2.708518 
172.71999895 -3.151036 
172.75999895 -3.151036 
172.79999895 -3.593554 
172.83999895 -3.593554 
172.87999895 -3.593554 
172.91999895 -3.593554 
172.95999895 -4.919584 
172.99999895 -2.708518 
173.03999895 -1.825007 
173.07999895 -3.593554 
173.11999895 -4.034547 
173.15999895 -2.708518 
173.19999895 -3.151036 
173.23999895 -3.593554 
173.27999895 -3.151036 
173.31999895 -2.267525 
173.35999895 -2.267525 
173.39999895 -3.593554 
173.43999895 -4.034547 
173.47999895 -4.034547 
173.51999895 -2.267525 
173.55999895 -2.708518 
173.59999894 -3.151036 
173.63999894 -2.267525 
173.67999894 -2.708518 
173.71999894 -4.034547 
173.75999894 -2.708518 
173.79999894 -1.825007 
173.83999894 -2.708518 
173.87999894 -3.593554 
173.91999894 -2.267525 
173.95999894 -1.825007 
173.99999894 -2.267525 
174.03999894 -2.267525 
174.07999894 -2.267525 
174.11999894 -1.825007 
174.15999894 -1.825007 
174.19999894 -2.267525 
174.23999894 -1.825007 
174.27999894 -1.382488 
174.31999894 -0.941496 
174.35999894 -1.825007 
174.39999894 -0.941496 
174.43999894 -0.941496 
174.47999894 -0.941496 
174.51999894 -0.941496 
174.55999894 -0.4989776 
174.59999894 -0.4989776 
174.67999894 -0.4989776 
178.19999892 -0.4989776 
178.23999892 -0.4989776 
178.27999892 -0.4989776 
178.31999892 -0.941496 
178.35999892 -0.941496 
178.39999892 -0.941496 
178.43999892 -0.941496 
178.47999892 -0.941496 
178.51999892 -0.941496 
178.55999891 -0.941496 
178.59999891 -0.941496 
178.63999891 -0.941496 
178.67999891 -1.382488 
178.71999891 -1.825007 
178.75999891 -1.382488 
178.79999891 -1.382488 
178.83999891 -1.825007 
178.87999891 -1.825007 
178.91999891 -1.825007 
178.95999891 -1.825007 
178.99999891 -1.825007 
179.03999891 -1.825007 
179.07999891 -2.267525 
179.11999891 -2.267525 
179.15999891 -1.825007 
179.19999891 -2.267525 
179.23999891 -2.267525 
179.27999891 -2.267525 
179.31999891 -2.267525 
179.35999891 -2.267525 
179.39999891 -2.267525 
179.43999891 -2.267525 
179.47999891 -1.825007 
179.51999891 -1.825007 
179.55999891 -1.825007 
179.59999891 -2.267525 
179.63999891 -1.825007 
179.67999891 -1.825007 
179.71999891 -1.825007 
179.75999891 -1.825007 
179.79999891 -1.825007 
179.83999891 -1.825007 
179.87999891 -1.825007 
179.91999891 -1.825007 
179.95999891 -1.825007 
179.99999891 -1.825007 
180.03999891 -1.382488 
180.07999891 -0.941496 
180.11999891 -0.941496 
180.15999891 -0.941496 
180.1999989 -0.941496 
180.2399989 -0.941496 
180.2799989 -0.941496 
180.3199989 -0.941496 
180.3599989 -0.941496 
180.3999989 -0.941496 
180.4399989 -0.4989776 
180.4799989 -0.4989776 
180.5199989 -0.4989776 
180.5599989 -0.4989776 
180.6399989 -0.4989776 
180.6799989 -0.4989776 
180.7199989 -0.4989776 
180.8799989 -0.4989776 
182.63999889 -0.4989776 
182.75999889 -0.4989776 
182.79999889 -0.4989776 
182.83999889 -0.4989776 
182.87999889 -0.4989776 
182.91999889 -0.4989776 
182.95999889 -0.4989776 
182.99999889 -0.4989776 
183.03999889 -0.4989776 
183.11999889 -0.4989776 
183.15999889 -0.4989776 
183.19999889 -0.4989776 
183.23999889 -0.4989776 
183.27999889 -0.4989776 
183.31999889 -0.941496 
183.35999889 -0.4989776 
183.39999889 -0.4989776 
183.43999889 -0.4989776 
183.47999888 -0.941496 
183.51999888 -0.941496 
183.55999888 -0.4989776 
183.59999888 -0.4989776 
183.63999888 -0.941496 
183.67999888 -0.941496 
183.71999888 -0.941496 
183.75999888 -0.941496 
183.79999888 -0.941496 
183.83999888 -0.941496 
183.87999888 -0.941496 
183.91999888 -0.941496 
183.95999888 -0.4989776 
183.99999888 -0.4989776 
184.03999888 -0.4989776 
184.07999888 -0.941496 
184.11999888 -0.941496 
184.15999888 -0.4989776 
184.19999888 -0.4989776 
184.23999888 -0.941496 
184.27999888 -0.941496 
184.31999888 -0.4989776 
184.35999888 -0.4989776 
184.39999888 -0.941496 
184.43999888 -0.941496 
184.47999888 -0.4989776 
184.51999888 -0.4989776 
184.55999888 -0.4989776 
184.59999888 -0.4989776 
184.63999888 -0.4989776 
184.67999888 -0.4989776 
184.71999888 -0.4989776 
184.75999888 -0.4989776 
184.79999888 -0.4989776 
184.83999888 -0.4989776 
184.87999888 -0.4989776 
189.11999885 -0.4989776 
189.23999885 -0.4989776 
189.31999885 -0.4989776 
189.35999885 -0.4989776 
189.39999885 -0.4989776 
189.43999885 -0.941496 
189.47999885 -0.4989776 
189.51999885 -0.941496 
189.55999885 -0.941496 
189.59999885 -0.941496 
189.63999885 -0.941496 
189.67999885 -0.941496 
189.71999885 -0.941496 
189.75999885 -0.941496 
189.79999885 -0.941496 
189.83999885 -0.941496 
189.87999885 -0.941496 
189.91999885 -0.941496 
189.95999885 -0.941496 
189.99999885 -1.382488 
190.03999885 -0.941496 
190.07999884 -0.941496 
190.11999884 -0.941496 
190.15999884 -0.941496 
190.19999884 -0.941496 
190.23999884 -0.941496 
190.27999884 -0.941496 
190.31999884 -0.941496 
190.35999884 -0.941496 
190.39999884 -0.941496 
190.43999884 -0.941496 
190.47999884 -1.382488 
190.51999884 -0.941496 
190.55999884 -0.941496 
190.59999884 -0.941496 
190.63999884 -0.941496 
190.67999884 -0.941496 
190.71999884 -0.941496 
190.75999884 -0.941496 
190.79999884 -0.4989776 
190.83999884 -0.4989776 
190.87999884 -0.941496 
190.91999884 -0.4989776 
190.95999884 -0.4989776 
190.99999884 -0.4989776 
191.03999884 -0.4989776 
191.07999884 -0.4989776 
191.11999884 -0.4989776 
191.15999884 -0.4989776 
191.19999884 -0.4989776 
193.91999882 -0.4989776 
193.95999882 -0.941496 
193.99999882 -0.941496 
194.03999882 -0.941496 
194.07999882 -0.4989776 
194.11999882 -0.4989776 
194.15999882 -0.941496 
194.19999882 -1.382488 
194.23999882 -1.382488 
194.27999882 -1.825007 
194.31999882 -1.825007 
194.35999882 -1.825007 
194.39999882 -2.267525 
194.43999882 -1.825007 
194.47999882 -2.267525 
194.51999882 -2.267525 
194.55999882 -2.708518 
194.59999882 -2.267525 
194.63999882 -2.708518 
194.67999882 -2.708518 
194.71999882 -3.593554 
194.75999882 -2.708518 
194.79999882 -3.151036 
194.83999882 -3.593554 
194.87999882 -3.593554 
194.91999882 -3.593554 
194.95999882 -4.477065 
194.99999881 -4.034547 
195.03999881 -3.593554 
195.07999881 -4.477065 
195.11999881 -4.477065 
195.15999881 -4.034547 
195.19999881 -4.477065 
195.23999881 -4.477065 
195.27999881 -4.034547 
195.31999881 -3.593554 
195.35999881 -4.034547 
195.39999881 -5.360576 
195.43999881 -5.360576 
195.47999881 -4.034547 
195.51999881 -3.593554 
195.55999881 -4.477065 
195.59999881 -4.477065 
195.63999881 -4.034547 
195.67999881 -5.360576 
195.71999881 -5.360576 
195.75999881 -4.034547 
195.79999881 -4.034547 
195.83999881 -4.919584 
195.87999881 -5.360576 
195.91999881 -4.034547 
195.95999881 -4.034547 
195.99999881 -4.477065 
196.03999881 -4.477065 
196.07999881 -4.477065 
196.11999881 -4.034547 
196.15999881 -4.477065 
196.19999881 -4.477065 
196.23999881 -4.477065 
196.27999881 -4.034547 
196.31999881 -4.034547 
196.35999881 -4.034547 
196.39999881 -4.034547 
196.43999881 -3.593554 
196.47999881 -4.034547 
196.51999881 -4.034547 
196.55999881 -3.593554 
196.59999881 -3.593554 
196.6399988 -3.593554 
196.6799988 -3.593554 
196.7199988 -3.151036 
196.7599988 -3.593554 
196.7999988 -3.151036 
196.8399988 -3.151036 
196.8799988 -3.151036 
196.9199988 -2.708518 
196.9599988 -2.708518 
196.9999988 -3.151036 
197.0399988 -2.708518 
197.0799988 -2.267525 
197.1199988 -2.267525 
197.1599988 -2.267525 
197.1999988 -2.267525 
197.2399988 -1.825007 
197.2799988 -1.825007 
197.3199988 -2.267525 
197.3599988 -1.825007 
197.3999988 -1.825007 
197.4399988 -1.825007 
197.4799988 -1.825007 
197.5199988 -1.825007 
197.5599988 -1.382488 
197.5999988 -0.941496 
197.6399988 -0.941496 
197.6799988 -0.941496 
197.7199988 -0.941496 
197.7599988 -0.941496 
197.7999988 -0.941496 
197.8399988 -0.941496 
197.8799988 -0.941496 
197.9199988 -0.941496 
197.9599988 -0.4989776 
197.9999988 -0.941496 
198.0399988 -0.941496 
198.0799988 -0.4989776 
198.1199988 -0.941496 
198.1599988 -0.4989776 
198.1999988 -0.4989776 
198.2399988 -0.4989776 
198.27999879 -0.4989776 
198.31999879 -0.4989776 
198.35999879 -0.4989776 
198.39999879 -0.4989776 
0 0 
