5.95999996 -0.4989776 
5.99999996 -0.4989776 
6.03999996 -0.4989776 
6.07999996 -0.4989776 
6.11999996 -0.4989776 
6.15999996 -0.4989776 
6.19999996 -0.941496 
6.23999996 -0.941496 
6.27999996 -0.941496 
6.31999996 -0.941496 
6.35999996 -0.941496 
6.39999996 -0.941496 
6.43999996 -0.941496 
6.47999996 -0.941496 
6.51999996 -0.941496 
6.55999996 -0.941496 
6.59999996 -0.941496 
6.63999996 -1.825007 
6.67999996 -1.825007 
6.71999996 -1.382488 
6.75999996 -1.825007 
6.79999996 -1.825007 
6.83999996 -1.825007 
6.87999996 -1.825007 
6.91999996 -1.825007 
6.95999996 -1.825007 
6.99999996 -1.825007 
7.03999996 -1.825007 
7.07999996 -1.825007 
7.11999996 -2.267525 
7.15999996 -1.825007 
7.19999996 -2.267525 
7.23999996 -1.825007 
7.27999996 -2.267525 
7.31999996 -2.267525 
7.35999996 -2.267525 
7.39999996 -2.267525 
7.43999995 -2.267525 
7.47999995 -2.267525 
7.51999995 -2.267525 
7.55999995 -2.267525 
7.59999995 -2.267525 
7.63999995 -2.708518 
7.67999995 -2.267525 
7.71999995 -2.708518 
7.75999995 -2.708518 
7.79999995 -2.708518 
7.83999995 -2.267525 
7.87999995 -2.267525 
7.91999995 -2.267525 
7.95999995 -2.267525 
7.99999995 -2.708518 
8.03999995 -2.708518 
8.07999995 -3.151036 
8.11999995 -2.708518 
8.15999995 -2.708518 
8.19999995 -2.708518 
8.23999995 -2.708518 
8.27999995 -2.708518 
8.31999995 -2.708518 
8.35999995 -2.267525 
8.39999995 -3.593554 
8.43999995 -3.151036 
8.47999995 -2.708518 
8.51999995 -2.708518 
8.55999995 -2.267525 
8.59999995 -2.708518 
8.63999995 -2.708518 
8.67999995 -2.708518 
8.71999995 -3.151036 
8.75999995 -2.708518 
8.79999995 -2.708518 
8.83999995 -2.708518 
8.87999995 -3.151036 
8.91999995 -2.708518 
8.95999995 -2.708518 
8.99999995 -2.708518 
9.03999995 -2.708518 
9.07999994 -2.708518 
9.11999994 -2.708518 
9.15999994 -2.708518 
9.19999994 -2.708518 
9.23999994 -2.708518 
9.27999994 -2.708518 
9.31999994 -2.708518 
9.35999994 -2.708518 
9.39999994 -2.708518 
9.43999994 -2.708518 
9.47999994 -2.708518 
9.51999994 -2.267525 
9.55999994 -2.267525 
9.59999994 -2.708518 
9.63999994 -2.267525 
9.67999994 -2.708518 
9.71999994 -2.708518 
9.75999994 -2.267525 
9.79999994 -2.267525 
9.83999994 -2.267525 
9.87999994 -2.267525 
9.91999994 -2.267525 
9.95999994 -2.267525 
9.99999994 -1.825007 
10.03999994 -1.825007 
10.07999994 -1.825007 
10.11999994 -1.825007 
10.15999994 -1.825007 
10.19999994 -2.267525 
10.23999994 -2.267525 
10.27999994 -2.267525 
10.31999994 -1.825007 
10.35999994 -1.825007 
10.39999994 -1.825007 
10.43999994 -1.382488 
10.47999994 -1.825007 
10.51999994 -1.825007 
10.55999994 -1.825007 
10.59999994 -1.825007 
10.63999994 -2.267525 
10.67999994 -1.825007 
10.71999993 -1.825007 
10.75999993 -1.825007 
10.79999993 -1.825007 
10.83999993 -2.267525 
10.87999993 -1.825007 
10.91999993 -2.267525 
10.95999993 -1.825007 
10.99999993 -2.267525 
11.03999993 -2.267525 
11.07999993 -2.267525 
11.11999993 -2.267525 
11.15999993 -2.267525 
11.19999993 -2.267525 
11.23999993 -2.267525 
11.27999993 -2.267525 
11.31999993 -2.267525 
11.35999993 -2.267525 
11.39999993 -2.267525 
11.43999993 -2.708518 
11.47999993 -2.267525 
11.51999993 -2.267525 
11.55999993 -3.151036 
11.59999993 -2.708518 
11.63999993 -2.708518 
11.67999993 -2.708518 
11.71999993 -2.708518 
11.75999993 -2.708518 
11.79999993 -2.708518 
11.83999993 -3.151036 
11.87999993 -3.151036 
11.91999993 -2.708518 
11.95999993 -3.151036 
11.99999993 -3.151036 
12.03999993 -3.151036 
12.07999993 -3.593554 
12.11999993 -2.708518 
12.15999993 -3.151036 
12.19999993 -3.593554 
12.23999993 -3.593554 
12.27999993 -3.151036 
12.31999993 -3.593554 
12.35999992 -3.593554 
12.39999992 -3.593554 
12.43999992 -3.593554 
12.47999992 -3.593554 
12.51999992 -3.593554 
12.55999992 -3.593554 
12.59999992 -4.034547 
12.63999992 -3.593554 
12.67999992 -3.151036 
12.71999992 -3.593554 
12.75999992 -3.593554 
12.79999992 -3.593554 
12.83999992 -3.593554 
12.87999992 -4.034547 
12.91999992 -3.593554 
12.95999992 -3.593554 
12.99999992 -3.593554 
13.03999992 -3.593554 
13.07999992 -3.593554 
13.11999992 -3.593554 
13.15999992 -3.593554 
13.19999992 -3.593554 
13.23999992 -3.593554 
13.27999992 -3.593554 
13.31999992 -3.593554 
13.35999992 -3.593554 
13.39999992 -3.593554 
13.43999992 -3.593554 
13.47999992 -3.593554 
13.51999992 -3.151036 
13.55999992 -3.151036 
13.59999992 -3.593554 
13.63999992 -3.151036 
13.67999992 -3.151036 
13.71999992 -3.151036 
13.75999992 -3.151036 
13.79999992 -3.151036 
13.83999992 -3.151036 
13.87999992 -2.708518 
13.91999992 -2.708518 
13.95999992 -2.708518 
13.99999991 -2.708518 
14.03999991 -2.708518 
14.07999991 -2.708518 
14.11999991 -2.267525 
14.15999991 -2.267525 
14.19999991 -2.267525 
14.23999991 -1.825007 
14.27999991 -2.267525 
14.31999991 -2.267525 
14.35999991 -2.267525 
14.39999991 -1.825007 
14.43999991 -1.825007 
14.47999991 -1.825007 
14.51999991 -1.382488 
14.55999991 -1.382488 
14.59999991 -0.941496 
14.63999991 -0.941496 
14.67999991 -1.382488 
14.71999991 -0.941496 
14.75999991 -0.941496 
14.79999991 -0.941496 
14.87999991 -0.941496 
14.91999991 -0.4989776 
14.95999991 -0.4989776 
14.99999991 -0.4989776 
15.03999991 -0.4989776 
18.59999989 -0.4989776 
18.63999989 -0.4989776 
18.67999989 -0.4989776 
18.71999989 -0.4989776 
18.75999989 -0.941496 
18.79999989 -0.941496 
18.83999989 -0.941496 
18.87999989 -0.941496 
18.91999989 -0.941496 
18.95999988 -0.941496 
18.99999988 -1.382488 
19.03999988 -0.941496 
19.07999988 -1.382488 
19.11999988 -1.382488 
19.15999988 -1.825007 
19.19999988 -0.941496 
19.23999988 -1.825007 
19.27999988 -1.825007 
19.31999988 -1.825007 
19.35999988 -1.825007 
19.39999988 -1.825007 
19.43999988 -1.825007 
19.47999988 -1.825007 
19.51999988 -1.825007 
19.55999988 -1.825007 
19.59999988 -1.825007 
19.63999988 -1.825007 
19.67999988 -1.825007 
19.71999988 -1.825007 
19.75999988 -1.825007 
19.79999988 -1.825007 
19.83999988 -2.267525 
19.87999988 -2.267525 
19.91999988 -1.825007 
19.95999988 -1.825007 
19.99999988 -2.267525 
20.03999988 -1.825007 
20.07999988 -1.825007 
20.11999988 -1.825007 
20.15999988 -1.825007 
20.19999988 -1.825007 
20.23999988 -1.825007 
20.27999988 -1.825007 
20.31999988 -1.825007 
20.35999988 -1.825007 
20.39999988 -1.825007 
20.43999988 -1.825007 
20.47999988 -1.825007 
20.51999988 -1.382488 
20.55999988 -1.382488 
20.59999987 -0.941496 
20.63999987 -0.941496 
20.67999987 -0.941496 
20.71999987 -0.941496 
20.75999987 -0.941496 
20.79999987 -0.4989776 
20.83999987 -0.941496 
20.87999987 -0.4989776 
20.91999987 -0.941496 
20.95999987 -0.4989776 
20.99999987 -0.4989776 
21.03999987 -0.4989776 
24.87999985 -0.4989776 
24.91999985 -0.4989776 
24.95999985 -0.4989776 
24.99999985 -0.4989776 
25.03999985 -0.4989776 
25.07999985 -0.941496 
25.11999985 -0.941496 
25.15999985 -0.941496 
25.19999985 -0.941496 
25.23999985 -0.941496 
25.27999985 -0.941496 
25.31999985 -1.382488 
25.35999985 -1.382488 
25.39999985 -1.382488 
25.43999985 -1.825007 
25.47999985 -1.825007 
25.51999984 -1.825007 
25.55999984 -1.825007 
25.59999984 -1.825007 
25.63999984 -1.825007 
25.67999984 -1.825007 
25.71999984 -1.825007 
25.75999984 -1.825007 
25.79999984 -1.825007 
25.83999984 -2.267525 
25.87999984 -1.825007 
25.91999984 -2.267525 
25.95999984 -0.941496 
25.99999984 -2.267525 
26.03999984 -2.708518 
26.07999984 -2.267525 
26.11999984 -2.267525 
26.15999984 -1.825007 
26.19999984 -1.825007 
26.23999984 -1.825007 
26.27999984 -1.825007 
26.31999984 -1.825007 
26.35999984 -1.825007 
26.39999984 -2.267525 
26.43999984 -2.267525 
26.47999984 -2.267525 
26.51999984 -1.825007 
26.55999984 -2.267525 
26.59999984 -2.267525 
26.63999984 -2.267525 
26.67999984 -2.267525 
26.71999984 -2.267525 
26.75999984 -2.267525 
26.79999984 -1.825007 
26.83999984 -2.267525 
26.87999984 -2.267525 
26.91999984 -1.825007 
26.95999984 -1.825007 
26.99999984 -2.267525 
27.03999984 -2.267525 
27.07999984 -2.267525 
27.11999984 -1.825007 
27.15999983 -1.825007 
27.19999983 -1.825007 
27.23999983 -1.825007 
27.27999983 -2.267525 
27.31999983 -2.267525 
27.35999983 -2.267525 
27.39999983 -1.825007 
27.43999983 -2.267525 
27.47999983 -2.267525 
27.51999983 -2.267525 
27.55999983 -2.267525 
27.59999983 -2.267525 
27.63999983 -2.267525 
27.67999983 -2.708518 
27.71999983 -1.825007 
27.75999983 -2.267525 
27.79999983 -2.267525 
27.83999983 -2.267525 
27.87999983 -2.267525 
27.91999983 -2.267525 
27.95999983 -2.267525 
27.99999983 -2.267525 
28.03999983 -2.267525 
28.07999983 -2.267525 
28.11999983 -2.267525 
28.15999983 -2.267525 
28.19999983 -2.267525 
28.23999983 -2.267525 
28.27999983 -2.267525 
28.31999983 -2.267525 
28.35999983 -2.267525 
28.39999983 -2.267525 
28.43999983 -2.708518 
28.47999983 -2.267525 
28.51999983 -2.267525 
28.55999983 -2.267525 
28.59999983 -2.267525 
28.63999983 -2.708518 
28.67999983 -2.267525 
28.71999983 -2.708518 
28.75999983 -2.267525 
28.79999982 -2.708518 
28.83999982 -2.708518 
28.87999982 -2.708518 
28.91999982 -2.708518 
28.95999982 -3.151036 
28.99999982 -2.708518 
29.03999982 -2.708518 
29.07999982 -2.708518 
29.11999982 -3.151036 
29.15999982 -2.708518 
29.19999982 -3.151036 
29.23999982 -3.151036 
29.27999982 -2.708518 
29.31999982 -3.151036 
29.35999982 -3.151036 
29.39999982 -2.708518 
29.43999982 -2.708518 
29.47999982 -3.151036 
29.51999982 -3.151036 
29.55999982 -2.708518 
29.59999982 -3.151036 
29.63999982 -3.151036 
29.67999982 -3.593554 
29.71999982 -3.593554 
29.75999982 -3.151036 
29.79999982 -3.593554 
29.83999982 -3.593554 
29.87999982 -3.593554 
29.91999982 -3.593554 
29.95999982 -3.593554 
29.99999982 -3.593554 
30.03999982 -3.593554 
30.07999982 -3.593554 
30.11999982 -3.593554 
30.15999982 -3.593554 
30.19999982 -4.034547 
30.23999982 -3.593554 
30.27999982 -4.034547 
30.31999982 -4.034547 
30.35999982 -4.034547 
30.39999982 -4.034547 
30.43999982 -3.593554 
30.47999981 -4.034547 
30.51999981 -4.034547 
30.55999981 -4.034547 
30.59999981 -4.034547 
30.63999981 -4.034547 
30.67999981 -4.034547 
30.71999981 -3.593554 
30.75999981 -4.034547 
30.79999981 -4.034547 
30.83999981 -3.593554 
30.87999981 -3.593554 
30.91999981 -3.593554 
30.95999981 -3.593554 
30.99999981 -3.593554 
31.03999981 -3.593554 
31.07999981 -3.151036 
31.11999981 -3.151036 
31.15999981 -3.593554 
31.19999981 -3.151036 
31.23999981 -3.151036 
31.27999981 -3.151036 
31.31999981 -3.151036 
31.35999981 -2.708518 
31.39999981 -2.708518 
31.43999981 -2.708518 
31.47999981 -2.267525 
31.51999981 -2.267525 
31.55999981 -2.267525 
31.59999981 -2.267525 
31.63999981 -1.825007 
31.67999981 -1.825007 
31.71999981 -1.825007 
31.75999981 -1.825007 
31.79999981 -1.825007 
31.83999981 -1.825007 
31.87999981 -1.382488 
31.91999981 -1.382488 
31.95999981 -0.941496 
31.99999981 -0.941496 
32.03999981 -0.941496 
32.07999981 -0.4989776 
32.1199998 -0.941496 
32.1599998 -0.941496 
32.1999998 -0.4989776 
32.2399998 -0.4989776 
32.2799998 -0.4989776 
32.3199998 -0.4989776 
32.3599998 -0.4989776 
32.3999998 -0.4989776 
35.23999979 -0.4989776 
35.27999979 -0.4989776 
35.31999979 -0.4989776 
35.35999979 -0.941496 
35.39999978 -0.4989776 
35.43999978 -0.941496 
35.47999978 -0.941496 
35.51999978 -0.941496 
35.55999978 -0.941496 
35.59999978 -1.382488 
35.63999978 -0.941496 
35.67999978 -1.382488 
35.71999978 -0.941496 
35.75999978 -1.382488 
35.79999978 -1.825007 
35.83999978 -1.825007 
35.87999978 -1.825007 
35.91999978 -1.825007 
35.95999978 -1.825007 
35.99999978 -1.825007 
36.03999978 -2.267525 
36.07999978 -1.825007 
36.11999978 -2.267525 
36.15999978 -2.267525 
36.19999978 -2.267525 
36.23999978 -2.267525 
36.27999978 -2.267525 
36.31999978 -2.267525 
36.35999978 -2.267525 
36.39999978 -2.267525 
36.43999978 -2.267525 
36.47999978 -2.267525 
36.51999978 -2.267525 
36.55999978 -2.267525 
36.59999978 -2.708518 
36.63999978 -2.267525 
36.67999978 -2.267525 
36.71999978 -2.267525 
36.75999978 -2.267525 
36.79999978 -1.825007 
36.83999978 -2.267525 
36.87999978 -2.267525 
36.91999978 -2.267525 
36.95999978 -2.267525 
36.99999978 -2.267525 
37.03999977 -2.267525 
37.07999977 -1.825007 
37.11999977 -1.825007 
37.15999977 -2.267525 
37.19999977 -1.825007 
37.23999977 -1.825007 
37.27999977 -1.825007 
37.31999977 -1.825007 
37.35999977 -1.382488 
37.39999977 -1.825007 
37.43999977 -1.825007 
37.47999977 -1.825007 
37.51999977 -1.382488 
37.55999977 -1.825007 
37.59999977 -1.382488 
37.63999977 -0.941496 
37.67999977 -1.382488 
37.71999977 -0.941496 
37.75999977 -0.941496 
37.79999977 -0.941496 
37.83999977 -0.941496 
37.87999977 -0.941496 
37.91999977 -0.941496 
37.95999977 -0.4989776 
37.99999977 -0.4989776 
38.07999977 -0.4989776 
41.19999975 -0.941496 
41.27999975 -0.4989776 
41.31999975 -0.941496 
41.35999975 -0.941496 
41.39999975 -0.941496 
41.43999975 -1.382488 
41.47999975 -1.825007 
41.51999975 -1.825007 
41.55999975 -1.825007 
41.59999975 -1.825007 
41.63999975 -2.267525 
41.67999975 -2.267525 
41.71999975 -2.267525 
41.75999975 -2.267525 
41.79999975 -2.708518 
41.83999975 -2.708518 
41.87999975 -3.151036 
41.91999975 -3.151036 
41.95999974 -3.593554 
41.99999974 -3.593554 
42.03999974 -3.593554 
42.07999974 -3.593554 
42.11999974 -4.034547 
42.15999974 -4.034547 
42.19999974 -4.034547 
42.23999974 -4.477065 
42.27999974 -4.477065 
42.31999974 -4.477065 
42.35999974 -4.477065 
42.39999974 -4.477065 
42.43999974 -4.477065 
42.47999974 -4.919584 
42.51999974 -4.919584 
42.55999974 -4.919584 
42.59999974 -5.360576 
42.63999974 -5.360576 
42.67999974 -4.477065 
42.71999974 -4.919584 
42.75999974 -5.360576 
42.79999974 -5.360576 
42.83999974 -5.360576 
42.87999974 -5.360576 
42.91999974 -4.919584 
42.95999974 -5.360576 
42.99999974 -5.360576 
43.03999974 -5.360576 
43.07999974 -5.803094 
43.11999974 -5.360576 
43.15999974 -5.803094 
43.19999974 -5.360576 
43.23999974 -5.360576 
43.27999974 -5.360576 
43.31999974 -5.360576 
43.35999974 -5.360576 
43.39999974 -5.360576 
43.43999974 -5.360576 
43.47999974 -5.360576 
43.51999974 -5.360576 
43.55999974 -5.360576 
43.59999974 -4.919584 
43.63999973 -5.360576 
43.67999973 -4.919584 
43.71999973 -5.360576 
43.75999973 -4.919584 
43.79999973 -4.919584 
43.83999973 -4.477065 
43.87999973 -4.477065 
43.91999973 -4.919584 
43.95999973 -4.477065 
43.99999973 -4.477065 
44.03999973 -4.477065 
44.07999973 -4.477065 
44.11999973 -4.477065 
44.15999973 -4.477065 
44.19999973 -4.034547 
44.23999973 -4.034547 
44.27999973 -4.034547 
44.31999973 -4.034547 
44.35999973 -3.593554 
44.39999973 -4.034547 
44.43999973 -3.593554 
44.47999973 -3.593554 
44.51999973 -3.593554 
44.55999973 -3.593554 
44.59999973 -3.151036 
44.63999973 -4.477065 
44.67999973 -3.151036 
44.71999973 -1.825007 
44.75999973 -3.151036 
44.79999973 -3.593554 
44.83999973 -2.708518 
44.87999973 -2.267525 
44.91999973 -3.151036 
44.95999973 -2.267525 
44.99999973 -1.825007 
45.03999973 -2.267525 
45.07999973 -1.382488 
45.11999973 -1.825007 
45.15999973 -2.708518 
45.19999973 -2.708518 
45.23999973 -0.941496 
45.27999972 -1.382488 
45.31999972 -1.825007 
45.35999972 -0.941496 
45.39999972 -0.941496 
45.43999972 -1.825007 
45.47999972 -1.825007 
45.51999972 -0.941496 
45.55999972 -0.4989776 
45.59999972 -0.941496 
45.63999972 -0.941496 
45.67999972 -0.941496 
45.71999972 -0.4989776 
45.75999972 -0.4989776 
45.79999972 -0.941496 
45.83999972 -0.4989776 
45.87999972 -0.4989776 
45.95999972 -0.4989776 
50.55999969 -0.4989776 
50.63999969 -0.4989776 
50.75999969 -0.4989776 
50.79999969 -0.4989776 
50.91999969 -0.4989776 
50.95999969 -0.4989776 
51.07999969 -0.4989776 
51.23999969 -0.4989776 
51.59999969 -0.4989776 
52.03999968 -0.4989776 
57.07999965 -0.4989776 
57.11999965 -0.4989776 
57.15999965 -0.941496 
57.19999965 -0.941496 
57.23999965 -0.4989776 
57.27999965 -0.941496 
57.31999965 -0.941496 
57.35999965 -0.941496 
57.39999965 -0.941496 
57.43999965 -0.941496 
57.47999965 -0.941496 
57.51999965 -1.825007 
57.55999965 -1.825007 
57.59999965 -1.825007 
57.63999965 -1.825007 
57.67999965 -2.267525 
57.71999965 -1.825007 
57.75999965 -2.267525 
57.79999965 -2.267525 
57.83999965 -2.267525 
57.87999965 -2.708518 
57.91999965 -2.708518 
57.95999965 -2.708518 
57.99999965 -3.151036 
58.03999965 -2.708518 
58.07999965 -3.151036 
58.11999965 -3.593554 
58.15999965 -3.593554 
58.19999965 -3.593554 
58.23999965 -4.034547 
58.27999965 -4.034547 
58.31999965 -4.034547 
58.35999965 -4.034547 
58.39999965 -4.034547 
58.43999964 -4.477065 
58.47999964 -4.477065 
58.51999964 -4.477065 
58.55999964 -4.477065 
58.59999964 -4.477065 
58.63999964 -4.477065 
58.67999964 -4.477065 
58.71999964 -4.477065 
58.75999964 -4.919584 
58.79999964 -4.919584 
58.83999964 -4.919584 
58.87999964 -4.919584 
58.91999964 -4.919584 
58.95999964 -4.919584 
58.99999964 -5.360576 
59.03999964 -5.360576 
59.07999964 -4.477065 
59.11999964 -5.360576 
59.15999964 -5.360576 
59.19999964 -4.919584 
59.23999964 -4.919584 
59.27999964 -4.477065 
59.31999964 -4.919584 
59.35999964 -4.477065 
59.39999964 -4.919584 
59.43999964 -4.477065 
59.47999964 -4.477065 
59.51999964 -4.477065 
59.55999964 -4.919584 
59.59999964 -4.477065 
59.63999964 -4.919584 
59.67999964 -4.919584 
59.71999964 -5.360576 
59.75999964 -4.919584 
59.79999964 -4.477065 
59.83999964 -4.477065 
59.87999964 -4.477065 
59.91999964 -4.477065 
59.95999964 -4.477065 
59.99999964 -4.477065 
60.03999964 -4.477065 
60.07999963 -4.477065 
60.11999963 -4.477065 
60.15999963 -4.477065 
60.19999963 -4.477065 
60.23999963 -4.477065 
60.27999963 -4.477065 
60.31999963 -4.477065 
60.35999963 -4.034547 
60.39999963 -4.034547 
60.43999963 -4.477065 
60.47999963 -4.034547 
60.51999963 -4.034547 
60.55999963 -4.034547 
60.59999963 -4.034547 
60.63999963 -4.034547 
60.67999963 -3.593554 
60.71999963 -3.593554 
60.75999963 -4.034547 
60.79999963 -3.593554 
60.83999963 -3.593554 
60.87999963 -3.593554 
60.91999963 -3.593554 
60.95999963 -3.593554 
60.99999963 -3.593554 
61.03999963 -3.151036 
61.07999963 -3.151036 
61.11999963 -3.593554 
61.15999963 -3.151036 
61.19999963 -3.151036 
61.23999963 -3.151036 
61.27999963 -2.708518 
61.31999963 -2.708518 
61.35999963 -2.708518 
61.39999963 -2.708518 
61.43999963 -2.267525 
61.47999963 -2.267525 
61.51999963 -2.267525 
61.55999963 -2.267525 
61.59999963 -2.267525 
61.63999963 -2.267525 
61.67999963 -2.267525 
61.71999962 -1.825007 
61.75999962 -1.825007 
61.79999962 -1.825007 
61.83999962 -1.825007 
61.87999962 -1.825007 
61.91999962 -1.382488 
61.95999962 -1.382488 
61.99999962 -1.382488 
62.03999962 -1.382488 
62.07999962 -0.941496 
62.11999962 -0.941496 
62.15999962 -0.941496 
62.19999962 -0.941496 
62.23999962 -0.941496 
62.27999962 -0.941496 
62.31999962 -0.941496 
62.35999962 -0.4989776 
62.39999962 -0.4989776 
62.43999962 -0.4989776 
62.47999962 -0.4989776 
62.51999962 -0.4989776 
62.59999962 -0.4989776 
62.63999962 -0.4989776 
62.67999962 -0.4989776 
62.71999962 -0.4989776 
66.1599996 -0.4989776 
66.2399996 -0.4989776 
66.2799996 -0.4989776 
66.3199996 -0.4989776 
66.3599996 -0.4989776 
66.3999996 -0.4989776 
66.4399996 -0.941496 
66.4799996 -0.941496 
66.5199996 -0.4989776 
66.5599996 -0.941496 
66.5999996 -0.941496 
66.63999959 -0.941496 
66.67999959 -0.941496 
66.71999959 -0.941496 
66.75999959 -0.941496 
66.79999959 -0.941496 
66.83999959 -0.941496 
66.87999959 -0.941496 
66.91999959 -0.941496 
66.95999959 -0.941496 
66.99999959 -0.941496 
67.03999959 -0.941496 
67.07999959 -0.941496 
67.11999959 -0.941496 
67.15999959 -1.382488 
67.19999959 -0.941496 
67.23999959 -1.382488 
67.27999959 -1.825007 
67.31999959 -1.382488 
67.35999959 -1.382488 
67.39999959 -1.382488 
67.43999959 -1.382488 
67.47999959 -2.267525 
67.51999959 -2.267525 
67.55999959 -0.941496 
67.59999959 -0.941496 
67.63999959 -1.382488 
67.67999959 -0.941496 
67.71999959 -0.941496 
67.75999959 -1.382488 
67.79999959 -1.382488 
67.83999959 -1.382488 
67.87999959 -0.941496 
67.91999959 -0.941496 
67.95999959 -0.941496 
67.99999959 -1.382488 
68.03999959 -0.941496 
68.07999959 -0.941496 
68.11999959 -0.941496 
68.15999959 -0.941496 
68.19999959 -0.941496 
68.23999959 -0.941496 
68.27999959 -0.941496 
68.31999958 -0.941496 
68.35999958 -0.941496 
68.39999958 -0.941496 
68.43999958 -0.941496 
68.47999958 -0.941496 
68.51999958 -0.941496 
68.55999958 -0.941496 
68.59999958 -0.941496 
68.63999958 -0.941496 
68.67999958 -0.941496 
68.71999958 -0.941496 
68.75999958 -0.941496 
68.79999958 -0.941496 
68.83999958 -0.4989776 
68.87999958 -0.941496 
68.91999958 -0.941496 
68.95999958 -0.941496 
68.99999958 -0.941496 
69.03999958 -0.4989776 
69.07999958 -0.4989776 
69.11999958 -0.4989776 
69.23999958 -0.941496 
69.39999958 -0.4989776 
73.91999955 -0.4989776 
73.95999955 -0.4989776 
74.19999955 -0.4989776 
74.23999955 -0.4989776 
74.39999955 -0.4989776 
74.43999955 -0.4989776 
74.55999955 -0.4989776 
74.59999955 -0.4989776 
74.63999955 -0.4989776 
74.67999955 -0.4989776 
74.71999955 -0.941496 
74.75999955 -0.941496 
74.79999955 -0.941496 
74.83999955 -0.4989776 
74.87999954 -0.941496 
74.91999954 -0.941496 
74.95999954 -0.941496 
74.99999954 -0.941496 
75.03999954 -0.941496 
75.07999954 -0.941496 
75.11999954 -0.941496 
75.15999954 -0.941496 
75.19999954 -1.382488 
75.23999954 -0.941496 
75.27999954 -1.825007 
75.31999954 -1.382488 
75.35999954 -1.382488 
75.39999954 -1.382488 
75.43999954 -1.825007 
75.47999954 -1.382488 
75.51999954 -0.941496 
75.55999954 -1.382488 
75.59999954 -1.382488 
75.63999954 -1.382488 
75.67999954 -1.825007 
75.71999954 -1.382488 
75.75999954 -0.941496 
75.79999954 -0.941496 
75.83999954 -0.941496 
75.87999954 -0.941496 
75.91999954 -0.941496 
75.95999954 -0.941496 
75.99999954 -0.941496 
76.03999954 -0.941496 
76.07999954 -0.941496 
76.11999954 -0.941496 
76.15999954 -1.825007 
76.19999954 -1.382488 
76.23999954 -1.825007 
76.27999954 -1.382488 
76.31999954 -0.941496 
76.35999954 -0.941496 
76.39999954 -1.382488 
76.43999954 -1.382488 
76.47999954 -1.825007 
76.51999953 -0.941496 
76.55999953 -1.825007 
76.59999953 -1.825007 
76.63999953 -0.941496 
76.67999953 -1.382488 
76.71999953 -1.825007 
76.75999953 -1.382488 
76.79999953 -1.382488 
76.83999953 -1.825007 
76.87999953 -1.825007 
76.91999953 -1.382488 
76.95999953 -1.382488 
76.99999953 -1.825007 
77.03999953 -1.825007 
77.07999953 -1.825007 
77.11999953 -1.825007 
77.15999953 -1.825007 
77.19999953 -1.825007 
77.23999953 -1.825007 
77.27999953 -1.825007 
77.31999953 -1.825007 
77.35999953 -1.825007 
77.39999953 -1.825007 
77.43999953 -1.825007 
77.47999953 -1.825007 
77.51999953 -1.825007 
77.55999953 -1.825007 
77.59999953 -1.825007 
77.63999953 -1.825007 
77.67999953 -1.825007 
77.71999953 -1.825007 
77.75999953 -1.825007 
77.79999953 -1.825007 
77.83999953 -1.825007 
77.87999953 -1.825007 
77.91999953 -1.825007 
77.95999953 -1.825007 
77.99999953 -1.825007 
78.03999953 -1.825007 
78.07999953 -2.267525 
78.11999953 -2.267525 
78.15999952 -0.941496 
78.19999952 -1.825007 
78.23999952 -1.825007 
78.27999952 -1.825007 
78.31999952 -1.825007 
78.35999952 -1.825007 
78.39999952 -1.825007 
78.43999952 -1.825007 
78.47999952 -1.825007 
78.51999952 -2.267525 
78.55999952 -1.825007 
78.59999952 -1.825007 
78.63999952 -1.825007 
78.67999952 -1.825007 
78.71999952 -1.825007 
78.75999952 -1.825007 
78.79999952 -1.825007 
78.83999952 -1.825007 
78.87999952 -1.825007 
78.91999952 -1.825007 
78.95999952 -1.825007 
78.99999952 -1.825007 
79.03999952 -1.825007 
79.07999952 -1.825007 
79.11999952 -1.825007 
79.15999952 -1.825007 
79.19999952 -1.825007 
79.23999952 -1.825007 
79.27999952 -1.825007 
79.31999952 -1.825007 
79.35999952 -1.825007 
79.39999952 -2.267525 
79.43999952 -2.267525 
79.47999952 -2.267525 
79.51999952 -2.267525 
79.55999952 -2.267525 
79.59999952 -2.267525 
79.63999952 -2.267525 
79.67999952 -2.267525 
79.71999952 -2.267525 
79.75999952 -2.267525 
79.79999952 -2.267525 
79.83999951 -2.267525 
79.87999951 -2.267525 
79.91999951 -2.267525 
79.95999951 -2.267525 
79.99999951 -2.708518 
80.03999951 -2.267525 
80.07999951 -2.267525 
80.11999951 -2.708518 
80.15999951 -2.267525 
80.19999951 -2.267525 
80.23999951 -2.267525 
80.27999951 -2.708518 
80.31999951 -2.267525 
80.35999951 -1.825007 
80.39999951 -2.708518 
80.43999951 -2.267525 
80.47999951 -2.267525 
80.51999951 -2.267525 
80.55999951 -2.267525 
80.59999951 -2.267525 
80.63999951 -2.708518 
80.67999951 -2.267525 
80.71999951 -2.267525 
80.75999951 -2.267525 
80.79999951 -2.267525 
80.83999951 -2.267525 
80.87999951 -2.267525 
80.91999951 -2.267525 
80.95999951 -1.825007 
80.99999951 -1.825007 
81.03999951 -1.825007 
81.07999951 -1.825007 
81.11999951 -1.825007 
81.15999951 -1.825007 
81.19999951 -1.825007 
81.23999951 -1.825007 
81.27999951 -1.825007 
81.31999951 -1.825007 
81.35999951 -1.825007 
81.39999951 -1.825007 
81.43999951 -1.825007 
81.4799995 -1.825007 
81.5199995 -1.825007 
81.5599995 -1.825007 
81.5999995 -0.941496 
81.6399995 -1.825007 
81.6799995 -1.382488 
81.7199995 -0.941496 
81.7599995 -1.382488 
81.7999995 -0.941496 
81.8399995 -0.941496 
81.8799995 -0.941496 
81.9199995 -0.941496 
81.9599995 -0.941496 
81.9999995 -0.941496 
82.0399995 -0.4989776 
82.0799995 -0.4989776 
82.1199995 -0.941496 
82.1599995 -0.4989776 
82.1999995 -0.4989776 
82.2399995 -0.4989776 
82.2799995 -0.4989776 
82.3199995 -0.4989776 
82.3599995 -0.4989776 
82.3999995 -0.4989776 
82.4399995 -0.4989776 
82.5999995 -0.4989776 
85.91999948 -0.4989776 
86.03999948 -0.4989776 
86.75999947 -0.4989776 
88.87999946 -0.4989776 
88.99999946 -0.4989776 
89.03999946 -0.4989776 
89.07999946 -0.4989776 
89.15999946 -0.4989776 
89.19999946 -0.4989776 
89.23999946 -0.4989776 
89.27999946 -0.4989776 
89.31999946 -0.4989776 
89.35999946 -0.4989776 
89.39999946 -0.941496 
89.43999946 -0.4989776 
89.47999946 -0.4989776 
89.51999946 -0.941496 
89.55999946 -0.941496 
89.59999946 -0.941496 
89.63999946 -0.941496 
89.67999945 -0.941496 
89.71999945 -0.941496 
89.75999945 -0.941496 
89.79999945 -0.941496 
89.83999945 -0.941496 
89.87999945 -0.941496 
89.91999945 -0.941496 
89.95999945 -1.382488 
89.99999945 -1.825007 
90.03999945 -1.382488 
90.07999945 -1.825007 
90.11999945 -1.825007 
90.15999945 -1.825007 
90.19999945 -1.825007 
90.23999945 -1.825007 
90.27999945 -1.825007 
90.31999945 -2.267525 
90.35999945 -1.825007 
90.39999945 -1.825007 
90.43999945 -2.267525 
90.47999945 -2.267525 
90.51999945 -2.267525 
90.55999945 -2.267525 
90.59999945 -2.267525 
90.63999945 -2.267525 
90.67999945 -2.267525 
90.71999945 -2.708518 
90.75999945 -2.708518 
90.79999945 -3.151036 
90.83999945 -2.708518 
90.87999945 -3.151036 
90.91999945 -1.825007 
90.95999945 -3.151036 
90.99999945 -3.593554 
91.03999945 -2.708518 
91.07999945 -3.151036 
91.11999945 -3.593554 
91.15999945 -3.593554 
91.19999945 -3.151036 
91.23999945 -3.593554 
91.27999945 -3.593554 
91.31999945 -3.593554 
91.35999944 -3.593554 
91.39999944 -3.593554 
91.43999944 -3.593554 
91.47999944 -3.593554 
91.51999944 -4.034547 
91.55999944 -3.593554 
91.59999944 -4.034547 
91.63999944 -4.034547 
91.67999944 -4.034547 
91.71999944 -4.034547 
91.75999944 -4.034547 
91.79999944 -4.034547 
91.83999944 -4.034547 
91.87999944 -4.034547 
91.91999944 -4.034547 
91.95999944 -4.034547 
91.99999944 -3.593554 
92.03999944 -4.034547 
92.07999944 -4.034547 
92.11999944 -3.593554 
92.15999944 -4.034547 
92.19999944 -4.034547 
92.23999944 -4.034547 
92.27999944 -4.034547 
92.31999944 -3.593554 
92.35999944 -4.034547 
92.39999944 -4.034547 
92.43999944 -3.593554 
92.47999944 -3.593554 
92.51999944 -3.593554 
92.55999944 -3.593554 
92.59999944 -3.151036 
92.63999944 -3.593554 
92.67999944 -3.593554 
92.71999944 -3.593554 
92.75999944 -3.151036 
92.79999944 -2.708518 
92.83999944 -3.151036 
92.87999944 -3.151036 
92.91999944 -2.708518 
92.95999944 -2.267525 
92.99999943 -2.708518 
93.03999943 -2.267525 
93.07999943 -2.267525 
93.11999943 -2.267525 
93.15999943 -2.267525 
93.19999943 -2.708518 
93.23999943 -2.267525 
93.27999943 -2.267525 
93.31999943 -2.267525 
93.35999943 -2.708518 
93.39999943 -2.267525 
93.43999943 -1.825007 
93.47999943 -2.267525 
93.51999943 -1.825007 
93.55999943 -1.825007 
93.59999943 -1.825007 
93.63999943 -2.267525 
93.67999943 -2.267525 
93.71999943 -1.825007 
93.75999943 -1.825007 
93.79999943 -2.267525 
93.83999943 -2.267525 
93.87999943 -1.382488 
93.91999943 -1.825007 
93.95999943 -1.825007 
93.99999943 -1.825007 
94.03999943 -1.825007 
94.07999943 -1.825007 
94.11999943 -0.941496 
94.15999943 -1.825007 
94.19999943 -1.382488 
94.23999943 -1.825007 
94.27999943 -0.941496 
94.31999943 -1.382488 
94.35999943 -1.382488 
94.39999943 -1.382488 
94.43999943 -1.382488 
94.47999943 -0.941496 
94.51999943 -0.941496 
94.55999943 -0.941496 
94.59999943 -0.941496 
94.63999942 -0.941496 
94.67999942 -0.941496 
94.71999942 -0.941496 
94.75999942 -0.941496 
94.79999942 -0.941496 
94.83999942 -0.941496 
94.87999942 -0.941496 
94.91999942 -0.941496 
94.95999942 -0.941496 
94.99999942 -0.941496 
95.03999942 -0.941496 
95.07999942 -0.941496 
95.11999942 -0.941496 
95.15999942 -0.941496 
95.19999942 -0.941496 
95.23999942 -0.941496 
95.27999942 -0.941496 
95.31999942 -0.941496 
95.35999942 -0.941496 
95.39999942 -0.941496 
95.43999942 -0.941496 
95.47999942 -0.941496 
95.51999942 -1.382488 
95.55999942 -0.941496 
95.59999942 -0.941496 
95.63999942 -1.825007 
95.67999942 -1.382488 
95.71999942 -1.825007 
95.75999942 -1.825007 
95.79999942 -1.825007 
95.83999942 -1.825007 
95.87999942 -1.825007 
95.91999942 -1.825007 
95.95999942 -1.825007 
95.99999942 -1.825007 
96.03999942 -1.825007 
96.07999942 -1.825007 
96.11999942 -1.825007 
96.15999942 -1.825007 
96.19999942 -1.825007 
96.23999942 -2.267525 
96.27999941 -1.825007 
96.31999941 -2.267525 
96.35999941 -2.267525 
96.39999941 -1.825007 
96.43999941 -2.267525 
96.47999941 -2.267525 
96.51999941 -2.267525 
96.55999941 -2.267525 
96.59999941 -2.267525 
96.63999941 -2.267525 
96.67999941 -2.267525 
96.71999941 -2.267525 
96.75999941 -2.267525 
96.79999941 -2.267525 
96.83999941 -2.267525 
96.87999941 -2.267525 
96.91999941 -1.825007 
96.95999941 -1.825007 
96.99999941 -1.825007 
97.03999941 -1.825007 
97.07999941 -2.267525 
97.11999941 -1.825007 
97.15999941 -1.825007 
97.19999941 -1.825007 
97.23999941 -1.825007 
97.27999941 -1.825007 
97.31999941 -1.825007 
97.35999941 -1.825007 
97.39999941 -1.382488 
97.43999941 -1.825007 
97.47999941 -1.825007 
97.51999941 -1.825007 
97.55999941 -0.941496 
97.59999941 -1.382488 
97.63999941 -1.825007 
97.67999941 -0.941496 
97.71999941 -0.941496 
97.75999941 -0.941496 
97.79999941 -0.941496 
97.83999941 -0.941496 
97.87999941 -0.941496 
97.9199994 -0.941496 
97.9599994 -0.941496 
97.9999994 -0.941496 
98.0399994 -0.941496 
98.0799994 -0.941496 
98.1199994 -0.941496 
98.1599994 -0.4989776 
98.1999994 -0.4989776 
98.2399994 -0.4989776 
98.2799994 -0.4989776 
98.3199994 -0.4989776 
103.39999937 -0.4989776 
103.55999937 -0.4989776 
103.59999937 -0.4989776 
103.63999937 -0.4989776 
103.67999937 -0.941496 
103.71999937 -0.941496 
103.75999937 -0.4989776 
103.79999937 -0.4989776 
103.83999937 -0.941496 
103.87999937 -0.941496 
103.91999937 -0.941496 
103.95999937 -0.4989776 
103.99999937 -0.941496 
104.03999937 -0.941496 
104.07999937 -0.941496 
104.11999937 -0.941496 
104.15999937 -0.941496 
104.19999937 -0.941496 
104.23999937 -1.825007 
104.27999937 -1.825007 
104.31999937 -0.941496 
104.35999937 -0.941496 
104.39999937 -0.941496 
104.43999937 -0.941496 
104.47999937 -1.382488 
104.51999936 -1.382488 
104.55999936 -1.382488 
104.59999936 -1.825007 
104.63999936 -1.825007 
104.67999936 -1.382488 
104.71999936 -1.382488 
104.75999936 -1.382488 
104.79999936 -0.941496 
104.83999936 -1.382488 
104.87999936 -1.382488 
104.91999936 -1.382488 
104.95999936 -1.825007 
104.99999936 -1.825007 
105.03999936 -1.825007 
105.07999936 -1.825007 
105.11999936 -1.825007 
105.15999936 -1.825007 
105.19999936 -1.825007 
105.23999936 -1.825007 
105.27999936 -1.825007 
105.31999936 -1.825007 
105.35999936 -1.825007 
105.39999936 -1.825007 
105.43999936 -1.825007 
105.47999936 -1.825007 
105.51999936 -1.825007 
105.55999936 -1.825007 
105.59999936 -1.825007 
105.63999936 -1.825007 
105.67999936 -1.825007 
105.71999936 -1.825007 
105.75999936 -1.825007 
105.79999936 -1.825007 
105.83999936 -1.825007 
105.87999936 -1.825007 
105.91999936 -1.825007 
105.95999936 -1.825007 
105.99999936 -1.825007 
106.03999936 -1.825007 
106.07999936 -1.825007 
106.11999936 -1.825007 
106.15999935 -1.825007 
106.19999935 -1.825007 
106.23999935 -1.825007 
106.27999935 -1.825007 
106.31999935 -1.825007 
106.35999935 -1.825007 
106.39999935 -1.825007 
106.43999935 -1.825007 
106.47999935 -1.825007 
106.51999935 -1.825007 
106.55999935 -1.825007 
106.59999935 -1.825007 
106.63999935 -2.267525 
106.67999935 -1.825007 
106.71999935 -1.825007 
106.75999935 -1.825007 
106.79999935 -2.267525 
106.83999935 -1.825007 
106.87999935 -1.825007 
106.91999935 -1.825007 
106.95999935 -2.267525 
106.99999935 -1.825007 
107.03999935 -2.267525 
107.07999935 -2.267525 
107.11999935 -2.267525 
107.15999935 -1.825007 
107.19999935 -1.825007 
107.23999935 -2.267525 
107.27999935 -2.267525 
107.31999935 -2.267525 
107.35999935 -1.825007 
107.39999935 -2.267525 
107.43999935 -2.267525 
107.47999935 -1.825007 
107.51999935 -2.267525 
107.55999935 -2.267525 
107.59999935 -2.267525 
107.63999935 -1.825007 
107.67999935 -2.267525 
107.71999935 -2.267525 
107.75999935 -2.267525 
107.79999934 -2.267525 
107.83999934 -2.267525 
107.87999934 -2.267525 
107.91999934 -2.267525 
107.95999934 -2.267525 
107.99999934 -2.267525 
108.03999934 -2.267525 
108.07999934 -2.267525 
108.11999934 -1.825007 
108.15999934 -2.267525 
108.19999934 -1.825007 
108.23999934 -2.267525 
108.27999934 -2.267525 
108.31999934 -2.267525 
108.35999934 -1.825007 
108.39999934 -1.825007 
108.43999934 -1.825007 
108.47999934 -1.825007 
108.51999934 -1.825007 
108.55999934 -1.825007 
108.59999934 -1.825007 
108.63999934 -1.825007 
108.67999934 -0.941496 
108.71999934 -1.382488 
108.75999934 -0.941496 
108.79999934 -1.382488 
108.83999934 -1.382488 
108.87999934 -1.382488 
108.91999934 -0.941496 
108.95999934 -0.941496 
108.99999934 -0.941496 
109.03999934 -0.941496 
109.07999934 -0.941496 
109.11999934 -0.4989776 
109.15999934 -0.4989776 
109.19999934 -0.941496 
109.23999934 -0.941496 
109.27999934 -0.4989776 
109.31999934 -0.4989776 
112.67999932 -0.4989776 
112.71999931 -0.941496 
112.75999931 -0.941496 
112.79999931 -0.4989776 
112.83999931 -0.941496 
112.87999931 -0.941496 
112.91999931 -0.941496 
112.95999931 -0.941496 
112.99999931 -1.382488 
113.03999931 -1.825007 
113.07999931 -1.825007 
113.11999931 -1.825007 
113.15999931 -1.825007 
113.19999931 -1.825007 
113.23999931 -2.267525 
113.27999931 -2.267525 
113.31999931 -2.708518 
113.35999931 -2.708518 
113.39999931 -2.708518 
113.43999931 -2.708518 
113.47999931 -2.708518 
113.51999931 -3.593554 
113.55999931 -3.593554 
113.59999931 -3.593554 
113.63999931 -3.593554 
113.67999931 -3.593554 
113.71999931 -3.593554 
113.75999931 -3.593554 
113.79999931 -3.593554 
113.83999931 -3.593554 
113.87999931 -4.034547 
113.91999931 -4.034547 
113.95999931 -4.034547 
113.99999931 -4.034547 
114.03999931 -4.034547 
114.07999931 -4.034547 
114.11999931 -4.034547 
114.15999931 -4.034547 
114.19999931 -4.034547 
114.23999931 -4.477065 
114.27999931 -4.034547 
114.31999931 -4.034547 
114.3599993 -4.034547 
114.3999993 -4.034547 
114.4399993 -4.034547 
114.4799993 -4.034547 
114.5199993 -4.034547 
114.5599993 -4.034547 
114.5999993 -4.034547 
114.6399993 -4.034547 
114.6799993 -4.034547 
114.7199993 -4.034547 
114.7599993 -4.034547 
114.7999993 -3.593554 
114.8399993 -4.034547 
114.8799993 -3.593554 
114.9199993 -4.034547 
114.9599993 -3.593554 
114.9999993 -3.593554 
115.0399993 -3.593554 
115.0799993 -3.593554 
115.1199993 -3.593554 
115.1599993 -3.151036 
115.1999993 -3.151036 
115.2399993 -3.151036 
115.2799993 -3.151036 
115.3199993 -2.708518 
115.3599993 -3.151036 
115.3999993 -2.708518 
115.4399993 -2.708518 
115.4799993 -2.708518 
115.5199993 -2.267525 
115.5599993 -2.708518 
115.5999993 -2.267525 
115.6399993 -2.267525 
115.6799993 -2.267525 
115.7199993 -1.825007 
115.7599993 -1.825007 
115.7999993 -1.825007 
115.8399993 -1.825007 
115.8799993 -1.825007 
115.9199993 -0.941496 
115.9599993 -0.941496 
115.9999993 -0.941496 
116.03999929 -0.941496 
116.07999929 -0.941496 
116.11999929 -0.941496 
116.15999929 -0.941496 
116.19999929 -0.941496 
116.23999929 -0.4989776 
116.27999929 -0.4989776 
116.31999929 -0.4989776 
118.47999928 -0.4989776 
118.51999928 -0.4989776 
118.55999928 -0.4989776 
118.59999928 -0.4989776 
118.63999928 -0.4989776 
118.67999928 -0.941496 
118.71999928 -0.941496 
118.75999928 -0.941496 
118.79999928 -0.941496 
118.83999928 -0.941496 
118.87999928 -1.382488 
118.91999928 -1.825007 
118.95999928 -1.825007 
118.99999928 -1.825007 
119.03999928 -1.825007 
119.07999928 -1.825007 
119.11999928 -1.825007 
119.15999928 -2.267525 
119.19999928 -2.267525 
119.23999928 -2.267525 
119.27999928 -2.267525 
119.31999927 -2.708518 
119.35999927 -2.267525 
119.39999927 -2.708518 
119.43999927 -3.151036 
119.47999927 -3.151036 
119.51999927 -3.151036 
119.55999927 -3.151036 
119.59999927 -3.151036 
119.63999927 -3.151036 
119.67999927 -3.593554 
119.71999927 -3.593554 
119.75999927 -3.593554 
119.79999927 -3.593554 
119.83999927 -4.034547 
119.87999927 -3.593554 
119.91999927 -3.593554 
119.95999927 -3.593554 
119.99999927 -3.593554 
120.03999927 -4.034547 
120.07999927 -4.034547 
120.11999927 -4.919584 
120.15999927 -4.034547 
120.19999927 -4.034547 
120.23999927 -4.034547 
120.27999927 -3.593554 
120.31999927 -4.034547 
120.35999927 -4.034547 
120.39999927 -4.034547 
120.43999927 -4.034547 
120.47999927 -4.034547 
120.51999927 -4.034547 
120.55999927 -4.034547 
120.59999927 -4.034547 
120.63999927 -4.034547 
120.67999927 -4.034547 
120.71999927 -3.593554 
120.75999927 -4.034547 
120.79999927 -3.593554 
120.83999927 -3.593554 
120.87999927 -3.593554 
120.91999927 -3.593554 
120.95999926 -3.593554 
120.99999926 -3.151036 
121.03999926 -3.151036 
121.07999926 -3.593554 
121.11999926 -3.593554 
121.15999926 -3.151036 
121.19999926 -3.151036 
121.23999926 -2.708518 
121.27999926 -2.708518 
121.31999926 -2.708518 
121.35999926 -2.267525 
121.39999926 -2.267525 
121.43999926 -2.267525 
121.47999926 -1.825007 
121.51999926 -1.825007 
121.55999926 -2.267525 
121.59999926 -1.825007 
121.63999926 -1.825007 
121.67999926 -1.825007 
121.71999926 -1.382488 
121.75999926 -1.382488 
121.79999926 -0.941496 
121.83999926 -0.941496 
121.87999926 -0.941496 
121.91999926 -0.4989776 
121.95999926 -0.4989776 
121.99999926 -0.4989776 
122.03999926 -0.4989776 
122.07999926 -0.4989776 
125.15999924 -0.4989776 
125.23999924 -0.4989776 
125.27999924 -0.4989776 
125.31999924 -0.941496 
125.35999924 -0.941496 
125.39999924 -0.941496 
125.43999924 -0.941496 
125.47999924 -1.825007 
125.51999924 -0.941496 
125.55999924 -0.941496 
125.59999924 -0.941496 
125.63999924 -0.941496 
125.67999924 -1.825007 
125.71999924 -1.382488 
125.75999924 -1.825007 
125.79999924 -2.267525 
125.83999924 -1.825007 
125.87999923 -1.825007 
125.91999923 -1.825007 
125.95999923 -1.825007 
125.99999923 -1.825007 
126.03999923 -1.825007 
126.07999923 -2.267525 
126.11999923 -2.267525 
126.15999923 -2.267525 
126.19999923 -2.267525 
126.23999923 -2.267525 
126.27999923 -2.267525 
126.31999923 -2.267525 
126.35999923 -2.267525 
126.39999923 -2.267525 
126.43999923 -2.267525 
126.47999923 -2.267525 
126.51999923 -2.267525 
126.55999923 -2.267525 
126.59999923 -2.267525 
126.63999923 -2.267525 
126.67999923 -2.267525 
126.71999923 -2.267525 
126.75999923 -2.267525 
126.79999923 -2.267525 
126.83999923 -2.267525 
126.87999923 -1.825007 
126.91999923 -2.267525 
126.95999923 -2.267525 
126.99999923 -2.267525 
127.03999923 -2.267525 
127.07999923 -1.825007 
127.11999923 -2.267525 
127.15999923 -1.825007 
127.19999923 -1.825007 
127.23999923 -2.267525 
127.27999923 -1.825007 
127.31999923 -1.825007 
127.35999923 -1.825007 
127.39999923 -1.825007 
127.43999923 -1.825007 
127.47999923 -1.825007 
127.51999923 -1.825007 
127.55999922 -1.825007 
127.59999922 -1.825007 
127.63999922 -1.382488 
127.67999922 -1.382488 
127.71999922 -1.382488 
127.75999922 -1.382488 
127.79999922 -0.941496 
127.83999922 -0.941496 
127.87999922 -0.941496 
127.91999922 -0.941496 
127.95999922 -0.941496 
127.99999922 -0.941496 
128.03999922 -0.941496 
128.07999922 -0.941496 
128.11999922 -0.4989776 
128.15999922 -0.941496 
128.19999922 -0.4989776 
128.23999922 -0.941496 
128.27999922 -0.4989776 
128.31999922 -0.4989776 
128.35999922 -0.4989776 
128.39999922 -0.4989776 
128.47999922 -0.4989776 
134.35999918 -0.4989776 
134.39999918 -0.4989776 
134.43999918 -0.4989776 
134.47999918 -0.941496 
134.51999918 -0.941496 
134.55999918 -0.941496 
134.59999918 -0.941496 
134.63999918 -0.941496 
134.67999918 -0.941496 
134.71999918 -0.941496 
134.75999918 -0.941496 
134.79999918 -1.382488 
134.83999918 -1.825007 
134.87999918 -1.825007 
134.91999918 -1.825007 
134.95999918 -1.825007 
134.99999918 -1.825007 
135.03999918 -1.825007 
135.07999918 -1.825007 
135.11999918 -2.267525 
135.15999918 -2.267525 
135.19999918 -2.267525 
135.23999918 -2.267525 
135.27999918 -2.708518 
135.31999918 -2.267525 
135.35999918 -2.267525 
135.39999918 -2.708518 
135.43999918 -3.151036 
135.47999918 -3.151036 
135.51999918 -3.151036 
135.55999918 -3.151036 
135.59999918 -2.708518 
135.63999918 -2.708518 
135.67999918 -3.151036 
135.71999918 -3.151036 
135.75999917 -2.708518 
135.79999917 -3.593554 
135.83999917 -3.593554 
135.87999917 -3.593554 
135.91999917 -3.593554 
135.95999917 -3.593554 
135.99999917 -3.593554 
136.03999917 -3.593554 
136.07999917 -3.593554 
136.11999917 -3.593554 
136.15999917 -3.593554 
136.19999917 -3.593554 
136.23999917 -3.593554 
136.27999917 -3.593554 
136.31999917 -3.593554 
136.35999917 -3.593554 
136.39999917 -4.034547 
136.43999917 -4.034547 
136.47999917 -3.593554 
136.51999917 -3.593554 
136.55999917 -4.034547 
136.59999917 -3.593554 
136.63999917 -3.593554 
136.67999917 -4.034547 
136.71999917 -3.593554 
136.75999917 -3.593554 
136.79999917 -4.034547 
136.83999917 -3.593554 
136.87999917 -3.593554 
136.91999917 -3.593554 
136.95999917 -3.593554 
136.99999917 -3.151036 
137.03999917 -3.593554 
137.07999917 -3.151036 
137.11999917 -3.593554 
137.15999917 -3.593554 
137.19999917 -3.593554 
137.23999917 -3.151036 
137.27999917 -2.708518 
137.31999917 -3.151036 
137.35999917 -2.708518 
137.39999916 -2.708518 
137.43999916 -3.151036 
137.47999916 -2.708518 
137.51999916 -2.708518 
137.55999916 -2.267525 
137.59999916 -2.708518 
137.63999916 -2.267525 
137.67999916 -2.267525 
137.71999916 -1.825007 
137.75999916 -2.267525 
137.79999916 -1.825007 
137.83999916 -1.825007 
137.87999916 -1.825007 
137.91999916 -1.825007 
137.95999916 -1.825007 
137.99999916 -1.382488 
138.03999916 -1.382488 
138.07999916 -0.941496 
138.11999916 -0.941496 
138.15999916 -0.941496 
138.19999916 -0.941496 
138.23999916 -0.941496 
138.27999916 -0.941496 
138.31999916 -0.941496 
138.35999916 -0.4989776 
138.39999916 -0.4989776 
138.43999916 -0.4989776 
138.51999916 -0.4989776 
140.63999915 -0.4989776 
140.67999915 -0.4989776 
140.71999914 -0.4989776 
140.75999914 -0.941496 
140.79999914 -0.941496 
140.83999914 -0.941496 
140.87999914 -0.941496 
140.91999914 -0.941496 
140.95999914 -0.941496 
140.99999914 -0.941496 
141.03999914 -1.382488 
141.07999914 -1.825007 
141.11999914 -1.825007 
141.15999914 -1.825007 
141.19999914 -2.267525 
141.23999914 -2.267525 
141.27999914 -1.825007 
141.31999914 -2.267525 
141.35999914 -2.267525 
141.39999914 -2.267525 
141.43999914 -2.267525 
141.47999914 -2.708518 
141.51999914 -2.267525 
141.55999914 -2.708518 
141.59999914 -2.708518 
141.63999914 -3.151036 
141.67999914 -3.151036 
141.71999914 -3.151036 
141.75999914 -3.151036 
141.79999914 -3.151036 
141.83999914 -3.593554 
141.87999914 -3.593554 
141.91999914 -3.151036 
141.95999914 -3.593554 
141.99999914 -3.593554 
142.03999914 -3.593554 
142.07999914 -3.593554 
142.11999914 -3.593554 
142.15999914 -3.593554 
142.19999914 -3.593554 
142.23999914 -3.593554 
142.27999914 -3.593554 
142.31999914 -3.593554 
142.35999913 -3.593554 
142.39999913 -3.593554 
142.43999913 -3.593554 
142.47999913 -3.593554 
142.51999913 -3.593554 
142.55999913 -4.034547 
142.59999913 -3.593554 
142.63999913 -3.593554 
142.67999913 -3.593554 
142.71999913 -3.593554 
142.75999913 -3.593554 
142.79999913 -3.593554 
142.83999913 -3.593554 
142.87999913 -3.593554 
142.91999913 -3.593554 
142.95999913 -3.593554 
142.99999913 -3.593554 
143.03999913 -3.593554 
143.07999913 -3.593554 
143.11999913 -2.267525 
143.15999913 -3.151036 
143.19999913 -3.593554 
143.23999913 -3.151036 
143.27999913 -3.151036 
143.31999913 -3.151036 
143.35999913 -3.151036 
143.39999913 -2.708518 
143.43999913 -2.708518 
143.47999913 -2.708518 
143.51999913 -2.708518 
143.55999913 -2.708518 
143.59999913 -2.708518 
143.63999913 -2.708518 
143.67999913 -2.267525 
143.71999913 -2.708518 
143.75999913 -2.267525 
143.79999913 -2.267525 
143.83999913 -2.267525 
143.87999913 -2.267525 
143.91999913 -2.267525 
143.95999913 -2.267525 
143.99999912 -2.267525 
144.03999912 -2.267525 
144.07999912 -2.267525 
144.11999912 -2.267525 
144.15999912 -1.825007 
144.19999912 -1.825007 
144.23999912 -2.267525 
144.27999912 -1.825007 
144.31999912 -1.825007 
144.35999912 -1.825007 
144.39999912 -1.825007 
144.43999912 -1.825007 
144.47999912 -1.825007 
144.51999912 -1.825007 
144.55999912 -1.825007 
144.59999912 -1.825007 
144.63999912 -1.825007 
144.67999912 -1.382488 
144.71999912 -1.382488 
144.75999912 -0.941496 
144.79999912 -0.941496 
144.83999912 -1.382488 
144.87999912 -1.382488 
144.91999912 -0.941496 
144.95999912 -1.825007 
144.99999912 -1.382488 
145.03999912 -0.941496 
145.07999912 -0.941496 
145.11999912 -0.941496 
145.15999912 -0.941496 
145.19999912 -0.941496 
145.23999912 -0.941496 
145.27999912 -0.941496 
145.31999912 -0.941496 
145.35999912 -0.941496 
145.39999912 -0.941496 
145.43999912 -0.941496 
145.47999912 -0.941496 
145.51999912 -0.4989776 
145.55999912 -0.941496 
145.59999912 -0.941496 
145.63999911 -0.4989776 
145.67999911 -0.941496 
145.71999911 -0.4989776 
145.75999911 -0.941496 
145.79999911 -0.4989776 
145.83999911 -0.4989776 
145.87999911 -0.4989776 
145.91999911 -0.4989776 
145.95999911 -0.4989776 
145.99999911 -0.4989776 
146.03999911 -0.4989776 
146.07999911 -0.941496 
146.11999911 -0.941496 
146.15999911 -0.4989776 
146.19999911 -0.941496 
146.27999911 -0.4989776 
146.31999911 -0.4989776 
146.35999911 -0.4989776 
146.39999911 -0.4989776 
146.43999911 -0.941496 
146.51999911 -0.4989776 
146.55999911 -0.941496 
146.63999911 -0.4989776 
146.67999911 -0.4989776 
146.71999911 -0.4989776 
146.75999911 -0.4989776 
146.79999911 -0.4989776 
146.83999911 -0.4989776 
146.87999911 -0.4989776 
146.91999911 -0.4989776 
146.95999911 -0.941496 
146.99999911 -0.4989776 
147.03999911 -0.4989776 
147.07999911 -0.4989776 
147.11999911 -0.4989776 
147.15999911 -0.4989776 
147.19999911 -0.4989776 
147.23999911 -0.4989776 
147.2799991 -0.4989776 
147.3199991 -0.4989776 
147.3599991 -0.4989776 
147.3999991 -0.4989776 
147.4399991 -0.4989776 
147.4799991 -0.4989776 
147.5999991 -0.4989776 
147.6399991 -0.4989776 
147.6799991 -0.4989776 
147.7199991 -0.4989776 
147.7599991 -0.4989776 
147.7999991 -0.4989776 
147.9199991 -0.4989776 
147.9599991 -0.4989776 
151.79999908 -0.4989776 
151.83999908 -0.4989776 
151.87999908 -0.4989776 
151.91999908 -0.941496 
151.95999908 -0.941496 
151.99999908 -0.941496 
152.03999908 -0.941496 
152.07999908 -0.941496 
152.11999908 -1.382488 
152.15999908 -1.382488 
152.19999908 -1.825007 
152.23999907 -1.382488 
152.27999907 -1.825007 
152.31999907 -1.825007 
152.35999907 -1.825007 
152.39999907 -2.267525 
152.43999907 -2.267525 
152.47999907 -2.267525 
152.51999907 -2.267525 
152.55999907 -2.267525 
152.59999907 -2.267525 
152.63999907 -2.708518 
152.67999907 -2.708518 
152.71999907 -2.708518 
152.75999907 -2.708518 
152.79999907 -2.708518 
152.83999907 -3.151036 
152.87999907 -3.151036 
152.91999907 -3.151036 
152.95999907 -2.708518 
152.99999907 -3.151036 
153.03999907 -2.708518 
153.07999907 -3.151036 
153.11999907 -3.151036 
153.15999907 -3.593554 
153.19999907 -3.151036 
153.23999907 -3.593554 
153.27999907 -3.593554 
153.31999907 -3.593554 
153.35999907 -3.593554 
153.39999907 -3.593554 
153.43999907 -3.593554 
153.47999907 -3.593554 
153.51999907 -3.593554 
153.55999907 -3.593554 
153.59999907 -3.593554 
153.63999907 -3.593554 
153.67999907 -4.034547 
153.71999907 -3.593554 
153.75999907 -3.593554 
153.79999907 -3.593554 
153.83999907 -4.034547 
153.87999906 -3.593554 
153.91999906 -3.593554 
153.95999906 -3.593554 
153.99999906 -3.593554 
154.03999906 -3.593554 
154.07999906 -3.593554 
154.11999906 -3.593554 
154.15999906 -3.593554 
154.19999906 -3.593554 
154.23999906 -3.593554 
154.27999906 -3.593554 
154.31999906 -3.151036 
154.35999906 -3.593554 
154.39999906 -3.593554 
154.43999906 -3.151036 
154.47999906 -3.593554 
154.51999906 -3.151036 
154.55999906 -3.151036 
154.59999906 -3.151036 
154.63999906 -3.151036 
154.67999906 -3.151036 
154.71999906 -3.151036 
154.75999906 -3.151036 
154.79999906 -2.708518 
154.83999906 -3.151036 
154.87999906 -3.151036 
154.91999906 -3.151036 
154.95999906 -2.708518 
154.99999906 -2.708518 
155.03999906 -2.708518 
155.07999906 -2.708518 
155.11999906 -2.708518 
155.15999906 -2.708518 
155.19999906 -2.267525 
155.23999906 -2.267525 
155.27999906 -2.267525 
155.31999906 -2.267525 
155.35999906 -2.267525 
155.39999906 -2.267525 
155.43999906 -2.267525 
155.47999906 -2.267525 
155.51999905 -2.267525 
155.55999905 -2.267525 
155.59999905 -2.267525 
155.63999905 -1.825007 
155.67999905 -1.825007 
155.71999905 -1.825007 
155.75999905 -1.825007 
155.79999905 -1.825007 
155.83999905 -1.825007 
155.87999905 -1.825007 
155.91999905 -1.825007 
155.95999905 -1.382488 
155.99999905 -1.825007 
156.03999905 -1.825007 
156.07999905 -1.382488 
156.11999905 -1.825007 
156.15999905 -0.941496 
156.19999905 -0.941496 
156.23999905 -0.941496 
156.27999905 -0.941496 
156.31999905 -0.941496 
156.35999905 -0.941496 
156.39999905 -0.941496 
156.43999905 -1.825007 
156.47999905 -1.382488 
156.51999905 -0.4989776 
156.55999905 -0.941496 
156.59999905 -0.941496 
156.63999905 -0.4989776 
156.67999905 -0.4989776 
156.71999905 -0.4989776 
156.75999905 -0.4989776 
156.79999905 -0.4989776 
156.83999905 -0.941496 
156.87999905 -0.941496 
156.91999905 -0.941496 
156.95999905 -0.941496 
156.99999905 -0.4989776 
157.03999905 -0.4989776 
157.07999905 -0.941496 
157.11999905 -0.4989776 
157.15999904 -0.4989776 
157.19999904 -0.4989776 
157.23999904 -0.4989776 
157.27999904 -0.4989776 
157.31999904 -0.4989776 
157.35999904 -0.4989776 
157.39999904 -0.4989776 
157.43999904 -0.4989776 
157.47999904 -0.4989776 
157.51999904 -0.4989776 
157.55999904 -0.4989776 
157.59999904 -0.4989776 
157.63999904 -0.4989776 
157.67999904 -0.4989776 
157.71999904 -0.4989776 
157.79999904 -0.4989776 
157.83999904 -0.4989776 
157.87999904 -0.4989776 
157.91999904 -1.825007 
157.95999904 -0.4989776 
158.03999904 -0.941496 
158.07999904 -0.941496 
158.19999904 -0.4989776 
158.23999904 -0.4989776 
158.39999904 -0.4989776 
158.43999904 -1.382488 
158.47999904 -0.4989776 
158.55999904 -0.4989776 
158.59999904 -0.4989776 
158.71999904 -0.941496 
165.83999899 -0.4989776 
165.87999899 -0.4989776 
165.91999899 -0.4989776 
165.95999899 -0.4989776 
165.99999899 -0.4989776 
166.03999899 -0.4989776 
166.07999899 -0.4989776 
166.11999899 -0.4989776 
166.15999899 -0.4989776 
166.19999899 -0.4989776 
166.23999899 -0.4989776 
166.27999899 -0.4989776 
166.31999899 -0.941496 
166.35999899 -0.941496 
166.39999899 -0.941496 
166.43999899 -0.4989776 
166.47999899 -0.941496 
166.51999899 -0.4989776 
166.55999899 -0.941496 
166.59999899 -0.4989776 
166.63999899 -0.941496 
166.67999899 -0.941496 
166.71999899 -0.4989776 
166.75999899 -0.941496 
166.79999899 -0.941496 
166.83999899 -0.941496 
166.87999899 -0.941496 
166.91999899 -0.941496 
166.95999899 -0.941496 
166.99999899 -0.941496 
167.03999898 -0.941496 
167.07999898 -0.941496 
167.11999898 -1.382488 
167.15999898 -0.941496 
167.19999898 -1.382488 
167.23999898 -0.941496 
167.27999898 -1.825007 
167.31999898 -0.941496 
167.35999898 -0.941496 
167.39999898 -1.382488 
167.43999898 -1.825007 
167.47999898 -1.825007 
167.51999898 -1.825007 
167.55999898 -1.825007 
167.59999898 -1.825007 
167.63999898 -2.267525 
167.67999898 -1.825007 
167.71999898 -1.825007 
167.75999898 -2.267525 
167.79999898 -2.267525 
167.83999898 -2.267525 
167.87999898 -2.267525 
167.91999898 -2.267525 
167.95999898 -2.267525 
167.99999898 -2.267525 
168.03999898 -2.267525 
168.07999898 -2.267525 
168.11999898 -2.267525 
168.15999898 -2.267525 
168.19999898 -2.267525 
168.23999898 -2.267525 
168.27999898 -2.267525 
168.31999898 -2.267525 
168.35999898 -2.267525 
168.39999898 -2.267525 
168.43999898 -2.267525 
168.47999898 -2.267525 
168.51999898 -2.708518 
168.55999898 -2.267525 
168.59999898 -2.267525 
168.63999898 -2.708518 
168.67999897 -2.267525 
168.71999897 -2.267525 
168.75999897 -2.708518 
168.79999897 -2.267525 
168.83999897 -2.267525 
168.87999897 -2.267525 
168.91999897 -2.267525 
168.95999897 -2.267525 
168.99999897 -2.267525 
169.03999897 -2.267525 
169.07999897 -2.267525 
169.11999897 -2.267525 
169.15999897 -2.267525 
169.19999897 -2.708518 
169.23999897 -2.708518 
169.27999897 -1.825007 
169.31999897 -2.267525 
169.35999897 -2.267525 
169.39999897 -2.267525 
169.43999897 -2.267525 
169.47999897 -1.825007 
169.51999897 -1.825007 
169.55999897 -1.825007 
169.59999897 -1.825007 
169.63999897 -1.825007 
169.67999897 -1.825007 
169.71999897 -1.825007 
169.75999897 -1.825007 
169.79999897 -1.825007 
169.83999897 -1.825007 
169.87999897 -1.825007 
169.91999897 -1.825007 
169.95999897 -1.825007 
169.99999897 -1.382488 
170.03999897 -1.382488 
170.07999897 -1.382488 
170.11999897 -0.941496 
170.15999897 -0.941496 
170.19999897 -0.941496 
170.23999897 -0.941496 
170.27999897 -0.941496 
170.31999896 -0.4989776 
170.35999896 -0.941496 
170.39999896 -0.4989776 
170.43999896 -0.4989776 
170.47999896 -0.4989776 
170.51999896 -0.4989776 
170.59999896 -0.4989776 
170.75999896 -0.4989776 
172.83999895 -0.4989776 
172.87999895 -0.4989776 
172.91999895 -0.4989776 
172.95999895 -0.4989776 
172.99999895 -0.941496 
173.03999895 -0.941496 
173.07999895 -0.941496 
173.11999895 -0.941496 
173.15999895 -0.941496 
173.19999895 -0.941496 
173.23999895 -1.825007 
173.27999895 -1.382488 
173.31999895 -1.825007 
173.35999895 -1.825007 
173.39999895 -1.825007 
173.43999895 -1.825007 
173.47999895 -1.825007 
173.51999895 -1.825007 
173.55999895 -2.267525 
173.59999894 -2.267525 
173.63999894 -2.267525 
173.67999894 -2.267525 
173.71999894 -2.267525 
173.75999894 -2.267525 
173.79999894 -2.267525 
173.83999894 -2.708518 
173.87999894 -3.151036 
173.91999894 -2.708518 
173.95999894 -3.151036 
173.99999894 -3.151036 
174.03999894 -2.708518 
174.07999894 -3.151036 
174.11999894 -3.151036 
174.15999894 -3.151036 
174.19999894 -3.151036 
174.23999894 -3.151036 
174.27999894 -3.593554 
174.31999894 -3.593554 
174.35999894 -3.593554 
174.39999894 -3.593554 
174.43999894 -3.593554 
174.47999894 -3.593554 
174.51999894 -3.593554 
174.55999894 -3.593554 
174.59999894 -3.593554 
174.63999894 -3.593554 
174.67999894 -3.593554 
174.71999894 -4.034547 
174.75999894 -4.034547 
174.79999894 -4.034547 
174.83999894 -3.593554 
174.87999894 -3.593554 
174.91999894 -3.593554 
174.95999894 -4.034547 
174.99999894 -3.593554 
175.03999894 -3.593554 
175.07999894 -3.593554 
175.11999894 -4.034547 
175.15999894 -3.593554 
175.19999894 -3.593554 
175.23999893 -3.593554 
175.27999893 -3.593554 
175.31999893 -3.593554 
175.35999893 -3.593554 
175.39999893 -3.151036 
175.43999893 -3.593554 
175.47999893 -3.593554 
175.51999893 -3.151036 
175.55999893 -2.708518 
175.59999893 -3.151036 
175.63999893 -3.151036 
175.67999893 -3.151036 
175.71999893 -2.708518 
175.75999893 -2.708518 
175.79999893 -2.708518 
175.83999893 -2.708518 
175.87999893 -2.267525 
175.91999893 -2.267525 
175.95999893 -2.267525 
175.99999893 -1.825007 
176.03999893 -1.825007 
176.07999893 -1.825007 
176.11999893 -1.825007 
176.15999893 -1.825007 
176.19999893 -1.825007 
176.23999893 -1.825007 
176.27999893 -1.825007 
176.31999893 -0.941496 
176.35999893 -0.941496 
176.39999893 -0.941496 
176.43999893 -0.941496 
176.47999893 -0.941496 
176.51999893 -0.941496 
176.55999893 -0.941496 
176.59999893 -0.4989776 
176.63999893 -0.941496 
176.67999893 -0.941496 
176.71999893 -0.4989776 
176.75999893 -0.4989776 
176.79999893 -0.4989776 
176.83999893 -0.4989776 
176.87999893 -0.4989776 
176.91999892 -0.4989776 
178.95999891 -0.4989776 
178.99999891 -0.4989776 
179.23999891 -0.4989776 
179.27999891 -0.4989776 
179.31999891 -0.4989776 
179.35999891 -0.941496 
179.39999891 -0.4989776 
179.43999891 -0.941496 
179.47999891 -0.4989776 
179.51999891 -0.941496 
179.55999891 -0.941496 
179.59999891 -0.941496 
179.63999891 -0.941496 
179.67999891 -0.941496 
179.71999891 -0.941496 
179.75999891 -0.941496 
179.79999891 -0.941496 
179.83999891 -1.382488 
179.87999891 -0.941496 
179.91999891 -0.941496 
179.95999891 -0.941496 
179.99999891 -1.382488 
180.03999891 -1.382488 
180.07999891 -1.825007 
180.11999891 -1.382488 
180.15999891 -1.382488 
180.1999989 -1.382488 
180.2399989 -1.825007 
180.2799989 -1.825007 
180.3199989 -1.825007 
180.3599989 -1.825007 
180.3999989 -1.825007 
180.4399989 -1.825007 
180.4799989 -1.825007 
180.5199989 -1.825007 
180.5599989 -1.825007 
180.5999989 -1.825007 
180.6399989 -1.825007 
180.6799989 -1.825007 
180.7199989 -1.825007 
180.7599989 -1.825007 
180.7999989 -1.825007 
180.8399989 -1.825007 
180.8799989 -1.825007 
180.9199989 -1.382488 
180.9599989 -1.382488 
180.9999989 -1.825007 
181.0399989 -1.825007 
181.0799989 -1.382488 
181.1199989 -1.382488 
181.1599989 -0.941496 
181.1999989 -0.941496 
181.2399989 -0.941496 
181.2799989 -0.941496 
181.3199989 -0.941496 
181.3599989 -0.941496 
181.3999989 -0.941496 
181.4399989 -0.941496 
181.4799989 -0.941496 
181.5199989 -0.4989776 
181.5599989 -0.4989776 
181.7199989 -0.4989776 
185.91999887 -0.941496 
186.03999887 -0.4989776 
186.07999887 -0.941496 
186.15999887 -0.4989776 
186.19999887 -0.941496 
186.23999887 -0.4989776 
186.27999887 -0.4989776 
186.31999887 -0.4989776 
186.39999887 -0.941496 
186.43999887 -2.267525 
186.47999887 -0.941496 
186.51999887 -0.4989776 
186.55999887 -0.941496 
186.59999887 -1.825007 
186.63999887 -0.941496 
186.67999887 -0.941496 
186.71999887 -2.267525 
186.75999886 -1.825007 
186.79999886 -0.941496 
186.83999886 -0.941496 
186.87999886 -1.825007 
186.91999886 -1.825007 
186.95999886 -1.825007 
186.99999886 -1.825007 
187.03999886 -1.825007 
187.07999886 -1.825007 
187.11999886 -1.825007 
187.15999886 -1.382488 
187.19999886 -1.382488 
187.23999886 -1.825007 
187.27999886 -1.825007 
187.31999886 -1.825007 
187.35999886 -1.825007 
187.39999886 -1.825007 
187.43999886 -1.825007 
187.47999886 -1.825007 
187.51999886 -1.825007 
187.55999886 -1.825007 
187.59999886 -1.825007 
187.63999886 -1.825007 
187.67999886 -1.825007 
187.71999886 -1.825007 
187.75999886 -1.825007 
187.79999886 -1.825007 
187.83999886 -1.382488 
187.87999886 -1.825007 
187.91999886 -1.825007 
187.95999886 -1.825007 
187.99999886 -1.382488 
188.03999886 -0.941496 
188.07999886 -1.382488 
188.11999886 -0.941496 
188.15999886 -0.941496 
188.19999886 -0.941496 
188.23999886 -0.941496 
188.27999886 -1.382488 
188.31999886 -0.941496 
188.35999886 -0.941496 
188.39999886 -0.941496 
188.43999885 -0.941496 
188.47999885 -0.941496 
188.51999885 -0.941496 
188.55999885 -0.941496 
188.59999885 -0.941496 
188.63999885 -0.941496 
188.67999885 -1.382488 
188.71999885 -0.941496 
188.75999885 -0.941496 
188.79999885 -0.941496 
188.83999885 -0.941496 
188.87999885 -0.941496 
188.91999885 -0.941496 
188.95999885 -0.941496 
188.99999885 -0.941496 
189.03999885 -0.941496 
189.07999885 -0.941496 
189.11999885 -0.941496 
189.15999885 -0.941496 
189.19999885 -0.941496 
189.23999885 -0.941496 
189.27999885 -0.941496 
189.31999885 -0.941496 
189.35999885 -0.941496 
189.39999885 -1.382488 
189.43999885 -0.941496 
189.47999885 -0.941496 
189.51999885 -1.382488 
189.55999885 -0.941496 
189.59999885 -0.941496 
189.63999885 -0.941496 
189.67999885 -0.941496 
189.71999885 -1.382488 
189.75999885 -1.382488 
189.79999885 -0.941496 
189.83999885 -0.941496 
189.87999885 -1.382488 
189.91999885 -1.382488 
189.95999885 -1.382488 
189.99999885 -1.382488 
190.03999885 -0.941496 
190.07999884 -1.382488 
190.11999884 -1.382488 
190.15999884 -1.825007 
190.19999884 -0.941496 
190.23999884 -0.941496 
190.27999884 -0.941496 
190.31999884 -0.941496 
190.35999884 -0.941496 
190.39999884 -1.382488 
190.43999884 -0.941496 
190.47999884 -1.382488 
190.51999884 -1.825007 
190.55999884 -1.825007 
190.59999884 -1.825007 
190.63999884 -1.825007 
190.67999884 -1.825007 
190.71999884 -1.382488 
190.75999884 -1.825007 
190.79999884 -1.825007 
190.83999884 -1.825007 
190.87999884 -1.825007 
190.91999884 -2.267525 
190.95999884 -2.267525 
190.99999884 -2.267525 
191.03999884 -2.267525 
191.07999884 -2.267525 
191.11999884 -2.267525 
191.15999884 -2.267525 
191.19999884 -2.267525 
191.23999884 -2.708518 
191.27999884 -2.708518 
191.31999884 -2.708518 
191.35999884 -3.151036 
191.39999884 -3.151036 
191.43999884 -3.151036 
191.47999884 -3.151036 
191.51999884 -3.593554 
191.55999884 -3.151036 
191.59999884 -3.593554 
191.63999884 -3.593554 
191.67999884 -3.593554 
191.71999883 -3.593554 
191.75999883 -3.593554 
191.79999883 -4.034547 
191.83999883 -4.034547 
191.87999883 -3.593554 
191.91999883 -4.034547 
191.95999883 -4.034547 
191.99999883 -4.034547 
192.03999883 -4.034547 
192.07999883 -4.034547 
192.11999883 -3.593554 
192.15999883 -4.034547 
192.19999883 -4.034547 
192.23999883 -4.034547 
192.27999883 -4.034547 
192.31999883 -4.034547 
192.35999883 -3.593554 
192.39999883 -4.034547 
192.43999883 -4.034547 
192.47999883 -4.034547 
192.51999883 -4.034547 
192.55999883 -4.034547 
192.59999883 -4.034547 
192.63999883 -4.034547 
192.67999883 -4.034547 
192.71999883 -4.034547 
192.75999883 -3.593554 
192.79999883 -3.593554 
192.83999883 -3.593554 
192.87999883 -3.593554 
192.91999883 -3.593554 
192.95999883 -3.593554 
192.99999883 -3.593554 
193.03999883 -3.593554 
193.07999883 -3.593554 
193.11999883 -3.151036 
193.15999883 -3.151036 
193.19999883 -3.593554 
193.23999883 -3.151036 
193.27999883 -3.151036 
193.31999883 -2.708518 
193.35999882 -2.708518 
193.39999882 -3.151036 
193.43999882 -2.708518 
193.47999882 -3.151036 
193.51999882 -2.708518 
193.55999882 -2.708518 
193.59999882 -2.267525 
193.63999882 -2.267525 
193.67999882 -2.267525 
193.71999882 -2.267525 
193.75999882 -2.267525 
193.79999882 -2.267525 
193.83999882 -2.267525 
193.87999882 -2.267525 
193.91999882 -1.825007 
193.95999882 -1.825007 
193.99999882 -1.825007 
194.03999882 -1.825007 
194.07999882 -1.825007 
194.11999882 -1.825007 
194.15999882 -1.382488 
194.19999882 -1.382488 
194.23999882 -1.825007 
194.27999882 -0.941496 
194.31999882 -0.941496 
194.35999882 -0.941496 
194.39999882 -0.941496 
194.43999882 -0.941496 
194.47999882 -0.941496 
194.51999882 -0.941496 
194.55999882 -0.941496 
194.59999882 -0.941496 
194.63999882 -0.4989776 
197.6799988 -0.4989776 
197.7199988 -0.4989776 
197.7599988 -0.4989776 
197.7999988 -0.4989776 
197.8399988 -0.4989776 
197.8799988 -0.941496 
197.9199988 -0.4989776 
197.9599988 -0.941496 
197.9999988 -0.941496 
198.0399988 -0.941496 
198.0799988 -0.941496 
198.1199988 -0.941496 
198.1599988 -0.4989776 
198.1999988 -0.941496 
198.2399988 -0.941496 
198.27999879 -0.941496 
198.31999879 -0.941496 
198.35999879 -0.941496 
198.39999879 -0.941496 
198.43999879 -0.941496 
198.47999879 -1.382488 
198.51999879 -0.941496 
198.55999879 -0.941496 
198.59999879 -0.941496 
198.63999879 -0.941496 
198.67999879 -0.941496 
198.71999879 -1.382488 
198.75999879 -1.382488 
198.79999879 -1.382488 
198.83999879 -0.941496 
198.87999879 -0.941496 
198.91999879 -0.941496 
198.95999879 -1.382488 
198.99999879 -1.825007 
199.03999879 -1.825007 
199.07999879 -1.825007 
199.11999879 -0.4989776 
199.15999879 -1.825007 
199.19999879 -1.382488 
199.23999879 -1.825007 
199.27999879 -1.825007 
199.31999879 -1.825007 
199.35999879 -1.382488 
199.39999879 -1.382488 
199.43999879 -1.825007 
199.47999879 -1.825007 
199.51999879 -1.382488 
199.55999879 -1.825007 
199.59999879 -1.825007 
199.63999879 -1.382488 
199.67999879 -1.825007 
199.71999879 -0.941496 
199.75999879 -0.941496 
199.79999879 -0.941496 
199.83999879 -0.941496 
199.87999879 -0.941496 
199.91999878 -0.941496 
199.95999878 -0.941496 
199.99999878 -0.941496 
200.03999878 -0.941496 
200.07999878 -0.941496 
200.11999878 -0.4989776 
0 0 
