0.0 -1.382488 
0.04 -0.4989776 
0.08 -0.4989776 
0.12 -0.941496 
0.16 -1.382488 
0.2 -0.4989776 
0.24 -0.941496 
0.28 -0.941496 
0.32 -0.941496 
0.36 -0.941496 
0.4 -0.941496 
0.44 -0.941496 
0.48 -0.941496 
0.52 -1.382488 
0.56 -0.941496 
0.6 -0.941496 
0.64 -0.941496 
0.68 -0.941496 
0.72 -0.4989776 
0.76 -0.941496 
0.8 -0.941496 
0.83999999 -0.941496 
0.87999999 -0.4989776 
0.91999999 -0.4989776 
0.95999999 -0.941496 
0.99999999 -0.4989776 
1.03999999 -0.4989776 
1.07999999 -0.4989776 
1.11999999 -0.4989776 
1.15999999 -0.4989776 
1.23999999 -0.4989776 
1.27999999 -0.4989776 
1.31999999 -0.4989776 
4.63999997 -0.941496 
4.67999997 -0.4989776 
10.87999993 -0.4989776 
10.91999993 -0.4989776 
10.95999993 -0.4989776 
10.99999993 -0.4989776 
11.03999993 -0.4989776 
11.07999993 -0.4989776 
11.11999993 -0.4989776 
11.15999993 -0.4989776 
11.19999993 -0.4989776 
11.23999993 -0.4989776 
11.27999993 -0.4989776 
11.31999993 -0.4989776 
11.39999993 -0.4989776 
11.43999993 -0.4989776 
11.47999993 -0.4989776 
11.51999993 -0.4989776 
11.55999993 -0.4989776 
11.59999993 -0.4989776 
11.63999993 -0.4989776 
11.75999993 -0.4989776 
11.95999993 -0.4989776 
12.15999993 -0.4989776 
12.47999992 -0.941496 
12.55999992 -0.4989776 
12.59999992 -0.4989776 
13.43999992 -0.4989776 
13.59999992 -0.4989776 
13.67999992 -0.4989776 
13.71999992 -0.4989776 
13.75999992 -0.4989776 
13.83999992 -0.4989776 
13.87999992 -0.4989776 
13.91999992 -0.4989776 
13.95999992 -0.4989776 
13.99999991 -0.4989776 
14.03999991 -0.4989776 
14.07999991 -0.941496 
14.11999991 -0.4989776 
14.15999991 -0.4989776 
14.19999991 -0.941496 
14.23999991 -0.941496 
14.27999991 -0.941496 
14.31999991 -0.941496 
14.35999991 -0.941496 
14.39999991 -0.941496 
14.43999991 -0.941496 
14.47999991 -0.941496 
14.51999991 -0.941496 
14.55999991 -0.941496 
14.59999991 -1.382488 
14.63999991 -1.825007 
14.67999991 -1.825007 
14.71999991 -1.382488 
14.75999991 -1.825007 
14.79999991 -1.825007 
14.83999991 -1.825007 
14.87999991 -1.825007 
14.91999991 -1.825007 
14.95999991 -1.825007 
14.99999991 -2.267525 
15.03999991 -1.825007 
15.07999991 -2.267525 
15.11999991 -2.267525 
15.15999991 -2.267525 
15.19999991 -2.267525 
15.23999991 -2.267525 
15.27999991 -2.267525 
15.31999991 -2.267525 
15.35999991 -2.267525 
15.39999991 -2.267525 
15.43999991 -2.708518 
15.47999991 -2.267525 
15.51999991 -2.708518 
15.55999991 -2.708518 
15.59999991 -2.708518 
15.6399999 -2.708518 
15.6799999 -2.708518 
15.7199999 -2.708518 
15.7599999 -2.708518 
15.7999999 -3.151036 
15.8399999 -3.151036 
15.8799999 -2.708518 
15.9199999 -2.708518 
15.9599999 -3.151036 
15.9999999 -2.708518 
16.0399999 -2.708518 
16.0799999 -2.708518 
16.1199999 -2.267525 
16.1599999 -3.151036 
16.1999999 -2.708518 
16.2399999 -2.708518 
16.2799999 -2.708518 
16.3199999 -2.708518 
16.3599999 -2.708518 
16.3999999 -2.708518 
16.4399999 -2.267525 
16.4799999 -2.708518 
16.5199999 -2.708518 
16.5599999 -2.267525 
16.5999999 -2.267525 
16.6399999 -2.708518 
16.6799999 -2.267525 
16.7199999 -2.267525 
16.7599999 -2.267525 
16.7999999 -2.267525 
16.8399999 -2.267525 
16.8799999 -2.267525 
16.9199999 -1.825007 
16.9599999 -1.825007 
16.9999999 -1.825007 
17.0399999 -1.825007 
17.0799999 -1.825007 
17.1199999 -1.825007 
17.1599999 -1.382488 
17.1999999 -1.825007 
17.2399999 -1.825007 
17.27999989 -1.382488 
17.31999989 -0.941496 
17.35999989 -0.941496 
17.39999989 -0.941496 
17.43999989 -0.941496 
17.47999989 -0.941496 
17.55999989 -0.941496 
17.59999989 -0.941496 
17.63999989 -0.941496 
17.67999989 -0.4989776 
17.71999989 -0.4989776 
17.75999989 -0.4989776 
25.87999984 -0.4989776 
25.91999984 -0.941496 
26.03999984 -0.4989776 
26.07999984 -0.4989776 
26.15999984 -0.4989776 
26.19999984 -1.382488 
26.23999984 -0.4989776 
26.31999984 -0.941496 
26.35999984 -0.941496 
26.39999984 -0.941496 
26.43999984 -0.941496 
26.47999984 -0.941496 
26.51999984 -1.825007 
26.55999984 -1.825007 
26.59999984 -1.382488 
26.63999984 -1.382488 
26.67999984 -1.825007 
26.71999984 -2.267525 
26.75999984 -1.825007 
26.79999984 -1.825007 
26.83999984 -2.267525 
26.87999984 -2.267525 
26.91999984 -1.825007 
26.95999984 -1.825007 
26.99999984 -2.267525 
27.03999984 -2.267525 
27.07999984 -2.267525 
27.11999984 -2.267525 
27.15999983 -2.267525 
27.19999983 -2.708518 
27.23999983 -2.267525 
27.27999983 -2.267525 
27.31999983 -2.267525 
27.35999983 -2.708518 
27.39999983 -2.267525 
27.43999983 -2.267525 
27.47999983 -2.267525 
27.51999983 -2.267525 
27.55999983 -2.267525 
27.59999983 -2.267525 
27.63999983 -2.267525 
27.67999983 -2.267525 
27.71999983 -2.267525 
27.75999983 -2.267525 
27.79999983 -2.267525 
27.83999983 -2.267525 
27.87999983 -2.267525 
27.91999983 -2.267525 
27.95999983 -2.267525 
27.99999983 -2.267525 
28.03999983 -2.267525 
28.07999983 -2.267525 
28.11999983 -1.825007 
28.15999983 -1.825007 
28.19999983 -1.825007 
28.23999983 -1.825007 
28.27999983 -1.382488 
28.31999983 -1.825007 
28.35999983 -1.825007 
28.39999983 -0.941496 
28.43999983 -0.941496 
28.47999983 -0.941496 
28.51999983 -0.941496 
28.55999983 -0.941496 
28.59999983 -0.941496 
28.63999983 -0.941496 
28.67999983 -0.941496 
28.71999983 -0.4989776 
28.75999983 -0.4989776 
28.79999982 -0.4989776 
28.83999982 -0.4989776 
28.87999982 -0.4989776 
28.91999982 -0.4989776 
37.79999977 -0.4989776 
37.83999977 -0.4989776 
37.91999977 -0.4989776 
37.95999977 -0.4989776 
37.99999977 -0.4989776 
38.03999977 -0.941496 
38.07999977 -0.4989776 
38.11999977 -0.4989776 
38.15999977 -0.941496 
38.19999977 -0.941496 
38.23999977 -0.941496 
38.27999977 -0.941496 
38.31999977 -0.941496 
38.35999977 -0.4989776 
38.39999977 -0.941496 
38.43999977 -0.941496 
38.47999977 -0.941496 
38.51999977 -0.941496 
38.55999977 -0.941496 
38.59999977 -1.825007 
38.63999977 -1.382488 
38.67999976 -0.4989776 
38.71999976 -0.941496 
38.75999976 -1.825007 
38.79999976 -0.941496 
38.83999976 -0.941496 
38.87999976 -0.941496 
38.91999976 -0.941496 
38.95999976 -0.941496 
38.99999976 -0.941496 
39.03999976 -0.941496 
39.07999976 -0.941496 
39.11999976 -0.941496 
39.15999976 -0.941496 
39.19999976 -0.941496 
39.23999976 -1.382488 
39.27999976 -0.941496 
39.31999976 -0.941496 
39.35999976 -0.941496 
39.39999976 -0.941496 
39.43999976 -0.941496 
39.47999976 -0.941496 
39.51999976 -0.941496 
39.55999976 -0.941496 
39.59999976 -0.941496 
39.63999976 -0.941496 
39.67999976 -0.941496 
39.71999976 -0.4989776 
39.75999976 -0.941496 
39.79999976 -0.941496 
39.83999976 -0.941496 
39.87999976 -0.941496 
39.91999976 -0.4989776 
39.95999976 -0.4989776 
39.99999976 -0.4989776 
40.03999976 -0.4989776 
40.07999976 -0.4989776 
40.19999976 -0.4989776 
40.23999976 -0.4989776 
42.51999974 -0.4989776 
42.55999974 -0.4989776 
42.59999974 -0.4989776 
42.63999974 -0.941496 
42.67999974 -0.4989776 
42.71999974 -0.941496 
42.75999974 -0.4989776 
42.79999974 -0.4989776 
42.83999974 -0.941496 
42.87999974 -0.941496 
42.91999974 -0.941496 
42.95999974 -0.941496 
42.99999974 -0.941496 
43.03999974 -0.941496 
43.07999974 -0.941496 
43.11999974 -0.941496 
43.15999974 -0.941496 
43.19999974 -0.941496 
43.23999974 -0.941496 
43.27999974 -0.941496 
43.31999974 -0.941496 
43.35999974 -0.941496 
43.39999974 -1.382488 
43.43999974 -1.382488 
43.47999974 -0.941496 
43.51999974 -0.941496 
43.55999974 -1.825007 
43.59999974 -0.941496 
43.63999973 -0.941496 
43.67999973 -0.941496 
43.71999973 -0.941496 
43.75999973 -0.941496 
43.79999973 -0.941496 
43.83999973 -1.382488 
43.87999973 -0.941496 
43.91999973 -0.941496 
43.95999973 -0.941496 
43.99999973 -1.382488 
44.03999973 -0.941496 
44.07999973 -0.941496 
44.11999973 -0.941496 
44.15999973 -0.941496 
44.19999973 -0.941496 
44.23999973 -0.941496 
44.27999973 -0.941496 
44.31999973 -0.941496 
44.35999973 -0.4989776 
44.39999973 -0.941496 
44.43999973 -0.4989776 
44.47999973 -0.941496 
44.51999973 -0.4989776 
44.55999973 -0.4989776 
44.59999973 -0.4989776 
44.63999973 -0.4989776 
44.67999973 -0.4989776 
48.5599997 -0.4989776 
48.5999997 -0.4989776 
48.6399997 -0.4989776 
48.6799997 -0.4989776 
48.7599997 -0.4989776 
48.7999997 -0.4989776 
48.8399997 -0.4989776 
48.8799997 -0.4989776 
48.9199997 -0.4989776 
48.9999997 -0.4989776 
49.0399997 -0.4989776 
49.0799997 -0.4989776 
49.1199997 -0.4989776 
49.1599997 -0.941496 
49.1999997 -0.4989776 
49.2399997 -0.941496 
49.2799997 -0.4989776 
49.3199997 -0.941496 
49.3599997 -0.941496 
49.3999997 -0.941496 
49.4399997 -0.4989776 
49.4799997 -0.941496 
49.5199997 -0.941496 
49.5599997 -0.941496 
49.5999997 -0.941496 
49.6399997 -0.941496 
49.6799997 -0.941496 
49.7199997 -0.941496 
49.7599997 -0.941496 
49.7999997 -0.941496 
49.8399997 -0.941496 
49.8799997 -0.941496 
49.9199997 -0.941496 
49.9599997 -0.941496 
49.9999997 -0.941496 
50.0399997 -0.941496 
50.0799997 -0.941496 
50.1199997 -0.941496 
50.1599997 -0.941496 
50.19999969 -1.382488 
50.23999969 -0.941496 
50.27999969 -0.941496 
50.31999969 -1.382488 
50.35999969 -1.382488 
50.39999969 -0.941496 
50.43999969 -1.825007 
50.47999969 -1.382488 
50.51999969 -0.941496 
50.55999969 -0.941496 
50.59999969 -0.941496 
50.63999969 -0.941496 
50.67999969 -0.941496 
50.71999969 -0.941496 
50.75999969 -1.382488 
50.79999969 -1.825007 
50.83999969 -0.941496 
50.87999969 -0.941496 
50.91999969 -1.382488 
50.95999969 -0.941496 
50.99999969 -0.941496 
51.03999969 -0.941496 
51.07999969 -0.941496 
51.11999969 -0.941496 
51.15999969 -0.941496 
51.19999969 -0.941496 
51.23999969 -0.941496 
51.27999969 -0.941496 
51.31999969 -0.941496 
51.35999969 -0.941496 
51.39999969 -1.825007 
51.43999969 -0.4989776 
51.47999969 -0.941496 
51.51999969 -0.941496 
51.55999969 -0.941496 
51.59999969 -0.941496 
51.63999969 -0.941496 
51.67999969 -1.825007 
51.71999969 -0.941496 
51.75999969 -0.941496 
51.79999969 -0.941496 
51.83999968 -0.941496 
51.87999968 -0.941496 
51.91999968 -0.941496 
51.95999968 -0.941496 
51.99999968 -0.4989776 
52.03999968 -0.4989776 
52.11999968 -0.941496 
52.15999968 -2.267525 
52.19999968 -1.382488 
52.31999968 -1.382488 
52.35999968 -0.4989776 
52.43999968 -1.382488 
52.47999968 -0.941496 
52.55999968 -0.4989776 
52.59999968 -0.941496 
52.63999968 -0.941496 
52.71999968 -0.4989776 
52.75999968 -0.941496 
52.79999968 -0.941496 
52.83999968 -0.941496 
52.87999968 -0.4989776 
52.91999968 -0.4989776 
52.95999968 -0.941496 
52.99999968 -0.941496 
53.03999968 -0.4989776 
53.07999968 -0.941496 
53.11999968 -0.941496 
53.15999968 -0.4989776 
53.19999968 -0.4989776 
53.23999968 -0.941496 
53.27999968 -0.4989776 
53.31999968 -0.941496 
53.35999968 -0.4989776 
53.39999968 -0.4989776 
53.43999968 -0.4989776 
53.47999967 -0.4989776 
53.51999967 -0.4989776 
53.55999967 -0.4989776 
53.59999967 -0.941496 
53.63999967 -0.941496 
53.67999967 -0.4989776 
53.71999967 -0.941496 
53.75999967 -0.941496 
53.79999967 -0.4989776 
53.83999967 -0.941496 
53.87999967 -0.4989776 
53.91999967 -0.4989776 
53.95999967 -0.941496 
53.99999967 -0.941496 
54.03999967 -0.4989776 
54.07999967 -0.4989776 
54.11999967 -0.941496 
54.15999967 -0.4989776 
54.19999967 -0.4989776 
54.23999967 -0.4989776 
54.27999967 -0.941496 
54.31999967 -0.4989776 
54.35999967 -0.4989776 
54.39999967 -0.4989776 
54.43999967 -0.941496 
54.47999967 -0.941496 
54.51999967 -0.4989776 
54.55999967 -0.4989776 
54.59999967 -0.941496 
54.63999967 -0.4989776 
54.67999967 -0.4989776 
54.71999967 -0.4989776 
54.75999967 -0.4989776 
54.79999967 -0.4989776 
54.83999967 -0.4989776 
54.87999967 -0.4989776 
54.91999967 -0.4989776 
54.95999967 -0.4989776 
54.99999967 -0.4989776 
55.03999967 -0.4989776 
55.07999967 -0.4989776 
55.11999967 -0.4989776 
55.15999966 -0.4989776 
55.19999966 -0.4989776 
55.23999966 -0.4989776 
55.43999966 -0.4989776 
63.79999961 -0.4989776 
63.87999961 -0.4989776 
63.91999961 -0.4989776 
63.95999961 -0.4989776 
63.99999961 -0.4989776 
64.03999961 -0.4989776 
64.07999961 -0.4989776 
64.11999961 -0.941496 
64.15999961 -0.4989776 
64.19999961 -0.941496 
64.23999961 -0.941496 
64.27999961 -0.941496 
64.31999961 -0.941496 
64.35999961 -0.941496 
64.39999961 -0.941496 
64.43999961 -1.825007 
64.47999961 -0.941496 
64.51999961 -1.382488 
64.55999961 -1.382488 
64.59999961 -1.825007 
64.63999961 -1.825007 
64.67999961 -1.825007 
64.71999961 -0.4989776 
64.75999961 -1.825007 
64.79999961 -1.825007 
64.83999961 -1.825007 
64.87999961 -1.825007 
64.91999961 -1.825007 
64.95999961 -1.825007 
64.9999996 -1.825007 
65.0399996 -1.825007 
65.0799996 -1.825007 
65.1199996 -1.825007 
65.1599996 -1.825007 
65.1999996 -1.825007 
65.2399996 -1.825007 
65.2799996 -1.825007 
65.3199996 -1.825007 
65.3599996 -1.825007 
65.3999996 -1.825007 
65.4399996 -1.825007 
65.4799996 -1.825007 
65.5199996 -1.825007 
65.5599996 -1.825007 
65.5999996 -1.825007 
65.6399996 -1.825007 
65.6799996 -1.825007 
65.7199996 -1.825007 
65.7599996 -1.825007 
65.7999996 -1.825007 
65.8399996 -1.825007 
65.8799996 -1.825007 
65.9199996 -1.382488 
65.9599996 -1.382488 
65.9999996 -0.941496 
66.0399996 -1.382488 
66.0799996 -1.825007 
66.1199996 -0.941496 
66.1599996 -1.825007 
66.1999996 -0.941496 
66.2399996 -0.941496 
66.2799996 -1.382488 
66.3199996 -0.941496 
66.3599996 -0.941496 
66.3999996 -0.941496 
66.4399996 -0.941496 
66.4799996 -0.941496 
66.5199996 -0.941496 
66.5599996 -0.941496 
66.5999996 -0.941496 
66.63999959 -0.941496 
66.67999959 -0.4989776 
66.71999959 -0.4989776 
66.75999959 -0.4989776 
66.79999959 -0.4989776 
66.83999959 -0.4989776 
66.87999959 -0.4989776 
66.91999959 -0.4989776 
66.95999959 -0.4989776 
66.99999959 -0.4989776 
67.03999959 -0.4989776 
67.07999959 -0.4989776 
67.11999959 -0.4989776 
67.27999959 -0.4989776 
70.71999957 -0.4989776 
70.87999957 -0.4989776 
70.91999957 -0.4989776 
70.95999957 -0.4989776 
70.99999957 -0.4989776 
71.03999957 -0.4989776 
71.07999957 -0.4989776 
71.11999957 -0.4989776 
71.15999957 -0.4989776 
71.19999957 -0.4989776 
71.23999957 -0.4989776 
71.27999957 -0.941496 
71.31999957 -0.4989776 
71.35999957 -0.941496 
71.39999957 -0.4989776 
71.43999957 -0.4989776 
71.47999957 -0.4989776 
71.51999957 -0.4989776 
71.55999957 -0.4989776 
71.59999956 -0.4989776 
71.63999956 -0.4989776 
71.67999956 -0.4989776 
71.71999956 -0.4989776 
71.75999956 -0.4989776 
71.79999956 -0.4989776 
71.83999956 -0.4989776 
71.87999956 -0.4989776 
71.91999956 -0.4989776 
72.03999956 -0.4989776 
75.11999954 -0.4989776 
75.19999954 -0.4989776 
75.23999954 -0.4989776 
75.27999954 -0.4989776 
75.31999954 -0.4989776 
75.35999954 -0.4989776 
75.39999954 -0.941496 
75.43999954 -0.941496 
75.47999954 -0.941496 
75.51999954 -0.941496 
75.55999954 -1.382488 
75.59999954 -1.382488 
75.63999954 -0.941496 
75.67999954 -0.941496 
75.71999954 -1.382488 
75.75999954 -1.825007 
75.79999954 -1.825007 
75.83999954 -1.825007 
75.87999954 -1.825007 
75.91999954 -1.825007 
75.95999954 -1.825007 
75.99999954 -1.825007 
76.03999954 -2.267525 
76.07999954 -2.267525 
76.11999954 -2.267525 
76.15999954 -2.267525 
76.19999954 -2.267525 
76.23999954 -2.267525 
76.27999954 -2.267525 
76.31999954 -2.708518 
76.35999954 -2.708518 
76.39999954 -2.267525 
76.43999954 -2.267525 
76.47999954 -2.708518 
76.51999953 -2.267525 
76.55999953 -2.267525 
76.59999953 -2.708518 
76.63999953 -2.267525 
76.67999953 -2.267525 
76.71999953 -2.267525 
76.75999953 -2.708518 
76.79999953 -3.151036 
76.83999953 -2.708518 
76.87999953 -2.708518 
76.91999953 -2.708518 
76.95999953 -2.708518 
76.99999953 -2.708518 
77.03999953 -2.708518 
77.07999953 -2.708518 
77.11999953 -2.267525 
77.15999953 -2.267525 
77.19999953 -2.708518 
77.23999953 -2.267525 
77.27999953 -2.267525 
77.31999953 -2.267525 
77.35999953 -2.267525 
77.39999953 -2.267525 
77.43999953 -2.267525 
77.47999953 -0.941496 
77.51999953 -2.267525 
77.55999953 -2.267525 
77.59999953 -1.825007 
77.63999953 -1.825007 
77.67999953 -1.825007 
77.71999953 -1.825007 
77.75999953 -1.825007 
77.79999953 -1.382488 
77.83999953 -1.825007 
77.87999953 -1.825007 
77.91999953 -0.941496 
77.95999953 -1.825007 
77.99999953 -0.941496 
78.03999953 -0.4989776 
78.07999953 -1.382488 
78.11999953 -1.382488 
78.15999952 -0.941496 
78.19999952 -0.4989776 
78.23999952 -0.941496 
78.27999952 -0.4989776 
78.43999952 -0.4989776 
78.47999952 -0.941496 
78.51999952 -0.4989776 
78.63999952 -0.4989776 
78.75999952 -0.4989776 
87.27999947 -0.4989776 
87.31999947 -0.4989776 
87.35999947 -0.4989776 
87.39999947 -0.4989776 
87.43999947 -0.941496 
87.47999947 -0.4989776 
87.51999947 -0.941496 
87.55999947 -0.941496 
87.59999947 -0.941496 
87.63999947 -0.941496 
87.67999947 -0.941496 
87.71999947 -0.941496 
87.75999947 -0.941496 
87.79999947 -0.941496 
87.83999947 -0.941496 
87.87999947 -0.941496 
87.91999947 -0.941496 
87.95999947 -1.382488 
87.99999947 -0.941496 
88.03999946 -1.382488 
88.07999946 -1.382488 
88.11999946 -1.382488 
88.15999946 -0.941496 
88.19999946 -1.382488 
88.23999946 -0.941496 
88.27999946 -0.941496 
88.31999946 -0.941496 
88.35999946 -1.825007 
88.39999946 -1.382488 
88.43999946 -0.941496 
88.47999946 -0.941496 
88.51999946 -1.382488 
88.55999946 -0.941496 
88.59999946 -0.941496 
88.63999946 -0.941496 
88.67999946 -0.941496 
88.71999946 -0.941496 
88.75999946 -0.941496 
88.79999946 -0.941496 
88.83999946 -0.4989776 
88.87999946 -0.941496 
88.91999946 -0.941496 
88.95999946 -0.4989776 
88.99999946 -0.4989776 
89.03999946 -0.4989776 
89.07999946 -0.4989776 
89.11999946 -0.4989776 
89.15999946 -0.4989776 
89.19999946 -0.4989776 
92.07999944 -0.4989776 
92.19999944 -0.4989776 
92.23999944 -0.4989776 
92.27999944 -0.4989776 
92.31999944 -0.4989776 
92.35999944 -0.4989776 
92.39999944 -0.4989776 
92.43999944 -0.4989776 
92.47999944 -0.4989776 
92.51999944 -0.941496 
92.55999944 -0.941496 
92.59999944 -0.941496 
92.63999944 -0.941496 
92.67999944 -0.4989776 
92.71999944 -0.941496 
92.75999944 -0.941496 
92.79999944 -0.941496 
92.83999944 -0.941496 
92.87999944 -0.941496 
92.91999944 -0.941496 
92.95999944 -0.941496 
92.99999943 -0.941496 
93.03999943 -0.941496 
93.07999943 -0.941496 
93.11999943 -0.941496 
93.15999943 -0.941496 
93.19999943 -0.4989776 
93.23999943 -0.941496 
93.27999943 -0.4989776 
93.31999943 -0.4989776 
93.35999943 -0.4989776 
93.39999943 -0.4989776 
93.43999943 -0.4989776 
93.47999943 -0.4989776 
93.51999943 -0.4989776 
93.55999943 -0.4989776 
93.59999943 -0.4989776 
93.63999943 -0.4989776 
93.67999943 -0.4989776 
93.79999943 -0.4989776 
97.47999941 -0.4989776 
97.55999941 -0.4989776 
97.59999941 -0.4989776 
97.63999941 -0.4989776 
97.67999941 -0.941496 
97.71999941 -0.4989776 
97.75999941 -0.941496 
97.79999941 -0.941496 
97.83999941 -0.941496 
97.87999941 -0.4989776 
97.9199994 -0.941496 
97.9599994 -0.941496 
97.9999994 -0.941496 
98.0399994 -0.941496 
98.0799994 -1.382488 
98.1199994 -1.382488 
98.1599994 -1.382488 
98.1999994 -1.382488 
98.2399994 -1.382488 
98.2799994 -1.382488 
98.3199994 -1.382488 
98.3599994 -1.825007 
98.3999994 -1.825007 
98.4399994 -1.825007 
98.4799994 -1.382488 
98.5199994 -1.382488 
98.5599994 -1.382488 
98.5999994 -1.382488 
98.6399994 -1.825007 
98.6799994 -1.825007 
98.7199994 -1.825007 
98.7599994 -1.825007 
98.7999994 -1.825007 
98.8399994 -1.825007 
98.8799994 -1.825007 
98.9199994 -1.825007 
98.9599994 -1.825007 
98.9999994 -1.825007 
99.0399994 -1.825007 
99.0799994 -1.825007 
99.1199994 -1.825007 
99.1599994 -1.825007 
99.1999994 -1.825007 
99.2399994 -1.825007 
99.2799994 -1.825007 
99.3199994 -1.382488 
99.3599994 -1.825007 
99.3999994 -1.825007 
99.4399994 -1.825007 
99.4799994 -1.825007 
99.5199994 -1.382488 
99.55999939 -1.825007 
99.59999939 -1.382488 
99.63999939 -1.382488 
99.67999939 -0.941496 
99.71999939 -1.382488 
99.75999939 -1.382488 
99.79999939 -0.941496 
99.83999939 -0.941496 
99.87999939 -0.941496 
99.91999939 -1.382488 
99.95999939 -0.941496 
99.99999939 -0.941496 
100.03999939 -0.941496 
100.07999939 -0.941496 
100.11999939 -0.4989776 
100.15999939 -0.941496 
100.19999939 -1.825007 
100.23999939 -0.941496 
100.27999939 -0.941496 
100.31999939 -0.941496 
100.35999939 -0.941496 
100.39999939 -0.4989776 
100.43999939 -0.941496 
100.47999939 -0.941496 
100.51999939 -0.4989776 
100.55999939 -0.4989776 
100.59999939 -0.941496 
100.63999939 -0.4989776 
100.67999939 -0.4989776 
100.71999939 -0.4989776 
100.75999939 -0.4989776 
100.91999939 -0.4989776 
100.95999939 -0.4989776 
101.31999938 -0.4989776 
101.35999938 -0.4989776 
101.47999938 -0.4989776 
102.31999938 -0.4989776 
102.51999938 -0.4989776 
102.55999938 -0.4989776 
102.59999938 -0.4989776 
102.67999938 -0.4989776 
102.71999938 -0.4989776 
102.79999938 -0.4989776 
102.83999937 -0.4989776 
102.87999937 -0.4989776 
102.91999937 -0.4989776 
102.95999937 -0.4989776 
102.99999937 -0.4989776 
103.03999937 -0.4989776 
103.07999937 -0.4989776 
103.11999937 -0.941496 
103.15999937 -0.4989776 
103.19999937 -0.941496 
103.23999937 -0.941496 
103.27999937 -0.941496 
103.31999937 -0.941496 
103.35999937 -0.941496 
103.39999937 -0.941496 
103.43999937 -0.941496 
103.47999937 -0.941496 
103.51999937 -0.941496 
103.55999937 -1.825007 
103.59999937 -1.825007 
103.63999937 -0.941496 
103.67999937 -0.941496 
103.71999937 -1.382488 
103.75999937 -1.382488 
103.79999937 -1.382488 
103.83999937 -1.825007 
103.87999937 -1.382488 
103.91999937 -1.825007 
103.95999937 -1.382488 
103.99999937 -1.825007 
104.03999937 -1.825007 
104.07999937 -1.825007 
104.11999937 -1.825007 
104.15999937 -1.825007 
104.19999937 -1.825007 
104.23999937 -1.825007 
104.27999937 -1.825007 
104.31999937 -2.267525 
104.35999937 -1.825007 
104.39999937 -1.825007 
104.43999937 -3.151036 
104.47999937 -1.825007 
104.55999936 -1.825007 
104.59999936 -2.708518 
104.63999936 -0.941496 
104.67999936 -1.825007 
104.71999936 -1.825007 
104.75999936 -1.825007 
104.79999936 -0.941496 
104.83999936 -1.382488 
104.87999936 -0.941496 
104.91999936 -2.267525 
104.95999936 -2.708518 
104.99999936 -0.941496 
105.03999936 -0.4989776 
105.07999936 -1.825007 
105.11999936 -0.941496 
105.15999936 -0.4989776 
105.19999936 -1.382488 
105.23999936 -1.382488 
105.27999936 -0.4989776 
105.31999936 -0.4989776 
105.35999936 -0.941496 
105.39999936 -0.941496 
105.43999936 -0.4989776 
105.51999936 -0.4989776 
105.55999936 -0.4989776 
105.59999936 -0.4989776 
109.31999934 -0.4989776 
109.51999933 -0.4989776 
109.55999933 -0.4989776 
109.59999933 -0.4989776 
109.63999933 -0.4989776 
109.67999933 -0.4989776 
109.71999933 -0.941496 
109.75999933 -0.4989776 
109.79999933 -0.4989776 
109.83999933 -0.4989776 
109.87999933 -0.941496 
109.91999933 -0.941496 
109.95999933 -0.941496 
109.99999933 -0.941496 
110.03999933 -0.4989776 
110.07999933 -0.4989776 
110.11999933 -0.4989776 
110.15999933 -0.941496 
110.19999933 -0.4989776 
110.23999933 -0.4989776 
110.27999933 -0.4989776 
110.31999933 -0.4989776 
110.35999933 -0.4989776 
110.39999933 -0.4989776 
110.43999933 -0.4989776 
110.51999933 -0.4989776 
110.55999933 -0.4989776 
113.71999931 -0.4989776 
113.87999931 -0.4989776 
113.91999931 -0.4989776 
113.95999931 -0.4989776 
113.99999931 -0.4989776 
114.03999931 -0.4989776 
114.07999931 -0.4989776 
114.11999931 -0.4989776 
114.15999931 -0.941496 
114.19999931 -0.941496 
114.23999931 -0.4989776 
114.27999931 -0.941496 
114.31999931 -0.4989776 
114.3599993 -0.941496 
114.3999993 -0.941496 
114.4399993 -0.941496 
114.4799993 -0.941496 
114.5199993 -0.941496 
114.5599993 -0.941496 
114.5999993 -0.941496 
114.6399993 -0.941496 
114.6799993 -0.941496 
114.7199993 -0.941496 
114.7599993 -1.382488 
114.7999993 -1.382488 
114.8399993 -0.941496 
114.8799993 -1.382488 
114.9199993 -0.941496 
114.9599993 -0.941496 
114.9999993 -0.941496 
115.0399993 -0.941496 
115.0799993 -1.382488 
115.1199993 -0.941496 
115.1599993 -0.941496 
115.1999993 -0.941496 
115.2399993 -0.941496 
115.2799993 -0.941496 
115.3199993 -0.941496 
115.3599993 -0.941496 
115.3999993 -0.941496 
115.4399993 -0.941496 
115.4799993 -0.941496 
115.5199993 -0.941496 
115.5599993 -0.941496 
115.5999993 -0.941496 
115.6399993 -0.941496 
115.6799993 -0.941496 
115.7199993 -0.941496 
115.7599993 -0.941496 
115.7999993 -0.941496 
115.8399993 -0.941496 
115.8799993 -0.4989776 
115.9199993 -0.4989776 
115.9599993 -0.4989776 
115.9999993 -0.4989776 
116.03999929 -0.4989776 
121.11999926 -0.4989776 
121.23999926 -0.4989776 
121.51999926 -0.4989776 
121.55999926 -0.4989776 
121.59999926 -0.4989776 
121.67999926 -0.4989776 
124.71999924 -0.4989776 
124.75999924 -0.4989776 
124.79999924 -0.4989776 
124.83999924 -0.941496 
124.87999924 -0.941496 
124.91999924 -0.941496 
124.95999924 -0.941496 
124.99999924 -0.941496 
125.03999924 -0.941496 
125.07999924 -1.825007 
125.11999924 -1.825007 
125.15999924 -1.825007 
125.19999924 -1.825007 
125.23999924 -1.825007 
125.27999924 -2.267525 
125.31999924 -2.267525 
125.35999924 -2.267525 
125.39999924 -1.825007 
125.43999924 -2.267525 
125.47999924 -2.267525 
125.51999924 -2.267525 
125.55999924 -2.267525 
125.59999924 -2.708518 
125.63999924 -2.708518 
125.67999924 -2.708518 
125.71999924 -2.708518 
125.75999924 -2.708518 
125.79999924 -3.151036 
125.83999924 -3.151036 
125.87999923 -3.151036 
125.91999923 -3.151036 
125.95999923 -2.708518 
125.99999923 -2.708518 
126.03999923 -2.708518 
126.07999923 -3.151036 
126.11999923 -3.151036 
126.15999923 -3.151036 
126.19999923 -3.151036 
126.23999923 -3.151036 
126.27999923 -3.151036 
126.31999923 -3.151036 
126.35999923 -3.151036 
126.39999923 -3.151036 
126.43999923 -3.593554 
126.47999923 -3.151036 
126.51999923 -3.151036 
126.55999923 -2.708518 
126.59999923 -3.151036 
126.63999923 -3.151036 
126.67999923 -2.267525 
126.71999923 -2.708518 
126.75999923 -3.593554 
126.79999923 -2.708518 
126.83999923 -2.708518 
126.87999923 -3.151036 
126.91999923 -2.267525 
126.95999923 -2.267525 
126.99999923 -2.708518 
127.03999923 -2.708518 
127.07999923 -2.708518 
127.11999923 -2.267525 
127.15999923 -2.267525 
127.19999923 -2.267525 
127.23999923 -1.825007 
127.27999923 -2.267525 
127.31999923 -1.825007 
127.35999923 -2.267525 
127.39999923 -1.825007 
127.43999923 -1.825007 
127.47999923 -1.825007 
127.51999923 -1.825007 
127.55999922 -1.825007 
127.59999922 -1.825007 
127.63999922 -1.825007 
127.67999922 -1.825007 
127.71999922 -1.382488 
127.75999922 -1.382488 
127.79999922 -1.825007 
127.83999922 -0.941496 
127.87999922 -0.941496 
127.91999922 -0.941496 
127.95999922 -0.941496 
127.99999922 -0.941496 
128.03999922 -0.941496 
128.07999922 -0.4989776 
128.11999922 -0.941496 
128.15999922 -0.4989776 
128.19999922 -0.4989776 
128.23999922 -0.4989776 
128.27999922 -0.4989776 
128.31999922 -0.4989776 
128.39999922 -0.4989776 
131.4799992 -0.4989776 
136.83999917 -0.4989776 
136.91999917 -0.4989776 
136.95999917 -0.4989776 
136.99999917 -0.4989776 
137.03999917 -0.4989776 
137.07999917 -0.4989776 
137.11999917 -0.4989776 
137.15999917 -0.941496 
137.19999917 -0.941496 
137.23999917 -0.941496 
137.27999917 -0.941496 
137.31999917 -0.941496 
137.35999917 -0.941496 
137.39999916 -0.941496 
137.43999916 -0.4989776 
137.47999916 -0.941496 
137.51999916 -0.941496 
137.55999916 -0.941496 
137.59999916 -0.941496 
137.63999916 -0.941496 
137.67999916 -0.941496 
137.71999916 -0.941496 
137.75999916 -0.941496 
137.79999916 -0.941496 
137.83999916 -1.382488 
137.87999916 -0.941496 
137.91999916 -0.941496 
137.95999916 -0.941496 
137.99999916 -0.941496 
138.03999916 -0.941496 
138.07999916 -0.941496 
138.11999916 -0.941496 
138.15999916 -0.941496 
138.19999916 -0.941496 
138.23999916 -0.941496 
138.27999916 -0.4989776 
138.31999916 -0.4989776 
138.35999916 -0.941496 
138.39999916 -0.4989776 
138.43999916 -0.4989776 
138.47999916 -0.4989776 
138.55999916 -0.4989776 
138.59999916 -0.4989776 
141.71999914 -0.4989776 
141.75999914 -0.4989776 
141.83999914 -0.4989776 
141.87999914 -0.4989776 
141.91999914 -0.4989776 
141.95999914 -0.4989776 
141.99999914 -0.4989776 
142.03999914 -0.4989776 
142.23999914 -0.4989776 
142.27999914 -0.4989776 
147.8799991 -0.4989776 
147.9599991 -0.4989776 
147.9999991 -0.4989776 
148.0399991 -0.4989776 
148.0799991 -0.4989776 
148.1199991 -0.4989776 
148.1599991 -0.4989776 
148.1999991 -0.941496 
148.2399991 -0.4989776 
148.2799991 -0.4989776 
148.3199991 -0.4989776 
148.3599991 -0.941496 
148.3999991 -0.4989776 
148.4399991 -0.4989776 
148.4799991 -0.941496 
148.5199991 -0.941496 
148.5599991 -0.4989776 
148.5999991 -0.941496 
148.6399991 -0.941496 
148.6799991 -0.941496 
148.7199991 -0.941496 
148.7599991 -0.941496 
148.7999991 -0.941496 
148.8399991 -0.941496 
148.8799991 -0.941496 
148.91999909 -0.941496 
148.95999909 -0.941496 
148.99999909 -0.941496 
149.03999909 -0.941496 
149.07999909 -0.941496 
149.11999909 -0.941496 
149.15999909 -0.941496 
149.19999909 -0.941496 
149.23999909 -0.941496 
149.27999909 -0.941496 
149.31999909 -0.941496 
149.35999909 -0.941496 
149.39999909 -0.941496 
149.43999909 -0.941496 
149.47999909 -0.941496 
149.51999909 -0.941496 
149.55999909 -0.941496 
149.59999909 -0.941496 
149.63999909 -0.941496 
149.67999909 -0.941496 
149.71999909 -0.941496 
149.75999909 -0.941496 
149.79999909 -0.941496 
149.83999909 -0.941496 
149.87999909 -0.941496 
149.91999909 -0.4989776 
149.95999909 -0.941496 
149.99999909 -0.941496 
150.03999909 -0.941496 
150.07999909 -0.4989776 
150.11999909 -0.941496 
150.15999909 -0.941496 
150.19999909 -0.4989776 
150.23999909 -0.4989776 
150.27999909 -0.941496 
150.31999909 -0.941496 
150.35999909 -0.4989776 
150.39999909 -0.4989776 
150.43999909 -0.4989776 
150.47999909 -0.941496 
150.51999909 -0.4989776 
150.55999908 -0.4989776 
150.59999908 -0.4989776 
150.63999908 -0.4989776 
150.67999908 -0.4989776 
150.71999908 -0.4989776 
150.75999908 -0.4989776 
150.79999908 -0.4989776 
150.87999908 -0.4989776 
150.91999908 -0.4989776 
150.95999908 -0.4989776 
150.99999908 -0.4989776 
151.03999908 -0.4989776 
151.07999908 -0.4989776 
151.11999908 -0.4989776 
151.19999908 -0.4989776 
151.23999908 -0.4989776 
151.31999908 -0.4989776 
151.51999908 -0.4989776 
151.63999908 -0.4989776 
151.67999908 -0.4989776 
151.71999908 -0.4989776 
151.75999908 -0.4989776 
151.79999908 -0.4989776 
151.83999908 -0.941496 
151.87999908 -0.941496 
151.91999908 -0.4989776 
151.95999908 -0.4989776 
151.99999908 -0.941496 
152.03999908 -0.4989776 
152.07999908 -0.941496 
152.11999908 -0.941496 
152.15999908 -0.941496 
152.19999908 -0.941496 
152.23999907 -0.941496 
152.27999907 -0.941496 
152.31999907 -0.941496 
152.35999907 -0.941496 
152.39999907 -0.941496 
152.43999907 -1.382488 
152.47999907 -0.941496 
152.51999907 -1.382488 
152.55999907 -1.382488 
152.59999907 -1.382488 
152.63999907 -0.941496 
152.67999907 -1.825007 
152.71999907 -1.382488 
152.75999907 -1.825007 
152.79999907 -1.825007 
152.83999907 -1.825007 
152.87999907 -1.382488 
152.91999907 -1.382488 
152.95999907 -1.382488 
152.99999907 -1.382488 
153.03999907 -1.825007 
153.07999907 -1.825007 
153.11999907 -1.825007 
153.15999907 -1.825007 
153.19999907 -1.825007 
153.23999907 -1.382488 
153.27999907 -1.825007 
153.31999907 -0.941496 
153.35999907 -1.825007 
153.39999907 -1.825007 
153.43999907 -1.382488 
153.47999907 -1.382488 
153.51999907 -1.825007 
153.55999907 -1.825007 
153.59999907 -1.825007 
153.63999907 -1.825007 
153.67999907 -1.382488 
153.71999907 -1.382488 
153.75999907 -1.825007 
153.79999907 -1.825007 
153.83999907 -0.941496 
153.87999906 -1.825007 
153.91999906 -1.382488 
153.95999906 -1.382488 
153.99999906 -0.941496 
154.03999906 -1.382488 
154.07999906 -0.941496 
154.11999906 -0.941496 
154.15999906 -1.382488 
154.19999906 -1.382488 
154.23999906 -0.941496 
154.27999906 -0.941496 
154.31999906 -0.941496 
154.35999906 -0.941496 
154.39999906 -0.941496 
154.43999906 -0.941496 
154.47999906 -0.941496 
154.51999906 -0.4989776 
154.55999906 -0.941496 
154.59999906 -0.4989776 
154.63999906 -0.4989776 
154.67999906 -0.4989776 
154.71999906 -0.4989776 
154.75999906 -0.4989776 
154.79999906 -0.4989776 
157.59999904 -0.4989776 
157.75999904 -0.4989776 
158.07999904 -0.4989776 
158.11999904 -0.941496 
158.23999904 -0.4989776 
158.27999904 -0.4989776 
158.35999904 -0.4989776 
158.39999904 -0.941496 
158.51999904 -0.4989776 
158.55999904 -0.941496 
158.59999904 -0.4989776 
158.67999904 -0.4989776 
158.71999904 -0.941496 
158.75999904 -0.941496 
158.79999903 -0.4989776 
158.83999903 -0.4989776 
158.87999903 -0.941496 
158.91999903 -0.941496 
158.95999903 -0.4989776 
158.99999903 -0.941496 
159.03999903 -0.941496 
159.07999903 -0.941496 
159.11999903 -0.941496 
159.15999903 -0.941496 
159.19999903 -0.941496 
159.23999903 -0.941496 
159.27999903 -0.941496 
159.31999903 -0.941496 
159.35999903 -0.941496 
159.39999903 -0.941496 
159.43999903 -0.941496 
159.47999903 -0.941496 
159.51999903 -0.941496 
159.55999903 -0.4989776 
159.59999903 -0.941496 
159.63999903 -0.941496 
159.67999903 -0.941496 
159.71999903 -0.4989776 
159.75999903 -0.4989776 
159.79999903 -0.4989776 
159.83999903 -0.941496 
159.87999903 -0.941496 
159.91999903 -0.4989776 
159.95999903 -0.4989776 
159.99999903 -0.4989776 
160.03999903 -0.4989776 
161.87999902 -0.4989776 
161.91999902 -0.4989776 
161.95999902 -0.4989776 
161.99999902 -0.4989776 
162.03999902 -0.4989776 
162.07999901 -0.4989776 
162.11999901 -0.4989776 
162.15999901 -0.4989776 
162.19999901 -0.4989776 
162.23999901 -0.941496 
162.27999901 -0.941496 
162.31999901 -0.941496 
162.35999901 -0.941496 
162.39999901 -0.4989776 
162.43999901 -0.941496 
162.47999901 -0.941496 
162.51999901 -0.941496 
162.55999901 -0.941496 
162.59999901 -1.825007 
162.63999901 -0.941496 
162.67999901 -0.941496 
162.71999901 -1.382488 
162.75999901 -0.941496 
162.79999901 -0.941496 
162.83999901 -1.382488 
162.87999901 -1.825007 
162.91999901 -0.941496 
162.95999901 -0.941496 
162.99999901 -1.382488 
163.03999901 -0.941496 
163.07999901 -0.941496 
163.11999901 -0.941496 
163.15999901 -1.382488 
163.19999901 -1.382488 
163.23999901 -0.941496 
163.27999901 -1.825007 
163.31999901 -1.825007 
163.35999901 -1.825007 
163.39999901 -1.382488 
163.43999901 -1.825007 
163.47999901 -1.382488 
163.51999901 -1.825007 
163.55999901 -1.825007 
163.59999901 -0.941496 
163.63999901 -1.825007 
163.67999901 -1.825007 
163.719999 -1.825007 
163.759999 -1.382488 
163.799999 -1.825007 
163.839999 -1.382488 
163.879999 -1.825007 
163.919999 -1.825007 
163.959999 -1.825007 
163.999999 -1.825007 
164.039999 -1.825007 
164.079999 -1.825007 
164.119999 -1.825007 
164.159999 -1.825007 
164.199999 -1.825007 
164.239999 -1.825007 
164.279999 -1.825007 
164.319999 -1.825007 
164.359999 -1.382488 
164.399999 -1.382488 
164.439999 -1.825007 
164.479999 -1.382488 
164.519999 -1.825007 
164.559999 -1.382488 
164.599999 -1.382488 
164.639999 -0.941496 
164.679999 -0.941496 
164.719999 -0.941496 
164.759999 -0.941496 
164.799999 -0.941496 
164.839999 -0.941496 
164.879999 -0.941496 
164.919999 -0.941496 
164.959999 -0.941496 
164.999999 -0.941496 
165.039999 -0.941496 
165.079999 -0.941496 
165.119999 -0.4989776 
165.159999 -0.941496 
165.199999 -0.4989776 
165.239999 -0.4989776 
165.279999 -0.4989776 
165.319999 -0.4989776 
165.359999 -0.4989776 
165.39999899 -0.4989776 
174.03999894 -0.4989776 
174.11999894 -0.4989776 
174.15999894 -0.4989776 
174.19999894 -0.4989776 
174.23999894 -0.4989776 
174.27999894 -0.941496 
174.31999894 -0.4989776 
174.35999894 -0.941496 
174.39999894 -0.941496 
174.43999894 -0.941496 
174.47999894 -0.941496 
174.51999894 -1.382488 
174.55999894 -1.382488 
174.59999894 -0.941496 
174.63999894 -0.941496 
174.67999894 -1.825007 
174.71999894 -1.825007 
174.75999894 -1.825007 
174.79999894 -1.825007 
174.83999894 -1.825007 
174.87999894 -2.267525 
174.91999894 -1.825007 
174.95999894 -2.267525 
174.99999894 -1.825007 
175.03999894 -2.267525 
175.07999894 -2.267525 
175.11999894 -2.267525 
175.15999894 -2.267525 
175.19999894 -2.267525 
175.23999893 -2.267525 
175.27999893 -2.267525 
175.31999893 -2.267525 
175.35999893 -2.267525 
175.39999893 -2.267525 
175.43999893 -2.267525 
175.47999893 -3.151036 
175.51999893 -2.708518 
175.55999893 -2.267525 
175.59999893 -2.267525 
175.63999893 -2.267525 
175.67999893 -2.267525 
175.71999893 -2.708518 
175.75999893 -2.708518 
175.79999893 -2.708518 
175.83999893 -2.267525 
175.87999893 -2.267525 
175.91999893 -2.267525 
175.95999893 -2.267525 
175.99999893 -2.267525 
176.03999893 -2.267525 
176.07999893 -2.267525 
176.11999893 -1.825007 
176.15999893 -1.825007 
176.19999893 -2.267525 
176.23999893 -1.825007 
176.27999893 -1.825007 
176.31999893 -1.825007 
176.35999893 -1.825007 
176.39999893 -1.825007 
176.43999893 -1.825007 
176.47999893 -1.825007 
176.51999893 -1.825007 
176.55999893 -1.825007 
176.59999893 -1.382488 
176.63999893 -1.382488 
176.67999893 -1.825007 
176.71999893 -0.941496 
176.75999893 -0.941496 
176.79999893 -0.941496 
176.83999893 -0.941496 
176.87999893 -0.941496 
176.91999892 -0.941496 
176.95999892 -0.4989776 
176.99999892 -0.941496 
177.03999892 -0.941496 
177.07999892 -0.4989776 
177.11999892 -0.4989776 
177.15999892 -0.4989776 
177.23999892 -0.4989776 
177.27999892 -0.4989776 
180.5599989 -0.4989776 
180.5999989 -0.4989776 
180.6399989 -0.4989776 
180.6799989 -0.4989776 
180.7199989 -0.4989776 
180.7599989 -0.4989776 
180.7999989 -0.4989776 
180.8399989 -0.4989776 
180.8799989 -0.4989776 
180.9199989 -0.4989776 
180.9599989 -0.4989776 
180.9999989 -0.4989776 
181.0399989 -0.4989776 
181.0799989 -0.4989776 
181.1599989 -0.4989776 
181.1999989 -0.4989776 
181.2399989 -0.4989776 
181.3199989 -0.4989776 
181.3599989 -0.4989776 
181.3999989 -0.4989776 
181.4399989 -0.4989776 
181.4799989 -0.4989776 
181.5199989 -0.4989776 
181.5599989 -0.4989776 
181.5999989 -0.4989776 
181.7199989 -0.4989776 
181.7599989 -0.4989776 
181.7999989 -0.4989776 
181.83999889 -0.4989776 
181.91999889 -0.4989776 
184.71999888 -0.4989776 
185.51999887 -0.4989776 
185.55999887 -0.4989776 
185.59999887 -0.4989776 
185.63999887 -0.4989776 
185.67999887 -0.4989776 
185.71999887 -0.941496 
185.75999887 -0.4989776 
185.79999887 -0.941496 
185.83999887 -0.941496 
185.87999887 -0.941496 
185.91999887 -0.941496 
185.95999887 -0.941496 
185.99999887 -0.941496 
186.03999887 -0.941496 
186.07999887 -1.382488 
186.11999887 -1.825007 
186.15999887 -1.825007 
186.19999887 -1.825007 
186.23999887 -1.825007 
186.27999887 -1.825007 
186.31999887 -1.825007 
186.35999887 -1.825007 
186.39999887 -1.825007 
186.43999887 -1.825007 
186.47999887 -1.825007 
186.51999887 -2.267525 
186.55999887 -2.267525 
186.59999887 -2.267525 
186.63999887 -2.267525 
186.67999887 -2.267525 
186.71999887 -2.267525 
186.75999886 -2.267525 
186.79999886 -2.708518 
186.83999886 -2.267525 
186.87999886 -2.267525 
186.91999886 -2.267525 
186.95999886 -2.708518 
186.99999886 -2.267525 
187.03999886 -2.267525 
187.07999886 -2.267525 
187.11999886 -2.267525 
187.15999886 -2.267525 
187.19999886 -2.267525 
187.23999886 -2.267525 
187.27999886 -2.267525 
187.31999886 -2.267525 
187.35999886 -2.267525 
187.39999886 -2.267525 
187.43999886 -2.267525 
187.47999886 -2.267525 
187.51999886 -2.267525 
187.55999886 -1.825007 
187.59999886 -1.825007 
187.63999886 -2.267525 
187.67999886 -1.825007 
187.71999886 -1.825007 
187.75999886 -1.825007 
187.79999886 -1.825007 
187.83999886 -1.825007 
187.87999886 -1.825007 
187.91999886 -1.825007 
187.95999886 -1.382488 
187.99999886 -1.825007 
188.03999886 -1.382488 
188.07999886 -0.941496 
188.11999886 -0.941496 
188.15999886 -0.941496 
188.19999886 -0.941496 
188.23999886 -0.941496 
188.27999886 -0.941496 
188.31999886 -0.941496 
188.35999886 -0.941496 
188.39999886 -0.941496 
188.43999885 -0.4989776 
188.47999885 -0.4989776 
188.51999885 -0.4989776 
188.55999885 -0.4989776 
188.59999885 -0.4989776 
191.67999884 -0.4989776 
191.71999883 -0.4989776 
191.75999883 -0.4989776 
191.83999883 -0.4989776 
191.87999883 -0.4989776 
191.91999883 -0.4989776 
191.95999883 -0.4989776 
191.99999883 -0.4989776 
192.07999883 -0.4989776 
192.27999883 -0.4989776 
192.31999883 -0.4989776 
192.43999883 -0.4989776 
192.51999883 -0.4989776 
197.6399988 -0.4989776 
197.7199988 -0.4989776 
197.7599988 -0.4989776 
197.7999988 -0.4989776 
197.8399988 -0.4989776 
197.8799988 -0.4989776 
197.9199988 -0.4989776 
197.9599988 -0.4989776 
197.9999988 -0.4989776 
198.0399988 -0.4989776 
198.0799988 -0.4989776 
198.1199988 -0.941496 
198.1599988 -0.941496 
198.1999988 -0.4989776 
198.2399988 -0.4989776 
198.27999879 -0.941496 
198.31999879 -0.941496 
198.35999879 -0.941496 
198.39999879 -0.941496 
198.43999879 -0.941496 
198.47999879 -0.941496 
198.51999879 -0.941496 
198.55999879 -0.941496 
198.59999879 -0.941496 
198.63999879 -0.941496 
198.67999879 -0.941496 
198.71999879 -0.941496 
198.75999879 -0.941496 
198.79999879 -0.941496 
198.83999879 -0.941496 
198.87999879 -0.941496 
198.91999879 -0.941496 
198.95999879 -0.941496 
198.99999879 -0.941496 
199.03999879 -0.4989776 
199.07999879 -0.941496 
199.11999879 -0.4989776 
199.15999879 -0.941496 
199.19999879 -0.941496 
199.23999879 -0.941496 
199.27999879 -0.4989776 
199.31999879 -0.941496 
199.35999879 -0.941496 
199.39999879 -0.4989776 
199.43999879 -0.4989776 
199.47999879 -0.4989776 
199.51999879 -0.941496 
199.55999879 -0.4989776 
199.59999879 -0.4989776 
199.63999879 -0.4989776 
199.67999879 -0.4989776 
199.71999879 -0.4989776 
199.75999879 -0.4989776 
199.79999879 -0.4989776 
199.87999879 -0.4989776 
199.91999878 -0.4989776 
199.99999878 -0.4989776 
0 0 
