0.0 -0.4577776 
0.04 -0.4577776 
0.08 -0.4577776 
0.16 -0.4577776 
0.2 -0.4577776 
0.24 -0.4577776 
8.55999995 -0.4577776 
8.63999995 -0.4577776 
8.79999995 -0.4577776 
8.83999995 -0.4577776 
8.87999995 -0.4577776 
8.91999995 -0.4577776 
8.95999995 -0.4577776 
8.99999995 -0.4577776 
9.03999995 -0.4577776 
9.07999994 -0.4577776 
9.11999994 -0.4577776 
9.15999994 -0.4577776 
9.19999994 -0.4577776 
9.23999994 -0.4577776 
9.27999994 -0.4577776 
9.31999994 -0.4577776 
9.35999994 -0.4577776 
9.39999994 -0.4577776 
9.43999994 -0.4577776 
9.47999994 -0.4577776 
9.51999994 -1.339762 
9.55999994 -0.4577776 
9.59999994 -0.4577776 
9.63999994 -1.339762 
9.67999994 -1.339762 
9.71999994 -0.4577776 
9.75999994 -1.339762 
9.79999994 -0.4577776 
9.83999994 -0.4577776 
9.87999994 -0.4577776 
9.91999994 -1.339762 
9.95999994 -1.339762 
9.99999994 -1.339762 
10.03999994 -0.4577776 
10.07999994 -1.339762 
10.11999994 -1.339762 
10.15999994 -1.339762 
10.19999994 -1.339762 
10.23999994 -0.4577776 
10.27999994 -1.339762 
10.31999994 -1.339762 
10.35999994 -1.339762 
10.39999994 -0.4577776 
10.43999994 -0.4577776 
10.47999994 -1.339762 
10.51999994 -1.339762 
10.55999994 -0.4577776 
10.59999994 -0.4577776 
10.63999994 -1.339762 
10.67999994 -0.4577776 
10.71999993 -0.4577776 
10.75999993 -0.4577776 
10.79999993 -1.339762 
10.83999993 -0.4577776 
10.87999993 -0.4577776 
10.91999993 -0.4577776 
10.95999993 -0.4577776 
10.99999993 -0.4577776 
11.03999993 -0.4577776 
11.07999993 -0.4577776 
11.11999993 -0.4577776 
11.15999993 -0.4577776 
11.19999993 -0.4577776 
11.23999993 -0.4577776 
11.27999993 -0.4577776 
11.31999993 -0.4577776 
11.35999993 -0.4577776 
11.39999993 -0.4577776 
11.43999993 -0.4577776 
11.47999993 -0.4577776 
11.51999993 -0.4577776 
11.55999993 -0.4577776 
11.63999993 -0.4577776 
11.67999993 -0.4577776 
11.71999993 -0.4577776 
11.75999993 -0.4577776 
11.79999993 -0.4577776 
11.83999993 -0.4577776 
11.87999993 -0.4577776 
11.91999993 -0.4577776 
12.03999993 -0.4577776 
13.59999992 -0.4577776 
13.75999992 -0.4577776 
13.79999992 -0.4577776 
13.95999992 -0.4577776 
13.99999991 -0.4577776 
14.15999991 -0.4577776 
14.23999991 -0.4577776 
14.27999991 -0.4577776 
14.31999991 -0.4577776 
14.55999991 -0.4577776 
14.63999991 -0.4577776 
14.67999991 -0.4577776 
14.71999991 -0.4577776 
14.83999991 -0.4577776 
14.87999991 -0.4577776 
14.91999991 -0.4577776 
14.99999991 -0.4577776 
15.19999991 -0.4577776 
15.6799999 -0.4577776 
15.8399999 -0.4577776 
16.1599999 -0.4577776 
16.1999999 -0.4577776 
19.55999988 -0.4577776 
19.75999988 -0.4577776 
20.03999988 -0.4577776 
20.07999988 -0.4577776 
20.11999988 -0.4577776 
20.15999988 -0.4577776 
20.19999988 -0.4577776 
20.23999988 -0.4577776 
20.31999988 -0.4577776 
20.35999988 -0.4577776 
20.39999988 -0.4577776 
20.43999988 -0.4577776 
20.47999988 -0.4577776 
20.51999988 -0.4577776 
20.55999988 -0.4577776 
20.59999987 -0.4577776 
20.63999987 -1.339762 
20.67999987 -0.4577776 
20.71999987 -0.4577776 
20.75999987 -0.4577776 
20.79999987 -0.4577776 
20.83999987 -0.4577776 
20.87999987 -0.4577776 
20.91999987 -0.4577776 
20.95999987 -0.4577776 
20.99999987 -0.4577776 
21.03999987 -0.4577776 
21.07999987 -0.4577776 
21.11999987 -0.4577776 
21.15999987 -0.4577776 
21.19999987 -0.4577776 
21.23999987 -1.339762 
21.27999987 -0.4577776 
21.31999987 -0.4577776 
21.35999987 -0.4577776 
21.39999987 -0.4577776 
21.43999987 -0.4577776 
21.47999987 -0.4577776 
21.51999987 -0.4577776 
21.55999987 -0.4577776 
21.59999987 -0.4577776 
21.63999987 -0.4577776 
21.67999987 -0.4577776 
21.71999987 -0.4577776 
21.75999987 -0.4577776 
21.79999987 -0.4577776 
21.83999987 -0.4577776 
21.87999987 -0.4577776 
21.91999987 -0.4577776 
21.95999987 -0.4577776 
21.99999987 -0.4577776 
22.03999987 -0.4577776 
22.07999987 -0.4577776 
22.19999987 -0.4577776 
22.27999986 -0.4577776 
22.31999986 -0.4577776 
22.39999986 -0.4577776 
22.43999986 -0.4577776 
22.51999986 -0.4577776 
22.55999986 -0.4577776 
25.23999985 -0.4577776 
25.27999985 -0.4577776 
25.39999985 -0.4577776 
25.43999985 -0.4577776 
25.47999985 -0.4577776 
25.51999984 -0.4577776 
25.55999984 -0.4577776 
25.59999984 -0.4577776 
25.63999984 -0.4577776 
25.67999984 -0.4577776 
25.71999984 -0.4577776 
25.75999984 -0.4577776 
25.79999984 -0.4577776 
25.83999984 -0.4577776 
25.87999984 -0.4577776 
25.91999984 -0.4577776 
25.95999984 -0.4577776 
25.99999984 -0.4577776 
26.03999984 -0.4577776 
26.07999984 -0.4577776 
26.11999984 -0.4577776 
26.15999984 -0.4577776 
26.19999984 -0.4577776 
26.23999984 -0.4577776 
26.27999984 -0.4577776 
26.31999984 -0.4577776 
26.35999984 -0.4577776 
26.39999984 -0.4577776 
26.43999984 -0.4577776 
26.47999984 -0.4577776 
26.51999984 -0.4577776 
26.55999984 -0.4577776 
26.59999984 -0.4577776 
26.63999984 -0.4577776 
26.71999984 -0.4577776 
26.75999984 -0.4577776 
26.79999984 -0.4577776 
31.63999981 -0.4577776 
31.95999981 -0.4577776 
31.99999981 -0.4577776 
32.1999998 -0.4577776 
32.3199998 -0.4577776 
32.4399998 -0.4577776 
36.83999978 -0.4577776 
36.87999978 -0.4577776 
37.03999977 -0.4577776 
37.35999977 -0.4577776 
37.43999977 -0.4577776 
37.47999977 -0.4577776 
37.51999977 -0.4577776 
37.75999977 -0.4577776 
37.83999977 -0.4577776 
37.87999977 -0.4577776 
37.91999977 -0.4577776 
37.95999977 -0.4577776 
38.03999977 -0.4577776 
38.11999977 -0.4577776 
38.27999977 -0.4577776 
38.43999977 -0.4577776 
38.51999977 -0.4577776 
38.55999977 -0.4577776 
42.59999974 -0.4577776 
42.71999974 -0.4577776 
42.75999974 -0.4577776 
42.95999974 -0.4577776 
42.99999974 -0.4577776 
43.03999974 -0.4577776 
43.07999974 -0.4577776 
43.11999974 -0.4577776 
43.15999974 -0.4577776 
43.23999974 -0.4577776 
43.27999974 -0.4577776 
43.31999974 -0.4577776 
43.39999974 -0.4577776 
43.43999974 -0.4577776 
43.47999974 -0.4577776 
43.51999974 -0.4577776 
43.55999974 -0.4577776 
43.63999973 -0.4577776 
43.71999973 -0.4577776 
43.75999973 -0.4577776 
43.79999973 -0.4577776 
43.83999973 -0.4577776 
43.87999973 -0.4577776 
43.99999973 -0.4577776 
44.03999973 -0.4577776 
44.07999973 -0.4577776 
44.71999973 -0.4577776 
44.95999973 -0.4577776 
45.03999973 -0.4577776 
45.11999973 -0.4577776 
45.23999973 -0.4577776 
45.35999972 -0.4577776 
45.39999972 -0.4577776 
45.59999972 -0.4577776 
45.63999972 -0.4577776 
45.67999972 -0.4577776 
45.71999972 -0.4577776 
45.75999972 -0.4577776 
45.79999972 -0.4577776 
45.83999972 -0.4577776 
45.87999972 -0.4577776 
45.91999972 -0.4577776 
45.95999972 -0.4577776 
45.99999972 -0.4577776 
46.03999972 -0.4577776 
46.07999972 -0.4577776 
46.11999972 -0.4577776 
46.15999972 -0.4577776 
46.19999972 -1.339762 
46.23999972 -0.4577776 
46.27999972 -0.4577776 
46.31999972 -0.4577776 
46.35999972 -0.4577776 
46.39999972 -0.4577776 
46.43999972 -1.339762 
46.47999972 -0.4577776 
46.51999972 -0.4577776 
46.55999972 -1.339762 
46.59999972 -0.4577776 
46.63999972 -0.4577776 
46.67999972 -1.339762 
46.71999972 -1.339762 
46.75999972 -1.339762 
46.79999972 -1.339762 
46.83999972 -1.339762 
46.87999972 -1.339762 
46.91999971 -1.339762 
46.95999971 -1.339762 
46.99999971 -0.4577776 
47.03999971 -1.339762 
47.07999971 -1.339762 
47.11999971 -1.339762 
47.15999971 -1.339762 
47.19999971 -1.339762 
47.23999971 -1.339762 
47.27999971 -1.339762 
47.31999971 -1.339762 
47.35999971 -1.339762 
47.39999971 -1.339762 
47.43999971 -1.339762 
47.47999971 -2.224799 
47.51999971 -1.339762 
47.55999971 -2.224799 
47.59999971 -1.339762 
47.63999971 -1.339762 
47.67999971 -1.339762 
47.71999971 -1.339762 
47.75999971 -1.339762 
47.79999971 -1.339762 
47.83999971 -1.339762 
47.87999971 -1.339762 
47.91999971 -1.339762 
47.95999971 -1.339762 
47.99999971 -1.339762 
48.03999971 -1.339762 
48.07999971 -1.339762 
48.11999971 -1.339762 
48.15999971 -1.339762 
48.19999971 -1.339762 
48.23999971 -1.339762 
48.27999971 -1.339762 
48.31999971 -1.339762 
48.35999971 -1.339762 
48.39999971 -1.339762 
48.43999971 -1.339762 
48.47999971 -1.339762 
48.51999971 -1.339762 
48.5599997 -0.4577776 
48.5999997 -1.339762 
48.6399997 -0.4577776 
48.6799997 -1.339762 
48.7199997 -0.4577776 
48.7599997 -1.339762 
48.7999997 -1.339762 
48.8399997 -0.4577776 
48.8799997 -0.4577776 
48.9199997 -0.4577776 
48.9599997 -0.4577776 
48.9999997 -0.4577776 
49.0399997 -0.4577776 
49.0799997 -0.4577776 
49.1199997 -0.4577776 
49.1599997 -0.4577776 
49.1999997 -0.4577776 
49.2399997 -0.4577776 
49.2799997 -0.4577776 
49.3199997 -0.4577776 
49.3599997 -0.4577776 
49.4399997 -0.4577776 
49.4799997 -0.4577776 
49.5999997 -0.4577776 
58.27999965 -0.4577776 
58.31999965 -0.4577776 
58.35999965 -0.4577776 
58.39999965 -0.4577776 
58.43999964 -0.4577776 
58.47999964 -0.4577776 
58.51999964 -0.4577776 
58.55999964 -0.4577776 
58.59999964 -0.4577776 
58.63999964 -0.4577776 
58.67999964 -0.4577776 
58.71999964 -0.4577776 
58.75999964 -0.4577776 
58.79999964 -0.4577776 
58.83999964 -0.4577776 
58.87999964 -0.4577776 
58.91999964 -0.4577776 
58.95999964 -0.4577776 
58.99999964 -0.4577776 
59.03999964 -0.4577776 
59.07999964 -0.4577776 
59.11999964 -1.339762 
59.15999964 -0.4577776 
59.19999964 -0.4577776 
59.23999964 -0.4577776 
59.27999964 -0.4577776 
59.31999964 -0.4577776 
59.35999964 -1.339762 
59.39999964 -0.4577776 
59.43999964 -0.4577776 
59.47999964 -0.4577776 
59.51999964 -1.339762 
59.55999964 -0.4577776 
59.59999964 -0.4577776 
59.63999964 -0.4577776 
59.67999964 -1.339762 
59.71999964 -1.339762 
59.75999964 -0.4577776 
59.79999964 -1.339762 
59.83999964 -1.339762 
59.87999964 -0.4577776 
59.91999964 -0.4577776 
59.95999964 -0.4577776 
59.99999964 -0.4577776 
60.03999964 -0.4577776 
60.07999963 -0.4577776 
60.11999963 -0.4577776 
60.15999963 -0.4577776 
60.19999963 -0.4577776 
60.23999963 -0.4577776 
60.27999963 -0.4577776 
60.31999963 -0.4577776 
60.35999963 -0.4577776 
60.39999963 -0.4577776 
60.43999963 -0.4577776 
60.47999963 -0.4577776 
60.51999963 -0.4577776 
60.55999963 -0.4577776 
60.59999963 -0.4577776 
60.63999963 -0.4577776 
60.67999963 -0.4577776 
60.71999963 -0.4577776 
60.75999963 -0.4577776 
60.83999963 -0.4577776 
60.91999963 -0.4577776 
61.07999963 -0.4577776 
63.71999961 -0.4577776 
63.83999961 -0.4577776 
63.87999961 -0.4577776 
64.19999961 -0.4577776 
68.91999958 -0.4577776 
68.95999958 -0.4577776 
68.99999958 -0.4577776 
69.03999958 -0.4577776 
69.07999958 -0.4577776 
69.11999958 -0.4577776 
69.15999958 -0.4577776 
69.23999958 -0.4577776 
69.27999958 -0.4577776 
69.31999958 -0.4577776 
69.35999958 -0.4577776 
69.39999958 -0.4577776 
69.43999958 -0.4577776 
69.47999958 -0.4577776 
69.51999958 -0.4577776 
69.55999958 -0.4577776 
69.59999958 -0.4577776 
69.63999958 -0.4577776 
69.67999958 -0.4577776 
69.71999958 -0.4577776 
69.75999958 -0.4577776 
69.79999958 -0.4577776 
69.83999958 -0.4577776 
69.87999958 -0.4577776 
69.91999958 -0.4577776 
69.95999957 -0.4577776 
69.99999957 -1.339762 
70.03999957 -0.4577776 
70.07999957 -1.339762 
70.11999957 -1.339762 
70.15999957 -1.339762 
70.19999957 -1.339762 
70.23999957 -1.339762 
70.27999957 -0.4577776 
70.31999957 -1.339762 
70.35999957 -1.339762 
70.39999957 -0.4577776 
70.43999957 -1.339762 
70.47999957 -1.339762 
70.51999957 -1.339762 
70.55999957 -1.339762 
70.59999957 -0.4577776 
70.63999957 -1.339762 
70.67999957 -1.339762 
70.71999957 -1.339762 
70.75999957 -1.339762 
70.79999957 -1.339762 
70.83999957 -1.339762 
70.87999957 -0.4577776 
70.91999957 -1.339762 
70.95999957 -1.339762 
70.99999957 -1.339762 
71.03999957 -1.339762 
71.07999957 -0.4577776 
71.11999957 -0.4577776 
71.15999957 -1.339762 
71.19999957 -1.339762 
71.23999957 -0.4577776 
71.27999957 -0.4577776 
71.31999957 -0.4577776 
71.35999957 -1.339762 
71.39999957 -0.4577776 
71.43999957 -0.4577776 
71.47999957 -0.4577776 
71.51999957 -0.4577776 
71.55999957 -0.4577776 
71.59999956 -0.4577776 
71.63999956 -1.339762 
71.67999956 -0.4577776 
71.71999956 -0.4577776 
71.75999956 -0.4577776 
71.79999956 -0.4577776 
71.83999956 -0.4577776 
71.87999956 -0.4577776 
71.91999956 -0.4577776 
71.95999956 -0.4577776 
71.99999956 -0.4577776 
72.03999956 -0.4577776 
72.07999956 -0.4577776 
72.11999956 -0.4577776 
72.15999956 -0.4577776 
72.19999956 -0.4577776 
72.23999956 -0.4577776 
72.27999956 -0.4577776 
72.31999956 -0.4577776 
72.35999956 -0.4577776 
72.39999956 -0.4577776 
72.43999956 -0.4577776 
72.47999956 -0.4577776 
72.51999956 -0.4577776 
72.55999956 -0.4577776 
72.59999956 -0.4577776 
72.63999956 -0.4577776 
72.75999956 -0.4577776 
72.79999956 -0.4577776 
72.83999956 -0.4577776 
72.87999956 -0.4577776 
72.91999956 -0.4577776 
73.03999956 -0.4577776 
73.19999956 -0.4577776 
73.23999955 -0.4577776 
73.27999955 -0.4577776 
73.35999955 -0.4577776 
73.39999955 -0.4577776 
73.71999955 -0.4577776 
73.87999955 -0.4577776 
73.91999955 -0.4577776 
73.99999955 -0.4577776 
74.03999955 -0.4577776 
74.11999955 -0.4577776 
74.19999955 -0.4577776 
74.23999955 -0.4577776 
74.31999955 -0.4577776 
74.35999955 -0.4577776 
74.43999955 -0.4577776 
74.55999955 -0.4577776 
74.59999955 -0.4577776 
74.63999955 -0.4577776 
74.67999955 -0.4577776 
74.71999955 -0.4577776 
74.75999955 -0.4577776 
74.83999955 -0.4577776 
74.87999954 -0.4577776 
74.91999954 -0.4577776 
74.95999954 -0.4577776 
74.99999954 -0.4577776 
75.03999954 -0.4577776 
75.07999954 -0.4577776 
75.11999954 -0.4577776 
75.15999954 -0.4577776 
75.19999954 -0.4577776 
75.23999954 -0.4577776 
75.27999954 -0.4577776 
75.31999954 -0.4577776 
75.35999954 -0.4577776 
75.39999954 -0.4577776 
75.43999954 -0.4577776 
75.47999954 -0.4577776 
75.51999954 -0.4577776 
75.55999954 -0.4577776 
75.59999954 -0.4577776 
75.63999954 -0.4577776 
75.67999954 -0.4577776 
75.71999954 -0.4577776 
75.75999954 -0.4577776 
75.79999954 -0.4577776 
75.83999954 -0.4577776 
75.87999954 -0.4577776 
75.91999954 -0.4577776 
75.99999954 -0.4577776 
76.03999954 -0.4577776 
76.07999954 -0.4577776 
76.11999954 -0.4577776 
76.23999954 -0.4577776 
76.27999954 -0.4577776 
81.15999951 -0.4577776 
81.23999951 -0.4577776 
81.27999951 -0.4577776 
81.39999951 -0.4577776 
81.43999951 -0.4577776 
81.4799995 -0.4577776 
81.5199995 -0.4577776 
81.5599995 -0.4577776 
81.5999995 -0.4577776 
81.6399995 -0.4577776 
81.7199995 -0.4577776 
81.7599995 -0.4577776 
81.7999995 -0.4577776 
81.8399995 -0.4577776 
81.8799995 -0.4577776 
81.9199995 -0.4577776 
81.9599995 -0.4577776 
81.9999995 -0.4577776 
82.0399995 -0.4577776 
82.3199995 -0.4577776 
85.83999948 -0.4577776 
85.87999948 -0.4577776 
85.99999948 -0.4577776 
86.07999948 -0.4577776 
86.11999948 -0.4577776 
86.15999948 -0.4577776 
86.19999948 -0.4577776 
86.23999948 -0.4577776 
86.31999948 -0.4577776 
86.35999948 -0.4577776 
86.39999947 -0.4577776 
86.47999947 -0.4577776 
86.51999947 -0.4577776 
86.59999947 -0.4577776 
86.63999947 -0.4577776 
86.67999947 -0.4577776 
86.71999947 -0.4577776 
86.75999947 -0.4577776 
86.79999947 -0.4577776 
86.83999947 -0.4577776 
86.87999947 -0.4577776 
86.91999947 -0.4577776 
86.95999947 -0.4577776 
86.99999947 -0.4577776 
87.03999947 -0.4577776 
87.07999947 -0.4577776 
87.11999947 -0.4577776 
87.19999947 -0.4577776 
87.23999947 -0.4577776 
87.31999947 -0.4577776 
87.35999947 -0.4577776 
87.39999947 -0.4577776 
87.43999947 -0.4577776 
87.55999947 -0.4577776 
87.91999947 -0.4577776 
91.79999944 -0.4577776 
91.83999944 -0.4577776 
91.87999944 -0.4577776 
91.95999944 -0.4577776 
91.99999944 -0.4577776 
92.03999944 -0.4577776 
92.07999944 -0.4577776 
92.11999944 -0.4577776 
92.15999944 -0.4577776 
92.19999944 -0.4577776 
92.23999944 -0.4577776 
92.31999944 -0.4577776 
92.35999944 -0.4577776 
92.39999944 -0.4577776 
92.43999944 -0.4577776 
92.47999944 -0.4577776 
92.51999944 -0.4577776 
92.55999944 -0.4577776 
92.59999944 -0.4577776 
92.63999944 -0.4577776 
92.67999944 -0.4577776 
92.71999944 -0.4577776 
92.75999944 -0.4577776 
92.79999944 -0.4577776 
92.83999944 -0.4577776 
92.87999944 -0.4577776 
92.91999944 -0.4577776 
92.95999944 -0.4577776 
92.99999943 -0.4577776 
93.03999943 -0.4577776 
93.07999943 -0.4577776 
93.11999943 -0.4577776 
93.15999943 -0.4577776 
93.19999943 -0.4577776 
93.23999943 -0.4577776 
93.27999943 -0.4577776 
93.31999943 -0.4577776 
93.35999943 -0.4577776 
93.47999943 -0.4577776 
93.51999943 -0.4577776 
93.55999943 -0.4577776 
93.67999943 -0.4577776 
93.75999943 -0.4577776 
93.99999943 -0.4577776 
95.95999942 -0.4577776 
96.03999942 -0.4577776 
96.11999942 -0.4577776 
96.15999942 -0.4577776 
96.19999942 -0.4577776 
96.23999942 -0.4577776 
96.27999941 -0.4577776 
96.31999941 -0.4577776 
96.35999941 -0.4577776 
96.39999941 -0.4577776 
96.43999941 -0.4577776 
96.47999941 -0.4577776 
96.51999941 -0.4577776 
96.55999941 -0.4577776 
96.59999941 -0.4577776 
96.63999941 -0.4577776 
96.67999941 -0.4577776 
96.71999941 -1.339762 
96.75999941 -0.4577776 
96.79999941 -0.4577776 
96.83999941 -1.339762 
96.87999941 -1.339762 
96.91999941 -1.339762 
96.95999941 -1.339762 
96.99999941 -1.339762 
97.03999941 -1.339762 
97.07999941 -1.339762 
97.11999941 -1.339762 
97.15999941 -1.339762 
97.19999941 -1.339762 
97.23999941 -1.339762 
97.27999941 -1.339762 
97.31999941 -1.339762 
97.35999941 -1.339762 
97.39999941 -1.339762 
97.43999941 -1.339762 
97.47999941 -1.339762 
97.51999941 -1.339762 
97.55999941 -1.339762 
97.59999941 -1.339762 
97.63999941 -2.224799 
97.67999941 -2.224799 
97.71999941 -1.339762 
97.75999941 -1.339762 
97.79999941 -1.339762 
97.83999941 -1.339762 
97.87999941 -1.339762 
97.9199994 -1.339762 
97.9599994 -1.339762 
97.9999994 -1.339762 
98.0399994 -1.339762 
98.0799994 -1.339762 
98.1199994 -1.339762 
98.1599994 -1.339762 
98.1999994 -1.339762 
98.2399994 -1.339762 
98.2799994 -1.339762 
98.3199994 -1.339762 
98.3599994 -0.4577776 
98.3999994 -0.4577776 
98.4399994 -1.339762 
98.4799994 -1.339762 
98.5199994 -1.339762 
98.5599994 -1.339762 
98.5999994 -0.4577776 
98.6399994 -0.4577776 
98.6799994 -0.4577776 
98.7199994 -0.4577776 
98.7599994 -0.4577776 
98.7999994 -0.4577776 
98.8399994 -0.4577776 
98.8799994 -0.4577776 
98.9199994 -0.4577776 
98.9599994 -0.4577776 
98.9999994 -0.4577776 
99.0399994 -0.4577776 
99.0799994 -0.4577776 
99.1199994 -0.4577776 
99.1599994 -0.4577776 
99.1999994 -0.4577776 
99.2399994 -0.4577776 
99.3199994 -0.4577776 
99.5199994 -0.4577776 
103.55999937 -0.4577776 
103.59999937 -0.4577776 
103.67999937 -0.4577776 
103.91999937 -0.4577776 
107.43999935 -0.4577776 
107.55999935 -0.4577776 
107.59999935 -0.4577776 
107.71999935 -0.4577776 
107.83999934 -0.4577776 
107.87999934 -0.4577776 
107.91999934 -0.4577776 
107.95999934 -0.4577776 
107.99999934 -0.4577776 
108.03999934 -0.4577776 
108.07999934 -0.4577776 
108.11999934 -0.4577776 
108.15999934 -0.4577776 
108.19999934 -0.4577776 
108.23999934 -0.4577776 
108.27999934 -0.4577776 
108.31999934 -0.4577776 
108.35999934 -0.4577776 
108.39999934 -0.4577776 
108.43999934 -1.339762 
108.47999934 -0.4577776 
108.51999934 -0.4577776 
108.55999934 -0.4577776 
108.59999934 -1.339762 
108.63999934 -1.339762 
108.67999934 -1.339762 
108.71999934 -1.339762 
108.75999934 -1.339762 
108.79999934 -1.339762 
108.83999934 -0.4577776 
108.87999934 -0.4577776 
108.91999934 -1.339762 
108.95999934 -0.4577776 
108.99999934 -1.339762 
109.03999934 -1.339762 
109.07999934 -1.339762 
109.11999934 -1.339762 
109.15999934 -0.4577776 
109.19999934 -1.339762 
109.23999934 -1.339762 
109.27999934 -1.339762 
109.31999934 -1.339762 
109.35999934 -1.339762 
109.39999934 -0.4577776 
109.43999933 -1.339762 
109.47999933 -1.339762 
109.51999933 -1.339762 
109.55999933 -0.4577776 
109.59999933 -1.339762 
109.63999933 -1.339762 
109.67999933 -1.339762 
109.71999933 -0.4577776 
109.75999933 -1.339762 
109.83999933 -0.4577776 
109.87999933 -1.339762 
109.91999933 -0.4577776 
109.95999933 -0.4577776 
109.99999933 -0.4577776 
110.03999933 -0.4577776 
110.11999933 -0.4577776 
110.15999933 -0.4577776 
110.19999933 -0.4577776 
110.91999933 -0.4577776 
119.51999927 -0.4577776 
119.71999927 -0.4577776 
119.75999927 -0.4577776 
119.79999927 -0.4577776 
119.87999927 -0.4577776 
119.91999927 -0.4577776 
119.95999927 -0.4577776 
119.99999927 -0.4577776 
120.03999927 -0.4577776 
120.07999927 -0.4577776 
120.11999927 -0.4577776 
120.15999927 -0.4577776 
120.19999927 -0.4577776 
120.23999927 -0.4577776 
120.27999927 -0.4577776 
120.31999927 -0.4577776 
120.35999927 -0.4577776 
120.39999927 -0.4577776 
120.43999927 -0.4577776 
120.47999927 -0.4577776 
120.51999927 -0.4577776 
120.55999927 -0.4577776 
120.59999927 -0.4577776 
120.63999927 -0.4577776 
120.67999927 -0.4577776 
120.71999927 -0.4577776 
120.75999927 -0.4577776 
120.79999927 -0.4577776 
120.83999927 -0.4577776 
120.87999927 -0.4577776 
120.91999927 -0.4577776 
120.95999926 -0.4577776 
120.99999926 -0.4577776 
121.03999926 -0.4577776 
121.07999926 -0.4577776 
121.11999926 -0.4577776 
121.15999926 -0.4577776 
121.19999926 -0.4577776 
121.23999926 -0.4577776 
121.27999926 -0.4577776 
121.31999926 -0.4577776 
121.35999926 -0.4577776 
121.39999926 -0.4577776 
121.43999926 -0.4577776 
121.47999926 -0.4577776 
121.51999926 -0.4577776 
121.55999926 -0.4577776 
121.59999926 -0.4577776 
121.63999926 -0.4577776 
121.67999926 -0.4577776 
121.71999926 -0.4577776 
121.75999926 -0.4577776 
121.79999926 -0.4577776 
121.91999926 -0.4577776 
122.03999926 -0.4577776 
122.07999926 -0.4577776 
124.35999924 -0.4577776 
124.55999924 -0.4577776 
124.63999924 -0.4577776 
124.87999924 -0.4577776 
124.95999924 -0.4577776 
124.99999924 -0.4577776 
125.31999924 -0.4577776 
125.47999924 -0.4577776 
125.95999923 -0.4577776 
125.99999923 -0.4577776 
129.39999921 -0.4577776 
129.43999921 -0.4577776 
129.55999921 -0.4577776 
129.59999921 -0.4577776 
129.63999921 -0.4577776 
129.71999921 -0.4577776 
129.75999921 -0.4577776 
129.87999921 -0.4577776 
129.91999921 -0.4577776 
129.99999921 -0.4577776 
130.03999921 -0.4577776 
130.07999921 -0.4577776 
130.19999921 -0.4577776 
130.23999921 -0.4577776 
130.31999921 -0.4577776 
130.35999921 -0.4577776 
130.39999921 -0.4577776 
130.47999921 -0.4577776 
130.51999921 -0.4577776 
130.55999921 -0.4577776 
130.59999921 -0.4577776 
130.63999921 -0.4577776 
130.71999921 -0.4577776 
130.75999921 -0.4577776 
130.79999921 -0.4577776 
130.8399992 -0.4577776 
130.8799992 -0.4577776 
130.9599992 -0.4577776 
130.9999992 -0.4577776 
131.0399992 -0.4577776 
131.0799992 -0.4577776 
131.1199992 -0.4577776 
131.1599992 -0.4577776 
131.2399992 -0.4577776 
131.2799992 -0.4577776 
131.3199992 -0.4577776 
131.3599992 -0.4577776 
131.3999992 -0.4577776 
131.4399992 -0.4577776 
131.4799992 -0.4577776 
131.5199992 -0.4577776 
131.5599992 -0.4577776 
131.5999992 -0.4577776 
131.6399992 -0.4577776 
131.6799992 -0.4577776 
131.7199992 -0.4577776 
131.7599992 -0.4577776 
131.7999992 -0.4577776 
131.8399992 -0.4577776 
131.8799992 -0.4577776 
131.9199992 -0.4577776 
131.9599992 -0.4577776 
131.9999992 -0.4577776 
132.0399992 -0.4577776 
132.0799992 -0.4577776 
132.1199992 -0.4577776 
132.1599992 -0.4577776 
132.1999992 -0.4577776 
132.2399992 -0.4577776 
132.2799992 -0.4577776 
132.3199992 -0.4577776 
132.3599992 -0.4577776 
132.3999992 -0.4577776 
132.4399992 -0.4577776 
132.47999919 -0.4577776 
132.51999919 -0.4577776 
132.59999919 -0.4577776 
132.63999919 -0.4577776 
132.67999919 -0.4577776 
132.71999919 -0.4577776 
132.75999919 -0.4577776 
132.79999919 -0.4577776 
132.83999919 -0.4577776 
132.87999919 -0.4577776 
132.91999919 -0.4577776 
132.95999919 -0.4577776 
132.99999919 -0.4577776 
133.03999919 -0.4577776 
133.07999919 -0.4577776 
133.11999919 -0.4577776 
133.15999919 -0.4577776 
133.23999919 -0.4577776 
133.27999919 -0.4577776 
133.31999919 -0.4577776 
133.43999919 -0.4577776 
133.47999919 -0.4577776 
133.51999919 -0.4577776 
133.59999919 -0.4577776 
133.63999919 -0.4577776 
133.67999919 -0.4577776 
133.71999919 -0.4577776 
133.75999919 -0.4577776 
133.79999919 -0.4577776 
133.83999919 -0.4577776 
133.87999919 -0.4577776 
133.91999919 -0.4577776 
133.95999919 -0.4577776 
133.99999919 -0.4577776 
134.03999919 -0.4577776 
134.07999919 -0.4577776 
134.11999918 -0.4577776 
134.15999918 -0.4577776 
134.19999918 -0.4577776 
134.23999918 -0.4577776 
134.27999918 -0.4577776 
134.43999918 -0.4577776 
134.47999918 -1.339762 
134.51999918 -0.4577776 
134.59999918 -0.4577776 
134.63999918 -0.4577776 
134.67999918 -0.4577776 
134.75999918 -0.4577776 
134.79999918 -0.4577776 
134.91999918 -0.4577776 
134.95999918 -0.4577776 
134.99999918 -0.4577776 
135.07999918 -0.4577776 
135.11999918 -0.4577776 
135.27999918 -0.4577776 
135.31999918 -0.4577776 
135.35999918 -0.4577776 
135.43999918 -0.4577776 
135.47999918 -0.4577776 
135.51999918 -0.4577776 
135.59999918 -0.4577776 
135.63999918 -0.4577776 
135.75999917 -0.4577776 
135.83999917 -0.4577776 
135.87999917 -0.4577776 
135.91999917 -1.339762 
136.07999917 -0.4577776 
136.11999917 -0.4577776 
136.15999917 -0.4577776 
136.35999917 -0.4577776 
136.43999917 -0.4577776 
136.59999917 -0.4577776 
145.47999912 -0.4577776 
145.55999912 -0.4577776 
145.59999912 -0.4577776 
145.67999911 -0.4577776 
145.71999911 -0.4577776 
145.75999911 -0.4577776 
145.79999911 -0.4577776 
145.83999911 -0.4577776 
145.87999911 -0.4577776 
145.91999911 -0.4577776 
145.95999911 -0.4577776 
145.99999911 -0.4577776 
146.03999911 -0.4577776 
146.07999911 -0.4577776 
146.11999911 -0.4577776 
146.15999911 -0.4577776 
146.19999911 -0.4577776 
146.23999911 -0.4577776 
146.27999911 -0.4577776 
146.31999911 -0.4577776 
146.35999911 -0.4577776 
146.39999911 -0.4577776 
146.43999911 -0.4577776 
146.47999911 -0.4577776 
146.51999911 -0.4577776 
146.55999911 -0.4577776 
146.59999911 -0.4577776 
146.63999911 -1.339762 
146.67999911 -0.4577776 
146.71999911 -0.4577776 
146.75999911 -0.4577776 
146.79999911 -0.4577776 
146.83999911 -0.4577776 
146.87999911 -0.4577776 
146.91999911 -0.4577776 
146.95999911 -0.4577776 
146.99999911 -0.4577776 
147.03999911 -0.4577776 
147.07999911 -0.4577776 
147.11999911 -0.4577776 
147.15999911 -0.4577776 
147.19999911 -1.339762 
147.23999911 -0.4577776 
147.2799991 -0.4577776 
147.3199991 -0.4577776 
147.3599991 -0.4577776 
147.3999991 -0.4577776 
147.4399991 -0.4577776 
147.4799991 -0.4577776 
147.5199991 -0.4577776 
147.5599991 -0.4577776 
147.5999991 -0.4577776 
147.6399991 -0.4577776 
147.6799991 -0.4577776 
147.7199991 -0.4577776 
147.7599991 -0.4577776 
147.7999991 -0.4577776 
147.8399991 -0.4577776 
147.8799991 -0.4577776 
147.9199991 -0.4577776 
147.9599991 -0.4577776 
148.0799991 -0.4577776 
148.1199991 -0.4577776 
151.91999908 -0.4577776 
151.99999908 -0.4577776 
152.03999908 -0.4577776 
152.07999908 -0.4577776 
152.11999908 -0.4577776 
152.15999908 -0.4577776 
152.19999908 -0.4577776 
152.23999907 -0.4577776 
152.27999907 -0.4577776 
152.35999907 -0.4577776 
152.39999907 -0.4577776 
152.43999907 -0.4577776 
152.47999907 -0.4577776 
152.51999907 -0.4577776 
152.55999907 -0.4577776 
152.63999907 -0.4577776 
152.75999907 -0.4577776 
152.79999907 -0.4577776 
152.83999907 -0.4577776 
152.87999907 -0.4577776 
152.91999907 -0.4577776 
152.95999907 -0.4577776 
152.99999907 -0.4577776 
153.03999907 -0.4577776 
153.07999907 -0.4577776 
153.11999907 -0.4577776 
153.15999907 -0.4577776 
153.19999907 -0.4577776 
153.23999907 -0.4577776 
153.27999907 -0.4577776 
153.31999907 -0.4577776 
153.35999907 -0.4577776 
153.39999907 -0.4577776 
153.47999907 -0.4577776 
153.51999907 -0.4577776 
153.55999907 -0.4577776 
153.59999907 -0.4577776 
153.63999907 -0.4577776 
153.67999907 -0.4577776 
153.91999906 -0.4577776 
153.95999906 -0.4577776 
156.31999905 -0.4577776 
156.43999905 -0.4577776 
156.47999905 -0.4577776 
156.51999905 -0.4577776 
156.55999905 -0.4577776 
156.59999905 -0.4577776 
156.63999905 -0.4577776 
156.67999905 -0.4577776 
156.71999905 -0.4577776 
156.75999905 -1.339762 
156.79999905 -0.4577776 
156.87999905 -0.4577776 
156.91999905 -1.339762 
156.95999905 -0.4577776 
156.99999905 -0.4577776 
157.03999905 -1.339762 
157.07999905 -1.339762 
157.11999905 -1.339762 
157.15999904 -0.4577776 
157.19999904 -0.4577776 
157.23999904 -1.339762 
157.27999904 -1.339762 
157.31999904 -0.4577776 
157.35999904 -0.4577776 
157.39999904 -1.339762 
157.43999904 -1.339762 
157.47999904 -0.4577776 
157.51999904 -1.339762 
157.55999904 -2.224799 
157.59999904 -1.339762 
157.63999904 -0.4577776 
157.67999904 -1.339762 
157.71999904 -1.339762 
157.75999904 -2.224799 
157.79999904 -1.339762 
157.83999904 -1.339762 
157.87999904 -1.339762 
157.91999904 -1.339762 
157.95999904 -1.339762 
157.99999904 -1.339762 
158.03999904 -1.339762 
158.07999904 -1.339762 
158.11999904 -1.339762 
158.15999904 -1.339762 
158.19999904 -1.339762 
158.23999904 -1.339762 
158.27999904 -1.339762 
158.31999904 -1.339762 
158.35999904 -1.339762 
158.39999904 -1.339762 
158.43999904 -1.339762 
158.47999904 -1.339762 
158.51999904 -1.339762 
158.55999904 -1.339762 
158.59999904 -1.339762 
158.63999904 -1.339762 
158.67999904 -1.339762 
158.71999904 -1.339762 
158.75999904 -1.339762 
158.79999903 -1.339762 
158.83999903 -1.339762 
158.87999903 -1.339762 
158.91999903 -1.339762 
158.95999903 -0.4577776 
158.99999903 -0.4577776 
159.03999903 -0.4577776 
159.07999903 -0.4577776 
159.11999903 -0.4577776 
159.15999903 -0.4577776 
159.19999903 -0.4577776 
159.23999903 -0.4577776 
159.27999903 -0.4577776 
159.31999903 -0.4577776 
159.35999903 -0.4577776 
159.39999903 -0.4577776 
159.43999903 -0.4577776 
159.47999903 -0.4577776 
159.51999903 -0.4577776 
159.59999903 -0.4577776 
159.63999903 -0.4577776 
159.67999903 -0.4577776 
159.75999903 -0.4577776 
159.95999903 -0.4577776 
168.63999898 -0.4577776 
168.83999897 -0.4577776 
168.91999897 -0.4577776 
168.99999897 -0.4577776 
169.03999897 -0.4577776 
169.07999897 -0.4577776 
169.11999897 -0.4577776 
169.15999897 -0.4577776 
169.23999897 -0.4577776 
169.27999897 -0.4577776 
169.31999897 -0.4577776 
169.35999897 -0.4577776 
169.39999897 -0.4577776 
169.43999897 -0.4577776 
169.47999897 -0.4577776 
169.51999897 -0.4577776 
169.55999897 -0.4577776 
169.59999897 -0.4577776 
169.63999897 -0.4577776 
169.67999897 -0.4577776 
169.71999897 -0.4577776 
169.75999897 -0.4577776 
169.79999897 -0.4577776 
169.83999897 -0.4577776 
169.87999897 -0.4577776 
169.95999897 -0.4577776 
169.99999897 -0.4577776 
170.03999897 -0.4577776 
170.07999897 -0.4577776 
170.11999897 -0.4577776 
170.15999897 -0.4577776 
170.19999897 -0.4577776 
170.23999897 -0.4577776 
170.31999896 -0.4577776 
170.35999896 -0.4577776 
170.39999896 -0.4577776 
170.91999896 -0.4577776 
173.31999895 -0.4577776 
173.35999895 -0.4577776 
173.43999895 -0.4577776 
173.47999895 -0.4577776 
173.51999895 -0.4577776 
173.55999895 -0.4577776 
173.63999894 -0.4577776 
173.67999894 -0.4577776 
173.71999894 -0.4577776 
173.75999894 -0.4577776 
173.79999894 -0.4577776 
173.83999894 -0.4577776 
173.87999894 -0.4577776 
173.91999894 -0.4577776 
173.95999894 -0.4577776 
173.99999894 -0.4577776 
174.03999894 -0.4577776 
174.07999894 -0.4577776 
174.11999894 -0.4577776 
174.15999894 -0.4577776 
174.19999894 -0.4577776 
174.23999894 -0.4577776 
174.27999894 -0.4577776 
174.31999894 -0.4577776 
174.35999894 -0.4577776 
174.39999894 -0.4577776 
174.43999894 -0.4577776 
174.47999894 -0.4577776 
174.51999894 -0.4577776 
174.55999894 -0.4577776 
174.59999894 -0.4577776 
174.63999894 -0.4577776 
174.67999894 -0.4577776 
174.71999894 -0.4577776 
174.75999894 -0.4577776 
174.79999894 -0.4577776 
174.87999894 -0.4577776 
174.91999894 -0.4577776 
174.95999894 -0.4577776 
174.99999894 -0.4577776 
175.11999894 -0.4577776 
175.19999894 -0.4577776 
179.19999891 -0.4577776 
179.31999891 -0.4577776 
179.35999891 -0.4577776 
179.51999891 -0.4577776 
179.67999891 -0.4577776 
179.71999891 -0.4577776 
179.83999891 -0.4577776 
179.95999891 -0.4577776 
179.99999891 -0.4577776 
180.03999891 -0.4577776 
180.11999891 -0.4577776 
180.15999891 -0.4577776 
180.1999989 -0.4577776 
180.2399989 -0.4577776 
180.2799989 -0.4577776 
180.3199989 -0.4577776 
180.3599989 -0.4577776 
180.3999989 -0.4577776 
180.4399989 -0.4577776 
180.4799989 -1.339762 
180.5199989 -0.4577776 
180.5599989 -0.4577776 
180.5999989 -0.4577776 
180.6399989 -1.339762 
180.6799989 -0.4577776 
180.7199989 -0.4577776 
180.7599989 -0.4577776 
180.7999989 -0.4577776 
180.8399989 -0.4577776 
180.8799989 -0.4577776 
180.9199989 -0.4577776 
180.9599989 -0.4577776 
180.9999989 -1.339762 
181.0399989 -0.4577776 
181.0799989 -0.4577776 
181.1199989 -0.4577776 
181.1599989 -0.4577776 
181.1999989 -0.4577776 
181.2399989 -0.4577776 
181.2799989 -0.4577776 
181.3199989 -0.4577776 
181.3599989 -0.4577776 
181.3999989 -0.4577776 
181.4399989 -0.4577776 
181.4799989 -1.339762 
181.5199989 -0.4577776 
181.5599989 -0.4577776 
181.5999989 -0.4577776 
181.6399989 -0.4577776 
181.6799989 -1.339762 
181.7199989 -0.4577776 
181.7599989 -0.4577776 
181.7999989 -0.4577776 
181.83999889 -0.4577776 
181.87999889 -0.4577776 
181.91999889 -0.4577776 
181.95999889 -0.4577776 
181.99999889 -0.4577776 
182.03999889 -0.4577776 
182.07999889 -0.4577776 
182.11999889 -0.4577776 
182.15999889 -0.4577776 
182.19999889 -0.4577776 
182.23999889 -0.4577776 
182.27999889 -0.4577776 
182.31999889 -0.4577776 
182.35999889 -0.4577776 
182.39999889 -0.4577776 
182.43999889 -0.4577776 
182.47999889 -0.4577776 
182.51999889 -0.4577776 
182.55999889 -0.4577776 
182.59999889 -0.4577776 
182.63999889 -0.4577776 
182.67999889 -0.4577776 
182.71999889 -0.4577776 
182.75999889 -0.4577776 
182.79999889 -0.4577776 
182.83999889 -0.4577776 
182.87999889 -0.4577776 
182.91999889 -0.4577776 
182.99999889 -0.4577776 
183.03999889 -0.4577776 
183.11999889 -0.4577776 
183.19999889 -0.4577776 
183.23999889 -0.4577776 
183.27999889 -0.4577776 
183.31999889 -0.4577776 
183.35999889 -0.4577776 
183.39999889 -0.4577776 
183.43999889 -0.4577776 
183.47999888 -0.4577776 
183.51999888 -0.4577776 
183.55999888 -0.4577776 
183.59999888 -0.4577776 
183.67999888 -0.4577776 
183.75999888 -0.4577776 
183.79999888 -0.4577776 
183.83999888 -0.4577776 
183.87999888 -0.4577776 
183.91999888 -0.4577776 
183.95999888 -0.4577776 
184.03999888 -0.4577776 
184.07999888 -0.4577776 
184.11999888 -0.4577776 
184.15999888 -0.4577776 
184.19999888 -0.4577776 
184.23999888 -0.4577776 
184.27999888 -0.4577776 
184.31999888 -0.4577776 
184.35999888 -0.4577776 
184.39999888 -0.4577776 
184.43999888 -0.4577776 
184.47999888 -0.4577776 
184.51999888 -0.4577776 
184.55999888 -0.4577776 
184.59999888 -0.4577776 
184.63999888 -0.4577776 
184.67999888 -0.4577776 
184.71999888 -0.4577776 
184.75999888 -0.4577776 
184.79999888 -0.4577776 
184.83999888 -0.4577776 
184.87999888 -0.4577776 
184.91999888 -0.4577776 
184.95999888 -0.4577776 
184.99999888 -0.4577776 
185.03999888 -0.4577776 
185.07999888 -0.4577776 
185.11999887 -0.4577776 
185.15999887 -0.4577776 
185.19999887 -0.4577776 
185.23999887 -0.4577776 
185.27999887 -0.4577776 
185.31999887 -0.4577776 
185.35999887 -0.4577776 
185.39999887 -0.4577776 
185.43999887 -0.4577776 
185.47999887 -0.4577776 
185.51999887 -0.4577776 
185.55999887 -0.4577776 
185.59999887 -0.4577776 
185.63999887 -0.4577776 
185.67999887 -0.4577776 
185.71999887 -0.4577776 
185.75999887 -0.4577776 
185.79999887 -0.4577776 
185.83999887 -0.4577776 
185.87999887 -0.4577776 
185.91999887 -0.4577776 
185.95999887 -0.4577776 
185.99999887 -0.4577776 
186.03999887 -0.4577776 
186.07999887 -0.4577776 
186.11999887 -0.4577776 
186.15999887 -0.4577776 
186.19999887 -0.4577776 
186.23999887 -0.4577776 
186.27999887 -0.4577776 
186.31999887 -0.4577776 
186.35999887 -0.4577776 
186.39999887 -0.4577776 
190.95999884 -0.4577776 
191.07999884 -0.4577776 
191.11999884 -0.4577776 
191.23999884 -0.4577776 
191.27999884 -0.4577776 
191.31999884 -0.4577776 
191.35999884 -0.4577776 
191.43999884 -0.4577776 
191.51999884 -0.4577776 
191.55999884 -0.4577776 
191.63999884 -0.4577776 
191.71999883 -0.4577776 
191.75999883 -0.4577776 
191.83999883 -0.4577776 
192.07999883 -0.4577776 
192.11999883 -0.4577776 
194.87999882 -0.4577776 
194.95999882 -0.4577776 
194.99999881 -0.4577776 
195.03999881 -0.4577776 
195.07999881 -0.4577776 
195.11999881 -0.4577776 
195.15999881 -0.4577776 
195.19999881 -0.4577776 
195.23999881 -0.4577776 
195.31999881 -0.4577776 
195.39999881 -0.4577776 
195.43999881 -0.4577776 
195.47999881 -0.4577776 
195.51999881 -0.4577776 
195.55999881 -0.4577776 
195.59999881 -0.4577776 
195.63999881 -0.4577776 
195.67999881 -0.4577776 
195.71999881 -0.4577776 
195.75999881 -0.4577776 
195.79999881 -0.4577776 
195.83999881 -0.4577776 
195.87999881 -0.4577776 
195.91999881 -0.4577776 
195.95999881 -0.4577776 
195.99999881 -0.4577776 
196.03999881 -0.4577776 
196.07999881 -0.4577776 
196.11999881 -0.4577776 
196.15999881 -0.4577776 
196.19999881 -0.4577776 
196.23999881 -0.4577776 
196.27999881 -0.4577776 
196.31999881 -0.4577776 
196.35999881 -0.4577776 
196.39999881 -0.4577776 
196.43999881 -0.4577776 
196.47999881 -0.4577776 
196.51999881 -0.4577776 
196.55999881 -0.4577776 
196.59999881 -0.4577776 
196.6399988 -0.4577776 
196.6799988 -0.4577776 
196.7199988 -0.4577776 
196.7599988 -0.4577776 
196.7999988 -0.4577776 
196.8399988 -0.4577776 
196.8799988 -0.4577776 
196.9199988 -0.4577776 
196.9599988 -0.4577776 
196.9999988 -0.4577776 
197.0799988 -0.4577776 
197.1199988 -0.4577776 
197.1599988 -0.4577776 
197.1999988 -0.4577776 
197.2399988 -0.4577776 
197.2799988 -0.4577776 
197.3199988 -0.4577776 
197.3599988 -0.4577776 
197.4799988 -0.4577776 
0 0 
