13.39999992 -1.770074 
13.43999992 -1.770074 
13.47999992 -1.770074 
13.51999992 -1.770074 
13.55999992 -1.770074 
13.59999992 -1.770074 
13.63999992 -3.52794 
13.67999992 -3.52794 
13.71999992 -3.52794 
13.75999992 -3.52794 
13.79999992 -3.52794 
13.83999992 -3.52794 
13.87999992 -3.52794 
13.91999992 -3.52794 
13.95999992 -3.52794 
13.99999991 -3.52794 
14.03999991 -3.52794 
14.07999991 -3.52794 
14.11999991 -3.52794 
14.15999991 -3.52794 
14.19999991 -3.52794 
14.23999991 -3.52794 
14.27999991 -3.52794 
14.31999991 -3.52794 
14.35999991 -5.285806 
14.39999991 -3.52794 
14.43999991 -3.52794 
14.47999991 -5.285806 
14.51999991 -3.52794 
14.55999991 -5.285806 
14.59999991 -3.52794 
14.63999991 -5.285806 
14.67999991 -5.285806 
14.71999991 -3.52794 
14.75999991 -3.52794 
14.79999991 -3.52794 
14.83999991 -3.52794 
14.87999991 -5.285806 
14.91999991 -5.285806 
14.95999991 -3.52794 
14.99999991 -5.285806 
15.03999991 -3.52794 
15.07999991 -3.52794 
15.11999991 -3.52794 
15.15999991 -3.52794 
15.19999991 -3.52794 
15.23999991 -3.52794 
15.27999991 -3.52794 
15.31999991 -3.52794 
15.35999991 -3.52794 
15.39999991 -3.52794 
15.43999991 -3.52794 
15.47999991 -3.52794 
15.51999991 -3.52794 
15.55999991 -3.52794 
15.59999991 -3.52794 
15.6399999 -3.52794 
15.6799999 -3.52794 
15.7199999 -3.52794 
15.7599999 -1.770074 
15.7999999 -3.52794 
15.8399999 -1.770074 
15.8799999 -3.52794 
15.9199999 -1.770074 
15.9599999 -1.770074 
15.9999999 -1.770074 
16.0399999 -1.770074 
16.0799999 -1.770074 
16.1599999 -1.770074 
16.1999999 -1.770074 
16.2799999 -1.770074 
31.07999981 -1.770074 
31.15999981 -1.770074 
31.19999981 -1.770074 
31.23999981 -1.770074 
31.27999981 -1.770074 
31.31999981 -1.770074 
31.35999981 -1.770074 
31.39999981 -1.770074 
31.43999981 -1.770074 
31.47999981 -1.770074 
31.51999981 -1.770074 
31.55999981 -1.770074 
31.59999981 -1.770074 
31.63999981 -1.770074 
31.67999981 -3.52794 
31.71999981 -1.770074 
31.75999981 -1.770074 
31.79999981 -1.770074 
31.83999981 -3.52794 
31.87999981 -3.52794 
31.91999981 -3.52794 
31.95999981 -3.52794 
31.99999981 -1.770074 
32.03999981 -1.770074 
32.07999981 -1.770074 
32.1199998 -1.770074 
32.1599998 -3.52794 
32.1999998 -3.52794 
32.2399998 -1.770074 
32.2799998 -3.52794 
32.3199998 -3.52794 
32.3599998 -3.52794 
32.3999998 -3.52794 
32.4399998 -3.52794 
32.4799998 -3.52794 
32.5199998 -3.52794 
32.5599998 -1.770074 
32.5999998 -1.770074 
32.6399998 -1.770074 
32.6799998 -1.770074 
32.7199998 -1.770074 
32.7599998 -1.770074 
32.7999998 -1.770074 
32.8399998 -1.770074 
32.8799998 -1.770074 
32.9199998 -1.770074 
32.9599998 -1.770074 
32.9999998 -1.770074 
33.0399998 -1.770074 
33.1199998 -1.770074 
33.1599998 -1.770074 
33.1999998 -1.770074 
37.99999977 -1.770074 
38.19999977 -1.770074 
38.23999977 -1.770074 
38.31999977 -1.770074 
38.39999977 -1.770074 
38.43999977 -1.770074 
38.47999977 -1.770074 
38.51999977 -1.770074 
38.55999977 -1.770074 
38.59999977 -1.770074 
38.67999976 -1.770074 
38.71999976 -1.770074 
38.75999976 -1.770074 
38.79999976 -1.770074 
38.87999976 -1.770074 
38.91999976 -1.770074 
73.27999955 -1.770074 
73.55999955 -1.770074 
73.75999955 -1.770074 
73.87999955 -1.770074 
74.03999955 -1.770074 
74.63999955 -1.770074 
80.07999951 -1.770074 
80.15999951 -1.770074 
80.19999951 -1.770074 
80.23999951 -1.770074 
80.27999951 -1.770074 
80.31999951 -1.770074 
80.35999951 -1.770074 
80.39999951 -1.770074 
80.43999951 -1.770074 
80.47999951 -3.52794 
80.51999951 -1.770074 
80.55999951 -1.770074 
80.59999951 -3.52794 
80.63999951 -3.52794 
80.67999951 -1.770074 
80.71999951 -3.52794 
80.75999951 -3.52794 
80.79999951 -3.52794 
80.83999951 -3.52794 
80.87999951 -3.52794 
80.91999951 -3.52794 
80.95999951 -3.52794 
80.99999951 -3.52794 
81.03999951 -3.52794 
81.07999951 -3.52794 
81.11999951 -3.52794 
81.15999951 -3.52794 
81.19999951 -3.52794 
81.23999951 -3.52794 
81.27999951 -3.52794 
81.31999951 -3.52794 
81.35999951 -3.52794 
81.39999951 -3.52794 
81.43999951 -3.52794 
81.4799995 -3.52794 
81.5199995 -3.52794 
81.5599995 -3.52794 
81.5999995 -3.52794 
81.6399995 -3.52794 
81.6799995 -3.52794 
81.7199995 -3.52794 
81.7599995 -3.52794 
81.7999995 -3.52794 
81.8399995 -3.52794 
81.8799995 -3.52794 
81.9199995 -3.52794 
81.9599995 -3.52794 
81.9999995 -3.52794 
82.0399995 -3.52794 
82.0799995 -3.52794 
82.1199995 -3.52794 
82.1599995 -3.52794 
82.1999995 -3.52794 
82.2399995 -3.52794 
82.2799995 -3.52794 
82.3199995 -3.52794 
82.3599995 -1.770074 
82.3999995 -3.52794 
82.4399995 -1.770074 
82.4799995 -1.770074 
82.5199995 -1.770074 
82.5599995 -1.770074 
82.5999995 -1.770074 
82.6399995 -1.770074 
82.6799995 -1.770074 
82.7199995 -1.770074 
82.7599995 -1.770074 
82.7999995 -1.770074 
82.8399995 -1.770074 
82.9199995 -1.770074 
82.9599995 -1.770074 
96.03999942 -1.770074 
96.11999942 -1.770074 
96.23999942 -1.770074 
96.31999941 -1.770074 
96.39999941 -1.770074 
96.43999941 -1.770074 
96.51999941 -1.770074 
96.55999941 -1.770074 
96.59999941 -1.770074 
96.63999941 -1.770074 
96.67999941 -1.770074 
96.71999941 -1.770074 
96.75999941 -1.770074 
96.79999941 -3.52794 
96.83999941 -1.770074 
96.87999941 -1.770074 
96.91999941 -1.770074 
96.95999941 -1.770074 
96.99999941 -3.52794 
97.03999941 -1.770074 
97.07999941 -1.770074 
97.11999941 -3.52794 
97.15999941 -3.52794 
97.19999941 -3.52794 
97.23999941 -3.52794 
97.27999941 -3.52794 
97.31999941 -3.52794 
97.35999941 -3.52794 
97.39999941 -3.52794 
97.43999941 -1.770074 
97.47999941 -3.52794 
97.51999941 -3.52794 
97.55999941 -3.52794 
97.59999941 -3.52794 
97.63999941 -3.52794 
97.67999941 -3.52794 
97.71999941 -3.52794 
97.75999941 -3.52794 
97.79999941 -3.52794 
97.83999941 -3.52794 
97.87999941 -3.52794 
97.9199994 -3.52794 
97.9599994 -3.52794 
97.9999994 -3.52794 
98.0399994 -3.52794 
98.0799994 -3.52794 
98.1199994 -3.52794 
98.1599994 -3.52794 
98.1999994 -3.52794 
98.2399994 -3.52794 
98.2799994 -3.52794 
98.3199994 -3.52794 
98.3599994 -3.52794 
98.3999994 -3.52794 
98.4399994 -3.52794 
98.4799994 -3.52794 
98.5199994 -3.52794 
98.5599994 -3.52794 
98.5999994 -3.52794 
98.6399994 -3.52794 
98.6799994 -3.52794 
98.7199994 -3.52794 
98.7599994 -3.52794 
98.7999994 -3.52794 
98.8399994 -3.52794 
98.8799994 -3.52794 
98.9199994 -3.52794 
98.9599994 -3.52794 
98.9999994 -3.52794 
99.0399994 -3.52794 
99.0799994 -3.52794 
99.1199994 -3.52794 
99.1599994 -3.52794 
99.1999994 -3.52794 
99.2399994 -3.52794 
99.2799994 -3.52794 
99.3199994 -3.52794 
99.3599994 -3.52794 
99.3999994 -3.52794 
99.4399994 -1.770074 
99.4799994 -1.770074 
99.5199994 -3.52794 
99.55999939 -3.52794 
99.59999939 -1.770074 
99.63999939 -1.770074 
99.67999939 -1.770074 
99.71999939 -1.770074 
99.75999939 -1.770074 
99.79999939 -1.770074 
99.83999939 -1.770074 
99.87999939 -1.770074 
99.91999939 -1.770074 
99.95999939 -1.770074 
99.99999939 -1.770074 
100.03999939 -1.770074 
100.07999939 -1.770074 
100.15999939 -1.770074 
100.23999939 -1.770074 
100.27999939 -1.770074 
112.27999932 -1.770074 
112.31999932 -1.770074 
112.35999932 -1.770074 
112.39999932 -1.770074 
112.47999932 -1.770074 
112.51999932 -1.770074 
112.55999932 -1.770074 
112.59999932 -1.770074 
112.63999932 -1.770074 
112.67999932 -1.770074 
112.71999931 -1.770074 
112.75999931 -1.770074 
112.79999931 -1.770074 
112.83999931 -1.770074 
112.87999931 -1.770074 
112.91999931 -1.770074 
112.95999931 -1.770074 
112.99999931 -1.770074 
113.03999931 -1.770074 
113.07999931 -1.770074 
113.11999931 -1.770074 
113.15999931 -1.770074 
113.19999931 -1.770074 
113.23999931 -1.770074 
113.27999931 -1.770074 
113.47999931 -1.770074 
113.51999931 -1.770074 
113.63999931 -1.770074 
113.67999931 -1.770074 
113.79999931 -1.770074 
113.83999931 -1.770074 
123.91999925 -1.770074 
124.15999925 -1.770074 
124.27999924 -1.770074 
124.35999924 -1.770074 
124.39999924 -1.770074 
124.43999924 -1.770074 
124.47999924 -1.770074 
124.51999924 -1.770074 
124.55999924 -1.770074 
124.59999924 -1.770074 
124.63999924 -1.770074 
124.67999924 -1.770074 
124.71999924 -1.770074 
124.87999924 -1.770074 
124.91999924 -1.770074 
124.99999924 -1.770074 
129.23999921 -1.770074 
129.27999921 -1.770074 
129.31999921 -1.770074 
129.35999921 -1.770074 
129.39999921 -1.770074 
129.43999921 -1.770074 
129.47999921 -1.770074 
129.51999921 -3.52794 
129.55999921 -1.770074 
129.59999921 -1.770074 
129.63999921 -3.52794 
129.67999921 -3.52794 
129.71999921 -3.52794 
129.75999921 -3.52794 
129.79999921 -3.52794 
129.83999921 -3.52794 
129.87999921 -3.52794 
129.91999921 -3.52794 
129.95999921 -3.52794 
129.99999921 -3.52794 
130.03999921 -3.52794 
130.07999921 -3.52794 
130.11999921 -3.52794 
130.15999921 -3.52794 
130.19999921 -3.52794 
130.23999921 -3.52794 
130.27999921 -3.52794 
130.31999921 -3.52794 
130.35999921 -3.52794 
130.39999921 -3.52794 
130.43999921 -3.52794 
130.47999921 -3.52794 
130.51999921 -3.52794 
130.55999921 -3.52794 
130.59999921 -3.52794 
130.63999921 -3.52794 
130.67999921 -3.52794 
130.71999921 -3.52794 
130.75999921 -3.52794 
130.79999921 -3.52794 
130.8399992 -3.52794 
130.8799992 -3.52794 
130.9199992 -3.52794 
130.9599992 -3.52794 
130.9999992 -3.52794 
131.0399992 -3.52794 
131.0799992 -3.52794 
131.1199992 -3.52794 
131.1599992 -3.52794 
131.1999992 -3.52794 
131.2399992 -3.52794 
131.2799992 -3.52794 
131.3199992 -3.52794 
131.3599992 -3.52794 
131.3999992 -3.52794 
131.4399992 -3.52794 
131.4799992 -3.52794 
131.5199992 -3.52794 
131.5599992 -3.52794 
131.5999992 -1.770074 
131.6399992 -1.770074 
131.6799992 -1.770074 
131.7199992 -1.770074 
131.7599992 -1.770074 
131.7999992 -1.770074 
131.8399992 -1.770074 
131.8799992 -1.770074 
131.9199992 -1.770074 
131.9599992 -1.770074 
131.9999992 -1.770074 
132.0399992 -1.770074 
132.0799992 -1.770074 
132.1199992 -1.770074 
136.39999917 -1.770074 
136.43999917 -1.770074 
136.47999917 -1.770074 
136.55999917 -1.770074 
136.59999917 -1.770074 
136.63999917 -1.770074 
136.67999917 -1.770074 
136.71999917 -1.770074 
136.75999917 -1.770074 
136.79999917 -1.770074 
136.83999917 -1.770074 
136.87999917 -1.770074 
136.91999917 -1.770074 
136.95999917 -1.770074 
136.99999917 -1.770074 
137.03999917 -1.770074 
137.07999917 -1.770074 
137.11999917 -1.770074 
137.15999917 -1.770074 
137.19999917 -1.770074 
137.23999917 -1.770074 
137.27999917 -1.770074 
137.31999917 -1.770074 
137.35999917 -1.770074 
137.39999916 -1.770074 
137.43999916 -1.770074 
137.47999916 -1.770074 
137.51999916 -1.770074 
137.55999916 -1.770074 
137.59999916 -1.770074 
137.63999916 -1.770074 
137.71999916 -1.770074 
137.75999916 -1.770074 
137.79999916 -1.770074 
137.91999916 -1.770074 
145.71999911 -1.770074 
145.75999911 -1.770074 
145.79999911 -1.770074 
145.87999911 -1.770074 
145.91999911 -1.770074 
145.95999911 -1.770074 
145.99999911 -1.770074 
146.03999911 -1.770074 
146.07999911 -1.770074 
146.11999911 -1.770074 
146.15999911 -1.770074 
146.19999911 -1.770074 
146.23999911 -1.770074 
146.27999911 -1.770074 
146.31999911 -1.770074 
146.35999911 -1.770074 
146.39999911 -1.770074 
146.43999911 -1.770074 
146.47999911 -1.770074 
146.51999911 -1.770074 
146.55999911 -1.770074 
146.59999911 -1.770074 
146.63999911 -1.770074 
146.67999911 -1.770074 
146.71999911 -1.770074 
146.75999911 -1.770074 
146.79999911 -1.770074 
146.83999911 -1.770074 
146.87999911 -1.770074 
146.91999911 -1.770074 
146.95999911 -1.770074 
146.99999911 -1.770074 
147.03999911 -1.770074 
147.07999911 -1.770074 
147.11999911 -1.770074 
147.15999911 -1.770074 
147.19999911 -1.770074 
147.23999911 -1.770074 
147.2799991 -1.770074 
147.3199991 -1.770074 
147.3599991 -1.770074 
147.3999991 -1.770074 
147.4399991 -1.770074 
147.4799991 -1.770074 
147.5199991 -1.770074 
147.5599991 -1.770074 
147.5999991 -1.770074 
147.6399991 -1.770074 
147.6799991 -1.770074 
147.7199991 -1.770074 
147.7599991 -1.770074 
147.7999991 -1.770074 
147.8399991 -1.770074 
147.8799991 -1.770074 
147.9199991 -1.770074 
147.9999991 -1.770074 
148.0399991 -1.770074 
148.0799991 -1.770074 
148.3999991 -1.770074 
153.15999907 -1.770074 
153.31999907 -1.770074 
153.35999907 -1.770074 
153.39999907 -1.770074 
153.43999907 -1.770074 
153.47999907 -1.770074 
153.51999907 -1.770074 
153.55999907 -1.770074 
153.59999907 -1.770074 
153.63999907 -1.770074 
153.67999907 -1.770074 
153.71999907 -1.770074 
153.75999907 -1.770074 
153.79999907 -3.52794 
153.83999907 -1.770074 
153.87999906 -3.52794 
153.91999906 -3.52794 
153.95999906 -3.52794 
153.99999906 -3.52794 
154.03999906 -3.52794 
154.07999906 -3.52794 
154.11999906 -3.52794 
154.15999906 -3.52794 
154.19999906 -3.52794 
154.23999906 -3.52794 
154.27999906 -1.770074 
154.31999906 -1.770074 
154.35999906 -3.52794 
154.39999906 -3.52794 
154.43999906 -3.52794 
154.47999906 -1.770074 
154.51999906 -3.52794 
154.55999906 -3.52794 
154.59999906 -3.52794 
154.63999906 -3.52794 
154.67999906 -3.52794 
154.71999906 -3.52794 
154.75999906 -1.770074 
154.79999906 -1.770074 
154.83999906 -3.52794 
154.87999906 -1.770074 
154.91999906 -3.52794 
154.95999906 -1.770074 
154.99999906 -3.52794 
155.03999906 -1.770074 
155.07999906 -1.770074 
155.11999906 -1.770074 
155.15999906 -3.52794 
155.19999906 -1.770074 
155.23999906 -1.770074 
155.27999906 -1.770074 
155.31999906 -1.770074 
155.35999906 -1.770074 
155.39999906 -1.770074 
155.43999906 -1.770074 
155.47999906 -1.770074 
155.51999905 -1.770074 
155.55999905 -1.770074 
155.59999905 -1.770074 
155.63999905 -1.770074 
155.67999905 -1.770074 
155.75999905 -1.770074 
155.79999905 -1.770074 
155.83999905 -1.770074 
170.15999897 -1.770074 
170.27999897 -1.770074 
170.35999896 -1.770074 
170.39999896 -1.770074 
170.47999896 -1.770074 
170.51999896 -1.770074 
170.55999896 -1.770074 
170.59999896 -1.770074 
170.63999896 -1.770074 
170.67999896 -1.770074 
170.71999896 -1.770074 
170.75999896 -1.770074 
170.83999896 -1.770074 
170.87999896 -3.52794 
170.91999896 -1.770074 
170.95999896 -1.770074 
170.99999896 -1.770074 
171.03999896 -3.52794 
171.07999896 -1.770074 
171.11999896 -1.770074 
171.15999896 -3.52794 
171.19999896 -3.52794 
171.23999896 -1.770074 
171.27999896 -1.770074 
171.31999896 -1.770074 
171.35999896 -1.770074 
171.39999896 -1.770074 
171.43999896 -1.770074 
171.47999896 -1.770074 
171.51999896 -3.52794 
171.55999896 -1.770074 
171.59999896 -1.770074 
171.63999896 -1.770074 
171.67999896 -1.770074 
171.71999896 -1.770074 
171.75999896 -1.770074 
171.79999896 -1.770074 
171.83999896 -1.770074 
171.87999896 -1.770074 
171.91999896 -1.770074 
171.95999895 -1.770074 
171.99999895 -1.770074 
172.03999895 -1.770074 
172.07999895 -1.770074 
172.11999895 -1.770074 
172.15999895 -1.770074 
172.23999895 -1.770074 
172.27999895 -1.770074 
172.35999895 -1.770074 
172.39999895 -1.770074 
172.51999895 -1.770074 
187.59999886 -1.770074 
187.67999886 -1.770074 
187.71999886 -1.770074 
187.75999886 -1.770074 
187.83999886 -1.770074 
187.87999886 -1.770074 
187.91999886 -1.770074 
187.95999886 -1.770074 
188.03999886 -1.770074 
188.07999886 -1.770074 
188.11999886 -1.770074 
188.15999886 -1.770074 
188.19999886 -1.770074 
188.23999886 -1.770074 
188.27999886 -1.770074 
188.31999886 -1.770074 
188.35999886 -1.770074 
188.43999885 -1.770074 
188.47999885 -1.770074 
188.51999885 -1.770074 
188.55999885 -1.770074 
188.59999885 -1.770074 
188.63999885 -1.770074 
188.67999885 -1.770074 
188.71999885 -1.770074 
188.75999885 -1.770074 
188.79999885 -1.770074 
188.83999885 -1.770074 
188.87999885 -1.770074 
188.91999885 -1.770074 
188.95999885 -1.770074 
189.03999885 -1.770074 
189.07999885 -1.770074 
189.11999885 -1.770074 
189.19999885 -1.770074 
189.27999885 -1.770074 
195.39999881 -1.770074 
195.63999881 -1.770074 
195.79999881 -1.770074 
0 0 
