0.0 -0.941496 
0.04 -0.4989776 
0.08 -0.4989776 
0.12 -0.4989776 
0.16 -0.4989776 
0.2 -0.4989776 
0.24 -0.941496 
0.28 -0.941496 
0.32 -0.941496 
0.36 -0.4989776 
0.44 -0.941496 
0.48 -0.4989776 
0.52 -0.4989776 
0.56 -0.4989776 
0.68 -0.941496 
0.72 -0.941496 
0.76 -0.4989776 
1.15999999 -0.4989776 
1.19999999 -0.4989776 
1.47999999 -0.941496 
1.51999999 -0.4989776 
1.63999999 -0.4989776 
1.87999999 -0.4989776 
1.91999999 -0.941496 
1.95999999 -0.4989776 
2.27999999 -0.4989776 
2.31999999 -0.4989776 
2.71999998 -0.4989776 
2.75999998 -0.4989776 
3.07999998 -0.941496 
3.11999998 -0.4989776 
3.43999998 -0.941496 
3.47999998 -0.941496 
3.87999998 -0.4989776 
3.91999998 -0.4989776 
4.63999997 -1.825007 
4.67999997 -0.941496 
5.11999997 -0.4989776 
6.35999996 -1.825007 
6.39999996 -0.941496 
6.67999996 -0.4989776 
8.35999995 -0.4989776 
8.39999995 -0.941496 
8.47999995 -0.4989776 
8.67999995 -0.941496 
8.95999995 -0.4989776 
9.19999994 -0.4989776 
9.23999994 -0.4989776 
9.59999994 -0.4989776 
9.63999994 -0.4989776 
9.95999994 -0.4989776 
9.99999994 -0.941496 
10.03999994 -0.941496 
10.07999994 -0.4989776 
10.31999994 -0.941496 
10.35999994 -0.4989776 
10.43999994 -0.941496 
10.47999994 -0.4989776 
10.63999994 -0.4989776 
10.67999994 -0.4989776 
10.71999993 -0.941496 
10.75999993 -0.941496 
10.79999993 -0.941496 
10.83999993 -0.4989776 
10.87999993 -0.4989776 
10.91999993 -0.941496 
10.95999993 -0.4989776 
11.11999993 -0.941496 
11.15999993 -0.941496 
11.19999993 -0.941496 
11.23999993 -0.941496 
11.39999993 -0.941496 
11.43999993 -0.941496 
11.47999993 -0.4989776 
11.51999993 -0.4989776 
11.55999993 -0.4989776 
11.59999993 -0.941496 
11.63999993 -0.941496 
11.67999993 -0.941496 
11.71999993 -0.941496 
11.83999993 -0.4989776 
11.87999993 -0.4989776 
11.91999993 -0.4989776 
11.95999993 -0.941496 
12.07999993 -0.941496 
12.11999993 -0.941496 
12.15999993 -0.4989776 
12.31999993 -0.4989776 
12.35999992 -0.4989776 
12.39999992 -0.941496 
12.43999992 -0.941496 
12.47999992 -0.4989776 
12.55999992 -0.4989776 
12.83999992 -0.941496 
13.03999992 -0.941496 
13.07999992 -2.267525 
13.11999992 -0.941496 
13.27999992 -0.4989776 
13.31999992 -0.941496 
13.35999992 -0.941496 
13.39999992 -0.4989776 
13.55999992 -0.4989776 
13.67999992 -0.4989776 
13.99999991 -0.4989776 
14.03999991 -0.4989776 
14.11999991 -0.4989776 
14.15999991 -0.4989776 
14.23999991 -0.4989776 
14.39999991 -0.941496 
14.43999991 -0.941496 
14.47999991 -0.941496 
14.63999991 -0.4989776 
14.75999991 -2.708518 
14.79999991 -3.593554 
14.83999991 -1.825007 
14.99999991 -0.4989776 
15.03999991 -1.382488 
15.07999991 -1.382488 
15.11999991 -0.941496 
15.15999991 -0.4989776 
15.19999991 -0.941496 
15.23999991 -0.4989776 
15.27999991 -0.941496 
15.31999991 -1.382488 
15.35999991 -0.941496 
15.39999991 -0.4989776 
15.47999991 -0.4989776 
15.51999991 -0.4989776 
15.55999991 -0.941496 
15.59999991 -0.941496 
15.6399999 -1.382488 
15.6799999 -0.941496 
15.7199999 -0.941496 
15.7599999 -0.4989776 
15.7999999 -0.4989776 
15.8399999 -0.4989776 
15.8799999 -0.4989776 
15.9599999 -0.4989776 
15.9999999 -0.4989776 
16.0399999 -1.382488 
16.0799999 -1.825007 
16.1199999 -0.941496 
16.2799999 -0.4989776 
16.3999999 -0.4989776 
16.4399999 -0.941496 
16.4799999 -0.941496 
16.5199999 -0.4989776 
16.5599999 -0.4989776 
16.6399999 -0.4989776 
16.7599999 -0.4989776 
16.7999999 -0.4989776 
16.8399999 -0.4989776 
16.8799999 -0.4989776 
16.9199999 -0.4989776 
17.27999989 -0.4989776 
17.31999989 -0.4989776 
17.35999989 -0.941496 
17.39999989 -0.941496 
17.43999989 -0.4989776 
17.63999989 -0.4989776 
17.67999989 -0.4989776 
17.99999989 -0.941496 
18.03999989 -0.941496 
18.55999989 -0.4989776 
18.99999988 -0.4989776 
19.27999988 -0.4989776 
19.71999988 -0.4989776 
19.91999988 -1.825007 
19.95999988 -0.941496 
20.07999988 -0.941496 
20.11999988 -0.4989776 
20.35999988 -0.941496 
20.39999988 -0.4989776 
20.51999988 -0.4989776 
20.55999988 -0.4989776 
20.83999987 -0.4989776 
20.87999987 -0.4989776 
20.91999987 -0.4989776 
20.95999987 -0.4989776 
20.99999987 -0.4989776 
21.11999987 -0.941496 
21.15999987 -0.4989776 
21.23999987 -0.941496 
21.27999987 -0.941496 
21.39999987 -0.4989776 
21.43999987 -0.4989776 
21.55999987 -0.4989776 
21.59999987 -0.941496 
21.63999987 -0.4989776 
21.67999987 -0.4989776 
21.71999987 -0.941496 
21.75999987 -0.941496 
21.79999987 -0.4989776 
21.83999987 -0.4989776 
21.87999987 -0.4989776 
21.91999987 -1.382488 
22.03999987 -4.477065 
22.07999987 -0.941496 
22.31999986 -0.941496 
22.51999986 -3.593554 
22.55999986 -4.034547 
22.63999986 -0.941496 
22.67999986 -4.034547 
22.71999986 -0.4989776 
22.79999986 -1.825007 
22.83999986 -3.151036 
22.87999986 -0.4989776 
22.95999986 -1.382488 
22.99999986 -1.825007 
23.03999986 -0.4989776 
23.11999986 -0.4989776 
23.15999986 -0.941496 
23.27999986 -0.4989776 
23.31999986 -0.941496 
23.35999986 -1.382488 
23.39999986 -0.941496 
23.43999986 -0.4989776 
23.47999986 -0.941496 
23.59999986 -0.941496 
23.63999986 -0.941496 
23.67999986 -0.941496 
23.71999986 -0.4989776 
23.75999986 -0.4989776 
23.79999986 -0.4989776 
23.83999986 -1.382488 
23.87999985 -0.4989776 
23.99999985 -0.4989776 
24.03999985 -0.941496 
24.07999985 -0.941496 
24.11999985 -0.941496 
24.15999985 -0.941496 
24.19999985 -0.4989776 
24.47999985 -0.4989776 
24.51999985 -0.4989776 
24.55999985 -0.4989776 
24.59999985 -0.4989776 
24.63999985 -0.4989776 
24.67999985 -0.4989776 
24.91999985 -0.4989776 
24.95999985 -0.4989776 
24.99999985 -0.4989776 
25.07999985 -0.4989776 
25.35999985 -0.941496 
25.39999985 -0.4989776 
25.51999984 -0.941496 
25.55999984 -0.4989776 
25.67999984 -0.4989776 
25.71999984 -0.941496 
25.75999984 -0.941496 
25.79999984 -0.941496 
25.83999984 -0.941496 
26.11999984 -0.4989776 
26.15999984 -0.941496 
26.19999984 -0.941496 
26.23999984 -0.4989776 
26.47999984 -0.4989776 
26.51999984 -0.941496 
26.55999984 -0.941496 
26.59999984 -0.4989776 
26.63999984 -0.4989776 
26.95999984 -1.382488 
26.99999984 -0.941496 
27.11999984 -0.4989776 
27.15999983 -0.941496 
27.31999983 -0.4989776 
27.35999983 -1.382488 
27.39999983 -0.941496 
27.67999983 -0.941496 
27.71999983 -0.941496 
27.75999983 -0.4989776 
30.71999981 -0.4989776 
30.95999981 -0.4989776 
32.2399998 -0.4989776 
32.6799998 -0.4989776 
32.8399998 -0.941496 
32.9599998 -0.4989776 
32.9999998 -0.4989776 
33.83999979 -0.4989776 
33.87999979 -0.941496 
33.91999979 -0.4989776 
34.23999979 -0.4989776 
34.35999979 -1.825007 
34.39999979 -4.034547 
34.67999979 -0.4989776 
34.95999979 -0.941496 
34.99999979 -2.267525 
35.03999979 -0.941496 
35.27999979 -0.4989776 
35.43999978 -0.4989776 
35.47999978 -0.4989776 
35.87999978 -0.941496 
35.91999978 -0.941496 
36.15999978 -0.4989776 
36.19999978 -0.941496 
36.23999978 -0.941496 
36.27999978 -0.4989776 
36.31999978 -0.941496 
36.35999978 -0.4989776 
36.47999978 -0.4989776 
36.51999978 -0.941496 
36.55999978 -0.4989776 
36.59999978 -0.4989776 
36.63999978 -0.4989776 
36.75999978 -0.4989776 
36.79999978 -0.941496 
36.83999978 -0.941496 
37.03999977 -0.4989776 
37.07999977 -1.825007 
37.11999977 -1.825007 
37.15999977 -0.4989776 
37.27999977 -0.4989776 
37.31999977 -0.941496 
37.35999977 -0.941496 
37.39999977 -0.941496 
37.43999977 -0.4989776 
37.47999977 -0.4989776 
37.51999977 -0.4989776 
37.55999977 -0.941496 
37.59999977 -0.941496 
37.63999977 -0.4989776 
37.71999977 -0.941496 
37.75999977 -0.941496 
37.87999977 -0.941496 
37.91999977 -1.382488 
37.95999977 -0.941496 
37.99999977 -0.4989776 
38.03999977 -0.4989776 
38.15999977 -0.4989776 
38.19999977 -0.941496 
38.23999977 -0.941496 
38.27999977 -0.4989776 
38.31999977 -0.4989776 
38.35999977 -0.4989776 
38.39999977 -0.941496 
38.43999977 -0.941496 
38.47999977 -0.941496 
38.63999977 -0.941496 
38.67999976 -0.941496 
38.71999976 -0.4989776 
38.75999976 -0.941496 
38.79999976 -0.941496 
38.83999976 -0.941496 
39.07999976 -0.4989776 
39.11999976 -0.941496 
39.15999976 -0.941496 
39.35999976 -0.941496 
39.39999976 -0.4989776 
39.51999976 -0.941496 
39.55999976 -1.825007 
39.59999976 -0.941496 
39.79999976 -0.4989776 
39.83999976 -0.4989776 
39.91999976 -0.4989776 
40.27999976 -0.4989776 
40.31999975 -0.4989776 
41.95999974 -0.4989776 
42.43999974 -0.4989776 
42.67999974 -0.4989776 
42.71999974 -0.4989776 
42.79999974 -0.4989776 
43.03999974 -0.4989776 
43.23999974 -0.4989776 
43.27999974 -0.4989776 
43.51999974 -0.941496 
43.75999973 -0.4989776 
43.91999973 -0.4989776 
43.95999973 -0.4989776 
43.99999973 -0.4989776 
45.11999973 -2.267525 
45.15999973 -1.825007 
45.71999972 -0.4989776 
45.75999972 -0.941496 
46.19999972 -1.825007 
46.23999972 -3.151036 
46.27999972 -0.4989776 
46.39999972 -2.267525 
46.43999972 -3.151036 
46.71999972 -0.4989776 
46.83999972 -0.941496 
46.87999972 -0.4989776 
47.11999971 -0.941496 
47.15999971 -0.941496 
47.27999971 -0.4989776 
47.43999971 -0.941496 
47.47999971 -0.4989776 
47.55999971 -0.4989776 
47.59999971 -0.941496 
47.63999971 -0.4989776 
47.71999971 -0.4989776 
47.87999971 -0.4989776 
47.91999971 -0.4989776 
47.95999971 -0.4989776 
48.03999971 -0.941496 
48.07999971 -1.382488 
48.11999971 -0.941496 
48.15999971 -0.4989776 
48.19999971 -0.4989776 
48.23999971 -0.4989776 
48.31999971 -0.4989776 
48.35999971 -0.941496 
48.39999971 -0.941496 
48.43999971 -0.941496 
48.47999971 -0.941496 
48.51999971 -1.382488 
48.5599997 -0.941496 
48.6799997 -0.4989776 
48.7199997 -0.941496 
48.7599997 -0.941496 
48.7999997 -1.382488 
48.8399997 -0.941496 
48.8799997 -0.941496 
48.9199997 -0.941496 
48.9599997 -0.941496 
48.9999997 -0.4989776 
49.0799997 -0.4989776 
49.1199997 -0.941496 
49.1599997 -0.941496 
49.1999997 -0.941496 
49.2399997 -0.941496 
49.2799997 -0.941496 
49.3199997 -0.941496 
49.3599997 -0.941496 
49.3999997 -0.941496 
49.4399997 -0.941496 
49.4799997 -0.4989776 
49.5599997 -0.4989776 
49.5999997 -0.941496 
49.6399997 -0.941496 
49.6799997 -0.4989776 
49.7199997 -0.4989776 
49.7599997 -0.941496 
49.7999997 -0.4989776 
49.8399997 -0.4989776 
49.8799997 -0.941496 
49.9199997 -0.941496 
49.9599997 -0.4989776 
49.9999997 -0.4989776 
50.0399997 -0.941496 
50.0799997 -1.382488 
50.1199997 -0.4989776 
50.1599997 -0.4989776 
50.19999969 -0.4989776 
50.31999969 -0.941496 
50.35999969 -0.941496 
50.39999969 -0.4989776 
50.43999969 -0.4989776 
50.47999969 -0.4989776 
50.51999969 -2.267525 
50.55999969 -1.382488 
50.63999969 -3.593554 
50.67999969 -2.267525 
50.91999969 -0.941496 
51.11999969 -3.151036 
51.15999969 -2.267525 
51.27999969 -4.034547 
51.31999969 -0.941496 
51.39999969 -1.825007 
51.43999969 -3.151036 
51.55999969 -0.4989776 
51.59999969 -0.941496 
51.71999969 -0.941496 
51.75999969 -0.941496 
51.91999968 -0.941496 
51.95999968 -0.4989776 
52.07999968 -0.941496 
52.11999968 -0.4989776 
52.23999968 -0.4989776 
52.43999968 -0.4989776 
52.47999968 -0.941496 
52.51999968 -0.4989776 
52.79999968 -0.4989776 
52.91999968 -0.4989776 
53.07999968 -0.4989776 
53.23999968 -0.4989776 
53.27999968 -0.4989776 
53.31999968 -0.4989776 
53.55999967 -0.4989776 
53.59999967 -0.4989776 
53.67999967 -0.4989776 
53.71999967 -0.4989776 
53.75999967 -0.4989776 
53.95999967 -0.4989776 
53.99999967 -0.4989776 
54.11999967 -0.4989776 
54.15999967 -0.4989776 
54.19999967 -0.4989776 
54.47999967 -0.4989776 
54.51999967 -0.4989776 
54.91999967 -0.4989776 
55.39999966 -0.4989776 
55.63999966 -0.941496 
55.67999966 -0.4989776 
57.75999965 -0.4989776 
57.79999965 -0.4989776 
58.11999965 -0.4989776 
58.43999964 -0.4989776 
58.55999964 -0.4989776 
58.99999964 -0.4989776 
59.11999964 -1.825007 
59.15999964 -1.825007 
59.19999964 -0.4989776 
59.23999964 -0.4989776 
59.27999964 -0.4989776 
59.39999964 -0.4989776 
59.43999964 -0.941496 
59.67999964 -0.4989776 
59.71999964 -0.941496 
59.75999964 -0.941496 
59.79999964 -0.941496 
59.83999964 -0.4989776 
59.95999964 -0.4989776 
60.07999963 -0.4989776 
60.11999963 -0.941496 
60.15999963 -0.941496 
60.19999963 -0.4989776 
60.23999963 -0.4989776 
60.27999963 -0.4989776 
60.31999963 -0.4989776 
60.35999963 -0.941496 
60.39999963 -0.941496 
60.43999963 -0.4989776 
60.51999963 -4.477065 
60.55999963 -5.360576 
60.59999963 -1.382488 
60.79999963 -0.4989776 
60.83999963 -0.941496 
60.87999963 -0.941496 
60.91999963 -0.4989776 
60.95999963 -0.941496 
60.99999963 -0.941496 
61.03999963 -0.941496 
61.27999963 -0.4989776 
61.31999963 -0.941496 
61.35999963 -0.4989776 
61.39999963 -0.4989776 
61.43999963 -0.4989776 
61.47999963 -0.941496 
61.71999962 -0.941496 
61.75999962 -0.941496 
61.79999962 -0.941496 
61.95999962 -0.4989776 
62.19999962 -0.941496 
62.23999962 -0.941496 
62.67999962 -0.4989776 
62.99999962 -0.4989776 
63.03999962 -0.4989776 
63.35999961 -0.4989776 
63.39999961 -0.4989776 
63.75999961 -0.4989776 
64.15999961 -0.4989776 
64.19999961 -0.4989776 
64.31999961 -0.4989776 
64.51999961 -0.4989776 
64.55999961 -0.941496 
64.59999961 -0.4989776 
64.79999961 -0.4989776 
64.95999961 -0.4989776 
64.9999996 -0.941496 
65.0399996 -0.941496 
65.3199996 -1.382488 
65.3599996 -2.267525 
65.3999996 -0.4989776 
65.5999996 -0.4989776 
65.6399996 -0.4989776 
65.8799996 -0.4989776 
65.9199996 -0.4989776 
65.9999996 -0.4989776 
66.0399996 -0.941496 
67.43999959 -0.4989776 
69.03999958 -0.4989776 
69.07999958 -0.4989776 
69.43999958 -0.4989776 
69.55999958 -0.4989776 
69.79999958 -0.4989776 
69.83999958 -0.4989776 
69.95999957 -0.4989776 
69.99999957 -0.4989776 
70.23999957 -0.4989776 
70.27999957 -0.941496 
70.31999957 -0.941496 
70.43999957 -0.4989776 
70.47999957 -0.4989776 
70.59999957 -0.4989776 
70.63999957 -0.4989776 
70.67999957 -0.4989776 
70.71999957 -0.4989776 
70.75999957 -0.941496 
70.79999957 -0.941496 
70.83999957 -0.941496 
70.95999957 -0.4989776 
70.99999957 -1.382488 
71.03999957 -1.382488 
71.07999957 -0.941496 
71.23999957 -0.4989776 
71.35999957 -0.4989776 
71.39999957 -0.941496 
71.43999957 -0.4989776 
71.47999957 -0.941496 
71.51999957 -0.4989776 
71.55999957 -0.941496 
71.59999956 -0.941496 
71.63999956 -0.4989776 
71.79999956 -0.941496 
71.83999956 -1.825007 
71.87999956 -0.941496 
71.95999956 -0.4989776 
71.99999956 -0.4989776 
72.07999956 -0.4989776 
72.11999956 -0.4989776 
72.15999956 -0.4989776 
72.23999956 -0.4989776 
72.27999956 -0.941496 
72.31999956 -0.941496 
72.35999956 -0.4989776 
72.43999956 -0.4989776 
72.51999956 -3.593554 
72.55999956 -2.708518 
72.67999956 -0.4989776 
72.71999956 -0.4989776 
72.75999956 -0.4989776 
72.79999956 -0.941496 
72.83999956 -0.4989776 
72.99999956 -0.4989776 
73.15999956 -0.4989776 
73.19999956 -0.4989776 
73.27999955 -2.267525 
73.31999955 -2.267525 
73.43999955 -0.4989776 
73.51999955 -0.4989776 
73.55999955 -0.4989776 
73.59999955 -0.4989776 
73.83999955 -0.4989776 
73.87999955 -0.4989776 
73.91999955 -0.941496 
73.95999955 -0.4989776 
74.11999955 -0.4989776 
74.15999955 -0.4989776 
74.19999955 -0.4989776 
74.31999955 -0.4989776 
74.35999955 -0.941496 
74.39999955 -0.941496 
74.43999955 -0.4989776 
74.67999955 -3.593554 
74.71999955 -2.708518 
74.75999955 -1.825007 
74.79999955 -0.941496 
74.91999954 -0.4989776 
74.95999954 -0.4989776 
74.99999954 -0.4989776 
75.03999954 -0.941496 
75.07999954 -0.941496 
75.11999954 -0.4989776 
75.15999954 -0.941496 
75.19999954 -0.941496 
75.23999954 -0.941496 
75.27999954 -0.4989776 
75.43999954 -0.941496 
75.47999954 -3.151036 
75.51999954 -2.267525 
75.71999954 -0.941496 
75.75999954 -1.382488 
75.79999954 -1.382488 
75.83999954 -0.4989776 
75.87999954 -0.4989776 
75.91999954 -0.941496 
75.95999954 -0.941496 
75.99999954 -0.941496 
76.03999954 -0.4989776 
76.07999954 -0.4989776 
76.19999954 -0.941496 
76.23999954 -1.382488 
76.27999954 -0.941496 
76.31999954 -0.4989776 
76.35999954 -0.941496 
76.39999954 -1.825007 
76.43999954 -0.941496 
76.55999953 -0.4989776 
76.59999953 -0.941496 
76.63999953 -1.382488 
76.67999953 -0.941496 
76.71999953 -0.4989776 
76.79999953 -0.4989776 
76.83999953 -0.941496 
76.87999953 -0.941496 
76.91999953 -0.4989776 
77.03999953 -0.4989776 
77.07999953 -0.941496 
77.11999953 -0.941496 
77.15999953 -1.382488 
77.19999953 -0.941496 
77.27999953 -0.4989776 
77.31999953 -1.825007 
77.35999953 -0.941496 
77.39999953 -0.4989776 
77.55999953 -0.4989776 
77.59999953 -1.382488 
77.63999953 -0.941496 
77.87999953 -0.941496 
77.91999953 -0.4989776 
77.95999953 -0.4989776 
77.99999953 -0.941496 
78.23999952 -0.4989776 
78.27999952 -0.4989776 
78.31999952 -0.4989776 
78.87999952 -3.593554 
78.99999952 -6.244087 
79.03999952 -6.244087 
79.07999952 -0.941496 
79.11999952 -0.4989776 
79.15999952 -1.825007 
79.27999952 -0.4989776 
79.39999952 -2.708518 
79.43999952 -0.4989776 
79.55999952 -0.4989776 
79.67999952 -1.825007 
79.83999951 -0.4989776 
80.03999951 -0.4989776 
80.79999951 -0.4989776 
81.23999951 -0.4989776 
81.9599995 -0.4989776 
81.9999995 -0.4989776 
83.15999949 -0.4989776 
83.59999949 -0.4989776 
84.35999949 -0.4989776 
84.39999949 -0.4989776 
84.87999948 -0.4989776 
84.91999948 -0.4989776 
85.23999948 -0.4989776 
85.39999948 -0.941496 
85.43999948 -3.151036 
85.47999948 -1.825007 
85.51999948 -0.4989776 
85.55999948 -0.4989776 
85.71999948 -0.4989776 
85.75999948 -0.941496 
85.95999948 -0.941496 
85.99999948 -2.267525 
86.03999948 -1.382488 
86.23999948 -0.941496 
86.27999948 -1.382488 
86.31999948 -0.4989776 
86.39999947 -0.4989776 
86.43999947 -0.941496 
86.47999947 -0.4989776 
86.51999947 -0.941496 
86.55999947 -1.825007 
86.71999947 -0.941496 
86.75999947 -0.941496 
86.79999947 -0.941496 
86.83999947 -1.825007 
86.87999947 -1.382488 
86.99999947 -1.382488 
87.03999947 -0.941496 
87.19999947 -0.4989776 
87.23999947 -0.941496 
87.27999947 -1.382488 
87.31999947 -0.941496 
87.35999947 -0.4989776 
87.47999947 -0.4989776 
87.51999947 -0.4989776 
87.55999947 -0.4989776 
87.59999947 -0.4989776 
87.63999947 -0.941496 
87.67999947 -0.4989776 
87.71999947 -0.941496 
87.75999947 -0.941496 
87.79999947 -0.941496 
87.95999947 -0.4989776 
87.99999947 -0.941496 
88.03999946 -1.825007 
88.07999946 -1.825007 
88.11999946 -0.941496 
88.27999946 -0.4989776 
88.35999946 -0.4989776 
88.39999946 -0.4989776 
88.43999946 -0.4989776 
88.47999946 -0.4989776 
88.55999946 -0.941496 
88.59999946 -0.4989776 
88.83999946 -0.4989776 
89.03999946 -0.4989776 
89.15999946 -0.4989776 
89.19999946 -0.4989776 
89.27999946 -0.4989776 
92.23999944 -0.4989776 
92.27999944 -0.4989776 
92.47999944 -0.4989776 
92.51999944 -0.4989776 
92.87999944 -0.4989776 
92.95999944 -0.4989776 
93.39999943 -0.4989776 
93.75999943 -0.4989776 
93.79999943 -0.4989776 
94.03999943 -0.4989776 
94.07999943 -0.4989776 
94.39999943 -0.4989776 
94.55999943 -0.4989776 
94.59999943 -0.941496 
94.79999942 -0.941496 
94.83999942 -0.4989776 
94.99999942 -0.4989776 
95.23999942 -0.4989776 
95.67999942 -0.941496 
95.71999942 -0.941496 
96.19999942 -0.4989776 
96.59999941 -0.4989776 
96.63999941 -0.941496 
96.99999941 -0.4989776 
97.03999941 -0.4989776 
97.07999941 -0.4989776 
97.11999941 -0.941496 
97.27999941 -0.4989776 
97.31999941 -0.941496 
97.35999941 -0.941496 
97.39999941 -0.4989776 
97.47999941 -0.4989776 
97.51999941 -0.941496 
97.55999941 -1.825007 
97.59999941 -0.941496 
97.71999941 -1.382488 
97.75999941 -0.941496 
97.83999941 -0.4989776 
97.87999941 -0.941496 
97.9199994 -0.941496 
97.9599994 -0.941496 
97.9999994 -0.941496 
98.0399994 -0.4989776 
98.1199994 -0.4989776 
98.1599994 -0.4989776 
98.1999994 -0.941496 
98.2399994 -1.825007 
98.2799994 -0.941496 
98.3199994 -0.4989776 
98.4399994 -0.4989776 
98.4799994 -1.382488 
98.5199994 -1.382488 
98.5599994 -0.941496 
98.5999994 -0.941496 
98.6399994 -0.941496 
98.6799994 -0.941496 
98.7199994 -0.941496 
98.7599994 -0.941496 
98.7999994 -0.941496 
98.8399994 -3.593554 
98.8799994 -0.941496 
98.9599994 -0.4989776 
98.9999994 -0.941496 
99.0399994 -0.941496 
99.0799994 -0.941496 
99.1199994 -0.4989776 
99.2399994 -0.4989776 
99.2799994 -0.4989776 
99.3199994 -0.4989776 
99.4399994 -2.267525 
99.4799994 -0.941496 
99.55999939 -0.4989776 
99.67999939 -0.4989776 
99.71999939 -0.4989776 
99.75999939 -0.4989776 
99.79999939 -0.941496 
99.83999939 -0.941496 
99.87999939 -0.941496 
99.91999939 -0.4989776 
100.07999939 -0.4989776 
100.23999939 -0.4989776 
100.27999939 -0.941496 
100.31999939 -0.941496 
100.51999939 -0.4989776 
100.55999939 -0.941496 
100.59999939 -0.941496 
100.91999939 -0.4989776 
100.95999939 -0.4989776 
100.99999939 -0.4989776 
101.03999939 -0.941496 
101.07999939 -0.4989776 
101.19999938 -0.941496 
101.23999938 -0.4989776 
101.35999938 -0.4989776 
101.39999938 -0.4989776 
101.43999938 -0.941496 
101.47999938 -0.4989776 
101.67999938 -0.4989776 
101.71999938 -0.4989776 
101.83999938 -0.4989776 
101.87999938 -0.941496 
101.91999938 -0.4989776 
101.95999938 -0.4989776 
102.15999938 -0.4989776 
102.19999938 -0.4989776 
102.23999938 -0.4989776 
102.27999938 -0.4989776 
102.63999938 -0.941496 
102.67999938 -1.825007 
102.71999938 -0.941496 
102.95999937 -0.4989776 
102.99999937 -0.4989776 
103.03999937 -0.4989776 
103.07999937 -0.4989776 
103.47999937 -0.4989776 
104.31999937 -0.4989776 
104.35999937 -0.4989776 
104.59999936 -0.941496 
104.63999936 -0.4989776 
105.43999936 -0.4989776 
105.79999936 -1.382488 
105.83999936 -1.825007 
106.03999936 -0.4989776 
106.07999936 -0.4989776 
106.67999935 -1.382488 
106.71999935 -1.825007 
106.75999935 -0.941496 
106.79999935 -1.825007 
106.83999935 -2.708518 
106.87999935 -0.4989776 
107.27999935 -3.151036 
107.31999935 -1.825007 
107.43999935 -1.825007 
107.55999935 -3.151036 
107.59999935 -0.941496 
107.71999935 -0.941496 
107.75999935 -0.4989776 
107.83999934 -0.4989776 
107.87999934 -0.941496 
107.91999934 -0.941496 
108.07999934 -0.4989776 
108.23999934 -0.941496 
108.27999934 -0.4989776 
108.51999934 -0.4989776 
108.55999934 -0.4989776 
108.59999934 -0.4989776 
108.63999934 -0.4989776 
108.67999934 -0.941496 
108.71999934 -0.941496 
108.75999934 -0.941496 
108.79999934 -0.4989776 
108.83999934 -0.4989776 
108.91999934 -0.4989776 
108.95999934 -0.4989776 
108.99999934 -0.4989776 
109.03999934 -0.4989776 
109.07999934 -0.941496 
109.11999934 -0.941496 
109.15999934 -0.941496 
109.19999934 -0.941496 
109.23999934 -0.941496 
109.27999934 -0.941496 
109.39999934 -0.4989776 
109.43999933 -0.941496 
109.47999933 -0.941496 
109.51999933 -0.941496 
109.55999933 -0.941496 
109.59999933 -0.941496 
109.63999933 -0.4989776 
109.67999933 -0.4989776 
109.71999933 -0.941496 
109.75999933 -0.941496 
109.79999933 -0.4989776 
109.83999933 -0.941496 
109.87999933 -1.825007 
109.91999933 -1.382488 
109.95999933 -0.941496 
109.99999933 -0.4989776 
110.07999933 -0.4989776 
110.11999933 -0.4989776 
110.15999933 -0.4989776 
110.19999933 -0.4989776 
110.23999933 -0.941496 
110.27999933 -1.382488 
110.31999933 -1.382488 
110.35999933 -0.941496 
110.39999933 -0.4989776 
110.43999933 -0.4989776 
110.55999933 -0.4989776 
110.59999933 -0.4989776 
110.67999933 -0.4989776 
110.71999933 -0.4989776 
110.75999933 -0.941496 
110.79999933 -0.4989776 
110.83999933 -0.4989776 
110.95999933 -0.4989776 
110.99999933 -0.4989776 
111.07999932 -0.4989776 
111.11999932 -0.941496 
111.15999932 -0.4989776 
111.27999932 -0.4989776 
111.51999932 -0.4989776 
111.55999932 -0.941496 
111.59999932 -0.4989776 
111.71999932 -3.151036 
111.75999932 -2.708518 
112.51999932 -0.4989776 
112.67999932 -0.941496 
112.71999931 -2.267525 
113.11999931 -0.941496 
113.15999931 -0.4989776 
113.47999931 -0.4989776 
113.51999931 -0.941496 
113.55999931 -0.4989776 
113.75999931 -0.4989776 
113.79999931 -0.4989776 
113.95999931 -0.4989776 
113.99999931 -0.941496 
114.03999931 -0.941496 
114.27999931 -0.941496 
114.31999931 -0.941496 
114.4399993 -0.941496 
114.4799993 -0.4989776 
114.6399993 -0.4989776 
114.6799993 -0.4989776 
114.7199993 -0.4989776 
114.7599993 -0.4989776 
115.1999993 -0.4989776 
115.2399993 -0.4989776 
117.87999928 -0.4989776 
117.91999928 -0.941496 
118.83999928 -0.4989776 
119.31999927 -0.4989776 
119.51999927 -0.4989776 
119.55999927 -0.941496 
119.99999927 -0.4989776 
120.43999927 -0.4989776 
120.71999927 -0.4989776 
120.75999927 -0.4989776 
120.83999927 -0.4989776 
120.87999927 -0.4989776 
120.91999927 -0.4989776 
121.15999926 -0.941496 
121.19999926 -0.4989776 
121.27999926 -0.4989776 
121.31999926 -0.941496 
121.35999926 -0.941496 
121.39999926 -0.4989776 
121.43999926 -0.4989776 
121.55999926 -0.4989776 
121.59999926 -0.4989776 
121.63999926 -0.941496 
121.67999926 -0.941496 
121.71999926 -0.4989776 
121.75999926 -0.4989776 
121.79999926 -0.4989776 
121.91999926 -0.4989776 
121.95999926 -0.4989776 
121.99999926 -0.941496 
122.03999926 -0.941496 
122.07999926 -0.941496 
122.11999926 -0.4989776 
122.23999926 -0.4989776 
122.27999926 -0.4989776 
122.31999926 -0.4989776 
122.35999926 -0.4989776 
122.39999926 -0.4989776 
122.43999926 -0.4989776 
122.47999926 -0.941496 
122.51999926 -1.825007 
122.55999926 -0.941496 
122.59999925 -0.4989776 
122.75999925 -0.4989776 
122.79999925 -0.941496 
122.83999925 -0.941496 
122.87999925 -0.941496 
122.91999925 -0.4989776 
122.95999925 -0.4989776 
122.99999925 -0.4989776 
123.15999925 -0.4989776 
123.19999925 -0.941496 
123.23999925 -0.941496 
123.27999925 -0.4989776 
123.31999925 -0.4989776 
123.39999925 -0.4989776 
123.59999925 -0.4989776 
123.63999925 -0.4989776 
123.71999925 -0.4989776 
123.99999925 -0.4989776 
124.03999925 -0.941496 
124.07999925 -0.941496 
124.11999925 -0.4989776 
124.15999925 -0.4989776 
124.35999924 -0.4989776 
124.39999924 -0.4989776 
124.43999924 -0.4989776 
124.47999924 -0.4989776 
124.51999924 -0.4989776 
124.59999924 -0.941496 
124.63999924 -0.941496 
124.79999924 -0.4989776 
124.83999924 -0.941496 
124.87999924 -0.4989776 
124.91999924 -0.4989776 
124.95999924 -0.941496 
124.99999924 -0.941496 
125.11999924 -0.941496 
125.15999924 -2.267525 
125.27999924 -0.941496 
125.31999924 -0.941496 
125.43999924 -1.382488 
125.47999924 -0.941496 
125.59999924 -0.4989776 
125.63999924 -0.4989776 
125.67999924 -0.941496 
125.71999924 -1.825007 
125.75999924 -0.941496 
125.79999924 -0.4989776 
125.91999923 -0.4989776 
125.95999923 -0.941496 
125.99999923 -0.941496 
126.03999923 -2.267525 
126.07999923 -1.825007 
126.23999923 -0.941496 
126.27999923 -2.267525 
126.31999923 -1.825007 
126.35999923 -0.941496 
126.47999923 -0.4989776 
126.51999923 -1.382488 
126.55999923 -0.941496 
126.59999923 -0.4989776 
126.63999923 -0.4989776 
126.79999923 -0.4989776 
126.83999923 -0.4989776 
126.87999923 -0.941496 
126.91999923 -0.941496 
126.95999923 -0.4989776 
127.23999923 -0.4989776 
127.35999923 -0.4989776 
127.67999922 -0.4989776 
128.11999922 -0.4989776 
129.23999921 -0.4989776 
129.95999921 -0.4989776 
129.99999921 -0.941496 
130.03999921 -0.941496 
130.39999921 -1.825007 
130.43999921 -5.803094 
130.47999921 -0.941496 
130.67999921 -0.941496 
130.71999921 -0.941496 
130.75999921 -0.4989776 
130.9599992 -0.941496 
130.9999992 -0.4989776 
131.0399992 -0.4989776 
131.0799992 -0.4989776 
131.2399992 -0.941496 
131.2799992 -0.941496 
131.3199992 -0.4989776 
131.4399992 -0.4989776 
131.7999992 -0.941496 
131.8399992 -0.4989776 
132.1199992 -0.4989776 
132.1599992 -0.4989776 
132.2799992 -0.4989776 
132.59999919 -0.4989776 
133.27999919 -0.4989776 
133.31999919 -0.4989776 
133.75999919 -0.4989776 
134.15999918 -0.4989776 
134.19999918 -0.4989776 
134.51999918 -1.382488 
134.63999918 -4.477065 
134.79999918 -0.4989776 
134.87999918 -0.941496 
134.91999918 -1.825007 
135.11999918 -3.593554 
135.15999918 -3.593554 
135.27999918 -2.267525 
135.31999918 -0.941496 
135.39999918 -2.267525 
135.43999918 -3.151036 
135.55999918 -0.941496 
135.59999918 -1.382488 
135.75999917 -1.382488 
135.79999917 -1.382488 
135.91999917 -0.941496 
135.95999917 -0.4989776 
136.07999917 -0.4989776 
136.11999917 -0.4989776 
136.15999917 -1.825007 
136.19999917 -1.825007 
136.23999917 -0.941496 
136.39999917 -0.4989776 
136.43999917 -1.382488 
136.47999917 -1.382488 
136.51999917 -0.4989776 
136.63999917 -0.941496 
136.67999917 -0.941496 
136.71999917 -0.941496 
136.87999917 -0.4989776 
136.95999917 -0.941496 
136.99999917 -0.941496 
137.07999917 -0.4989776 
137.11999917 -0.4989776 
137.31999917 -0.4989776 
137.35999917 -0.4989776 
137.39999916 -0.941496 
137.43999916 -0.4989776 
137.47999916 -0.4989776 
137.55999916 -0.4989776 
137.59999916 -0.4989776 
137.75999916 -0.941496 
137.79999916 -0.4989776 
137.91999916 -0.4989776 
137.95999916 -0.4989776 
137.99999916 -0.941496 
138.03999916 -2.708518 
138.19999916 -0.4989776 
138.35999916 -0.941496 
138.39999916 -0.4989776 
138.83999916 -2.708518 
138.87999916 -4.034547 
138.91999916 -0.4989776 
139.15999915 -0.4989776 
141.47999914 -0.4989776 
142.23999914 -0.4989776 
142.27999914 -0.4989776 
143.11999913 -0.4989776 
143.47999913 -0.4989776 
143.51999913 -0.4989776 
144.19999912 -0.4989776 
144.47999912 -0.4989776 
145.91999911 -0.4989776 
145.95999911 -0.4989776 
146.11999911 -0.4989776 
146.27999911 -0.941496 
146.31999911 -0.941496 
146.43999911 -0.4989776 
146.59999911 -0.4989776 
146.63999911 -0.4989776 
146.71999911 -0.941496 
146.75999911 -0.941496 
146.79999911 -0.941496 
146.83999911 -0.4989776 
147.07999911 -0.4989776 
147.11999911 -0.941496 
147.15999911 -1.382488 
147.19999911 -0.941496 
147.23999911 -0.941496 
147.2799991 -0.4989776 
147.3599991 -0.4989776 
147.4399991 -0.4989776 
147.4799991 -0.941496 
147.5199991 -0.941496 
147.5599991 -0.941496 
147.5999991 -0.4989776 
147.6399991 -0.941496 
147.6799991 -0.941496 
147.7199991 -0.4989776 
147.7599991 -0.4989776 
147.7999991 -0.941496 
147.8399991 -0.941496 
147.9199991 -0.941496 
147.9599991 -1.825007 
147.9999991 -1.382488 
148.0399991 -0.4989776 
148.1999991 -0.4989776 
148.2399991 -0.4989776 
148.2799991 -0.4989776 
148.3199991 -0.941496 
148.3599991 -0.941496 
148.3999991 -1.382488 
148.4399991 -1.825007 
148.4799991 -0.941496 
148.6799991 -0.941496 
148.7199991 -0.941496 
148.7599991 -0.941496 
148.7999991 -0.4989776 
148.8399991 -0.4989776 
149.07999909 -0.4989776 
149.11999909 -0.4989776 
149.15999909 -0.941496 
149.19999909 -0.4989776 
149.47999909 -0.4989776 
149.51999909 -0.4989776 
149.55999909 -0.4989776 
149.59999909 -0.4989776 
149.63999909 -0.4989776 
149.83999909 -0.4989776 
149.87999909 -0.4989776 
150.03999909 -0.4989776 
150.07999909 -0.4989776 
150.15999909 -0.941496 
150.19999909 -0.941496 
150.23999909 -0.4989776 
150.39999909 -0.4989776 
150.43999909 -0.941496 
150.47999909 -0.4989776 
150.67999908 -0.4989776 
150.71999908 -0.4989776 
150.83999908 -0.4989776 
151.15999908 -0.941496 
151.19999908 -0.941496 
151.23999908 -0.4989776 
151.43999908 -1.825007 
151.47999908 -0.4989776 
151.59999908 -4.034547 
151.63999908 -1.825007 
151.75999908 -0.4989776 
151.87999908 -0.4989776 
151.91999908 -0.941496 
152.03999908 -0.4989776 
152.07999908 -0.941496 
152.11999908 -0.4989776 
152.31999907 -0.4989776 
152.35999907 -0.941496 
152.39999907 -0.941496 
152.71999907 -0.4989776 
152.75999907 -0.4989776 
152.79999907 -0.4989776 
152.83999907 -0.4989776 
152.99999907 -0.4989776 
153.19999907 -0.4989776 
153.23999907 -0.941496 
153.27999907 -0.4989776 
153.55999907 -0.4989776 
153.91999906 -0.4989776 
153.95999906 -0.4989776 
154.39999906 -0.941496 
155.99999905 -0.4989776 
156.35999905 -0.4989776 
156.39999905 -1.382488 
156.43999905 -0.4989776 
156.63999905 -0.941496 
156.67999905 -0.941496 
156.87999905 -0.4989776 
156.91999905 -0.941496 
157.11999905 -0.4989776 
157.15999904 -0.4989776 
157.27999904 -0.4989776 
157.31999904 -0.4989776 
157.55999904 -0.4989776 
157.59999904 -0.941496 
157.63999904 -0.941496 
157.67999904 -0.941496 
157.79999904 -0.4989776 
157.83999904 -0.4989776 
157.87999904 -0.4989776 
157.99999904 -0.4989776 
158.03999904 -0.941496 
158.15999904 -3.593554 
158.19999904 -2.708518 
158.23999904 -1.382488 
158.27999904 -0.941496 
158.39999904 -1.382488 
158.43999904 -1.825007 
158.47999904 -1.382488 
158.51999904 -0.941496 
158.55999904 -0.4989776 
158.63999904 -0.4989776 
158.67999904 -0.941496 
158.87999903 -1.825007 
158.91999903 -2.708518 
158.95999903 -1.825007 
158.99999903 -0.4989776 
159.19999903 -1.825007 
159.23999903 -1.825007 
159.27999903 -0.941496 
159.31999903 -0.941496 
159.35999903 -0.941496 
159.39999903 -0.941496 
159.51999903 -0.4989776 
159.55999903 -0.4989776 
159.59999903 -0.941496 
159.63999903 -0.941496 
159.67999903 -0.941496 
159.71999903 -0.941496 
159.75999903 -0.4989776 
159.79999903 -0.4989776 
159.83999903 -0.4989776 
159.95999903 -0.4989776 
159.99999903 -0.941496 
160.03999903 -0.941496 
160.07999903 -0.941496 
160.11999903 -0.941496 
160.15999903 -0.4989776 
160.27999903 -0.941496 
160.31999903 -0.941496 
160.35999903 -0.4989776 
160.51999902 -0.941496 
160.55999902 -0.941496 
160.59999902 -0.4989776 
160.71999902 -0.4989776 
160.75999902 -0.941496 
160.79999902 -0.941496 
160.83999902 -0.4989776 
160.95999902 -0.4989776 
160.99999902 -1.382488 
161.03999902 -0.4989776 
161.15999902 -0.4989776 
161.19999902 -0.4989776 
161.23999902 -0.4989776 
161.35999902 -0.4989776 
161.47999902 -0.941496 
161.51999902 -1.825007 
161.55999902 -0.941496 
161.99999902 -0.4989776 
162.11999901 -0.4989776 
162.15999901 -0.4989776 
162.27999901 -0.941496 
162.31999901 -2.708518 
162.39999901 -3.151036 
162.43999901 -8.896146 
162.47999901 -4.477065 
162.59999901 -1.825007 
162.63999901 -0.941496 
162.83999901 -4.477065 
162.87999901 -2.267525 
162.99999901 -1.825007 
163.11999901 -2.267525 
163.15999901 -0.4989776 
163.27999901 -2.267525 
163.31999901 -0.941496 
163.47999901 -0.4989776 
163.59999901 -0.4989776 
163.63999901 -0.941496 
163.759999 -0.4989776 
163.799999 -0.941496 
163.959999 -0.4989776 
163.999999 -0.4989776 
164.039999 -0.4989776 
164.079999 -0.4989776 
164.159999 -0.4989776 
164.199999 -0.4989776 
164.239999 -0.4989776 
164.279999 -0.4989776 
164.319999 -1.382488 
164.359999 -2.267525 
164.519999 -0.4989776 
164.639999 -0.4989776 
164.679999 -0.4989776 
164.839999 -0.4989776 
164.879999 -0.4989776 
164.999999 -3.151036 
165.039999 -0.941496 
166.51999899 -1.382488 
166.55999899 -0.941496 
168.15999898 -0.4989776 
168.51999898 -0.4989776 
168.55999898 -0.941496 
168.83999897 -0.941496 
168.95999897 -0.4989776 
168.99999897 -0.4989776 
169.03999897 -0.4989776 
169.11999897 -0.4989776 
169.31999897 -0.4989776 
169.35999897 -0.941496 
169.39999897 -0.941496 
169.43999897 -0.941496 
169.59999897 -0.4989776 
169.71999897 -0.4989776 
169.75999897 -0.941496 
169.79999897 -0.4989776 
169.87999897 -0.4989776 
169.91999897 -0.4989776 
169.99999897 -0.4989776 
170.03999897 -0.4989776 
170.07999897 -0.4989776 
170.11999897 -0.4989776 
170.15999897 -0.941496 
170.19999897 -0.941496 
170.43999896 -0.4989776 
170.47999896 -0.4989776 
170.59999896 -0.4989776 
170.63999896 -0.941496 
170.67999896 -0.4989776 
170.99999896 -0.4989776 
171.23999896 -0.4989776 
171.27999896 -0.4989776 
171.35999896 -0.4989776 
171.51999896 -0.4989776 
171.79999896 -0.4989776 
171.83999896 -0.4989776 
171.99999895 -0.4989776 
172.23999895 -0.4989776 
172.27999895 -0.4989776 
172.51999895 -0.4989776 
172.99999895 -0.4989776 
173.03999895 -0.4989776 
173.39999895 -0.4989776 
173.43999895 -0.4989776 
173.83999894 -0.4989776 
173.87999894 -0.4989776 
174.11999894 -0.4989776 
174.15999894 -0.4989776 
174.23999894 -0.4989776 
174.27999894 -0.941496 
174.59999894 -0.941496 
174.63999894 -0.4989776 
174.67999894 -0.4989776 
174.75999894 -0.4989776 
174.79999894 -0.4989776 
174.95999894 -0.4989776 
174.99999894 -0.941496 
175.03999894 -0.941496 
175.07999894 -0.941496 
175.11999894 -0.4989776 
175.31999893 -0.941496 
175.35999893 -0.4989776 
175.39999893 -0.4989776 
175.43999893 -0.941496 
175.47999893 -0.941496 
175.51999893 -0.941496 
175.55999893 -0.941496 
175.75999893 -0.4989776 
175.79999893 -0.941496 
175.83999893 -0.941496 
175.87999893 -0.4989776 
175.95999893 -0.4989776 
176.15999893 -0.941496 
176.19999893 -0.941496 
176.31999893 -0.4989776 
176.67999893 -0.4989776 
177.75999892 -4.034547 
177.91999892 -0.4989776 
178.03999892 -0.4989776 
179.31999891 -0.4989776 
179.87999891 -0.4989776 
179.91999891 -0.4989776 
180.3199989 -0.4989776 
180.3599989 -0.4989776 
180.7599989 -0.941496 
180.7999989 -1.382488 
180.9599989 -0.941496 
180.9999989 -0.4989776 
181.1199989 -0.941496 
181.1599989 -1.825007 
181.3599989 -0.4989776 
181.3999989 -0.4989776 
181.5199989 -0.4989776 
181.6399989 -0.4989776 
181.6799989 -0.941496 
181.7199989 -0.941496 
181.7599989 -0.941496 
181.87999889 -0.4989776 
181.91999889 -0.4989776 
181.99999889 -0.4989776 
182.27999889 -0.4989776 
182.31999889 -0.4989776 
182.35999889 -0.941496 
182.39999889 -0.4989776 
182.63999889 -0.941496 
182.67999889 -0.941496 
182.71999889 -0.4989776 
182.79999889 -0.4989776 
182.83999889 -0.4989776 
182.95999889 -0.4989776 
182.99999889 -0.4989776 
183.03999889 -0.4989776 
183.07999889 -0.941496 
183.11999889 -0.941496 
183.15999889 -0.4989776 
183.23999889 -0.4989776 
183.27999889 -0.941496 
183.31999889 -0.4989776 
183.47999888 -0.941496 
183.51999888 -0.941496 
183.55999888 -0.941496 
183.59999888 -0.4989776 
183.79999888 -0.4989776 
183.83999888 -0.4989776 
183.87999888 -0.4989776 
183.91999888 -0.941496 
183.95999888 -0.941496 
183.99999888 -0.941496 
184.03999888 -0.4989776 
184.07999888 -0.4989776 
184.15999888 -0.4989776 
184.19999888 -0.4989776 
184.23999888 -0.941496 
184.27999888 -0.941496 
184.43999888 -0.4989776 
184.47999888 -0.941496 
184.51999888 -0.941496 
184.59999888 -0.4989776 
184.63999888 -0.941496 
184.67999888 -0.941496 
184.71999888 -0.941496 
184.75999888 -0.4989776 
184.79999888 -0.4989776 
184.83999888 -0.4989776 
184.87999888 -0.941496 
184.91999888 -0.941496 
184.95999888 -0.4989776 
185.07999888 -0.941496 
185.11999887 -1.382488 
185.15999887 -0.941496 
185.19999887 -0.4989776 
185.23999887 -0.941496 
185.31999887 -0.4989776 
185.35999887 -0.941496 
185.39999887 -0.941496 
185.43999887 -0.941496 
185.47999887 -0.4989776 
185.51999887 -0.4989776 
185.55999887 -1.382488 
185.59999887 -0.941496 
185.63999887 -0.941496 
185.67999887 -0.4989776 
185.71999887 -0.4989776 
185.75999887 -0.4989776 
185.79999887 -0.4989776 
185.83999887 -0.941496 
185.87999887 -0.941496 
185.91999887 -0.4989776 
185.95999887 -2.708518 
185.99999887 -0.941496 
186.11999887 -0.941496 
186.15999887 -1.825007 
186.27999887 -0.4989776 
186.39999887 -0.941496 
186.43999887 -0.941496 
186.47999887 -0.941496 
186.51999887 -0.941496 
186.55999887 -0.941496 
186.67999887 -0.4989776 
186.71999887 -1.382488 
186.75999886 -2.267525 
186.79999886 -0.4989776 
186.91999886 -0.4989776 
186.95999886 -1.825007 
186.99999886 -0.941496 
187.03999886 -0.941496 
187.19999886 -0.941496 
187.23999886 -0.4989776 
187.31999886 -0.4989776 
187.35999886 -0.4989776 
187.39999886 -0.4989776 
187.55999886 -0.4989776 
187.59999886 -2.267525 
187.63999886 -0.941496 
187.83999886 -0.4989776 
187.87999886 -0.4989776 
187.95999886 -0.4989776 
187.99999886 -0.941496 
188.03999886 -0.4989776 
188.31999886 -0.4989776 
188.35999886 -0.4989776 
190.19999884 -3.593554 
190.31999884 -5.360576 
190.35999884 -7.129124 
190.39999884 -2.267525 
190.43999884 -0.941496 
190.47999884 -2.267525 
190.67999884 -1.825007 
190.83999884 -0.4989776 
190.99999884 -3.593554 
191.03999884 -1.825007 
191.15999884 -0.941496 
191.31999884 -1.382488 
191.35999884 -0.4989776 
191.51999884 -0.4989776 
191.63999884 -0.941496 
191.99999883 -0.4989776 
192.07999883 -0.4989776 
192.39999883 -0.941496 
192.43999883 -0.941496 
192.47999883 -1.382488 
192.51999883 -0.4989776 
192.75999883 -0.4989776 
194.07999882 -0.4989776 
194.35999882 -0.4989776 
195.27999881 -0.4989776 
195.59999881 -0.4989776 
195.63999881 -0.4989776 
195.67999881 -0.4989776 
195.91999881 -0.941496 
196.07999881 -0.4989776 
196.11999881 -0.4989776 
196.15999881 -0.4989776 
196.35999881 -0.4989776 
196.39999881 -0.4989776 
196.43999881 -0.4989776 
196.51999881 -0.4989776 
196.55999881 -0.941496 
196.59999881 -0.4989776 
196.7999988 -0.941496 
196.8399988 -1.825007 
196.8799988 -1.825007 
197.0799988 -1.382488 
197.1199988 -1.825007 
197.1599988 -0.941496 
197.3199988 -0.4989776 
197.3599988 -0.941496 
197.3999988 -0.4989776 
197.5599988 -0.4989776 
197.5999988 -0.4989776 
197.6399988 -0.4989776 
197.6799988 -0.941496 
197.7199988 -0.941496 
197.7599988 -0.4989776 
197.9999988 -0.4989776 
198.0399988 -0.941496 
198.1999988 -0.4989776 
198.47999879 -0.4989776 
198.51999879 -0.4989776 
198.87999879 -0.4989776 
199.07999879 -0.4989776 
199.11999879 -0.4989776 
199.27999879 -0.4989776 
199.31999879 -0.4989776 
199.71999879 -0.4989776 
200.03999878 -0.4989776 
0 0 
