0.0 -0.941496 
0.04 -0.4989776 
0.08 -0.4989776 
0.12 -0.4989776 
0.16 -0.941496 
0.2 -0.4989776 
0.24 -0.4989776 
0.28 -0.4989776 
0.32 -0.4989776 
0.36 -0.4989776 
0.4 -0.4989776 
0.44 -0.4989776 
0.48 -0.4989776 
2.55999998 -0.4989776 
2.67999998 -0.4989776 
2.71999998 -0.4989776 
2.75999998 -0.4989776 
2.79999998 -0.941496 
2.83999998 -0.941496 
2.87999998 -0.941496 
2.91999998 -0.941496 
2.95999998 -0.941496 
2.99999998 -0.941496 
3.03999998 -1.382488 
3.07999998 -0.941496 
3.11999998 -1.382488 
3.15999998 -1.382488 
3.19999998 -1.825007 
3.23999998 -1.825007 
3.27999998 -1.825007 
3.31999998 -1.825007 
3.35999998 -1.825007 
3.39999998 -2.267525 
3.43999998 -2.267525 
3.47999998 -2.267525 
3.51999998 -2.267525 
3.55999998 -2.267525 
3.59999998 -2.267525 
3.63999998 -2.267525 
3.67999998 -2.267525 
3.71999998 -2.708518 
3.75999998 -2.708518 
3.79999998 -2.708518 
3.83999998 -2.708518 
3.87999998 -2.708518 
3.91999998 -3.151036 
3.95999998 -3.151036 
3.99999998 -2.708518 
4.03999998 -2.708518 
4.07999998 -3.151036 
4.11999997 -2.708518 
4.15999997 -3.151036 
4.19999997 -3.151036 
4.23999997 -3.151036 
4.27999997 -3.151036 
4.31999997 -3.593554 
4.35999997 -3.151036 
4.39999997 -3.593554 
4.43999997 -3.593554 
4.47999997 -3.151036 
4.51999997 -3.151036 
4.55999997 -3.593554 
4.59999997 -3.593554 
4.63999997 -3.151036 
4.67999997 -3.151036 
4.71999997 -3.593554 
4.75999997 -3.151036 
4.79999997 -3.151036 
4.83999997 -3.151036 
4.87999997 -2.708518 
4.91999997 -3.151036 
4.95999997 -3.151036 
4.99999997 -3.151036 
5.03999997 -2.708518 
5.07999997 -2.708518 
5.11999997 -3.151036 
5.15999997 -2.708518 
5.19999997 -2.267525 
5.23999997 -2.267525 
5.27999997 -2.708518 
5.31999997 -2.267525 
5.35999997 -2.267525 
5.39999997 -2.267525 
5.43999997 -2.267525 
5.47999997 -2.267525 
5.51999997 -2.267525 
5.55999997 -2.267525 
5.59999997 -1.825007 
5.63999997 -1.825007 
5.67999997 -1.825007 
5.71999997 -1.825007 
5.75999996 -1.825007 
5.79999996 -1.382488 
5.83999996 -1.382488 
5.87999996 -1.382488 
5.91999996 -1.382488 
5.95999996 -0.941496 
5.99999996 -0.941496 
6.03999996 -0.941496 
6.07999996 -0.941496 
6.11999996 -0.941496 
6.15999996 -1.382488 
6.19999996 -0.4989776 
6.23999996 -0.4989776 
6.27999996 -0.4989776 
6.31999996 -0.941496 
6.35999996 -0.4989776 
6.39999996 -0.4989776 
6.43999996 -0.4989776 
6.55999996 -0.4989776 
9.23999994 -0.4989776 
9.31999994 -0.4989776 
9.35999994 -0.4989776 
9.39999994 -0.4989776 
9.43999994 -0.4989776 
9.47999994 -0.4989776 
9.51999994 -0.4989776 
9.55999994 -0.4989776 
9.59999994 -0.4989776 
9.63999994 -0.4989776 
9.67999994 -0.4989776 
9.71999994 -0.4989776 
9.79999994 -0.4989776 
9.83999994 -0.4989776 
9.87999994 -0.4989776 
9.91999994 -0.941496 
9.95999994 -0.4989776 
9.99999994 -0.941496 
10.03999994 -0.4989776 
10.07999994 -0.4989776 
10.11999994 -0.4989776 
10.15999994 -0.4989776 
10.19999994 -0.941496 
10.23999994 -0.941496 
10.27999994 -0.4989776 
10.31999994 -0.4989776 
10.35999994 -0.4989776 
10.39999994 -0.941496 
10.43999994 -0.4989776 
10.47999994 -0.4989776 
10.51999994 -0.4989776 
10.55999994 -0.4989776 
10.59999994 -0.941496 
10.63999994 -0.4989776 
10.67999994 -0.4989776 
10.71999993 -0.4989776 
10.75999993 -0.4989776 
10.79999993 -0.4989776 
10.83999993 -0.4989776 
10.87999993 -0.4989776 
14.67999991 -0.4989776 
14.71999991 -0.941496 
14.75999991 -0.941496 
14.83999991 -0.4989776 
14.87999991 -0.941496 
14.91999991 -0.941496 
14.95999991 -0.941496 
14.99999991 -0.941496 
15.03999991 -0.941496 
15.07999991 -0.941496 
15.11999991 -1.825007 
15.15999991 -1.825007 
15.19999991 -1.825007 
15.23999991 -1.825007 
15.27999991 -1.825007 
15.31999991 -1.825007 
15.35999991 -1.825007 
15.39999991 -1.825007 
15.43999991 -2.267525 
15.47999991 -2.267525 
15.51999991 -2.267525 
15.55999991 -2.267525 
15.59999991 -2.267525 
15.6399999 -2.708518 
15.6799999 -2.708518 
15.7199999 -2.708518 
15.7599999 -2.708518 
15.7999999 -2.708518 
15.8399999 -2.708518 
15.8799999 -2.708518 
15.9199999 -2.708518 
15.9599999 -3.151036 
15.9999999 -3.593554 
16.0399999 -2.708518 
16.0799999 -1.825007 
16.1199999 -2.708518 
16.1599999 -3.593554 
16.1999999 -2.708518 
16.2399999 -2.267525 
16.2799999 -2.708518 
16.3199999 -2.708518 
16.3599999 -2.267525 
16.3999999 -2.267525 
16.4399999 -1.825007 
16.4799999 -2.267525 
16.5199999 -3.593554 
16.5599999 -3.151036 
16.5999999 -1.825007 
16.6399999 -1.825007 
16.6799999 -2.267525 
16.7199999 -1.825007 
16.7599999 -1.382488 
16.7999999 -2.267525 
16.8399999 -2.267525 
16.8799999 -0.941496 
16.9199999 -1.825007 
16.9599999 -1.825007 
16.9999999 -1.825007 
17.0399999 -1.382488 
17.0799999 -0.941496 
17.1199999 -0.941496 
17.1599999 -0.941496 
17.1999999 -0.941496 
17.2399999 -0.4989776 
17.27999989 -0.4989776 
17.31999989 -0.941496 
17.35999989 -0.4989776 
17.51999989 -0.4989776 
25.59999984 -0.4989776 
25.63999984 -0.4989776 
25.67999984 -0.4989776 
25.71999984 -0.4989776 
25.75999984 -0.4989776 
25.79999984 -0.4989776 
25.83999984 -0.4989776 
25.87999984 -0.4989776 
25.91999984 -0.941496 
25.95999984 -0.941496 
25.99999984 -0.941496 
26.03999984 -0.941496 
26.07999984 -0.941496 
26.11999984 -0.941496 
26.15999984 -0.941496 
26.19999984 -0.941496 
26.23999984 -0.941496 
26.27999984 -0.941496 
26.31999984 -0.941496 
26.35999984 -0.941496 
26.39999984 -0.941496 
26.43999984 -1.382488 
26.47999984 -0.941496 
26.51999984 -0.941496 
26.55999984 -1.382488 
26.59999984 -0.941496 
26.63999984 -0.941496 
26.67999984 -1.382488 
26.71999984 -1.825007 
26.75999984 -0.941496 
26.79999984 -1.825007 
26.83999984 -1.382488 
26.87999984 -0.941496 
26.91999984 -1.825007 
26.95999984 -1.825007 
26.99999984 -1.825007 
27.03999984 -1.825007 
27.07999984 -1.382488 
27.11999984 -1.382488 
27.15999983 -1.382488 
27.19999983 -1.825007 
27.23999983 -1.825007 
27.27999983 -1.382488 
27.31999983 -1.825007 
27.35999983 -1.825007 
27.39999983 -1.825007 
27.43999983 -0.941496 
27.47999983 -2.267525 
27.51999983 -2.267525 
27.55999983 -0.941496 
27.59999983 -0.941496 
27.63999983 -0.941496 
27.67999983 -1.382488 
27.71999983 -1.825007 
27.75999983 -0.941496 
27.79999983 -0.941496 
27.83999983 -0.941496 
27.87999983 -0.941496 
27.91999983 -0.941496 
27.95999983 -0.941496 
27.99999983 -0.941496 
28.03999983 -0.941496 
28.07999983 -0.941496 
28.11999983 -0.941496 
28.15999983 -0.941496 
28.19999983 -0.941496 
28.23999983 -0.941496 
28.27999983 -0.941496 
28.31999983 -0.941496 
28.35999983 -0.941496 
28.39999983 -0.941496 
28.43999983 -0.4989776 
28.47999983 -0.4989776 
28.51999983 -0.4989776 
28.55999983 -0.4989776 
28.59999983 -0.4989776 
28.63999983 -0.4989776 
28.67999983 -0.4989776 
28.71999983 -0.4989776 
28.79999982 -0.4989776 
28.87999982 -0.4989776 
28.91999982 -0.4989776 
29.79999982 -0.4989776 
29.83999982 -0.4989776 
30.03999982 -0.4989776 
30.07999982 -0.4989776 
30.11999982 -0.4989776 
30.15999982 -0.4989776 
30.19999982 -0.4989776 
30.23999982 -0.4989776 
30.27999982 -0.941496 
30.31999982 -0.941496 
30.35999982 -0.941496 
30.39999982 -0.941496 
30.43999982 -0.941496 
30.47999981 -0.941496 
30.51999981 -1.382488 
30.55999981 -0.941496 
30.59999981 -1.382488 
30.63999981 -1.382488 
30.67999981 -1.382488 
30.71999981 -1.825007 
30.75999981 -1.825007 
30.79999981 -1.825007 
30.83999981 -1.825007 
30.87999981 -1.825007 
30.91999981 -2.267525 
30.95999981 -2.267525 
30.99999981 -2.267525 
31.03999981 -2.267525 
31.07999981 -2.267525 
31.11999981 -2.267525 
31.15999981 -2.267525 
31.19999981 -2.708518 
31.23999981 -2.708518 
31.27999981 -2.708518 
31.31999981 -2.708518 
31.35999981 -3.151036 
31.39999981 -3.151036 
31.43999981 -3.593554 
31.47999981 -3.151036 
31.51999981 -3.593554 
31.55999981 -3.593554 
31.59999981 -3.593554 
31.63999981 -3.593554 
31.67999981 -3.593554 
31.71999981 -3.593554 
31.75999981 -3.151036 
31.79999981 -3.593554 
31.83999981 -3.593554 
31.87999981 -3.593554 
31.91999981 -3.593554 
31.95999981 -3.593554 
31.99999981 -3.593554 
32.03999981 -3.593554 
32.07999981 -3.593554 
32.1199998 -3.593554 
32.1599998 -3.151036 
32.1999998 -3.593554 
32.2399998 -3.593554 
32.2799998 -3.593554 
32.3199998 -3.151036 
32.3599998 -3.151036 
32.3999998 -3.151036 
32.4399998 -3.151036 
32.4799998 -3.151036 
32.5199998 -2.708518 
32.5599998 -2.267525 
32.5999998 -2.708518 
32.6399998 -2.708518 
32.6799998 -2.267525 
32.7199998 -2.267525 
32.7599998 -2.267525 
32.7999998 -2.267525 
32.8399998 -1.825007 
32.8799998 -1.825007 
32.9199998 -1.825007 
32.9599998 -1.825007 
32.9999998 -1.382488 
33.0399998 -0.941496 
33.0799998 -0.941496 
33.1199998 -0.941496 
33.1599998 -0.941496 
33.1999998 -0.941496 
33.2399998 -0.4989776 
33.2799998 -0.4989776 
33.3199998 -0.4989776 
33.3599998 -0.4989776 
36.79999978 -0.4989776 
36.91999978 -0.4989776 
36.95999978 -0.4989776 
36.99999978 -0.4989776 
37.03999977 -0.4989776 
37.07999977 -0.941496 
37.11999977 -0.941496 
37.15999977 -0.941496 
37.19999977 -0.941496 
37.23999977 -0.941496 
37.27999977 -0.941496 
37.31999977 -1.382488 
37.35999977 -0.941496 
37.39999977 -0.941496 
37.43999977 -0.941496 
37.47999977 -0.941496 
37.51999977 -1.825007 
37.55999977 -1.825007 
37.59999977 -0.941496 
37.63999977 -1.825007 
37.67999977 -1.382488 
37.71999977 -0.941496 
37.75999977 -1.382488 
37.79999977 -1.825007 
37.83999977 -1.825007 
37.87999977 -1.382488 
37.91999977 -1.382488 
37.95999977 -1.825007 
37.99999977 -2.267525 
38.03999977 -1.825007 
38.07999977 -0.941496 
38.11999977 -1.825007 
38.15999977 -1.825007 
38.19999977 -1.382488 
38.23999977 -1.382488 
38.27999977 -1.825007 
38.31999977 -1.825007 
38.35999977 -1.825007 
38.39999977 -1.825007 
38.43999977 -1.382488 
38.47999977 -1.382488 
38.51999977 -1.382488 
38.55999977 -1.825007 
38.59999977 -1.382488 
38.63999977 -1.382488 
38.67999976 -0.941496 
38.71999976 -1.382488 
38.75999976 -1.382488 
38.79999976 -0.941496 
38.83999976 -0.941496 
38.87999976 -0.941496 
38.91999976 -0.941496 
38.95999976 -0.941496 
38.99999976 -0.941496 
39.03999976 -0.941496 
39.07999976 -0.941496 
39.11999976 -0.941496 
39.15999976 -0.941496 
39.19999976 -0.941496 
39.23999976 -0.941496 
39.27999976 -0.941496 
39.31999976 -0.941496 
39.35999976 -0.941496 
39.39999976 -0.941496 
39.43999976 -0.941496 
39.47999976 -0.941496 
39.51999976 -0.4989776 
39.55999976 -0.941496 
39.59999976 -0.941496 
39.63999976 -0.4989776 
39.67999976 -0.4989776 
39.71999976 -0.4989776 
39.75999976 -0.4989776 
39.79999976 -0.4989776 
39.83999976 -0.4989776 
39.87999976 -0.4989776 
39.91999976 -0.4989776 
39.95999976 -0.4989776 
39.99999976 -0.4989776 
40.03999976 -0.4989776 
40.07999976 -0.4989776 
40.11999976 -0.4989776 
40.15999976 -0.4989776 
40.19999976 -0.4989776 
40.23999976 -0.4989776 
40.27999976 -0.4989776 
40.31999975 -0.4989776 
40.39999975 -0.4989776 
40.43999975 -0.4989776 
40.47999975 -0.4989776 
40.55999975 -0.4989776 
40.59999975 -0.4989776 
40.63999975 -0.4989776 
40.67999975 -0.4989776 
40.71999975 -0.4989776 
40.75999975 -0.4989776 
40.79999975 -0.4989776 
40.87999975 -0.4989776 
40.91999975 -0.4989776 
40.95999975 -0.4989776 
40.99999975 -0.4989776 
41.03999975 -0.941496 
41.07999975 -0.4989776 
41.11999975 -0.4989776 
41.15999975 -0.941496 
41.19999975 -0.941496 
41.23999975 -0.4989776 
41.27999975 -0.941496 
41.31999975 -0.941496 
41.35999975 -0.941496 
41.39999975 -0.941496 
41.43999975 -0.941496 
41.47999975 -0.941496 
41.51999975 -0.941496 
41.55999975 -0.941496 
41.59999975 -0.941496 
41.63999975 -0.941496 
41.67999975 -0.941496 
41.71999975 -0.941496 
41.75999975 -0.941496 
41.79999975 -1.382488 
41.83999975 -0.941496 
41.87999975 -1.382488 
41.91999975 -1.382488 
41.95999974 -0.941496 
41.99999974 -1.825007 
42.03999974 -1.825007 
42.07999974 -1.825007 
42.11999974 -1.825007 
42.15999974 -0.941496 
42.19999974 -1.825007 
42.23999974 -1.825007 
42.27999974 -2.267525 
42.31999974 -1.825007 
42.35999974 -0.941496 
42.39999974 -1.825007 
42.43999974 -2.267525 
42.47999974 -1.825007 
42.51999974 -1.825007 
42.55999974 -2.267525 
42.59999974 -1.825007 
42.63999974 -1.825007 
42.67999974 -1.825007 
42.71999974 -1.825007 
42.75999974 -2.267525 
42.79999974 -3.593554 
42.83999974 -2.267525 
42.87999974 -1.382488 
42.91999974 -1.825007 
42.95999974 -2.267525 
42.99999974 -1.825007 
43.03999974 -1.825007 
43.07999974 -3.151036 
43.11999974 -2.267525 
43.15999974 -1.382488 
43.19999974 -1.382488 
43.23999974 -2.267525 
43.27999974 -2.267525 
43.31999974 -1.825007 
43.35999974 -1.825007 
43.39999974 -1.825007 
43.43999974 -1.825007 
43.47999974 -1.825007 
43.51999974 -1.825007 
43.55999974 -1.825007 
43.59999974 -1.825007 
43.63999973 -1.825007 
43.67999973 -1.382488 
43.71999973 -1.382488 
43.75999973 -1.825007 
43.79999973 -1.825007 
43.83999973 -1.382488 
43.87999973 -0.941496 
43.91999973 -1.382488 
43.95999973 -0.941496 
43.99999973 -1.382488 
44.03999973 -0.941496 
44.07999973 -0.941496 
44.11999973 -0.941496 
44.15999973 -0.941496 
44.19999973 -0.4989776 
44.23999973 -0.4989776 
44.27999973 -0.4989776 
44.31999973 -0.4989776 
44.35999973 -0.4989776 
44.39999973 -0.4989776 
48.6799997 -0.4989776 
48.7999997 -0.4989776 
48.8399997 -0.4989776 
48.8799997 -0.941496 
48.9199997 -0.941496 
48.9599997 -0.4989776 
48.9999997 -0.4989776 
49.0399997 -0.941496 
49.0799997 -0.4989776 
49.1199997 -0.4989776 
49.1599997 -0.941496 
49.1999997 -0.941496 
49.2399997 -0.941496 
49.2799997 -0.941496 
49.3199997 -0.941496 
49.3599997 -0.941496 
49.3999997 -0.4989776 
49.4399997 -0.941496 
49.4799997 -0.941496 
49.5199997 -0.941496 
49.5599997 -0.941496 
49.5999997 -0.4989776 
49.6399997 -0.941496 
49.6799997 -0.4989776 
49.7199997 -0.4989776 
49.7599997 -0.4989776 
49.7999997 -0.4989776 
49.8399997 -0.4989776 
49.8799997 -0.4989776 
49.9199997 -0.4989776 
49.9599997 -0.4989776 
49.9999997 -0.4989776 
50.0399997 -0.4989776 
52.79999968 -0.4989776 
52.83999968 -0.4989776 
52.87999968 -0.4989776 
52.91999968 -0.4989776 
52.95999968 -0.4989776 
52.99999968 -0.4989776 
53.03999968 -0.4989776 
53.07999968 -0.941496 
53.11999968 -0.941496 
53.15999968 -0.941496 
53.19999968 -0.941496 
53.23999968 -0.941496 
53.27999968 -0.941496 
53.31999968 -0.941496 
53.35999968 -0.941496 
53.39999968 -0.941496 
53.43999968 -0.941496 
53.47999967 -1.825007 
53.51999967 -1.382488 
53.55999967 -1.825007 
53.59999967 -0.4989776 
53.63999967 -0.941496 
53.67999967 -0.941496 
53.71999967 -0.941496 
53.75999967 -1.382488 
53.79999967 -1.382488 
53.83999967 -1.825007 
53.87999967 -1.825007 
53.91999967 -1.825007 
53.95999967 -1.382488 
53.99999967 -1.382488 
54.03999967 -0.941496 
54.07999967 -1.825007 
54.11999967 -1.825007 
54.15999967 -1.825007 
54.19999967 -1.825007 
54.23999967 -1.825007 
54.27999967 -1.825007 
54.31999967 -1.825007 
54.35999967 -1.825007 
54.39999967 -1.825007 
54.43999967 -1.825007 
54.47999967 -1.825007 
54.51999967 -1.825007 
54.55999967 -1.825007 
54.59999967 -1.825007 
54.63999967 -2.267525 
54.67999967 -1.825007 
54.71999967 -1.825007 
54.75999967 -1.825007 
54.79999967 -1.825007 
54.83999967 -1.825007 
54.87999967 -1.825007 
54.91999967 -1.825007 
54.95999967 -1.825007 
54.99999967 -1.825007 
55.03999967 -1.825007 
55.07999967 -1.825007 
55.11999967 -1.825007 
55.15999966 -0.941496 
55.19999966 -1.825007 
55.23999966 -1.382488 
55.27999966 -1.825007 
55.31999966 -1.825007 
55.35999966 -1.382488 
55.39999966 -0.941496 
55.43999966 -0.941496 
55.47999966 -1.382488 
55.51999966 -0.941496 
55.55999966 -0.941496 
55.59999966 -0.941496 
55.63999966 -0.941496 
55.67999966 -0.941496 
55.71999966 -0.941496 
55.75999966 -0.941496 
55.79999966 -0.941496 
55.83999966 -0.941496 
55.87999966 -0.941496 
55.91999966 -0.4989776 
55.95999966 -0.941496 
55.99999966 -0.941496 
56.03999966 -0.4989776 
56.07999966 -0.4989776 
56.11999966 -0.4989776 
56.15999966 -0.4989776 
56.19999966 -0.4989776 
56.23999966 -0.4989776 
56.27999966 -0.4989776 
56.31999966 -0.4989776 
56.47999966 -0.4989776 
63.51999961 -0.4989776 
63.55999961 -0.4989776 
63.59999961 -0.4989776 
63.63999961 -0.4989776 
63.67999961 -0.941496 
63.71999961 -0.941496 
63.75999961 -0.941496 
63.79999961 -0.941496 
63.83999961 -0.941496 
63.87999961 -0.941496 
63.91999961 -0.941496 
63.95999961 -0.941496 
63.99999961 -1.825007 
64.03999961 -1.825007 
64.07999961 -1.382488 
64.11999961 -1.825007 
64.15999961 -1.825007 
64.19999961 -1.825007 
64.23999961 -1.825007 
64.27999961 -1.825007 
64.31999961 -1.825007 
64.35999961 -1.825007 
64.39999961 -2.267525 
64.43999961 -2.267525 
64.47999961 -2.267525 
64.51999961 -2.267525 
64.55999961 -2.267525 
64.59999961 -2.708518 
64.63999961 -2.708518 
64.67999961 -2.708518 
64.71999961 -2.708518 
64.75999961 -3.151036 
64.79999961 -2.708518 
64.83999961 -3.151036 
64.87999961 -3.151036 
64.91999961 -3.151036 
64.95999961 -3.151036 
64.9999996 -3.593554 
65.0399996 -3.151036 
65.0799996 -3.151036 
65.1199996 -3.593554 
65.1599996 -3.593554 
65.1999996 -3.151036 
65.2399996 -3.593554 
65.2799996 -3.593554 
65.3199996 -3.593554 
65.3599996 -3.151036 
65.3999996 -3.593554 
65.4399996 -3.593554 
65.4799996 -3.593554 
65.5199996 -3.593554 
65.5599996 -3.593554 
65.5999996 -3.151036 
65.6399996 -3.151036 
65.6799996 -3.151036 
65.7199996 -3.151036 
65.7599996 -3.593554 
65.7999996 -3.151036 
65.8399996 -3.151036 
65.8799996 -3.151036 
65.9199996 -2.708518 
65.9599996 -3.593554 
65.9999996 -2.708518 
66.0399996 -2.708518 
66.0799996 -2.708518 
66.1199996 -3.151036 
66.1599996 -2.708518 
66.1999996 -2.708518 
66.2399996 -2.708518 
66.2799996 -2.267525 
66.3199996 -2.708518 
66.3599996 -2.708518 
66.3999996 -2.267525 
66.4399996 -2.267525 
66.4799996 -2.267525 
66.5199996 -2.267525 
66.5599996 -2.267525 
66.5999996 -1.825007 
66.63999959 -2.267525 
66.67999959 -1.825007 
66.71999959 -1.825007 
66.75999959 -1.825007 
66.79999959 -1.825007 
66.83999959 -1.825007 
66.87999959 -1.382488 
66.91999959 -2.267525 
66.95999959 -0.941496 
66.99999959 -1.382488 
67.03999959 -0.941496 
67.07999959 -0.941496 
67.11999959 -0.941496 
67.15999959 -0.941496 
67.19999959 -0.941496 
67.23999959 -0.941496 
67.27999959 -0.4989776 
67.31999959 -0.941496 
67.35999959 -0.4989776 
67.39999959 -0.4989776 
67.47999959 -0.4989776 
67.55999959 -0.4989776 
68.27999959 -0.4989776 
68.79999958 -0.4989776 
76.31999954 -0.4989776 
76.43999954 -0.4989776 
76.55999953 -0.4989776 
76.79999953 -0.4989776 
76.83999953 -0.4989776 
79.95999951 -0.4989776 
80.11999951 -0.4989776 
80.15999951 -0.4989776 
80.19999951 -0.4989776 
80.23999951 -0.4989776 
80.27999951 -0.4989776 
80.31999951 -0.4989776 
80.35999951 -0.4989776 
80.39999951 -0.4989776 
80.43999951 -0.941496 
80.47999951 -0.941496 
80.51999951 -0.941496 
80.55999951 -0.941496 
80.59999951 -0.941496 
80.63999951 -0.941496 
80.67999951 -0.941496 
80.71999951 -0.941496 
80.75999951 -0.941496 
80.79999951 -1.382488 
80.83999951 -1.382488 
80.87999951 -1.825007 
80.91999951 -1.382488 
80.95999951 -1.382488 
80.99999951 -0.941496 
81.03999951 -1.825007 
81.07999951 -1.825007 
81.11999951 -1.382488 
81.15999951 -1.825007 
81.19999951 -1.825007 
81.23999951 -1.825007 
81.27999951 -1.825007 
81.31999951 -1.825007 
81.35999951 -1.825007 
81.39999951 -1.825007 
81.43999951 -1.825007 
81.4799995 -1.825007 
81.5199995 -1.825007 
81.5599995 -1.825007 
81.5999995 -1.825007 
81.6399995 -1.825007 
81.6799995 -1.825007 
81.7199995 -1.825007 
81.7599995 -1.825007 
81.7999995 -1.825007 
81.8399995 -1.825007 
81.8799995 -1.825007 
81.9199995 -1.825007 
81.9599995 -1.382488 
81.9999995 -1.382488 
82.0399995 -1.382488 
82.0799995 -0.941496 
82.1199995 -0.941496 
82.1599995 -0.941496 
82.1999995 -0.941496 
82.2399995 -0.941496 
82.2799995 -0.941496 
82.3199995 -0.941496 
82.3599995 -0.941496 
82.3999995 -0.941496 
82.4399995 -0.941496 
82.4799995 -0.941496 
82.5199995 -0.4989776 
82.5599995 -0.4989776 
82.5999995 -0.4989776 
86.07999948 -0.4989776 
86.11999948 -0.4989776 
86.15999948 -0.4989776 
86.19999948 -0.4989776 
86.23999948 -0.4989776 
86.27999948 -0.941496 
86.31999948 -0.941496 
86.35999948 -0.941496 
86.39999947 -0.941496 
86.43999947 -0.941496 
86.47999947 -0.941496 
86.51999947 -0.941496 
86.55999947 -0.941496 
86.59999947 -0.941496 
86.63999947 -1.382488 
86.67999947 -0.941496 
86.71999947 -1.382488 
86.75999947 -1.825007 
86.79999947 -1.825007 
86.83999947 -1.825007 
86.87999947 -1.825007 
86.91999947 -1.382488 
86.95999947 -1.825007 
86.99999947 -1.825007 
87.03999947 -1.382488 
87.07999947 -1.382488 
87.11999947 -1.825007 
87.15999947 -1.825007 
87.19999947 -1.825007 
87.23999947 -1.825007 
87.27999947 -1.382488 
87.31999947 -1.825007 
87.35999947 -1.382488 
87.39999947 -1.382488 
87.43999947 -1.382488 
87.47999947 -1.382488 
87.51999947 -1.382488 
87.55999947 -1.382488 
87.59999947 -1.382488 
87.63999947 -1.382488 
87.67999947 -1.825007 
87.71999947 -0.941496 
87.75999947 -1.382488 
87.79999947 -1.382488 
87.83999947 -0.941496 
87.87999947 -0.941496 
87.91999947 -0.941496 
87.95999947 -1.382488 
87.99999947 -0.941496 
88.03999946 -1.382488 
88.07999946 -0.941496 
88.11999946 -0.941496 
88.15999946 -0.941496 
88.19999946 -0.941496 
88.23999946 -1.382488 
88.27999946 -0.941496 
88.31999946 -0.941496 
88.35999946 -0.941496 
88.39999946 -0.941496 
88.43999946 -0.941496 
88.47999946 -0.941496 
88.51999946 -1.382488 
88.55999946 -0.941496 
88.59999946 -0.941496 
88.63999946 -0.941496 
88.67999946 -0.941496 
88.71999946 -0.941496 
88.75999946 -0.941496 
88.79999946 -0.941496 
88.83999946 -0.941496 
88.87999946 -0.941496 
88.91999946 -1.382488 
88.95999946 -0.941496 
88.99999946 -0.941496 
89.03999946 -1.382488 
89.07999946 -0.941496 
89.11999946 -0.941496 
89.15999946 -0.941496 
89.19999946 -0.941496 
89.23999946 -1.382488 
89.27999946 -1.825007 
89.31999946 -0.941496 
89.35999946 -1.825007 
89.39999946 -1.382488 
89.43999946 -1.382488 
89.47999946 -1.382488 
89.51999946 -1.825007 
89.55999946 -1.825007 
89.59999946 -1.825007 
89.63999946 -1.825007 
89.67999945 -1.382488 
89.71999945 -1.825007 
89.75999945 -1.825007 
89.79999945 -1.825007 
89.83999945 -1.382488 
89.87999945 -1.825007 
89.91999945 -1.825007 
89.95999945 -1.825007 
89.99999945 -2.267525 
90.03999945 -1.825007 
90.07999945 -1.825007 
90.11999945 -2.267525 
90.15999945 -1.825007 
90.19999945 -1.825007 
90.23999945 -2.267525 
90.27999945 -2.267525 
90.31999945 -1.825007 
90.35999945 -1.825007 
90.39999945 -2.267525 
90.43999945 -2.267525 
90.47999945 -2.267525 
90.51999945 -2.267525 
90.55999945 -2.267525 
90.59999945 -2.267525 
90.63999945 -2.267525 
90.67999945 -2.267525 
90.71999945 -2.267525 
90.75999945 -2.267525 
90.79999945 -2.267525 
90.83999945 -2.708518 
90.87999945 -2.267525 
90.91999945 -2.267525 
90.95999945 -2.267525 
90.99999945 -2.708518 
91.03999945 -2.708518 
91.07999945 -2.267525 
91.11999945 -2.267525 
91.15999945 -2.267525 
91.19999945 -2.267525 
91.23999945 -2.267525 
91.27999945 -2.708518 
91.31999945 -3.151036 
91.35999944 -2.708518 
91.39999944 -3.151036 
91.43999944 -2.708518 
91.47999944 -2.708518 
91.51999944 -2.708518 
91.55999944 -2.708518 
91.59999944 -2.708518 
91.63999944 -2.708518 
91.67999944 -2.708518 
91.71999944 -2.708518 
91.75999944 -3.151036 
91.79999944 -2.708518 
91.83999944 -2.708518 
91.87999944 -2.708518 
91.91999944 -2.708518 
91.95999944 -2.708518 
91.99999944 -2.708518 
92.03999944 -3.151036 
92.07999944 -2.708518 
92.11999944 -2.267525 
92.15999944 -2.708518 
92.19999944 -2.708518 
92.23999944 -2.267525 
92.27999944 -2.267525 
92.31999944 -2.708518 
92.35999944 -2.708518 
92.39999944 -2.708518 
92.43999944 -2.267525 
92.47999944 -2.267525 
92.51999944 -2.267525 
92.55999944 -2.267525 
92.59999944 -1.825007 
92.63999944 -1.825007 
92.67999944 -2.267525 
92.71999944 -2.267525 
92.75999944 -1.825007 
92.79999944 -1.825007 
92.83999944 -1.825007 
92.87999944 -1.825007 
92.91999944 -1.825007 
92.95999944 -1.825007 
92.99999943 -1.825007 
93.03999943 -0.941496 
93.07999943 -1.825007 
93.11999943 -0.941496 
93.15999943 -1.382488 
93.19999943 -1.382488 
93.23999943 -1.382488 
93.27999943 -0.941496 
93.31999943 -0.941496 
93.35999943 -0.941496 
93.39999943 -0.941496 
93.43999943 -0.4989776 
93.47999943 -0.4989776 
93.51999943 -0.4989776 
93.55999943 -0.4989776 
93.59999943 -0.4989776 
93.63999943 -0.4989776 
97.39999941 -0.4989776 
97.43999941 -0.4989776 
97.47999941 -0.4989776 
97.51999941 -0.4989776 
97.55999941 -0.4989776 
97.59999941 -0.941496 
97.63999941 -0.941496 
97.67999941 -0.941496 
97.71999941 -0.941496 
97.75999941 -0.941496 
97.79999941 -0.941496 
97.83999941 -0.941496 
97.87999941 -0.941496 
97.9199994 -0.941496 
97.9599994 -1.382488 
97.9999994 -1.825007 
98.0399994 -1.382488 
98.0799994 -1.825007 
98.1199994 -1.825007 
98.1599994 -1.825007 
98.1999994 -1.825007 
98.2399994 -1.825007 
98.2799994 -1.825007 
98.3199994 -1.825007 
98.3599994 -1.825007 
98.3999994 -1.825007 
98.4399994 -1.825007 
98.4799994 -1.825007 
98.5199994 -1.825007 
98.5599994 -1.825007 
98.5999994 -1.825007 
98.6399994 -1.825007 
98.6799994 -1.825007 
98.7199994 -1.825007 
98.7599994 -1.825007 
98.7999994 -1.825007 
98.8399994 -1.825007 
98.8799994 -1.825007 
98.9199994 -0.941496 
98.9599994 -0.941496 
98.9999994 -0.941496 
99.0399994 -0.941496 
99.0799994 -0.941496 
99.1199994 -0.941496 
99.1599994 -0.941496 
99.1999994 -0.941496 
99.2399994 -0.941496 
99.2799994 -0.4989776 
99.3199994 -0.941496 
99.3599994 -0.4989776 
99.3999994 -0.4989776 
102.31999938 -0.4989776 
102.39999938 -0.4989776 
102.43999938 -0.4989776 
102.47999938 -0.4989776 
102.51999938 -0.4989776 
102.55999938 -0.4989776 
102.59999938 -0.941496 
102.63999938 -0.4989776 
102.67999938 -0.941496 
102.71999938 -0.941496 
102.75999938 -0.941496 
102.79999938 -0.941496 
102.83999937 -1.825007 
102.87999937 -1.382488 
102.91999937 -1.382488 
102.95999937 -1.825007 
102.99999937 -1.825007 
103.03999937 -1.825007 
103.07999937 -1.825007 
103.11999937 -1.825007 
103.15999937 -1.825007 
103.19999937 -1.825007 
103.23999937 -1.825007 
103.27999937 -1.825007 
103.31999937 -2.267525 
103.35999937 -2.267525 
103.39999937 -2.267525 
103.43999937 -2.267525 
103.47999937 -2.267525 
103.51999937 -2.267525 
103.55999937 -2.267525 
103.59999937 -2.267525 
103.63999937 -2.708518 
103.67999937 -2.267525 
103.71999937 -2.708518 
103.75999937 -2.708518 
103.79999937 -2.708518 
103.83999937 -2.708518 
103.87999937 -2.708518 
103.91999937 -2.708518 
103.95999937 -2.708518 
103.99999937 -2.267525 
104.03999937 -2.708518 
104.07999937 -2.708518 
104.11999937 -2.708518 
104.15999937 -2.267525 
104.19999937 -2.708518 
104.23999937 -2.708518 
104.27999937 -2.708518 
104.31999937 -2.267525 
104.35999937 -2.267525 
104.39999937 -2.267525 
104.43999937 -2.267525 
104.47999937 -2.267525 
104.51999936 -1.825007 
104.55999936 -1.825007 
104.59999936 -2.267525 
104.63999936 -1.825007 
104.67999936 -2.267525 
104.71999936 -1.825007 
104.75999936 -1.825007 
104.79999936 -1.825007 
104.83999936 -1.825007 
104.87999936 -1.382488 
104.91999936 -1.382488 
104.95999936 -1.382488 
104.99999936 -1.382488 
105.03999936 -0.941496 
105.07999936 -0.941496 
105.11999936 -0.941496 
105.15999936 -0.941496 
105.19999936 -0.941496 
105.23999936 -0.941496 
105.27999936 -0.4989776 
105.31999936 -0.941496 
105.35999936 -0.941496 
105.39999936 -0.4989776 
105.47999936 -0.4989776 
105.51999936 -0.4989776 
113.11999931 -0.4989776 
113.15999931 -0.941496 
113.19999931 -0.4989776 
113.23999931 -0.4989776 
113.27999931 -0.4989776 
113.31999931 -0.4989776 
113.35999931 -0.941496 
113.39999931 -0.941496 
113.43999931 -0.941496 
113.47999931 -0.941496 
113.51999931 -0.941496 
113.55999931 -1.382488 
113.59999931 -1.382488 
113.63999931 -1.382488 
113.67999931 -1.825007 
113.71999931 -1.825007 
113.75999931 -1.825007 
113.79999931 -1.825007 
113.83999931 -1.825007 
113.87999931 -1.825007 
113.91999931 -2.267525 
113.95999931 -2.267525 
113.99999931 -2.267525 
114.03999931 -2.267525 
114.07999931 -2.267525 
114.11999931 -2.708518 
114.15999931 -2.708518 
114.19999931 -2.708518 
114.23999931 -2.708518 
114.27999931 -2.708518 
114.31999931 -2.708518 
114.3599993 -2.708518 
114.3999993 -3.151036 
114.4399993 -3.151036 
114.4799993 -3.151036 
114.5199993 -2.708518 
114.5599993 -3.151036 
114.5999993 -3.151036 
114.6399993 -3.593554 
114.6799993 -3.593554 
114.7199993 -3.151036 
114.7599993 -3.593554 
114.7999993 -3.593554 
114.8399993 -3.151036 
114.8799993 -3.593554 
114.9199993 -3.593554 
114.9599993 -3.151036 
114.9999993 -3.593554 
115.0399993 -3.593554 
115.0799993 -2.708518 
115.1199993 -3.593554 
115.1599993 -3.151036 
115.1999993 -3.151036 
115.2399993 -3.151036 
115.2799993 -2.708518 
115.3199993 -3.151036 
115.3599993 -3.151036 
115.3999993 -3.151036 
115.4399993 -3.151036 
115.4799993 -3.151036 
115.5199993 -2.708518 
115.5599993 -3.151036 
115.5999993 -3.151036 
115.6399993 -2.708518 
115.6799993 -2.708518 
115.7199993 -2.708518 
115.7599993 -2.267525 
115.7999993 -1.825007 
115.8399993 -2.267525 
115.8799993 -2.708518 
115.9199993 -2.267525 
115.9599993 -2.267525 
115.9999993 -2.267525 
116.03999929 -1.825007 
116.07999929 -1.825007 
116.11999929 -2.267525 
116.15999929 -2.267525 
116.19999929 -1.825007 
116.23999929 -1.382488 
116.27999929 -1.825007 
116.31999929 -1.825007 
116.35999929 -1.825007 
116.39999929 -1.825007 
116.43999929 -1.382488 
116.47999929 -1.382488 
116.51999929 -0.941496 
116.55999929 -0.941496 
116.59999929 -0.941496 
116.63999929 -0.941496 
116.67999929 -0.941496 
116.71999929 -0.941496 
116.75999929 -0.941496 
116.79999929 -0.941496 
116.83999929 -0.4989776 
116.87999929 -0.4989776 
116.91999929 -0.4989776 
116.95999929 -0.4989776 
116.99999929 -0.4989776 
117.03999929 -0.4989776 
117.07999929 -0.4989776 
117.19999929 -0.4989776 
117.23999929 -0.4989776 
118.43999928 -0.4989776 
118.47999928 -0.4989776 
118.51999928 -0.4989776 
118.63999928 -0.4989776 
118.75999928 -0.4989776 
118.79999928 -0.4989776 
118.91999928 -0.4989776 
118.95999928 -0.4989776 
118.99999928 -0.4989776 
119.07999928 -0.4989776 
119.11999928 -0.941496 
119.19999928 -0.4989776 
119.23999928 -0.4989776 
119.35999927 -0.4989776 
119.63999927 -0.4989776 
120.11999927 -0.4989776 
120.27999927 -0.4989776 
120.63999927 -0.4989776 
124.83999924 -0.4989776 
124.91999924 -0.941496 
124.95999924 -0.4989776 
124.99999924 -0.4989776 
125.03999924 -0.4989776 
125.11999924 -0.4989776 
125.15999924 -0.4989776 
125.19999924 -0.4989776 
125.23999924 -0.4989776 
125.27999924 -0.941496 
125.31999924 -0.4989776 
125.35999924 -0.941496 
125.39999924 -0.941496 
125.43999924 -0.941496 
125.47999924 -0.941496 
125.51999924 -0.941496 
125.55999924 -0.941496 
125.59999924 -0.4989776 
125.63999924 -0.941496 
125.67999924 -0.941496 
125.71999924 -0.941496 
125.75999924 -0.941496 
125.79999924 -0.941496 
125.83999924 -0.941496 
125.87999923 -0.941496 
125.91999923 -0.941496 
125.95999923 -0.941496 
125.99999923 -0.941496 
126.03999923 -0.941496 
126.07999923 -0.941496 
126.11999923 -0.941496 
126.15999923 -0.941496 
126.19999923 -0.941496 
126.23999923 -0.4989776 
126.27999923 -0.941496 
126.31999923 -0.4989776 
126.35999923 -0.4989776 
126.39999923 -0.941496 
126.43999923 -0.4989776 
126.47999923 -0.4989776 
126.51999923 -0.4989776 
126.55999923 -0.4989776 
126.59999923 -0.4989776 
126.63999923 -0.4989776 
126.67999923 -0.4989776 
126.79999923 -0.4989776 
129.91999921 -0.4989776 
129.99999921 -0.4989776 
130.03999921 -0.4989776 
130.07999921 -0.4989776 
130.11999921 -0.4989776 
130.15999921 -0.4989776 
130.19999921 -0.4989776 
130.23999921 -0.941496 
130.27999921 -0.941496 
130.31999921 -0.941496 
130.35999921 -0.941496 
130.39999921 -0.941496 
130.43999921 -0.941496 
130.47999921 -0.941496 
130.51999921 -0.941496 
130.55999921 -0.941496 
130.59999921 -0.941496 
130.63999921 -0.941496 
130.67999921 -0.941496 
130.71999921 -1.382488 
130.75999921 -0.941496 
130.79999921 -0.941496 
130.8399992 -1.382488 
130.8799992 -1.382488 
130.9199992 -0.941496 
130.9599992 -0.941496 
130.9999992 -0.941496 
131.0399992 -0.941496 
131.0799992 -0.941496 
131.1199992 -0.941496 
131.1599992 -0.941496 
131.1999992 -0.941496 
131.2399992 -0.941496 
131.2799992 -0.4989776 
131.3199992 -0.941496 
131.3599992 -0.941496 
131.3999992 -0.941496 
131.4399992 -0.4989776 
131.4799992 -0.941496 
131.5199992 -0.4989776 
131.5599992 -0.4989776 
131.5999992 -0.4989776 
131.6399992 -0.4989776 
131.6799992 -0.4989776 
136.47999917 -0.4989776 
136.51999917 -0.4989776 
136.55999917 -0.4989776 
136.59999917 -0.4989776 
136.63999917 -0.941496 
136.67999917 -0.4989776 
136.71999917 -0.4989776 
136.75999917 -0.941496 
136.79999917 -0.4989776 
136.83999917 -0.941496 
136.87999917 -0.4989776 
136.91999917 -0.4989776 
136.95999917 -0.941496 
136.99999917 -0.941496 
137.03999917 -0.941496 
137.07999917 -0.4989776 
137.11999917 -0.941496 
137.15999917 -0.941496 
137.19999917 -0.941496 
137.23999917 -0.941496 
137.27999917 -0.941496 
137.31999917 -0.941496 
137.35999917 -0.941496 
137.39999916 -0.941496 
137.43999916 -0.941496 
137.47999916 -0.941496 
137.51999916 -0.941496 
137.55999916 -0.941496 
137.59999916 -0.941496 
137.63999916 -0.941496 
137.67999916 -0.941496 
137.71999916 -0.941496 
137.75999916 -0.941496 
137.79999916 -0.941496 
137.83999916 -0.941496 
137.87999916 -1.382488 
137.91999916 -0.941496 
137.95999916 -1.382488 
137.99999916 -0.941496 
138.03999916 -0.941496 
138.07999916 -0.941496 
138.11999916 -0.941496 
138.15999916 -0.941496 
138.19999916 -1.382488 
138.23999916 -1.382488 
138.27999916 -0.941496 
138.31999916 -0.941496 
138.35999916 -1.382488 
138.39999916 -0.941496 
138.43999916 -0.941496 
138.47999916 -1.382488 
138.51999916 -0.941496 
138.55999916 -1.382488 
138.59999916 -0.941496 
138.63999916 -0.941496 
138.67999916 -0.941496 
138.71999916 -0.941496 
138.75999916 -0.941496 
138.79999916 -0.941496 
138.83999916 -0.941496 
138.87999916 -0.941496 
138.91999916 -0.941496 
138.95999916 -0.941496 
138.99999916 -0.941496 
139.03999915 -0.941496 
139.07999915 -1.825007 
139.11999915 -0.941496 
139.15999915 -0.941496 
139.19999915 -1.382488 
139.23999915 -1.382488 
139.27999915 -0.941496 
139.31999915 -1.382488 
139.35999915 -1.825007 
139.39999915 -1.382488 
139.43999915 -1.382488 
139.47999915 -1.825007 
139.51999915 -0.4989776 
139.55999915 -1.382488 
139.59999915 -1.825007 
139.63999915 -1.382488 
139.67999915 -0.941496 
139.71999915 -1.825007 
139.75999915 -1.825007 
139.79999915 -1.382488 
139.83999915 -1.825007 
139.87999915 -1.382488 
139.91999915 -1.825007 
139.95999915 -1.382488 
139.99999915 -1.382488 
140.03999915 -1.825007 
140.07999915 -1.825007 
140.11999915 -1.825007 
140.15999915 -1.825007 
140.19999915 -1.825007 
140.23999915 -1.825007 
140.27999915 -1.825007 
140.31999915 -2.267525 
140.35999915 -1.825007 
140.39999915 -1.825007 
140.43999915 -1.825007 
140.47999915 -2.267525 
140.51999915 -1.825007 
140.55999915 -2.267525 
140.59999915 -2.267525 
140.63999915 -2.267525 
140.67999915 -2.267525 
140.71999914 -2.267525 
140.75999914 -2.267525 
140.79999914 -2.267525 
140.83999914 -2.267525 
140.87999914 -2.267525 
140.91999914 -2.267525 
140.95999914 -2.267525 
140.99999914 -2.267525 
141.03999914 -2.267525 
141.07999914 -2.267525 
141.11999914 -2.267525 
141.15999914 -2.267525 
141.19999914 -2.267525 
141.23999914 -2.267525 
141.27999914 -2.708518 
141.31999914 -2.267525 
141.35999914 -2.267525 
141.39999914 -2.267525 
141.43999914 -2.708518 
141.47999914 -2.267525 
141.51999914 -2.267525 
141.55999914 -2.267525 
141.59999914 -1.825007 
141.63999914 -2.267525 
141.67999914 -2.708518 
141.71999914 -2.267525 
141.75999914 -2.267525 
141.79999914 -2.708518 
141.83999914 -2.708518 
141.87999914 -2.267525 
141.91999914 -2.267525 
141.95999914 -2.267525 
141.99999914 -2.267525 
142.03999914 -2.267525 
142.07999914 -2.267525 
142.11999914 -2.267525 
142.15999914 -2.267525 
142.19999914 -2.267525 
142.23999914 -2.267525 
142.27999914 -2.267525 
142.31999914 -2.267525 
142.35999913 -1.825007 
142.39999913 -1.825007 
142.43999913 -2.267525 
142.47999913 -1.825007 
142.51999913 -1.825007 
142.55999913 -2.267525 
142.59999913 -1.825007 
142.63999913 -1.825007 
142.67999913 -1.825007 
142.71999913 -1.825007 
142.75999913 -1.825007 
142.79999913 -1.825007 
142.83999913 -1.825007 
142.87999913 -1.382488 
142.91999913 -1.825007 
142.95999913 -1.825007 
142.99999913 -1.382488 
143.03999913 -0.941496 
143.07999913 -1.825007 
143.11999913 -1.825007 
143.15999913 -1.382488 
143.19999913 -0.941496 
143.23999913 -0.941496 
143.27999913 -0.941496 
143.31999913 -1.382488 
143.35999913 -0.941496 
143.39999913 -0.941496 
143.43999913 -0.941496 
143.47999913 -0.941496 
143.51999913 -0.941496 
143.55999913 -0.4989776 
143.59999913 -0.4989776 
143.63999913 -0.4989776 
143.67999913 -0.4989776 
143.71999913 -0.4989776 
143.79999913 -0.4989776 
145.95999911 -0.4989776 
146.43999911 -0.941496 
146.47999911 -0.4989776 
146.59999911 -0.4989776 
146.71999911 -0.4989776 
146.75999911 -0.941496 
146.87999911 -0.4989776 
146.91999911 -0.941496 
146.95999911 -0.4989776 
146.99999911 -0.4989776 
147.03999911 -0.941496 
147.07999911 -0.941496 
147.11999911 -0.941496 
147.15999911 -0.941496 
147.19999911 -0.941496 
147.23999911 -0.941496 
147.2799991 -0.941496 
147.3199991 -0.941496 
147.3599991 -0.941496 
147.3999991 -0.941496 
147.4399991 -0.941496 
147.4799991 -1.382488 
147.5199991 -0.941496 
147.5599991 -0.941496 
147.5999991 -1.382488 
147.6399991 -0.941496 
147.6799991 -1.382488 
147.7199991 -1.382488 
147.7599991 -1.382488 
147.7999991 -1.382488 
147.8399991 -1.382488 
147.8799991 -1.382488 
147.9199991 -1.382488 
147.9599991 -1.825007 
147.9999991 -0.941496 
148.0399991 -1.825007 
148.0799991 -1.382488 
148.1199991 -0.941496 
148.1599991 -1.825007 
148.1999991 -0.941496 
148.2399991 -0.941496 
148.2799991 -1.382488 
148.3199991 -0.941496 
148.3599991 -0.941496 
148.3999991 -0.941496 
148.4399991 -0.941496 
148.4799991 -0.941496 
148.5199991 -0.941496 
148.5599991 -0.941496 
148.5999991 -0.941496 
148.6399991 -0.941496 
148.6799991 -0.4989776 
148.7199991 -0.941496 
148.7599991 -0.4989776 
148.7999991 -0.4989776 
148.8399991 -0.4989776 
151.55999908 -0.4989776 
151.59999908 -0.4989776 
151.63999908 -0.4989776 
151.67999908 -0.941496 
151.71999908 -0.941496 
151.75999908 -0.941496 
151.79999908 -0.941496 
151.83999908 -0.941496 
151.87999908 -0.941496 
151.91999908 -0.941496 
151.95999908 -0.941496 
151.99999908 -0.941496 
152.03999908 -0.941496 
152.07999908 -0.941496 
152.11999908 -1.382488 
152.15999908 -1.382488 
152.19999908 -1.825007 
152.23999907 -1.382488 
152.27999907 -1.825007 
152.31999907 -1.825007 
152.35999907 -2.267525 
152.39999907 -1.825007 
152.43999907 -1.825007 
152.47999907 -1.825007 
152.51999907 -1.825007 
152.55999907 -1.825007 
152.59999907 -1.825007 
152.63999907 -1.825007 
152.67999907 -1.825007 
152.71999907 -2.267525 
152.75999907 -2.267525 
152.79999907 -2.267525 
152.83999907 -2.267525 
152.87999907 -2.267525 
152.91999907 -2.267525 
152.95999907 -2.267525 
152.99999907 -2.267525 
153.03999907 -2.267525 
153.07999907 -2.267525 
153.11999907 -2.267525 
153.15999907 -2.267525 
153.19999907 -2.267525 
153.23999907 -2.267525 
153.27999907 -2.267525 
153.31999907 -2.267525 
153.35999907 -2.267525 
153.39999907 -2.267525 
153.43999907 -2.267525 
153.47999907 -2.267525 
153.51999907 -2.267525 
153.55999907 -2.267525 
153.59999907 -2.267525 
153.63999907 -2.267525 
153.67999907 -2.267525 
153.71999907 -2.267525 
153.75999907 -2.267525 
153.79999907 -1.825007 
153.83999907 -1.825007 
153.87999906 -1.825007 
153.91999906 -2.267525 
153.95999906 -1.825007 
153.99999906 -1.825007 
154.03999906 -1.825007 
154.07999906 -1.825007 
154.11999906 -1.825007 
154.15999906 -1.825007 
154.19999906 -1.382488 
154.23999906 -0.941496 
154.27999906 -1.382488 
154.31999906 -0.941496 
154.35999906 -0.941496 
154.39999906 -0.941496 
154.43999906 -0.941496 
154.47999906 -0.941496 
154.51999906 -0.941496 
154.55999906 -0.4989776 
154.59999906 -0.4989776 
154.63999906 -0.4989776 
154.67999906 -0.4989776 
154.71999906 -0.4989776 
154.75999906 -0.4989776 
162.63999901 -0.941496 
162.67999901 -0.4989776 
162.71999901 -0.4989776 
162.75999901 -0.941496 
162.79999901 -0.941496 
162.83999901 -0.941496 
162.87999901 -0.941496 
162.91999901 -0.941496 
162.95999901 -1.382488 
162.99999901 -1.825007 
163.03999901 -1.825007 
163.07999901 -1.825007 
163.11999901 -1.825007 
163.15999901 -1.825007 
163.19999901 -1.825007 
163.23999901 -2.267525 
163.27999901 -2.267525 
163.31999901 -2.267525 
163.35999901 -2.267525 
163.39999901 -2.267525 
163.43999901 -2.267525 
163.47999901 -2.708518 
163.51999901 -2.708518 
163.55999901 -2.708518 
163.59999901 -2.708518 
163.63999901 -2.708518 
163.67999901 -3.151036 
163.719999 -2.708518 
163.759999 -2.708518 
163.799999 -3.593554 
163.839999 -3.151036 
163.879999 -3.151036 
163.919999 -3.151036 
163.959999 -3.151036 
163.999999 -3.593554 
164.039999 -3.593554 
164.079999 -3.593554 
164.119999 -2.708518 
164.159999 -3.593554 
164.199999 -3.593554 
164.239999 -3.593554 
164.279999 -3.593554 
164.319999 -3.151036 
164.359999 -2.708518 
164.399999 -3.593554 
164.439999 -3.593554 
164.479999 -3.593554 
164.519999 -3.151036 
164.559999 -3.593554 
164.599999 -3.151036 
164.639999 -3.593554 
164.679999 -3.593554 
164.719999 -3.151036 
164.759999 -3.593554 
164.799999 -3.151036 
164.839999 -2.708518 
164.879999 -3.151036 
164.919999 -3.593554 
164.959999 -2.708518 
164.999999 -2.708518 
165.039999 -2.708518 
165.079999 -2.708518 
165.119999 -2.708518 
165.159999 -2.708518 
165.199999 -2.267525 
165.239999 -2.267525 
165.279999 -2.267525 
165.319999 -2.267525 
165.359999 -2.267525 
165.39999899 -2.267525 
165.43999899 -1.825007 
165.47999899 -1.825007 
165.51999899 -1.825007 
165.55999899 -1.825007 
165.59999899 -1.825007 
165.63999899 -1.825007 
165.67999899 -1.382488 
165.71999899 -0.941496 
165.75999899 -0.941496 
165.79999899 -0.941496 
165.87999899 -0.941496 
165.91999899 -0.941496 
165.95999899 -0.941496 
165.99999899 -0.941496 
166.03999899 -0.4989776 
166.07999899 -0.4989776 
166.11999899 -0.4989776 
166.15999899 -0.4989776 
166.23999899 -0.4989776 
168.23999898 -0.4989776 
168.31999898 -0.4989776 
168.91999897 -0.4989776 
169.03999897 -0.4989776 
173.67999894 -0.4989776 
173.79999894 -0.4989776 
173.83999894 -0.4989776 
173.87999894 -0.4989776 
173.91999894 -0.4989776 
173.95999894 -0.4989776 
173.99999894 -0.4989776 
174.03999894 -0.4989776 
174.07999894 -0.4989776 
174.11999894 -0.4989776 
174.15999894 -0.4989776 
174.19999894 -0.941496 
174.23999894 -0.941496 
174.27999894 -0.941496 
174.31999894 -0.941496 
174.35999894 -0.941496 
174.39999894 -0.941496 
174.43999894 -0.941496 
174.47999894 -0.941496 
174.51999894 -0.941496 
174.55999894 -0.941496 
174.59999894 -0.941496 
174.63999894 -0.941496 
174.67999894 -1.382488 
174.71999894 -0.941496 
174.75999894 -1.825007 
174.79999894 -1.382488 
174.83999894 -1.825007 
174.87999894 -1.382488 
174.91999894 -1.382488 
174.95999894 -1.825007 
174.99999894 -1.825007 
175.03999894 -1.825007 
175.07999894 -1.825007 
175.11999894 -1.825007 
175.15999894 -1.825007 
175.19999894 -1.825007 
175.23999893 -1.825007 
175.27999893 -2.267525 
175.31999893 -1.825007 
175.35999893 -1.825007 
175.39999893 -1.825007 
175.43999893 -1.825007 
175.47999893 -1.825007 
175.51999893 -1.825007 
175.55999893 -1.825007 
175.59999893 -1.825007 
175.63999893 -1.825007 
175.67999893 -1.825007 
175.71999893 -1.825007 
175.75999893 -1.825007 
175.79999893 -1.825007 
175.83999893 -1.825007 
175.87999893 -1.825007 
175.91999893 -1.825007 
175.95999893 -1.825007 
175.99999893 -1.382488 
176.03999893 -1.382488 
176.07999893 -1.382488 
176.11999893 -1.382488 
176.15999893 -1.825007 
176.19999893 -1.825007 
176.23999893 -0.941496 
176.27999893 -1.382488 
176.31999893 -0.941496 
176.35999893 -0.941496 
176.39999893 -0.941496 
176.43999893 -1.382488 
176.47999893 -1.382488 
176.51999893 -1.825007 
176.55999893 -0.941496 
176.59999893 -0.4989776 
176.63999893 -0.941496 
176.67999893 -0.4989776 
176.71999893 -0.4989776 
176.75999893 -0.4989776 
176.79999893 -0.941496 
176.83999893 -0.4989776 
176.87999893 -0.941496 
176.91999892 -0.4989776 
176.95999892 -0.4989776 
176.99999892 -0.4989776 
177.03999892 -0.4989776 
177.07999892 -0.4989776 
177.11999892 -0.4989776 
177.23999892 -0.4989776 
178.63999891 -0.4989776 
178.75999891 -0.4989776 
178.79999891 -0.4989776 
178.87999891 -0.4989776 
178.91999891 -0.4989776 
178.95999891 -0.4989776 
178.99999891 -0.4989776 
179.03999891 -0.4989776 
179.07999891 -0.4989776 
179.11999891 -0.4989776 
179.15999891 -0.941496 
179.19999891 -0.941496 
179.23999891 -0.941496 
179.27999891 -0.941496 
179.31999891 -0.941496 
179.35999891 -0.941496 
179.39999891 -0.941496 
179.43999891 -0.941496 
179.47999891 -0.941496 
179.51999891 -1.382488 
179.55999891 -0.941496 
179.59999891 -1.382488 
179.63999891 -1.382488 
179.67999891 -0.941496 
179.71999891 -1.382488 
179.75999891 -1.382488 
179.79999891 -1.825007 
179.83999891 -1.382488 
179.87999891 -1.825007 
179.91999891 -1.825007 
179.95999891 -1.825007 
179.99999891 -1.825007 
180.03999891 -1.825007 
180.07999891 -1.825007 
180.11999891 -1.825007 
180.15999891 -1.825007 
180.1999989 -1.825007 
180.2399989 -1.825007 
180.2799989 -2.267525 
180.3199989 -1.825007 
180.3599989 -1.825007 
180.3999989 -1.825007 
180.4399989 -1.825007 
180.4799989 -1.825007 
180.5199989 -1.825007 
180.5599989 -1.825007 
180.5999989 -1.825007 
180.6399989 -1.825007 
180.6799989 -1.825007 
180.7199989 -1.825007 
180.7599989 -1.825007 
180.7999989 -1.825007 
180.8399989 -1.825007 
180.8799989 -1.825007 
180.9199989 -1.382488 
180.9599989 -1.382488 
180.9999989 -1.382488 
181.0399989 -0.941496 
181.0799989 -0.941496 
181.1199989 -0.941496 
181.1599989 -0.941496 
181.1999989 -0.941496 
181.2399989 -0.4989776 
181.2799989 -0.4989776 
181.3199989 -0.4989776 
181.3999989 -0.4989776 
186.23999887 -0.4989776 
186.63999887 -0.4989776 
186.67999887 -0.4989776 
186.71999887 -0.4989776 
186.79999886 -0.4989776 
186.87999886 -0.4989776 
186.91999886 -0.4989776 
186.95999886 -0.4989776 
186.99999886 -0.4989776 
187.07999886 -0.4989776 
187.11999886 -0.4989776 
187.15999886 -0.4989776 
187.19999886 -0.4989776 
187.23999886 -0.4989776 
187.27999886 -0.4989776 
187.31999886 -0.4989776 
187.35999886 -0.4989776 
187.39999886 -0.4989776 
187.43999886 -0.4989776 
187.47999886 -0.4989776 
187.51999886 -0.4989776 
187.55999886 -0.4989776 
187.59999886 -0.4989776 
187.63999886 -0.4989776 
187.67999886 -0.4989776 
187.71999886 -0.4989776 
187.75999886 -0.4989776 
187.79999886 -0.4989776 
187.83999886 -0.4989776 
187.87999886 -0.4989776 
187.91999886 -0.4989776 
187.95999886 -0.4989776 
187.99999886 -0.4989776 
188.03999886 -0.4989776 
188.07999886 -0.4989776 
188.11999886 -0.4989776 
188.15999886 -0.4989776 
188.19999886 -0.4989776 
188.23999886 -0.4989776 
188.31999886 -0.4989776 
188.59999885 -0.4989776 
188.63999885 -0.4989776 
189.31999885 -0.4989776 
189.59999885 -0.4989776 
189.63999885 -0.4989776 
189.67999885 -0.4989776 
189.71999885 -0.4989776 
189.75999885 -0.4989776 
189.79999885 -0.4989776 
189.83999885 -0.4989776 
189.87999885 -0.4989776 
189.95999885 -0.4989776 
189.99999885 -0.4989776 
190.03999885 -0.4989776 
190.07999884 -0.4989776 
190.11999884 -0.4989776 
190.15999884 -0.4989776 
190.19999884 -0.4989776 
190.23999884 -0.941496 
190.27999884 -0.941496 
190.31999884 -0.4989776 
190.35999884 -0.941496 
190.39999884 -0.4989776 
190.43999884 -0.941496 
190.47999884 -0.4989776 
190.51999884 -0.941496 
190.55999884 -0.941496 
190.59999884 -0.941496 
190.63999884 -0.941496 
190.67999884 -0.941496 
190.71999884 -0.941496 
190.75999884 -0.941496 
190.79999884 -0.941496 
190.83999884 -0.941496 
190.87999884 -0.941496 
190.91999884 -1.382488 
190.95999884 -0.941496 
190.99999884 -0.941496 
191.03999884 -0.941496 
191.07999884 -0.941496 
191.11999884 -0.941496 
191.15999884 -0.941496 
191.19999884 -0.941496 
191.23999884 -0.941496 
191.27999884 -1.382488 
191.31999884 -0.941496 
191.35999884 -1.382488 
191.39999884 -0.941496 
191.43999884 -0.941496 
191.47999884 -1.382488 
191.51999884 -1.382488 
191.55999884 -0.941496 
191.59999884 -0.941496 
191.63999884 -0.941496 
191.67999884 -0.941496 
191.71999883 -0.941496 
191.75999883 -0.941496 
191.79999883 -0.941496 
191.83999883 -0.941496 
191.87999883 -0.941496 
191.91999883 -1.382488 
191.95999883 -0.941496 
191.99999883 -0.941496 
192.03999883 -0.941496 
192.07999883 -0.941496 
192.11999883 -0.941496 
192.15999883 -0.941496 
192.19999883 -1.825007 
192.23999883 -0.941496 
192.27999883 -0.941496 
192.31999883 -0.941496 
192.35999883 -0.941496 
192.39999883 -0.941496 
192.43999883 -0.941496 
192.47999883 -0.941496 
192.51999883 -0.941496 
192.55999883 -0.4989776 
192.59999883 -0.941496 
192.63999883 -0.941496 
192.67999883 -0.941496 
192.71999883 -0.941496 
192.75999883 -0.4989776 
192.79999883 -0.4989776 
192.83999883 -0.4989776 
192.87999883 -0.4989776 
192.91999883 -0.4989776 
192.95999883 -0.4989776 
196.27999881 -0.4989776 
196.31999881 -0.4989776 
196.35999881 -0.4989776 
196.39999881 -0.941496 
196.43999881 -0.941496 
196.47999881 -0.4989776 
196.51999881 -0.941496 
196.55999881 -0.941496 
196.59999881 -0.941496 
196.6399988 -0.941496 
196.6799988 -0.941496 
196.7199988 -0.941496 
196.7599988 -0.941496 
196.7999988 -0.941496 
196.8399988 -1.382488 
196.8799988 -1.825007 
196.9199988 -1.825007 
196.9599988 -1.825007 
196.9999988 -1.825007 
197.0399988 -1.825007 
197.0799988 -1.825007 
197.1199988 -1.825007 
197.1599988 -1.825007 
197.1999988 -2.267525 
197.2399988 -1.825007 
197.2799988 -2.267525 
197.3199988 -1.825007 
197.3599988 -2.267525 
197.3999988 -2.267525 
197.4399988 -3.151036 
197.4799988 -2.267525 
197.5199988 -2.708518 
197.5599988 -2.708518 
197.5999988 -1.825007 
197.6399988 -2.267525 
197.6799988 -3.151036 
197.7199988 -2.708518 
197.7599988 -2.267525 
197.7999988 -2.267525 
197.8399988 -2.708518 
197.8799988 -2.267525 
197.9199988 -1.825007 
197.9599988 -1.825007 
197.9999988 -2.267525 
198.0399988 -3.151036 
198.0799988 -2.708518 
198.1199988 -1.825007 
198.1599988 -1.825007 
198.1999988 -2.267525 
198.2399988 -1.825007 
198.27999879 -1.825007 
198.31999879 -2.708518 
198.35999879 -2.267525 
198.39999879 -0.941496 
198.43999879 -1.382488 
198.47999879 -2.267525 
198.51999879 -1.825007 
198.55999879 -1.825007 
198.59999879 -1.382488 
198.63999879 -1.382488 
198.67999879 -1.825007 
198.71999879 -1.382488 
198.75999879 -0.941496 
198.79999879 -0.941496 
198.83999879 -1.382488 
198.87999879 -0.941496 
198.91999879 -0.941496 
198.95999879 -0.941496 
198.99999879 -0.941496 
199.03999879 -0.941496 
199.07999879 -0.941496 
199.11999879 -0.941496 
199.15999879 -0.941496 
199.19999879 -0.941496 
199.23999879 -0.941496 
199.27999879 -0.941496 
199.31999879 -0.941496 
199.35999879 -0.4989776 
199.39999879 -0.941496 
199.43999879 -0.4989776 
199.47999879 -0.941496 
199.51999879 -0.941496 
199.55999879 -0.4989776 
199.59999879 -0.4989776 
199.63999879 -0.4989776 
199.67999879 -0.941496 
199.71999879 -0.941496 
199.75999879 -0.4989776 
199.79999879 -0.4989776 
199.83999879 -0.4989776 
199.87999879 -0.4989776 
199.91999878 -0.4989776 
199.95999878 -0.941496 
199.99999878 -0.4989776 
200.03999878 -0.4989776 
200.07999878 -0.941496 
200.11999878 -0.941496 
0 0 
