0.44 -0.4989776 
0.48 -0.941496 
0.52 -0.4989776 
1.27999999 -0.941496 
1.39999999 -4.477065 
1.43999999 -3.593554 
1.55999999 -4.477065 
1.59999999 -4.477065 
1.87999999 -4.034547 
1.91999999 -1.825007 
2.03999999 -5.360576 
2.15999999 -2.267525 
2.19999999 -2.267525 
2.31999999 -1.825007 
2.35999999 -0.4989776 
2.51999998 -0.941496 
2.63999998 -0.4989776 
2.67999998 -0.941496 
2.83999998 -0.941496 
2.87999998 -0.4989776 
2.99999998 -0.4989776 
3.15999998 -0.4989776 
3.27999998 -0.4989776 
3.31999998 -0.941496 
3.35999998 -0.941496 
3.55999998 -0.4989776 
3.59999998 -0.4989776 
3.75999998 -0.4989776 
3.79999998 -0.941496 
3.95999998 -0.4989776 
4.19999997 -0.4989776 
4.43999997 -0.4989776 
4.91999997 -0.4989776 
4.95999997 -0.4989776 
5.59999997 -0.941496 
5.63999997 -0.4989776 
5.79999996 -0.941496 
5.99999996 -0.4989776 
6.03999996 -0.941496 
6.23999996 -0.4989776 
6.27999996 -0.941496 
6.31999996 -0.941496 
6.67999996 -0.4989776 
6.71999996 -0.941496 
6.75999996 -0.941496 
6.79999996 -0.4989776 
7.19999996 -0.941496 
7.23999996 -0.941496 
7.39999996 -0.941496 
7.43999995 -0.4989776 
7.59999995 -0.4989776 
7.63999995 -0.941496 
7.67999995 -0.941496 
7.83999995 -0.941496 
7.87999995 -1.382488 
7.91999995 -0.941496 
8.11999995 -0.4989776 
8.23999995 -0.4989776 
8.27999995 -0.941496 
8.31999995 -0.941496 
8.35999995 -0.941496 
8.39999995 -0.4989776 
8.55999995 -0.941496 
8.67999995 -2.708518 
8.71999995 -1.825007 
8.83999995 -1.382488 
8.87999995 -0.941496 
8.99999995 -0.941496 
9.03999995 -0.4989776 
9.19999994 -0.4989776 
9.23999994 -0.941496 
9.27999994 -0.4989776 
9.43999994 -0.4989776 
9.47999994 -0.941496 
9.67999994 -0.941496 
9.71999994 -0.941496 
9.91999994 -0.4989776 
9.95999994 -0.4989776 
10.15999994 -0.4989776 
10.63999994 -0.4989776 
10.91999993 -0.4989776 
10.95999993 -0.4989776 
10.99999993 -0.4989776 
11.19999993 -0.4989776 
11.23999993 -0.4989776 
12.15999993 -1.825007 
12.31999993 -0.941496 
12.43999992 -0.4989776 
13.71999992 -0.4989776 
13.75999992 -1.825007 
13.79999992 -0.4989776 
13.95999992 -0.4989776 
14.27999991 -0.4989776 
18.15999989 -0.4989776 
18.95999988 -0.4989776 
19.11999988 -0.4989776 
19.15999988 -0.941496 
19.19999988 -0.4989776 
19.35999988 -0.4989776 
19.39999988 -0.941496 
19.55999988 -0.4989776 
19.59999988 -0.4989776 
19.71999988 -0.4989776 
19.75999988 -0.4989776 
19.79999988 -0.4989776 
19.83999988 -0.4989776 
20.03999988 -0.4989776 
20.07999988 -0.941496 
20.27999988 -0.4989776 
20.63999987 -0.4989776 
20.67999987 -0.941496 
20.83999987 -0.4989776 
20.87999987 -0.4989776 
21.07999987 -0.4989776 
21.11999987 -0.4989776 
21.43999987 -0.941496 
21.47999987 -1.825007 
21.67999987 -0.4989776 
21.71999987 -0.4989776 
21.91999987 -1.825007 
21.95999987 -6.686605 
22.11999987 -2.267525 
22.27999986 -0.4989776 
22.79999986 -0.4989776 
22.99999986 -0.4989776 
23.23999986 -0.4989776 
23.27999986 -0.4989776 
23.47999986 -0.4989776 
23.51999986 -0.4989776 
23.67999986 -0.941496 
23.71999986 -0.941496 
23.87999985 -1.825007 
23.91999985 -2.267525 
23.95999985 -0.941496 
24.19999985 -3.593554 
24.23999985 -3.593554 
24.27999985 -0.4989776 
24.43999985 -1.382488 
24.47999985 -2.267525 
24.51999985 -2.267525 
24.55999985 -1.382488 
24.79999985 -0.4989776 
24.83999985 -0.4989776 
24.87999985 -0.4989776 
24.91999985 -0.941496 
24.95999985 -0.941496 
24.99999985 -0.4989776 
25.23999985 -0.4989776 
25.27999985 -0.4989776 
25.31999985 -0.941496 
25.35999985 -0.4989776 
25.47999985 -0.4989776 
25.51999984 -0.941496 
25.55999984 -0.941496 
25.67999984 -2.708518 
25.71999984 -1.825007 
25.83999984 -0.4989776 
25.99999984 -0.941496 
26.63999984 -0.4989776 
26.79999984 -0.4989776 
26.83999984 -0.941496 
27.03999984 -0.4989776 
27.07999984 -0.4989776 
27.55999983 -0.4989776 
27.59999983 -0.941496 
28.31999983 -1.382488 
28.35999983 -0.941496 
28.47999983 -6.244087 
28.63999983 -3.151036 
28.67999983 -1.825007 
28.87999982 -0.4989776 
28.91999982 -4.477065 
28.95999982 -1.825007 
29.07999982 -3.593554 
29.19999982 -2.267525 
29.23999982 -0.4989776 
29.35999982 -3.593554 
29.39999982 -0.4989776 
29.55999982 -0.941496 
29.59999982 -0.941496 
29.71999982 -0.4989776 
29.83999982 -0.941496 
29.87999982 -0.941496 
29.91999982 -0.4989776 
30.03999982 -0.4989776 
30.07999982 -0.941496 
30.11999982 -0.4989776 
30.19999982 -0.4989776 
30.23999982 -0.4989776 
30.27999982 -0.4989776 
30.31999982 -0.4989776 
30.35999982 -0.4989776 
30.51999981 -0.4989776 
30.55999981 -0.941496 
30.75999981 -0.4989776 
30.99999981 -0.941496 
31.03999981 -0.941496 
31.23999981 -0.4989776 
31.27999981 -0.4989776 
31.47999981 -0.4989776 
31.51999981 -0.4989776 
31.87999981 -0.941496 
31.91999981 -1.382488 
31.95999981 -0.4989776 
32.1199998 -0.4989776 
32.1599998 -0.941496 
32.1999998 -0.4989776 
32.3999998 -0.4989776 
33.0799998 -0.4989776 
33.5599998 -0.4989776 
33.5999998 -0.4989776 
33.79999979 -0.4989776 
34.15999979 -0.4989776 
34.19999979 -0.941496 
34.31999979 -0.4989776 
34.47999979 -0.4989776 
34.51999979 -0.941496 
34.67999979 -1.382488 
34.71999979 -2.708518 
34.87999979 -0.941496 
34.91999979 -0.4989776 
34.99999979 -0.4989776 
35.03999979 -0.4989776 
35.19999979 -0.4989776 
35.23999979 -0.941496 
35.27999979 -0.941496 
35.39999978 -0.4989776 
35.51999978 -0.4989776 
35.55999978 -0.4989776 
35.59999978 -0.4989776 
35.67999978 -0.4989776 
35.79999978 -0.4989776 
35.83999978 -0.941496 
35.87999978 -0.941496 
36.03999978 -0.941496 
36.07999978 -0.941496 
36.11999978 -0.941496 
36.19999978 -0.4989776 
36.23999978 -0.941496 
36.27999978 -0.941496 
36.31999978 -0.4989776 
36.47999978 -0.4989776 
36.51999978 -0.4989776 
36.55999978 -0.4989776 
36.63999978 -0.4989776 
36.67999978 -0.4989776 
36.83999978 -0.4989776 
36.99999978 -0.4989776 
37.03999977 -0.4989776 
38.59999977 -3.151036 
41.11999975 -0.4989776 
41.35999975 -0.4989776 
42.23999974 -0.4989776 
42.27999974 -0.4989776 
42.47999974 -0.4989776 
44.07999973 -0.941496 
44.11999973 -1.825007 
44.31999973 -0.4989776 
44.51999973 -0.4989776 
44.71999973 -0.4989776 
44.75999973 -0.941496 
44.79999973 -0.4989776 
45.15999973 -0.4989776 
45.19999973 -0.4989776 
45.23999973 -0.4989776 
45.43999972 -0.4989776 
45.47999972 -0.941496 
45.67999972 -0.4989776 
45.71999972 -0.941496 
45.75999972 -0.4989776 
45.91999972 -0.941496 
45.95999972 -0.4989776 
46.11999972 -0.941496 
46.15999972 -1.382488 
46.19999972 -1.382488 
46.23999972 -0.4989776 
46.55999972 -0.941496 
46.59999972 -1.825007 
46.63999972 -1.382488 
46.67999972 -0.4989776 
46.83999972 -0.4989776 
46.87999972 -0.4989776 
46.91999971 -0.4989776 
46.95999971 -0.4989776 
46.99999971 -0.941496 
47.03999971 -0.941496 
47.07999971 -0.4989776 
47.23999971 -0.941496 
47.27999971 -1.382488 
47.31999971 -0.4989776 
47.43999971 -0.4989776 
47.47999971 -0.4989776 
47.51999971 -0.4989776 
47.67999971 -0.4989776 
47.79999971 -1.825007 
47.83999971 -0.941496 
48.07999971 -0.941496 
48.11999971 -6.686605 
48.15999971 -1.825007 
48.27999971 -0.941496 
48.43999971 -0.941496 
48.47999971 -1.382488 
48.51999971 -0.4989776 
48.8799997 -0.941496 
48.9199997 -0.4989776 
49.3599997 -0.4989776 
51.83999968 -1.382488 
51.87999968 -7.129124 
51.99999968 -2.267525 
52.03999968 -1.825007 
52.11999968 -0.4989776 
52.15999968 -0.941496 
52.31999968 -0.4989776 
52.35999968 -0.4989776 
52.55999968 -0.4989776 
54.23999967 -0.941496 
54.27999967 -0.941496 
54.79999967 -0.4989776 
55.95999966 -0.941496 
56.07999966 -4.034547 
56.23999966 -8.012634 
56.27999966 -3.151036 
56.47999966 -0.941496 
56.55999966 -2.267525 
56.59999966 -0.941496 
56.67999966 -0.941496 
56.71999966 -5.360576 
56.83999965 -2.267525 
56.87999965 -3.151036 
56.99999965 -0.4989776 
57.03999965 -0.4989776 
57.19999965 -1.825007 
57.23999965 -0.941496 
57.35999965 -0.941496 
57.39999965 -0.941496 
57.51999965 -0.941496 
57.55999965 -0.4989776 
57.63999965 -0.4989776 
57.67999965 -0.941496 
57.71999965 -0.4989776 
57.79999965 -0.4989776 
57.83999965 -0.941496 
57.87999965 -0.941496 
57.91999965 -0.4989776 
57.95999965 -0.941496 
57.99999965 -0.941496 
58.03999965 -0.4989776 
58.07999965 -0.4989776 
58.11999965 -0.941496 
58.15999965 -0.4989776 
58.19999965 -0.4989776 
58.23999965 -0.4989776 
58.27999965 -0.4989776 
58.31999965 -0.941496 
58.35999965 -0.941496 
58.47999964 -0.941496 
58.51999964 -0.941496 
58.55999964 -0.941496 
58.59999964 -0.4989776 
58.63999964 -0.941496 
58.67999964 -0.4989776 
58.71999964 -0.4989776 
58.75999964 -0.4989776 
58.79999964 -0.941496 
58.83999964 -0.941496 
58.91999964 -0.4989776 
58.95999964 -0.941496 
59.11999964 -0.4989776 
59.15999964 -0.941496 
59.19999964 -0.941496 
59.23999964 -0.4989776 
59.35999964 -0.4989776 
59.39999964 -0.4989776 
59.43999964 -0.4989776 
59.47999964 -0.4989776 
59.51999964 -0.4989776 
59.67999964 -0.4989776 
59.71999964 -0.4989776 
59.91999964 -0.4989776 
59.95999964 -0.941496 
60.11999963 -0.4989776 
60.15999963 -0.4989776 
60.35999963 -0.4989776 
60.55999963 -0.4989776 
60.83999963 -1.382488 
60.87999963 -3.593554 
61.03999963 -0.941496 
61.51999963 -0.4989776 
61.55999963 -0.4989776 
61.71999962 -0.941496 
61.75999962 -0.941496 
61.95999962 -0.941496 
61.99999962 -0.4989776 
62.87999962 -0.4989776 
62.91999962 -0.4989776 
63.11999962 -0.4989776 
63.15999962 -0.4989776 
63.35999961 -0.4989776 
63.39999961 -0.4989776 
63.59999961 -0.4989776 
63.63999961 -0.941496 
63.79999961 -0.4989776 
63.83999961 -0.4989776 
64.03999961 -0.4989776 
64.27999961 -0.4989776 
64.39999961 -0.4989776 
64.43999961 -0.4989776 
64.71999961 -0.4989776 
64.75999961 -0.4989776 
64.87999961 -4.034547 
64.91999961 -0.941496 
65.1599996 -0.4989776 
65.1999996 -0.4989776 
66.5999996 -0.941496 
66.63999959 -0.4989776 
68.11999959 -0.4989776 
68.43999958 -0.4989776 
68.47999958 -0.941496 
68.87999958 -0.4989776 
69.11999958 -0.4989776 
69.55999958 -0.941496 
69.59999958 -0.941496 
69.79999958 -0.4989776 
69.99999957 -0.4989776 
70.03999957 -0.4989776 
70.19999957 -1.382488 
70.23999957 -1.825007 
70.43999957 -0.4989776 
70.47999957 -0.941496 
70.67999957 -0.4989776 
70.87999957 -0.4989776 
71.67999956 -0.4989776 
71.91999956 -0.4989776 
72.79999956 -0.4989776 
73.47999955 -0.4989776 
73.99999955 -0.4989776 
74.11999955 -0.941496 
74.15999955 -3.593554 
74.27999955 -1.382488 
74.43999955 -2.267525 
74.47999955 -1.825007 
74.63999955 -0.4989776 
74.87999954 -0.941496 
74.91999954 -0.4989776 
75.11999954 -0.4989776 
78.27999952 -3.593554 
78.75999952 -0.4989776 
79.19999952 -0.941496 
79.23999952 -0.941496 
79.39999952 -0.4989776 
79.43999952 -0.941496 
79.67999952 -0.4989776 
79.71999952 -0.4989776 
79.91999951 -0.941496 
79.95999951 -0.941496 
80.11999951 -4.919584 
80.15999951 -3.593554 
80.27999951 -1.382488 
80.31999951 -2.708518 
80.35999951 -0.4989776 
80.55999951 -0.941496 
80.59999951 -0.4989776 
80.79999951 -0.4989776 
80.83999951 -0.4989776 
81.03999951 -0.4989776 
81.07999951 -0.4989776 
81.11999951 -0.4989776 
81.23999951 -0.4989776 
81.27999951 -0.941496 
81.31999951 -0.4989776 
81.4799995 -0.4989776 
81.5199995 -0.941496 
81.5599995 -0.4989776 
81.7199995 -0.4989776 
81.7599995 -0.4989776 
81.9999995 -0.941496 
82.0399995 -0.941496 
82.1999995 -0.941496 
82.2399995 -0.4989776 
82.3999995 -0.941496 
82.4399995 -0.941496 
82.6399995 -0.4989776 
82.6799995 -0.941496 
82.7199995 -0.4989776 
82.8799995 -0.941496 
82.9199995 -0.941496 
82.9599995 -0.941496 
83.11999949 -0.4989776 
83.15999949 -0.4989776 
83.19999949 -0.4989776 
83.23999949 -0.4989776 
83.35999949 -0.941496 
83.39999949 -1.382488 
83.43999949 -0.4989776 
83.55999949 -0.941496 
83.59999949 -0.941496 
83.63999949 -0.4989776 
83.71999949 -0.4989776 
83.83999949 -0.4989776 
83.87999949 -0.941496 
83.91999949 -1.382488 
83.95999949 -0.941496 
83.99999949 -0.4989776 
84.07999949 -0.4989776 
84.11999949 -0.4989776 
84.15999949 -0.4989776 
84.19999949 -0.4989776 
84.27999949 -0.4989776 
84.31999949 -2.708518 
84.35999949 -5.360576 
84.43999949 -3.151036 
84.51999949 -0.4989776 
84.59999949 -0.941496 
84.63999949 -4.477065 
84.67999949 -1.825007 
84.71999949 -1.825007 
84.83999948 -0.941496 
84.87999948 -5.803094 
84.91999948 -2.708518 
85.03999948 -3.151036 
85.07999948 -0.941496 
85.15999948 -3.593554 
85.19999948 -1.825007 
85.31999948 -2.267525 
85.35999948 -0.4989776 
85.47999948 -0.4989776 
85.51999948 -1.382488 
85.55999948 -0.941496 
85.67999948 -1.825007 
85.71999948 -0.4989776 
85.83999948 -0.941496 
85.87999948 -0.4989776 
85.91999948 -0.4989776 
85.95999948 -0.4989776 
86.07999948 -0.4989776 
86.11999948 -0.941496 
86.15999948 -0.941496 
86.19999948 -0.4989776 
86.47999947 -0.941496 
86.55999947 -0.4989776 
86.59999947 -1.382488 
86.63999947 -0.941496 
86.87999947 -0.941496 
87.03999947 -1.825007 
87.19999947 -0.4989776 
87.67999947 -0.4989776 
87.71999947 -0.4989776 
88.07999946 -0.4989776 
88.11999946 -0.941496 
88.47999946 -0.4989776 
88.51999946 -0.4989776 
88.91999946 -0.4989776 
91.15999945 -4.477065 
91.19999945 -2.267525 
91.31999945 -0.941496 
91.35999944 -1.825007 
94.79999942 -0.4989776 
94.99999942 -0.4989776 
95.03999942 -0.4989776 
95.27999942 -0.4989776 
95.43999942 -0.4989776 
95.47999942 -0.941496 
95.51999942 -0.4989776 
95.63999942 -0.4989776 
95.67999942 -0.941496 
95.71999942 -0.4989776 
95.83999942 -0.4989776 
95.91999942 -0.4989776 
95.95999942 -0.4989776 
96.15999942 -0.941496 
96.19999942 -0.941496 
96.23999942 -0.4989776 
96.39999941 -0.4989776 
96.43999941 -0.4989776 
96.59999941 -0.4989776 
96.63999941 -0.941496 
96.83999941 -0.4989776 
96.87999941 -0.4989776 
97.07999941 -0.4989776 
97.27999941 -0.4989776 
97.31999941 -0.941496 
97.51999941 -0.4989776 
97.55999941 -0.941496 
97.75999941 -0.4989776 
100.27999939 -3.593554 
100.31999939 -5.360576 
100.99999939 -0.4989776 
101.03999939 -0.4989776 
101.11999939 -0.4989776 
102.27999938 -0.4989776 
104.55999936 -0.4989776 
104.59999936 -0.941496 
104.79999936 -0.941496 
104.83999936 -0.4989776 
105.27999936 -0.941496 
105.51999936 -0.4989776 
105.71999936 -0.4989776 
105.75999936 -0.4989776 
105.91999936 -0.941496 
105.95999936 -0.4989776 
106.19999935 -0.4989776 
106.23999935 -0.4989776 
106.27999935 -0.941496 
106.31999935 -0.4989776 
106.35999935 -0.4989776 
106.39999935 -0.4989776 
106.43999935 -0.4989776 
106.47999935 -0.4989776 
106.51999935 -0.4989776 
106.67999935 -0.941496 
106.71999935 -2.267525 
106.75999935 -1.825007 
106.91999935 -0.4989776 
106.95999935 -0.4989776 
106.99999935 -0.941496 
107.03999935 -0.941496 
107.07999935 -0.941496 
107.11999935 -0.941496 
107.15999935 -0.4989776 
107.19999935 -0.941496 
107.23999935 -0.941496 
107.27999935 -0.941496 
107.31999935 -0.941496 
107.35999935 -0.941496 
107.39999935 -0.941496 
107.43999935 -0.4989776 
107.51999935 -0.941496 
107.55999935 -0.941496 
107.59999935 -1.382488 
107.63999935 -0.941496 
107.67999935 -0.4989776 
107.71999935 -0.4989776 
107.75999935 -0.941496 
107.79999934 -0.941496 
107.83999934 -1.825007 
107.87999934 -1.382488 
107.91999934 -0.941496 
107.95999934 -0.4989776 
107.99999934 -0.4989776 
108.15999934 -0.4989776 
108.19999934 -0.941496 
108.23999934 -1.825007 
108.27999934 -1.825007 
108.31999934 -0.941496 
108.35999934 -0.4989776 
108.47999934 -0.4989776 
108.51999934 -0.4989776 
108.55999934 -0.941496 
108.59999934 -0.4989776 
108.63999934 -0.941496 
108.67999934 -0.941496 
108.71999934 -0.941496 
108.75999934 -0.4989776 
108.79999934 -0.941496 
108.83999934 -0.4989776 
109.03999934 -0.941496 
109.07999934 -0.4989776 
109.19999934 -2.267525 
109.35999934 -3.593554 
109.39999934 -0.4989776 
109.59999933 -0.4989776 
109.63999933 -0.4989776 
109.91999933 -0.4989776 
110.79999933 -0.4989776 
110.83999933 -0.4989776 
110.99999933 -1.382488 
111.03999933 -0.941496 
111.23999932 -1.825007 
111.27999932 -1.825007 
111.43999932 -0.4989776 
111.47999932 -1.382488 
111.51999932 -0.4989776 
111.75999932 -0.941496 
111.79999932 -0.941496 
111.95999932 -0.941496 
111.99999932 -0.4989776 
112.11999932 -0.4989776 
112.15999932 -0.941496 
112.19999932 -0.4989776 
112.35999932 -0.4989776 
112.39999932 -0.941496 
112.43999932 -0.941496 
112.47999932 -0.4989776 
112.59999932 -0.4989776 
112.75999931 -0.4989776 
112.79999931 -0.4989776 
112.83999931 -0.4989776 
113.03999931 -3.151036 
113.07999931 -2.708518 
113.19999931 -0.4989776 
113.31999931 -0.4989776 
113.35999931 -4.919584 
113.51999931 -7.129124 
113.63999931 -3.151036 
113.67999931 -0.941496 
113.71999931 -1.382488 
113.87999931 -4.919584 
113.91999931 -1.825007 
114.03999931 -2.267525 
114.15999931 -2.267525 
114.31999931 -2.267525 
114.5199993 -0.4989776 
114.6799993 -0.941496 
114.9599993 -1.825007 
114.9999993 -0.4989776 
115.7199993 -0.4989776 
115.7599993 -0.4989776 
115.9599993 -0.4989776 
115.9999993 -0.4989776 
116.23999929 -0.4989776 
116.27999929 -0.4989776 
116.71999929 -0.4989776 
116.95999929 -0.4989776 
117.19999929 -0.4989776 
117.43999929 -1.825007 
117.47999929 -0.941496 
117.59999929 -1.825007 
117.63999929 -1.825007 
117.87999928 -0.4989776 
117.91999928 -0.4989776 
118.07999928 -0.4989776 
118.11999928 -0.4989776 
118.27999928 -0.4989776 
118.31999928 -0.4989776 
118.35999928 -0.4989776 
118.39999928 -0.941496 
118.43999928 -0.4989776 
118.47999928 -1.825007 
118.51999928 -2.267525 
118.55999928 -0.941496 
118.71999928 -0.941496 
118.75999928 -1.825007 
118.79999928 -0.4989776 
118.91999928 -0.941496 
118.95999928 -0.4989776 
118.99999928 -0.941496 
119.03999928 -0.941496 
119.07999928 -0.4989776 
119.11999928 -0.4989776 
119.19999928 -0.4989776 
119.23999928 -0.4989776 
119.27999928 -0.4989776 
119.31999927 -0.941496 
119.47999927 -0.941496 
119.51999927 -0.941496 
119.55999927 -0.941496 
119.59999927 -0.4989776 
119.71999927 -0.4989776 
119.75999927 -0.4989776 
119.79999927 -0.941496 
119.83999927 -0.4989776 
119.95999927 -0.4989776 
119.99999927 -0.941496 
120.27999927 -0.4989776 
120.31999927 -0.941496 
120.51999927 -0.4989776 
120.71999927 -0.4989776 
121.35999926 -0.4989776 
122.51999926 -0.4989776 
122.71999925 -0.4989776 
122.91999925 -0.4989776 
122.95999925 -0.941496 
122.99999925 -0.4989776 
123.15999925 -0.941496 
123.39999925 -0.4989776 
123.63999925 -0.4989776 
123.83999925 -0.4989776 
124.27999924 -0.4989776 
124.51999924 -0.941496 
124.55999924 -0.4989776 
124.59999924 -0.4989776 
124.83999924 -0.4989776 
124.87999924 -0.4989776 
126.31999923 -0.4989776 
126.47999923 -1.382488 
127.95999922 -0.4989776 
128.19999922 -0.4989776 
128.23999922 -0.4989776 
128.63999922 -0.4989776 
128.67999922 -0.4989776 
129.27999921 -0.941496 
129.31999921 -0.941496 
129.47999921 -0.4989776 
129.51999921 -0.941496 
129.55999921 -0.4989776 
129.71999921 -0.4989776 
129.87999921 -0.4989776 
130.07999921 -0.4989776 
130.51999921 -0.4989776 
130.9999992 -3.593554 
131.0399992 -0.941496 
131.1599992 -0.941496 
131.1999992 -0.4989776 
131.5999992 -0.4989776 
131.6399992 -0.941496 
131.8399992 -0.941496 
131.8799992 -0.4989776 
132.0399992 -0.4989776 
132.2799992 -0.4989776 
132.3199992 -0.4989776 
132.51999919 -0.4989776 
132.55999919 -0.4989776 
132.95999919 -0.4989776 
132.99999919 -0.941496 
133.03999919 -0.4989776 
133.19999919 -0.4989776 
133.23999919 -0.941496 
133.27999919 -0.4989776 
133.43999919 -0.941496 
133.47999919 -0.4989776 
133.63999919 -0.941496 
133.67999919 -0.941496 
133.71999919 -0.4989776 
133.87999919 -0.941496 
133.91999919 -0.941496 
133.95999919 -0.4989776 
134.07999919 -0.4989776 
134.11999918 -1.382488 
134.15999918 -1.382488 
134.19999918 -0.4989776 
134.31999918 -0.941496 
134.35999918 -1.825007 
134.39999918 -0.941496 
134.51999918 -0.4989776 
134.55999918 -0.941496 
134.59999918 -0.4989776 
134.75999918 -0.941496 
134.79999918 -0.941496 
134.83999918 -0.941496 
134.87999918 -0.4989776 
134.91999918 -0.4989776 
134.99999918 -0.4989776 
135.07999918 -0.4989776 
135.11999918 -2.708518 
135.15999918 -2.708518 
135.19999918 -0.941496 
135.39999918 -0.941496 
135.43999918 -1.382488 
135.47999918 -0.941496 
135.51999918 -0.4989776 
135.67999918 -0.941496 
135.71999918 -0.941496 
135.79999917 -0.941496 
135.91999917 -0.941496 
135.95999917 -0.941496 
135.99999917 -0.4989776 
136.03999917 -0.4989776 
136.19999917 -0.941496 
136.23999917 -0.941496 
136.39999917 -0.4989776 
136.43999917 -0.4989776 
136.59999917 -0.941496 
136.63999917 -1.382488 
136.67999917 -0.4989776 
136.83999917 -0.4989776 
138.23999916 -0.4989776 
138.47999916 -0.4989776 
138.71999916 -0.4989776 
138.91999916 -3.151036 
138.95999916 -7.570117 
139.19999915 -0.941496 
139.23999915 -0.941496 
139.35999915 -0.4989776 
139.39999915 -0.4989776 
139.87999915 -0.941496 
139.91999915 -0.941496 
140.11999915 -0.941496 
140.31999915 -0.4989776 
140.51999915 -0.941496 
140.55999915 -0.4989776 
140.75999914 -0.4989776 
140.79999914 -0.941496 
140.99999914 -0.4989776 
141.23999914 -0.4989776 
141.39999914 -0.4989776 
141.59999914 -0.4989776 
142.75999913 -0.941496 
142.79999913 -0.941496 
143.03999913 -0.941496 
143.07999913 -4.919584 
143.23999913 -8.896146 
143.35999913 -3.151036 
143.59999913 -5.360576 
143.63999913 -1.382488 
143.75999913 -2.708518 
143.87999913 -5.803094 
143.91999913 -4.034547 
144.03999912 -2.708518 
144.07999912 -0.941496 
144.23999912 -0.941496 
144.27999912 -0.4989776 
144.31999912 -0.4989776 
144.35999912 -0.941496 
144.39999912 -1.825007 
144.43999912 -0.941496 
144.59999912 -0.4989776 
144.63999912 -0.941496 
144.67999912 -0.941496 
144.71999912 -0.941496 
144.75999912 -0.941496 
144.79999912 -0.941496 
144.83999912 -0.4989776 
145.03999912 -0.941496 
145.07999912 -0.941496 
145.11999912 -1.382488 
145.23999912 -0.941496 
145.27999912 -1.825007 
145.31999912 -0.941496 
145.47999912 -0.4989776 
145.51999912 -0.941496 
145.55999912 -0.941496 
145.59999912 -0.941496 
145.63999911 -0.4989776 
145.71999911 -0.4989776 
145.75999911 -0.941496 
145.79999911 -0.941496 
145.83999911 -0.4989776 
145.87999911 -0.4989776 
145.99999911 -0.4989776 
146.03999911 -0.4989776 
146.07999911 -0.4989776 
146.11999911 -0.4989776 
146.15999911 -0.941496 
146.19999911 -0.941496 
146.23999911 -0.4989776 
146.47999911 -0.941496 
146.51999911 -0.941496 
146.55999911 -0.941496 
146.59999911 -0.941496 
146.91999911 -0.4989776 
146.95999911 -0.941496 
146.99999911 -0.941496 
147.19999911 -0.4989776 
147.23999911 -0.941496 
147.4399991 -0.4989776 
147.4799991 -0.4989776 
148.0799991 -0.4989776 
151.79999908 -0.941496 
151.83999908 -0.4989776 
152.03999908 -0.941496 
152.07999908 -0.941496 
152.27999907 -0.4989776 
152.47999907 -6.244087 
152.51999907 -1.825007 
152.63999907 -0.941496 
152.67999907 -0.4989776 
153.75999907 -0.4989776 
153.79999907 -0.4989776 
155.87999905 -0.4989776 
155.91999905 -0.4989776 
156.39999905 -0.4989776 
156.43999905 -1.825007 
156.47999905 -0.941496 
156.63999905 -0.4989776 
156.67999905 -0.941496 
156.71999905 -0.4989776 
156.87999905 -0.4989776 
156.91999905 -0.4989776 
156.95999905 -0.941496 
156.99999905 -0.941496 
157.15999904 -0.4989776 
157.19999904 -1.825007 
157.27999904 -3.593554 
157.31999904 -2.708518 
157.43999904 -0.4989776 
157.47999904 -0.941496 
157.59999904 -0.4989776 
157.71999904 -0.941496 
157.75999904 -0.941496 
157.91999904 -0.4989776 
157.95999904 -0.941496 
157.99999904 -0.4989776 
158.15999904 -0.4989776 
158.19999904 -0.941496 
158.23999904 -0.4989776 
158.43999904 -0.4989776 
158.47999904 -0.941496 
158.63999904 -0.941496 
158.67999904 -0.941496 
160.47999902 -0.4989776 
160.51999902 -0.4989776 
160.83999902 -0.4989776 
160.87999902 -0.4989776 
160.91999902 -0.4989776 
161.11999902 -0.941496 
161.15999902 -0.941496 
161.35999902 -0.4989776 
161.79999902 -0.4989776 
161.83999902 -0.941496 
161.87999902 -0.4989776 
161.99999902 -0.4989776 
162.03999902 -0.4989776 
162.35999901 -0.4989776 
162.47999901 -0.4989776 
162.51999901 -1.382488 
162.55999901 -0.941496 
162.75999901 -0.4989776 
162.79999901 -0.941496 
162.83999901 -0.4989776 
162.99999901 -0.4989776 
163.03999901 -0.4989776 
163.23999901 -0.4989776 
163.27999901 -0.4989776 
163.55999901 -0.4989776 
163.59999901 -0.4989776 
163.759999 -0.4989776 
163.919999 -0.4989776 
163.959999 -0.4989776 
164.399999 -0.4989776 
164.439999 -0.4989776 
165.199999 -0.4989776 
165.239999 -2.708518 
165.51999899 -0.941496 
165.55999899 -0.941496 
165.75999899 -1.825007 
165.79999899 -1.825007 
165.99999899 -0.941496 
166.03999899 -0.4989776 
166.19999899 -0.4989776 
166.23999899 -0.941496 
166.63999899 -0.941496 
166.67999899 -0.941496 
166.95999899 -0.4989776 
166.99999899 -0.941496 
167.03999898 -0.4989776 
167.35999898 -0.4989776 
167.39999898 -0.941496 
167.55999898 -0.4989776 
167.59999898 -0.941496 
167.63999898 -0.4989776 
167.75999898 -0.4989776 
167.79999898 -0.941496 
167.83999898 -0.941496 
167.87999898 -0.941496 
167.91999898 -0.4989776 
168.07999898 -0.941496 
168.11999898 -1.825007 
168.15999898 -1.825007 
168.19999898 -0.941496 
168.23999898 -0.4989776 
168.31999898 -0.4989776 
168.35999898 -0.4989776 
168.47999898 -0.941496 
168.51999898 -1.825007 
168.55999898 -1.825007 
168.59999898 -0.941496 
168.63999898 -0.4989776 
168.79999897 -0.4989776 
168.83999897 -0.4989776 
168.87999897 -0.941496 
168.91999897 -0.941496 
168.95999897 -0.941496 
168.99999897 -0.941496 
169.03999897 -0.4989776 
169.07999897 -0.4989776 
169.11999897 -0.4989776 
169.15999897 -0.4989776 
169.19999897 -0.4989776 
169.27999897 -3.151036 
169.31999897 -6.244087 
169.43999897 -0.4989776 
169.47999897 -2.267525 
169.51999897 -0.941496 
169.55999897 -0.4989776 
169.67999897 -0.4989776 
169.71999897 -0.941496 
169.75999897 -0.4989776 
169.87999897 -0.4989776 
169.91999897 -1.382488 
169.95999897 -1.825007 
169.99999897 -0.4989776 
170.15999897 -2.267525 
170.19999897 -7.129124 
170.23999897 -1.382488 
170.35999896 -0.4989776 
170.39999896 -0.941496 
170.43999896 -0.4989776 
170.59999896 -0.4989776 
170.63999896 -0.941496 
170.67999896 -0.4989776 
170.83999896 -0.941496 
170.87999896 -0.4989776 
171.03999896 -0.4989776 
171.07999896 -0.4989776 
171.31999896 -0.4989776 
171.55999896 -0.4989776 
171.95999895 -0.4989776 
172.11999895 -0.4989776 
172.31999895 -0.4989776 
172.35999895 -0.4989776 
172.51999895 -0.4989776 
172.71999895 -0.4989776 
172.75999895 -0.941496 
172.87999895 -0.4989776 
172.91999895 -0.4989776 
172.95999895 -0.4989776 
173.07999895 -0.4989776 
173.11999895 -0.941496 
173.15999895 -0.4989776 
173.31999895 -0.4989776 
173.35999895 -2.267525 
173.39999895 -2.267525 
173.43999895 -0.4989776 
173.47999895 -7.129124 
173.51999895 -3.151036 
173.63999894 -2.708518 
173.67999894 -1.382488 
173.91999894 -4.477065 
173.95999894 -2.267525 
174.03999894 -0.941496 
174.07999894 -3.593554 
174.19999894 -1.825007 
174.23999894 -2.267525 
174.47999894 -0.4989776 
174.71999894 -0.941496 
174.75999894 -0.941496 
175.63999893 -1.382488 
175.67999893 -0.941496 
177.55999892 -0.4989776 
178.63999891 -1.825007 
178.67999891 -3.593554 
178.91999891 -0.4989776 
178.95999891 -0.4989776 
179.19999891 -0.4989776 
182.79999889 -0.4989776 
183.03999889 -0.941496 
183.07999889 -0.941496 
183.27999889 -0.4989776 
183.51999888 -0.941496 
183.55999888 -1.825007 
183.59999888 -4.034547 
183.75999888 -1.825007 
183.79999888 -0.941496 
184.15999888 -0.4989776 
184.19999888 -0.4989776 
184.43999888 -0.4989776 
184.47999888 -1.825007 
184.51999888 -1.825007 
184.55999888 -0.4989776 
184.83999888 -0.4989776 
184.87999888 -0.941496 
184.91999888 -0.4989776 
185.27999887 -0.941496 
185.31999887 -1.825007 
185.51999887 -0.4989776 
185.55999887 -0.4989776 
187.83999886 -0.4989776 
188.27999886 -0.941496 
188.95999885 -0.4989776 
189.19999885 -0.4989776 
189.23999885 -0.941496 
189.43999885 -0.4989776 
189.47999885 -0.4989776 
189.71999885 -0.4989776 
189.91999885 -0.4989776 
189.95999885 -0.941496 
190.11999884 -0.4989776 
190.15999884 -0.941496 
190.19999884 -0.4989776 
190.35999884 -0.4989776 
190.39999884 -0.941496 
190.59999884 -0.941496 
190.63999884 -0.4989776 
191.19999884 -0.4989776 
191.39999884 -1.825007 
191.43999884 -0.941496 
191.55999884 -0.4989776 
191.99999883 -0.941496 
192.03999883 -2.267525 
192.07999883 -1.825007 
192.35999883 -0.4989776 
192.39999883 -0.941496 
192.43999883 -0.4989776 
192.63999883 -1.382488 
192.67999883 -0.941496 
192.87999883 -0.4989776 
192.91999883 -0.941496 
192.95999883 -0.4989776 
193.11999883 -0.941496 
193.15999883 -0.941496 
193.19999883 -0.4989776 
193.35999882 -0.4989776 
193.39999882 -0.941496 
193.43999882 -0.941496 
193.59999882 -0.941496 
193.63999882 -0.941496 
193.67999882 -0.4989776 
193.75999882 -0.4989776 
193.79999882 -0.4989776 
193.83999882 -0.941496 
193.87999882 -0.4989776 
193.99999882 -0.4989776 
194.03999882 -0.941496 
194.07999882 -0.4989776 
194.11999882 -0.941496 
194.15999882 -0.4989776 
194.19999882 -0.4989776 
194.27999882 -0.941496 
194.31999882 -0.941496 
194.35999882 -0.941496 
194.39999882 -0.4989776 
194.43999882 -0.4989776 
194.47999882 -0.4989776 
194.51999882 -0.941496 
194.55999882 -1.382488 
194.59999882 -0.941496 
194.63999882 -0.4989776 
194.71999882 -0.941496 
194.75999882 -2.267525 
194.79999882 -1.825007 
194.83999882 -0.4989776 
194.91999882 -0.941496 
194.95999882 -1.825007 
194.99999881 -1.382488 
195.03999881 -0.941496 
195.11999881 -0.4989776 
195.15999881 -0.941496 
195.19999881 -0.941496 
195.23999881 -0.941496 
195.27999881 -0.941496 
195.31999881 -0.941496 
195.35999881 -0.941496 
195.39999881 -0.941496 
195.43999881 -0.941496 
195.47999881 -0.941496 
195.51999881 -0.941496 
195.55999881 -0.4989776 
195.59999881 -0.4989776 
195.63999881 -0.941496 
195.67999881 -1.382488 
195.71999881 -0.4989776 
195.79999881 -0.4989776 
195.83999881 -2.267525 
195.87999881 -1.825007 
195.91999881 -0.941496 
196.03999881 -0.4989776 
196.07999881 -0.941496 
196.11999881 -0.941496 
196.15999881 -0.941496 
196.27999881 -0.4989776 
196.31999881 -0.941496 
196.35999881 -0.941496 
196.47999881 -4.477065 
196.51999881 -2.267525 
196.6399988 -1.825007 
196.6799988 -0.941496 
196.7999988 -0.941496 
196.8399988 -0.4989776 
196.9199988 -0.4989776 
196.9599988 -1.825007 
196.9999988 -0.4989776 
197.1599988 -0.4989776 
197.1999988 -0.941496 
197.2399988 -0.4989776 
197.3999988 -0.4989776 
197.9599988 -0.4989776 
198.1599988 -0.4989776 
198.47999879 -0.4989776 
199.95999878 -0.941496 
199.99999878 -2.708518 
0 0 
