0.08 -0.4577776 
0.2 -0.4577776 
0.24 -0.4577776 
0.32 -0.4577776 
0.44 -0.4577776 
0.48 -0.4577776 
0.52 -0.4577776 
0.6 -0.4577776 
0.64 -0.4577776 
0.68 -0.4577776 
0.87999999 -0.4577776 
0.91999999 -0.4577776 
0.95999999 -0.4577776 
1.15999999 -0.4577776 
1.31999999 -0.4577776 
1.35999999 -0.4577776 
1.43999999 -0.4577776 
1.47999999 -0.4577776 
1.51999999 -0.4577776 
1.55999999 -0.4577776 
1.59999999 -0.4577776 
1.67999999 -0.4577776 
1.71999999 -0.4577776 
1.79999999 -0.4577776 
1.83999999 -0.4577776 
1.87999999 -0.4577776 
1.91999999 -0.4577776 
1.95999999 -0.4577776 
2.03999999 -0.4577776 
2.07999999 -0.4577776 
2.19999999 -0.4577776 
2.23999999 -0.4577776 
2.27999999 -0.4577776 
2.35999999 -0.4577776 
2.43999999 -0.4577776 
2.47999998 -0.4577776 
2.51999998 -0.4577776 
2.55999998 -0.4577776 
2.59999998 -0.4577776 
2.75999998 -0.4577776 
2.83999998 -0.4577776 
3.23999998 -0.4577776 
3.35999998 -0.4577776 
3.59999998 -0.4577776 
4.19999997 -0.4577776 
4.31999997 -0.4577776 
4.43999997 -0.4577776 
4.55999997 -0.4577776 
4.59999997 -0.4577776 
4.71999997 -0.4577776 
4.79999997 -0.4577776 
5.03999997 -0.4577776 
5.07999997 -0.4577776 
5.11999997 -0.4577776 
5.27999997 -0.4577776 
5.31999997 -0.4577776 
5.35999997 -0.4577776 
5.43999997 -0.4577776 
5.51999997 -0.4577776 
5.55999997 -0.4577776 
5.59999997 -0.4577776 
5.63999997 -0.4577776 
5.71999997 -0.4577776 
5.75999996 -0.4577776 
5.79999996 -0.4577776 
5.83999996 -0.4577776 
5.87999996 -0.4577776 
5.91999996 -0.4577776 
5.95999996 -0.4577776 
5.99999996 -0.4577776 
6.03999996 -0.4577776 
6.07999996 -0.4577776 
6.11999996 -0.4577776 
6.15999996 -0.4577776 
6.19999996 -0.4577776 
6.23999996 -0.4577776 
6.27999996 -0.4577776 
6.35999996 -0.4577776 
6.39999996 -1.339762 
6.43999996 -0.4577776 
6.47999996 -0.4577776 
6.51999996 -0.4577776 
6.55999996 -0.4577776 
6.59999996 -0.4577776 
6.63999996 -0.4577776 
6.67999996 -1.339762 
6.71999996 -0.4577776 
6.75999996 -0.4577776 
6.79999996 -0.4577776 
6.83999996 -1.339762 
6.87999996 -0.4577776 
6.91999996 -0.4577776 
6.95999996 -0.4577776 
6.99999996 -0.4577776 
7.03999996 -1.339762 
7.07999996 -0.4577776 
7.11999996 -0.4577776 
7.15999996 -0.4577776 
7.19999996 -1.339762 
7.23999996 -0.4577776 
7.27999996 -0.4577776 
7.31999996 -0.4577776 
7.35999996 -0.4577776 
7.39999996 -0.4577776 
7.43999995 -0.4577776 
7.47999995 -1.339762 
7.51999995 -0.4577776 
7.55999995 -0.4577776 
7.59999995 -0.4577776 
7.63999995 -0.4577776 
7.67999995 -0.4577776 
7.71999995 -1.339762 
7.75999995 -0.4577776 
7.79999995 -0.4577776 
7.83999995 -0.4577776 
7.87999995 -0.4577776 
7.91999995 -0.4577776 
7.95999995 -0.4577776 
7.99999995 -0.4577776 
8.03999995 -1.339762 
8.07999995 -0.4577776 
8.11999995 -0.4577776 
8.15999995 -0.4577776 
8.19999995 -0.4577776 
8.23999995 -0.4577776 
8.27999995 -0.4577776 
8.31999995 -0.4577776 
8.35999995 -0.4577776 
8.39999995 -0.4577776 
8.43999995 -0.4577776 
8.47999995 -0.4577776 
8.51999995 -0.4577776 
8.55999995 -0.4577776 
8.59999995 -0.4577776 
8.63999995 -0.4577776 
8.67999995 -0.4577776 
8.71999995 -0.4577776 
8.75999995 -0.4577776 
8.79999995 -0.4577776 
8.83999995 -0.4577776 
8.87999995 -0.4577776 
8.91999995 -0.4577776 
8.95999995 -0.4577776 
8.99999995 -0.4577776 
9.03999995 -0.4577776 
9.07999994 -0.4577776 
9.11999994 -0.4577776 
9.15999994 -0.4577776 
9.19999994 -0.4577776 
9.31999994 -0.4577776 
9.35999994 -0.4577776 
9.43999994 -0.4577776 
9.51999994 -0.4577776 
10.67999994 -0.4577776 
10.79999993 -0.4577776 
10.83999993 -0.4577776 
10.95999993 -0.4577776 
10.99999993 -0.4577776 
11.15999993 -0.4577776 
11.19999993 -1.339762 
11.31999993 -0.4577776 
11.43999993 -0.4577776 
11.47999993 -0.4577776 
11.63999993 -0.4577776 
11.67999993 -0.4577776 
11.79999993 -0.4577776 
11.83999993 -0.4577776 
12.03999993 -0.4577776 
12.15999993 -0.4577776 
12.19999993 -0.4577776 
12.31999993 -0.4577776 
12.47999992 -0.4577776 
16.8399999 -0.4577776 
16.8799999 -0.4577776 
20.27999988 -0.4577776 
20.31999988 -0.4577776 
20.51999988 -0.4577776 
20.63999987 -0.4577776 
20.67999987 -0.4577776 
20.71999987 -0.4577776 
20.79999987 -0.4577776 
20.83999987 -0.4577776 
20.87999987 -0.4577776 
20.91999987 -0.4577776 
20.95999987 -0.4577776 
20.99999987 -0.4577776 
21.03999987 -0.4577776 
21.07999987 -0.4577776 
21.11999987 -0.4577776 
21.15999987 -0.4577776 
21.19999987 -0.4577776 
21.23999987 -0.4577776 
21.27999987 -0.4577776 
21.31999987 -0.4577776 
21.35999987 -0.4577776 
21.39999987 -0.4577776 
21.43999987 -0.4577776 
21.47999987 -0.4577776 
21.51999987 -0.4577776 
21.55999987 -0.4577776 
21.59999987 -0.4577776 
21.63999987 -0.4577776 
21.67999987 -0.4577776 
21.71999987 -0.4577776 
21.75999987 -0.4577776 
21.79999987 -0.4577776 
21.83999987 -0.4577776 
21.87999987 -0.4577776 
21.91999987 -0.4577776 
21.95999987 -0.4577776 
21.99999987 -1.339762 
22.03999987 -0.4577776 
22.07999987 -0.4577776 
22.11999987 -0.4577776 
22.15999987 -1.339762 
22.19999987 -0.4577776 
22.23999986 -1.339762 
22.27999986 -1.339762 
22.31999986 -0.4577776 
22.35999986 -1.339762 
22.39999986 -0.4577776 
22.43999986 -1.339762 
22.47999986 -0.4577776 
22.51999986 -0.4577776 
22.55999986 -0.4577776 
22.59999986 -0.4577776 
22.63999986 -0.4577776 
22.67999986 -0.4577776 
22.71999986 -1.339762 
22.75999986 -1.339762 
22.79999986 -0.4577776 
22.83999986 -1.339762 
22.87999986 -1.339762 
22.91999986 -1.339762 
22.95999986 -1.339762 
22.99999986 -0.4577776 
23.03999986 -0.4577776 
23.07999986 -0.4577776 
23.11999986 -0.4577776 
23.15999986 -0.4577776 
23.19999986 -1.339762 
23.23999986 -0.4577776 
23.27999986 -0.4577776 
23.31999986 -0.4577776 
23.35999986 -0.4577776 
23.39999986 -1.339762 
23.43999986 -0.4577776 
23.47999986 -0.4577776 
23.51999986 -0.4577776 
23.55999986 -0.4577776 
23.59999986 -0.4577776 
23.63999986 -0.4577776 
23.67999986 -0.4577776 
23.71999986 -0.4577776 
23.75999986 -0.4577776 
23.79999986 -0.4577776 
23.83999986 -0.4577776 
23.87999985 -0.4577776 
23.91999985 -0.4577776 
23.95999985 -0.4577776 
23.99999985 -0.4577776 
24.03999985 -0.4577776 
24.07999985 -0.4577776 
24.11999985 -0.4577776 
24.15999985 -0.4577776 
24.19999985 -0.4577776 
24.23999985 -0.4577776 
24.27999985 -0.4577776 
24.31999985 -0.4577776 
24.39999985 -0.4577776 
24.55999985 -0.4577776 
24.59999985 -0.4577776 
27.91999983 -0.4577776 
27.95999983 -0.4577776 
28.03999983 -0.4577776 
28.11999983 -0.4577776 
28.15999983 -0.4577776 
28.19999983 -0.4577776 
28.23999983 -0.4577776 
28.27999983 -0.4577776 
28.31999983 -0.4577776 
28.35999983 -0.4577776 
28.39999983 -0.4577776 
28.43999983 -0.4577776 
28.47999983 -0.4577776 
28.51999983 -0.4577776 
28.55999983 -0.4577776 
28.59999983 -0.4577776 
28.63999983 -0.4577776 
28.67999983 -0.4577776 
28.71999983 -0.4577776 
28.75999983 -0.4577776 
28.79999982 -0.4577776 
28.83999982 -0.4577776 
28.87999982 -0.4577776 
28.91999982 -0.4577776 
28.95999982 -0.4577776 
28.99999982 -0.4577776 
29.03999982 -0.4577776 
29.07999982 -0.4577776 
29.11999982 -1.339762 
29.15999982 -0.4577776 
29.19999982 -0.4577776 
29.23999982 -0.4577776 
29.27999982 -0.4577776 
29.31999982 -0.4577776 
29.35999982 -0.4577776 
29.39999982 -0.4577776 
29.43999982 -0.4577776 
29.47999982 -0.4577776 
29.51999982 -0.4577776 
29.55999982 -0.4577776 
29.59999982 -1.339762 
29.63999982 -0.4577776 
29.67999982 -0.4577776 
29.71999982 -0.4577776 
29.75999982 -0.4577776 
29.79999982 -0.4577776 
29.83999982 -0.4577776 
29.87999982 -0.4577776 
29.91999982 -0.4577776 
29.95999982 -0.4577776 
29.99999982 -0.4577776 
30.03999982 -0.4577776 
30.07999982 -0.4577776 
30.11999982 -0.4577776 
30.15999982 -0.4577776 
30.43999982 -0.4577776 
31.71999981 -0.4577776 
31.79999981 -0.4577776 
31.87999981 -0.4577776 
31.95999981 -0.4577776 
31.99999981 -0.4577776 
32.03999981 -0.4577776 
32.07999981 -0.4577776 
32.1199998 -0.4577776 
32.1599998 -0.4577776 
32.2399998 -0.4577776 
32.2799998 -0.4577776 
32.3199998 -0.4577776 
32.3599998 -0.4577776 
32.3999998 -0.4577776 
32.4399998 -0.4577776 
32.4799998 -0.4577776 
32.5199998 -0.4577776 
32.5599998 -0.4577776 
32.5999998 -0.4577776 
32.6399998 -0.4577776 
32.6799998 -0.4577776 
32.7199998 -0.4577776 
32.7599998 -1.339762 
32.7999998 -1.339762 
32.8399998 -0.4577776 
32.8799998 -0.4577776 
32.9199998 -1.339762 
32.9599998 -0.4577776 
32.9999998 -0.4577776 
33.0399998 -0.4577776 
33.0799998 -1.339762 
33.1199998 -1.339762 
33.1599998 -1.339762 
33.1999998 -1.339762 
33.2399998 -1.339762 
33.2799998 -1.339762 
33.3199998 -1.339762 
33.3599998 -1.339762 
33.3999998 -1.339762 
33.4399998 -1.339762 
33.4799998 -1.339762 
33.5199998 -1.339762 
33.5599998 -1.339762 
33.5999998 -1.339762 
33.6399998 -1.339762 
33.6799998 -1.339762 
33.7199998 -1.339762 
33.75999979 -1.339762 
33.79999979 -1.339762 
33.83999979 -2.224799 
33.87999979 -2.224799 
33.91999979 -1.339762 
33.95999979 -1.339762 
33.99999979 -1.339762 
34.03999979 -1.339762 
34.07999979 -1.339762 
34.11999979 -1.339762 
34.15999979 -1.339762 
34.19999979 -1.339762 
34.23999979 -1.339762 
34.27999979 -1.339762 
34.31999979 -1.339762 
34.35999979 -1.339762 
34.39999979 -1.339762 
34.43999979 -1.339762 
34.47999979 -0.4577776 
34.51999979 -0.4577776 
34.55999979 -1.339762 
34.59999979 -1.339762 
34.63999979 -1.339762 
34.67999979 -0.4577776 
34.71999979 -2.224799 
34.75999979 -2.224799 
34.79999979 -0.4577776 
34.83999979 -0.4577776 
34.87999979 -2.224799 
34.91999979 -0.4577776 
34.95999979 -0.4577776 
34.99999979 -1.339762 
35.03999979 -0.4577776 
35.07999979 -0.4577776 
35.11999979 -0.4577776 
35.15999979 -0.4577776 
35.19999979 -1.339762 
35.23999979 -1.339762 
35.31999979 -0.4577776 
35.35999979 -0.4577776 
35.47999978 -0.4577776 
35.51999978 -0.4577776 
35.63999978 -1.339762 
35.67999978 -0.4577776 
35.87999978 -0.4577776 
39.87999976 -0.4577776 
39.99999976 -0.4577776 
40.11999976 -0.4577776 
40.19999976 -0.4577776 
40.23999976 -0.4577776 
40.47999975 -0.4577776 
44.23999973 -0.4577776 
44.27999973 -0.4577776 
44.31999973 -0.4577776 
44.35999973 -0.4577776 
44.39999973 -0.4577776 
44.43999973 -0.4577776 
44.47999973 -0.4577776 
44.51999973 -0.4577776 
44.55999973 -0.4577776 
44.59999973 -1.339762 
44.63999973 -0.4577776 
44.67999973 -0.4577776 
44.71999973 -1.339762 
44.75999973 -0.4577776 
44.79999973 -1.339762 
44.83999973 -1.339762 
44.87999973 -1.339762 
44.91999973 -1.339762 
44.95999973 -1.339762 
44.99999973 -1.339762 
45.03999973 -1.339762 
45.07999973 -1.339762 
45.11999973 -1.339762 
45.15999973 -1.339762 
45.19999973 -1.339762 
45.23999973 -1.339762 
45.27999972 -1.339762 
45.31999972 -1.339762 
45.35999972 -1.339762 
45.39999972 -1.339762 
45.43999972 -1.339762 
45.47999972 -1.339762 
45.51999972 -1.339762 
45.55999972 -1.339762 
45.59999972 -1.339762 
45.63999972 -1.339762 
45.67999972 -1.339762 
45.71999972 -1.339762 
45.75999972 -1.339762 
45.79999972 -1.339762 
45.83999972 -1.339762 
45.87999972 -0.4577776 
45.91999972 -1.339762 
45.95999972 -1.339762 
45.99999972 -1.339762 
46.03999972 -1.339762 
46.07999972 -1.339762 
46.11999972 -0.4577776 
46.15999972 -0.4577776 
46.19999972 -1.339762 
46.23999972 -0.4577776 
46.27999972 -0.4577776 
46.31999972 -0.4577776 
46.35999972 -0.4577776 
46.39999972 -0.4577776 
46.43999972 -0.4577776 
46.47999972 -0.4577776 
46.51999972 -0.4577776 
46.55999972 -0.4577776 
46.59999972 -0.4577776 
46.67999972 -0.4577776 
46.79999972 -0.4577776 
50.35999969 -0.4577776 
50.39999969 -0.4577776 
50.63999969 -0.4577776 
50.75999969 -0.4577776 
50.91999969 -0.4577776 
51.07999969 -0.4577776 
51.15999969 -0.4577776 
51.35999969 -0.4577776 
55.11999967 -0.4577776 
55.15999966 -0.4577776 
55.23999966 -0.4577776 
55.27999966 -0.4577776 
55.31999966 -0.4577776 
55.35999966 -0.4577776 
55.39999966 -0.4577776 
55.43999966 -0.4577776 
55.47999966 -0.4577776 
55.51999966 -1.339762 
55.55999966 -1.339762 
55.59999966 -1.339762 
55.63999966 -1.339762 
55.67999966 -1.339762 
55.71999966 -0.4577776 
55.75999966 -1.339762 
55.79999966 -1.339762 
55.83999966 -1.339762 
55.87999966 -1.339762 
55.91999966 -2.224799 
55.95999966 -2.224799 
55.99999966 -2.224799 
56.03999966 -2.224799 
56.07999966 -2.224799 
56.11999966 -2.224799 
56.15999966 -2.224799 
56.19999966 -2.224799 
56.23999966 -2.224799 
56.27999966 -2.224799 
56.31999966 -2.224799 
56.35999966 -2.224799 
56.39999966 -2.224799 
56.43999966 -2.224799 
56.47999966 -3.109836 
56.51999966 -2.224799 
56.55999966 -3.109836 
56.59999966 -2.224799 
56.63999966 -2.224799 
56.67999966 -3.109836 
56.71999966 -2.224799 
56.75999966 -2.224799 
56.79999965 -3.109836 
56.83999965 -3.109836 
56.87999965 -3.109836 
56.91999965 -3.109836 
56.95999965 -3.109836 
56.99999965 -3.994873 
57.03999965 -3.994873 
57.07999965 -3.109836 
57.11999965 -3.994873 
57.15999965 -3.109836 
57.19999965 -2.224799 
57.23999965 -3.109836 
57.27999965 -3.109836 
57.31999965 -3.109836 
57.35999965 -3.109836 
57.39999965 -3.994873 
57.43999965 -3.109836 
57.47999965 -2.224799 
57.51999965 -3.994873 
57.55999965 -3.109836 
57.59999965 -2.224799 
57.63999965 -2.224799 
57.67999965 -2.224799 
57.71999965 -2.224799 
57.75999965 -2.224799 
57.79999965 -2.224799 
57.83999965 -2.224799 
57.87999965 -2.224799 
57.91999965 -2.224799 
57.95999965 -2.224799 
57.99999965 -2.224799 
58.03999965 -2.224799 
58.07999965 -2.224799 
58.11999965 -2.224799 
58.15999965 -2.224799 
58.19999965 -2.224799 
58.23999965 -1.339762 
58.27999965 -1.339762 
58.31999965 -2.224799 
58.35999965 -1.339762 
58.39999965 -1.339762 
58.43999964 -1.339762 
58.47999964 -1.339762 
58.51999964 -1.339762 
58.55999964 -0.4577776 
58.59999964 -1.339762 
58.63999964 -1.339762 
58.67999964 -1.339762 
58.71999964 -1.339762 
58.75999964 -0.4577776 
58.79999964 -0.4577776 
58.83999964 -1.339762 
58.87999964 -0.4577776 
58.95999964 -0.4577776 
58.99999964 -1.339762 
59.11999964 -0.4577776 
59.15999964 -0.4577776 
59.31999964 -0.4577776 
59.35999964 -0.4577776 
59.51999964 -0.4577776 
59.63999964 -0.4577776 
60.63999963 -0.4577776 
60.95999963 -0.4577776 
60.99999963 -0.4577776 
61.07999963 -0.4577776 
61.11999963 -0.4577776 
61.15999963 -0.4577776 
61.19999963 -0.4577776 
61.23999963 -0.4577776 
61.27999963 -0.4577776 
61.31999963 -0.4577776 
61.35999963 -0.4577776 
61.39999963 -0.4577776 
61.43999963 -0.4577776 
61.47999963 -0.4577776 
61.51999963 -0.4577776 
61.55999963 -0.4577776 
61.59999963 -0.4577776 
61.63999963 -0.4577776 
61.67999963 -0.4577776 
61.71999962 -0.4577776 
61.75999962 -0.4577776 
61.79999962 -0.4577776 
61.83999962 -0.4577776 
61.87999962 -0.4577776 
61.91999962 -0.4577776 
61.95999962 -0.4577776 
62.03999962 -0.4577776 
62.07999962 -0.4577776 
62.11999962 -0.4577776 
62.15999962 -0.4577776 
62.19999962 -0.4577776 
62.23999962 -0.4577776 
62.27999962 -0.4577776 
62.31999962 -0.4577776 
62.35999962 -0.4577776 
62.39999962 -0.4577776 
62.43999962 -0.4577776 
62.47999962 -0.4577776 
62.51999962 -0.4577776 
62.55999962 -0.4577776 
62.59999962 -0.4577776 
62.63999962 -0.4577776 
62.67999962 -0.4577776 
62.71999962 -0.4577776 
62.75999962 -0.4577776 
62.87999962 -0.4577776 
62.95999962 -0.4577776 
63.11999962 -0.4577776 
63.15999962 -0.4577776 
63.19999962 -0.4577776 
63.23999962 -0.4577776 
68.03999959 -0.4577776 
68.19999959 -0.4577776 
68.51999958 -0.4577776 
69.03999958 -0.4577776 
69.11999958 -0.4577776 
69.39999958 -0.4577776 
72.23999956 -0.4577776 
72.47999956 -0.4577776 
72.71999956 -0.4577776 
72.95999956 -0.4577776 
72.99999956 -0.4577776 
73.07999956 -0.4577776 
73.15999956 -0.4577776 
73.19999956 -0.4577776 
73.27999955 -0.4577776 
73.31999955 -0.4577776 
73.35999955 -0.4577776 
73.39999955 -0.4577776 
73.47999955 -0.4577776 
73.51999955 -0.4577776 
73.55999955 -0.4577776 
73.59999955 -0.4577776 
73.91999955 -0.4577776 
78.59999952 -0.4577776 
78.91999952 -0.4577776 
78.99999952 -0.4577776 
79.27999952 -0.4577776 
81.43999951 -0.4577776 
81.7999995 -0.4577776 
81.9199995 -0.4577776 
81.9999995 -0.4577776 
82.0399995 -0.4577776 
82.0799995 -0.4577776 
82.1199995 -0.4577776 
82.1599995 -0.4577776 
82.1999995 -0.4577776 
82.2399995 -0.4577776 
82.2799995 -0.4577776 
82.3199995 -0.4577776 
82.3599995 -0.4577776 
82.3999995 -1.339762 
82.4399995 -0.4577776 
82.4799995 -1.339762 
82.5199995 -0.4577776 
82.5599995 -1.339762 
82.5999995 -1.339762 
82.6399995 -1.339762 
82.6799995 -1.339762 
82.7199995 -1.339762 
82.7599995 -1.339762 
82.7999995 -1.339762 
82.8399995 -1.339762 
82.8799995 -2.224799 
82.9199995 -2.224799 
82.9599995 -2.224799 
82.9999995 -1.339762 
83.0399995 -2.224799 
83.0799995 -2.224799 
83.11999949 -2.224799 
83.15999949 -2.224799 
83.19999949 -1.339762 
83.23999949 -1.339762 
83.27999949 -1.339762 
83.31999949 -2.224799 
83.35999949 -2.224799 
83.39999949 -2.224799 
83.43999949 -1.339762 
83.47999949 -1.339762 
83.51999949 -2.224799 
83.55999949 -1.339762 
83.59999949 -1.339762 
83.63999949 -2.224799 
83.67999949 -2.224799 
83.71999949 -1.339762 
83.75999949 -2.224799 
83.79999949 -2.224799 
83.83999949 -2.224799 
83.87999949 -1.339762 
83.91999949 -1.339762 
83.95999949 -2.224799 
83.99999949 -2.224799 
84.03999949 -2.224799 
84.07999949 -1.339762 
84.11999949 -1.339762 
84.15999949 -1.339762 
84.19999949 -2.224799 
84.23999949 -1.339762 
84.27999949 -1.339762 
84.31999949 -1.339762 
84.35999949 -2.224799 
84.39999949 -1.339762 
84.43999949 -1.339762 
84.47999949 -2.224799 
84.51999949 -1.339762 
84.55999949 -1.339762 
84.59999949 -1.339762 
84.63999949 -1.339762 
84.67999949 -1.339762 
84.71999949 -1.339762 
84.75999948 -1.339762 
84.79999948 -1.339762 
84.83999948 -1.339762 
84.87999948 -1.339762 
84.91999948 -0.4577776 
84.95999948 -1.339762 
84.99999948 -1.339762 
85.03999948 -0.4577776 
85.07999948 -1.339762 
85.11999948 -1.339762 
85.15999948 -0.4577776 
85.19999948 -1.339762 
85.23999948 -0.4577776 
85.27999948 -1.339762 
85.31999948 -0.4577776 
85.35999948 -0.4577776 
85.39999948 -0.4577776 
85.43999948 -0.4577776 
85.47999948 -0.4577776 
85.51999948 -0.4577776 
85.55999948 -0.4577776 
85.59999948 -0.4577776 
85.63999948 -0.4577776 
85.67999948 -0.4577776 
85.71999948 -0.4577776 
85.75999948 -0.4577776 
85.79999948 -0.4577776 
85.83999948 -0.4577776 
85.87999948 -0.4577776 
85.91999948 -0.4577776 
85.95999948 -0.4577776 
85.99999948 -0.4577776 
86.03999948 -0.4577776 
86.07999948 -0.4577776 
86.11999948 -0.4577776 
86.19999948 -0.4577776 
86.23999948 -0.4577776 
86.35999948 -0.4577776 
86.39999947 -0.4577776 
86.47999947 -0.4577776 
91.07999945 -0.4577776 
92.35999944 -0.4577776 
92.59999944 -0.4577776 
92.79999944 -0.4577776 
92.83999944 -0.4577776 
92.87999944 -0.4577776 
92.91999944 -0.4577776 
92.95999944 -0.4577776 
92.99999943 -0.4577776 
93.07999943 -0.4577776 
93.11999943 -0.4577776 
93.19999943 -0.4577776 
93.23999943 -0.4577776 
93.27999943 -0.4577776 
93.31999943 -0.4577776 
93.35999943 -0.4577776 
93.39999943 -0.4577776 
93.43999943 -0.4577776 
93.47999943 -0.4577776 
93.51999943 -0.4577776 
93.55999943 -1.339762 
93.59999943 -0.4577776 
93.63999943 -0.4577776 
93.67999943 -0.4577776 
93.71999943 -0.4577776 
93.75999943 -1.339762 
93.79999943 -0.4577776 
93.83999943 -1.339762 
93.87999943 -0.4577776 
93.91999943 -1.339762 
93.95999943 -0.4577776 
93.99999943 -1.339762 
94.03999943 -0.4577776 
94.07999943 -1.339762 
94.11999943 -1.339762 
94.15999943 -0.4577776 
94.19999943 -1.339762 
94.23999943 -0.4577776 
94.27999943 -1.339762 
94.31999943 -1.339762 
94.35999943 -1.339762 
94.39999943 -1.339762 
94.43999943 -1.339762 
94.47999943 -0.4577776 
94.51999943 -1.339762 
94.55999943 -1.339762 
94.59999943 -0.4577776 
94.63999942 -1.339762 
94.67999942 -1.339762 
94.71999942 -1.339762 
94.75999942 -1.339762 
94.79999942 -0.4577776 
94.83999942 -0.4577776 
94.87999942 -0.4577776 
94.91999942 -0.4577776 
94.95999942 -0.4577776 
94.99999942 -1.339762 
95.03999942 -0.4577776 
95.07999942 -0.4577776 
95.11999942 -0.4577776 
95.15999942 -1.339762 
95.19999942 -0.4577776 
95.23999942 -0.4577776 
95.27999942 -0.4577776 
95.31999942 -0.4577776 
95.35999942 -0.4577776 
95.39999942 -0.4577776 
95.43999942 -0.4577776 
95.47999942 -0.4577776 
95.51999942 -0.4577776 
95.55999942 -0.4577776 
95.59999942 -0.4577776 
95.63999942 -0.4577776 
95.71999942 -0.4577776 
104.03999937 -0.4577776 
104.35999937 -0.4577776 
104.39999937 -0.4577776 
104.47999937 -0.4577776 
104.51999936 -0.4577776 
104.55999936 -0.4577776 
104.59999936 -0.4577776 
104.63999936 -0.4577776 
104.67999936 -0.4577776 
104.71999936 -0.4577776 
104.75999936 -0.4577776 
104.79999936 -0.4577776 
104.83999936 -0.4577776 
104.87999936 -0.4577776 
104.91999936 -0.4577776 
104.95999936 -0.4577776 
104.99999936 -0.4577776 
105.03999936 -0.4577776 
105.07999936 -0.4577776 
105.11999936 -1.339762 
105.15999936 -0.4577776 
105.19999936 -0.4577776 
105.23999936 -1.339762 
105.27999936 -1.339762 
105.31999936 -1.339762 
105.35999936 -1.339762 
105.39999936 -1.339762 
105.43999936 -1.339762 
105.47999936 -1.339762 
105.51999936 -1.339762 
105.55999936 -1.339762 
105.59999936 -1.339762 
105.63999936 -1.339762 
105.67999936 -1.339762 
105.71999936 -1.339762 
105.75999936 -1.339762 
105.79999936 -1.339762 
105.83999936 -1.339762 
105.87999936 -1.339762 
105.91999936 -1.339762 
105.95999936 -1.339762 
105.99999936 -1.339762 
106.03999936 -1.339762 
106.07999936 -1.339762 
106.11999936 -1.339762 
106.15999935 -1.339762 
106.19999935 -2.224799 
106.23999935 -1.339762 
106.27999935 -1.339762 
106.31999935 -1.339762 
106.35999935 -1.339762 
106.39999935 -1.339762 
106.43999935 -1.339762 
106.47999935 -1.339762 
106.51999935 -1.339762 
106.55999935 -1.339762 
106.59999935 -1.339762 
106.63999935 -1.339762 
106.67999935 -1.339762 
106.71999935 -1.339762 
106.75999935 -1.339762 
106.79999935 -1.339762 
106.83999935 -1.339762 
106.87999935 -2.224799 
106.91999935 -1.339762 
106.99999935 -1.339762 
107.03999935 -2.224799 
107.07999935 -0.4577776 
107.11999935 -0.4577776 
107.15999935 -1.339762 
107.19999935 -0.4577776 
107.23999935 -0.4577776 
107.31999935 -0.4577776 
107.35999935 -1.339762 
107.39999935 -2.224799 
107.47999935 -0.4577776 
107.51999935 -0.4577776 
107.55999935 -0.4577776 
107.59999935 -0.4577776 
107.63999935 -0.4577776 
107.67999935 -1.339762 
107.79999934 -0.4577776 
107.83999934 -0.4577776 
107.87999934 -0.4577776 
107.91999934 -0.4577776 
107.95999934 -0.4577776 
108.19999934 -0.4577776 
109.27999934 -0.4577776 
109.31999934 -0.4577776 
109.39999934 -0.4577776 
109.47999933 -0.4577776 
109.51999933 -0.4577776 
109.55999933 -0.4577776 
109.59999933 -0.4577776 
109.63999933 -0.4577776 
109.67999933 -0.4577776 
109.71999933 -0.4577776 
109.75999933 -0.4577776 
109.79999933 -0.4577776 
109.83999933 -0.4577776 
109.87999933 -0.4577776 
109.91999933 -1.339762 
109.95999933 -0.4577776 
109.99999933 -1.339762 
110.03999933 -1.339762 
110.07999933 -1.339762 
110.11999933 -1.339762 
110.15999933 -1.339762 
110.19999933 -1.339762 
110.23999933 -1.339762 
110.27999933 -1.339762 
110.31999933 -1.339762 
110.35999933 -1.339762 
110.39999933 -1.339762 
110.43999933 -1.339762 
110.47999933 -1.339762 
110.51999933 -1.339762 
110.55999933 -2.224799 
110.59999933 -2.224799 
110.63999933 -2.224799 
110.67999933 -1.339762 
110.71999933 -2.224799 
110.75999933 -1.339762 
110.79999933 -1.339762 
110.83999933 -2.224799 
110.87999933 -1.339762 
110.91999933 -2.224799 
110.95999933 -2.224799 
110.99999933 -2.224799 
111.03999933 -2.224799 
111.07999932 -2.224799 
111.11999932 -2.224799 
111.15999932 -1.339762 
111.19999932 -1.339762 
111.23999932 -2.224799 
111.27999932 -1.339762 
111.31999932 -1.339762 
111.35999932 -1.339762 
111.39999932 -1.339762 
111.43999932 -1.339762 
111.47999932 -1.339762 
111.51999932 -1.339762 
111.55999932 -1.339762 
111.59999932 -1.339762 
111.63999932 -0.4577776 
111.67999932 -0.4577776 
111.71999932 -1.339762 
111.75999932 -1.339762 
111.79999932 -0.4577776 
111.83999932 -0.4577776 
111.87999932 -0.4577776 
111.91999932 -0.4577776 
111.95999932 -0.4577776 
111.99999932 -0.4577776 
112.03999932 -0.4577776 
112.07999932 -0.4577776 
112.11999932 -0.4577776 
112.15999932 -0.4577776 
112.19999932 -0.4577776 
112.31999932 -0.4577776 
115.7199993 -0.4577776 
115.7599993 -0.4577776 
115.7999993 -0.4577776 
115.8399993 -0.4577776 
115.8799993 -0.4577776 
115.9199993 -0.4577776 
115.9599993 -0.4577776 
115.9999993 -0.4577776 
116.03999929 -0.4577776 
116.07999929 -0.4577776 
116.11999929 -0.4577776 
116.15999929 -0.4577776 
116.19999929 -0.4577776 
116.23999929 -0.4577776 
116.27999929 -0.4577776 
116.31999929 -0.4577776 
116.35999929 -0.4577776 
116.39999929 -0.4577776 
116.43999929 -0.4577776 
116.47999929 -0.4577776 
116.51999929 -0.4577776 
116.55999929 -0.4577776 
116.59999929 -0.4577776 
116.63999929 -0.4577776 
116.67999929 -0.4577776 
116.71999929 -0.4577776 
116.75999929 -1.339762 
116.79999929 -0.4577776 
116.83999929 -0.4577776 
116.87999929 -0.4577776 
116.91999929 -1.339762 
116.95999929 -0.4577776 
116.99999929 -0.4577776 
117.03999929 -0.4577776 
117.07999929 -0.4577776 
117.11999929 -1.339762 
117.15999929 -0.4577776 
117.19999929 -0.4577776 
117.23999929 -0.4577776 
117.27999929 -0.4577776 
117.31999929 -1.339762 
117.35999929 -1.339762 
117.39999929 -1.339762 
117.43999929 -1.339762 
117.47999929 -0.4577776 
117.51999929 -0.4577776 
117.55999929 -0.4577776 
117.59999929 -0.4577776 
117.63999929 -0.4577776 
117.67999928 -0.4577776 
117.71999928 -0.4577776 
117.75999928 -0.4577776 
117.79999928 -0.4577776 
117.83999928 -0.4577776 
117.87999928 -0.4577776 
117.91999928 -0.4577776 
117.95999928 -0.4577776 
117.99999928 -0.4577776 
118.03999928 -0.4577776 
118.07999928 -0.4577776 
118.11999928 -0.4577776 
118.15999928 -0.4577776 
118.19999928 -0.4577776 
118.23999928 -0.4577776 
118.27999928 -0.4577776 
118.31999928 -0.4577776 
118.35999928 -0.4577776 
118.39999928 -0.4577776 
118.43999928 -0.4577776 
118.47999928 -0.4577776 
118.51999928 -0.4577776 
118.55999928 -0.4577776 
118.59999928 -0.4577776 
118.63999928 -0.4577776 
118.67999928 -0.4577776 
118.75999928 -0.4577776 
118.79999928 -0.4577776 
118.99999928 -0.4577776 
119.03999928 -0.4577776 
119.07999928 -0.4577776 
119.15999928 -0.4577776 
119.19999928 -0.4577776 
119.23999928 -0.4577776 
119.27999928 -0.4577776 
119.39999927 -0.4577776 
119.43999927 -0.4577776 
119.47999927 -0.4577776 
119.87999927 -0.4577776 
120.15999927 -0.4577776 
120.27999927 -0.4577776 
120.31999927 -0.4577776 
120.55999927 -0.4577776 
120.71999927 -0.4577776 
120.75999927 -0.4577776 
120.79999927 -0.4577776 
120.95999926 -0.4577776 
120.99999926 -0.4577776 
121.03999926 -0.4577776 
121.07999926 -0.4577776 
121.11999926 -0.4577776 
121.15999926 -0.4577776 
121.19999926 -0.4577776 
121.23999926 -0.4577776 
121.31999926 -0.4577776 
121.35999926 -0.4577776 
121.39999926 -0.4577776 
121.43999926 -0.4577776 
121.51999926 -0.4577776 
121.55999926 -0.4577776 
121.59999926 -0.4577776 
121.63999926 -0.4577776 
121.67999926 -0.4577776 
121.71999926 -0.4577776 
121.75999926 -0.4577776 
121.79999926 -0.4577776 
121.83999926 -0.4577776 
121.87999926 -0.4577776 
121.91999926 -0.4577776 
121.95999926 -0.4577776 
121.99999926 -0.4577776 
122.03999926 -0.4577776 
122.07999926 -0.4577776 
122.11999926 -0.4577776 
122.15999926 -0.4577776 
122.19999926 -0.4577776 
122.23999926 -0.4577776 
122.27999926 -0.4577776 
122.31999926 -0.4577776 
122.35999926 -0.4577776 
122.39999926 -0.4577776 
122.43999926 -0.4577776 
122.47999926 -0.4577776 
122.51999926 -0.4577776 
122.55999926 -0.4577776 
122.59999925 -0.4577776 
122.63999925 -0.4577776 
122.67999925 -0.4577776 
122.71999925 -0.4577776 
122.75999925 -0.4577776 
122.79999925 -0.4577776 
122.83999925 -0.4577776 
122.87999925 -0.4577776 
122.91999925 -0.4577776 
122.95999925 -0.4577776 
122.99999925 -0.4577776 
123.03999925 -0.4577776 
123.07999925 -0.4577776 
123.11999925 -0.4577776 
123.15999925 -0.4577776 
123.19999925 -0.4577776 
123.23999925 -0.4577776 
123.35999925 -0.4577776 
130.75999921 -0.4577776 
131.2399992 -0.4577776 
131.2799992 -0.4577776 
131.3999992 -0.4577776 
131.5599992 -0.4577776 
131.7199992 -0.4577776 
131.7599992 -0.4577776 
131.7999992 -0.4577776 
131.8399992 -0.4577776 
131.8799992 -0.4577776 
131.9199992 -0.4577776 
131.9599992 -0.4577776 
131.9999992 -0.4577776 
132.0399992 -0.4577776 
132.0799992 -0.4577776 
132.1199992 -0.4577776 
132.1599992 -0.4577776 
132.1999992 -0.4577776 
132.2399992 -0.4577776 
132.2799992 -1.339762 
132.3199992 -0.4577776 
132.3599992 -0.4577776 
132.3999992 -1.339762 
132.4399992 -1.339762 
132.47999919 -0.4577776 
132.51999919 -0.4577776 
132.55999919 -1.339762 
132.59999919 -1.339762 
132.63999919 -1.339762 
132.67999919 -1.339762 
132.71999919 -1.339762 
132.75999919 -1.339762 
132.79999919 -1.339762 
132.83999919 -1.339762 
132.87999919 -1.339762 
132.91999919 -1.339762 
132.95999919 -1.339762 
132.99999919 -1.339762 
133.03999919 -1.339762 
133.07999919 -1.339762 
133.11999919 -1.339762 
133.15999919 -1.339762 
133.19999919 -1.339762 
133.23999919 -1.339762 
133.27999919 -1.339762 
133.31999919 -1.339762 
133.35999919 -1.339762 
133.39999919 -1.339762 
133.43999919 -1.339762 
133.47999919 -1.339762 
133.51999919 -1.339762 
133.55999919 -1.339762 
133.59999919 -1.339762 
133.63999919 -1.339762 
133.67999919 -1.339762 
133.71999919 -1.339762 
133.75999919 -1.339762 
133.79999919 -1.339762 
133.83999919 -1.339762 
133.87999919 -1.339762 
133.91999919 -1.339762 
133.95999919 -1.339762 
133.99999919 -1.339762 
134.07999919 -0.4577776 
134.11999918 -1.339762 
134.15999918 -1.339762 
134.19999918 -1.339762 
134.23999918 -0.4577776 
134.27999918 -1.339762 
134.31999918 -0.4577776 
134.35999918 -0.4577776 
134.39999918 -0.4577776 
134.43999918 -0.4577776 
134.47999918 -1.339762 
134.51999918 -0.4577776 
134.55999918 -0.4577776 
134.59999918 -0.4577776 
134.63999918 -0.4577776 
134.67999918 -0.4577776 
134.71999918 -0.4577776 
134.75999918 -0.4577776 
134.79999918 -0.4577776 
134.83999918 -0.4577776 
134.87999918 -0.4577776 
134.91999918 -0.4577776 
134.95999918 -0.4577776 
134.99999918 -0.4577776 
135.03999918 -0.4577776 
135.07999918 -0.4577776 
135.11999918 -0.4577776 
135.15999918 -0.4577776 
135.19999918 -0.4577776 
135.23999918 -0.4577776 
135.31999918 -0.4577776 
138.27999916 -0.4577776 
138.31999916 -0.4577776 
138.35999916 -0.4577776 
138.39999916 -0.4577776 
138.47999916 -0.4577776 
138.51999916 -0.4577776 
138.55999916 -0.4577776 
138.59999916 -0.4577776 
138.63999916 -0.4577776 
138.67999916 -0.4577776 
138.71999916 -0.4577776 
138.75999916 -0.4577776 
138.79999916 -0.4577776 
138.83999916 -0.4577776 
138.87999916 -0.4577776 
138.91999916 -0.4577776 
138.95999916 -0.4577776 
138.99999916 -0.4577776 
139.03999915 -0.4577776 
139.07999915 -0.4577776 
139.11999915 -0.4577776 
139.15999915 -0.4577776 
139.19999915 -0.4577776 
139.23999915 -0.4577776 
139.27999915 -0.4577776 
139.31999915 -0.4577776 
139.35999915 -0.4577776 
139.39999915 -0.4577776 
139.43999915 -0.4577776 
139.47999915 -0.4577776 
139.51999915 -0.4577776 
139.55999915 -0.4577776 
139.59999915 -0.4577776 
139.63999915 -0.4577776 
139.67999915 -0.4577776 
139.71999915 -0.4577776 
139.75999915 -0.4577776 
139.79999915 -0.4577776 
139.83999915 -0.4577776 
139.87999915 -0.4577776 
139.91999915 -0.4577776 
139.95999915 -0.4577776 
139.99999915 -0.4577776 
140.03999915 -0.4577776 
140.07999915 -0.4577776 
140.11999915 -0.4577776 
140.15999915 -0.4577776 
140.23999915 -0.4577776 
140.27999915 -0.4577776 
140.31999915 -0.4577776 
140.35999915 -0.4577776 
140.39999915 -0.4577776 
140.43999915 -0.4577776 
140.55999915 -0.4577776 
140.59999915 -0.4577776 
140.63999915 -0.4577776 
140.67999915 -0.4577776 
140.71999914 -0.4577776 
140.75999914 -0.4577776 
140.95999914 -0.4577776 
141.07999914 -0.4577776 
142.95999913 -0.4577776 
142.99999913 -0.4577776 
143.03999913 -0.4577776 
143.07999913 -0.4577776 
143.11999913 -0.4577776 
143.15999913 -0.4577776 
143.19999913 -0.4577776 
143.23999913 -0.4577776 
143.27999913 -0.4577776 
143.31999913 -0.4577776 
143.35999913 -0.4577776 
143.39999913 -0.4577776 
143.43999913 -0.4577776 
143.47999913 -0.4577776 
143.51999913 -0.4577776 
143.55999913 -1.339762 
143.59999913 -1.339762 
143.63999913 -1.339762 
143.67999913 -1.339762 
143.71999913 -1.339762 
143.75999913 -1.339762 
143.79999913 -1.339762 
143.83999913 -1.339762 
143.87999913 -1.339762 
143.91999913 -1.339762 
143.95999913 -1.339762 
143.99999912 -1.339762 
144.03999912 -1.339762 
144.07999912 -1.339762 
144.11999912 -1.339762 
144.15999912 -1.339762 
144.19999912 -1.339762 
144.23999912 -1.339762 
144.27999912 -1.339762 
144.31999912 -2.224799 
144.35999912 -1.339762 
144.39999912 -2.224799 
144.43999912 -1.339762 
144.47999912 -1.339762 
144.51999912 -2.224799 
144.55999912 -1.339762 
144.59999912 -1.339762 
144.63999912 -2.224799 
144.67999912 -2.224799 
144.71999912 -1.339762 
144.75999912 -1.339762 
144.79999912 -1.339762 
144.83999912 -1.339762 
144.87999912 -1.339762 
144.91999912 -1.339762 
144.95999912 -1.339762 
144.99999912 -1.339762 
145.03999912 -1.339762 
145.07999912 -1.339762 
145.11999912 -1.339762 
145.15999912 -1.339762 
145.19999912 -1.339762 
145.23999912 -1.339762 
145.27999912 -0.4577776 
145.31999912 -1.339762 
145.35999912 -1.339762 
145.39999912 -1.339762 
145.43999912 -1.339762 
145.47999912 -1.339762 
145.51999912 -0.4577776 
145.55999912 -0.4577776 
145.59999912 -0.4577776 
145.63999911 -0.4577776 
145.67999911 -0.4577776 
145.71999911 -0.4577776 
145.75999911 -0.4577776 
145.79999911 -0.4577776 
145.83999911 -0.4577776 
145.87999911 -0.4577776 
145.91999911 -0.4577776 
146.03999911 -0.4577776 
146.07999911 -0.4577776 
146.11999911 -0.4577776 
146.15999911 -0.4577776 
146.19999911 -0.4577776 
146.27999911 -0.4577776 
146.31999911 -0.4577776 
153.83999907 -0.4577776 
154.11999906 -0.4577776 
154.19999906 -0.4577776 
154.23999906 -0.4577776 
154.27999906 -0.4577776 
154.35999906 -0.4577776 
154.39999906 -0.4577776 
154.43999906 -0.4577776 
154.47999906 -0.4577776 
154.51999906 -0.4577776 
154.55999906 -0.4577776 
154.59999906 -0.4577776 
154.63999906 -0.4577776 
154.67999906 -1.339762 
154.71999906 -0.4577776 
154.79999906 -0.4577776 
154.83999906 -1.339762 
154.87999906 -1.339762 
154.91999906 -0.4577776 
154.95999906 -0.4577776 
154.99999906 -0.4577776 
155.03999906 -0.4577776 
155.07999906 -0.4577776 
155.11999906 -0.4577776 
155.15999906 -1.339762 
155.19999906 -1.339762 
155.23999906 -0.4577776 
155.27999906 -0.4577776 
155.31999906 -1.339762 
155.35999906 -1.339762 
155.39999906 -0.4577776 
155.43999906 -1.339762 
155.47999906 -1.339762 
155.51999905 -0.4577776 
155.55999905 -0.4577776 
155.59999905 -1.339762 
155.63999905 -1.339762 
155.67999905 -1.339762 
155.71999905 -1.339762 
155.75999905 -0.4577776 
155.79999905 -0.4577776 
155.83999905 -1.339762 
155.87999905 -0.4577776 
155.91999905 -0.4577776 
155.95999905 -0.4577776 
155.99999905 -1.339762 
156.03999905 -0.4577776 
156.07999905 -0.4577776 
156.11999905 -0.4577776 
156.15999905 -0.4577776 
156.19999905 -0.4577776 
156.23999905 -0.4577776 
156.27999905 -0.4577776 
156.31999905 -0.4577776 
156.35999905 -1.339762 
156.39999905 -0.4577776 
156.43999905 -0.4577776 
156.47999905 -0.4577776 
156.51999905 -0.4577776 
156.55999905 -0.4577776 
156.59999905 -0.4577776 
156.63999905 -0.4577776 
156.67999905 -0.4577776 
156.71999905 -0.4577776 
156.75999905 -0.4577776 
156.79999905 -0.4577776 
156.83999905 -0.4577776 
156.87999905 -0.4577776 
156.91999905 -0.4577776 
156.95999905 -0.4577776 
156.99999905 -0.4577776 
157.03999905 -0.4577776 
157.11999905 -0.4577776 
157.23999904 -0.4577776 
157.31999904 -0.4577776 
159.31999903 -0.4577776 
159.35999903 -0.4577776 
159.47999903 -0.4577776 
159.51999903 -0.4577776 
159.55999903 -0.4577776 
159.59999903 -0.4577776 
159.67999903 -0.4577776 
159.71999903 -0.4577776 
159.75999903 -0.4577776 
159.79999903 -0.4577776 
159.83999903 -0.4577776 
159.87999903 -0.4577776 
159.91999903 -0.4577776 
159.95999903 -0.4577776 
159.99999903 -0.4577776 
160.03999903 -0.4577776 
160.07999903 -0.4577776 
160.11999903 -0.4577776 
160.19999903 -0.4577776 
160.23999903 -0.4577776 
160.27999903 -0.4577776 
160.31999903 -0.4577776 
160.35999903 -0.4577776 
160.39999903 -0.4577776 
160.43999902 -0.4577776 
160.51999902 -0.4577776 
160.55999902 -0.4577776 
160.59999902 -0.4577776 
160.63999902 -0.4577776 
160.79999902 -0.4577776 
160.83999902 -0.4577776 
160.91999902 -0.4577776 
160.99999902 -0.4577776 
161.11999902 -0.4577776 
161.15999902 -0.4577776 
164.999999 -0.4577776 
165.079999 -0.4577776 
165.119999 -0.4577776 
165.159999 -0.4577776 
165.199999 -0.4577776 
165.239999 -0.4577776 
165.279999 -0.4577776 
165.319999 -0.4577776 
165.359999 -0.4577776 
165.39999899 -0.4577776 
165.43999899 -0.4577776 
165.47999899 -0.4577776 
165.51999899 -0.4577776 
165.55999899 -0.4577776 
165.59999899 -0.4577776 
165.63999899 -0.4577776 
165.67999899 -0.4577776 
165.71999899 -1.339762 
165.75999899 -0.4577776 
165.79999899 -0.4577776 
165.83999899 -1.339762 
165.87999899 -1.339762 
165.91999899 -1.339762 
165.95999899 -1.339762 
165.99999899 -1.339762 
166.03999899 -1.339762 
166.07999899 -1.339762 
166.11999899 -1.339762 
166.15999899 -1.339762 
166.19999899 -1.339762 
166.23999899 -0.4577776 
166.27999899 -1.339762 
166.31999899 -1.339762 
166.35999899 -1.339762 
166.39999899 -2.224799 
166.43999899 -1.339762 
166.47999899 -1.339762 
166.51999899 -1.339762 
166.55999899 -1.339762 
166.59999899 -0.4577776 
166.63999899 -1.339762 
166.67999899 -1.339762 
166.71999899 -1.339762 
166.75999899 -1.339762 
166.79999899 -1.339762 
166.83999899 -1.339762 
166.87999899 -1.339762 
166.91999899 -1.339762 
166.95999899 -1.339762 
166.99999899 -1.339762 
167.03999898 -1.339762 
167.07999898 -1.339762 
167.11999898 -2.224799 
167.15999898 -1.339762 
167.19999898 -1.339762 
167.23999898 -1.339762 
167.27999898 -2.224799 
167.31999898 -0.4577776 
167.35999898 -1.339762 
167.39999898 -1.339762 
167.43999898 -1.339762 
167.47999898 -1.339762 
167.51999898 -1.339762 
167.55999898 -0.4577776 
167.59999898 -1.339762 
167.63999898 -1.339762 
167.67999898 -0.4577776 
167.71999898 -1.339762 
167.75999898 -0.4577776 
167.79999898 -1.339762 
167.83999898 -1.339762 
167.87999898 -0.4577776 
167.91999898 -1.339762 
167.95999898 -1.339762 
167.99999898 -0.4577776 
168.03999898 -0.4577776 
168.07999898 -0.4577776 
168.11999898 -0.4577776 
168.15999898 -0.4577776 
168.19999898 -0.4577776 
168.23999898 -0.4577776 
168.27999898 -0.4577776 
168.31999898 -0.4577776 
168.35999898 -0.4577776 
168.39999898 -0.4577776 
168.43999898 -0.4577776 
168.47999898 -0.4577776 
168.51999898 -0.4577776 
168.55999898 -0.4577776 
168.59999898 -0.4577776 
168.63999898 -0.4577776 
168.67999897 -0.4577776 
168.71999897 -0.4577776 
168.75999897 -0.4577776 
168.79999897 -0.4577776 
168.83999897 -0.4577776 
168.91999897 -0.4577776 
168.95999897 -0.4577776 
168.99999897 -0.4577776 
169.03999897 -0.4577776 
169.07999897 -0.4577776 
169.11999897 -0.4577776 
169.15999897 -0.4577776 
169.23999897 -0.4577776 
169.27999897 -0.4577776 
169.31999897 -0.4577776 
169.35999897 -0.4577776 
169.43999897 -0.4577776 
169.47999897 -0.4577776 
169.51999897 -0.4577776 
169.55999897 -0.4577776 
169.63999897 -0.4577776 
169.67999897 -0.4577776 
169.71999897 -0.4577776 
169.75999897 -0.4577776 
169.79999897 -0.4577776 
169.83999897 -0.4577776 
169.87999897 -0.4577776 
169.91999897 -0.4577776 
169.95999897 -0.4577776 
169.99999897 -0.4577776 
170.03999897 -0.4577776 
170.07999897 -0.4577776 
170.11999897 -0.4577776 
170.15999897 -0.4577776 
170.19999897 -0.4577776 
170.23999897 -0.4577776 
170.27999897 -0.4577776 
170.31999896 -0.4577776 
170.35999896 -0.4577776 
170.39999896 -0.4577776 
170.43999896 -0.4577776 
170.47999896 -0.4577776 
170.51999896 -0.4577776 
170.55999896 -0.4577776 
170.59999896 -0.4577776 
170.63999896 -0.4577776 
170.67999896 -0.4577776 
170.71999896 -0.4577776 
170.75999896 -0.4577776 
170.79999896 -0.4577776 
170.83999896 -0.4577776 
170.87999896 -1.339762 
170.91999896 -0.4577776 
170.95999896 -0.4577776 
170.99999896 -1.339762 
171.03999896 -0.4577776 
171.07999896 -1.339762 
171.11999896 -1.339762 
171.15999896 -1.339762 
171.19999896 -1.339762 
171.23999896 -1.339762 
171.27999896 -1.339762 
171.31999896 -1.339762 
171.35999896 -1.339762 
171.39999896 -1.339762 
171.43999896 -1.339762 
171.47999896 -1.339762 
171.51999896 -1.339762 
171.55999896 -0.4577776 
171.59999896 -1.339762 
171.63999896 -1.339762 
171.67999896 -1.339762 
171.71999896 -1.339762 
171.75999896 -1.339762 
171.79999896 -1.339762 
171.83999896 -1.339762 
171.87999896 -1.339762 
171.91999896 -1.339762 
171.95999895 -1.339762 
171.99999895 -1.339762 
172.03999895 -1.339762 
172.07999895 -1.339762 
172.11999895 -1.339762 
172.15999895 -1.339762 
172.19999895 -1.339762 
172.23999895 -1.339762 
172.27999895 -1.339762 
172.31999895 -0.4577776 
172.35999895 -1.339762 
172.39999895 -1.339762 
172.43999895 -1.339762 
172.47999895 -0.4577776 
172.51999895 -1.339762 
172.55999895 -1.339762 
172.59999895 -1.339762 
172.63999895 -1.339762 
172.67999895 -1.339762 
172.71999895 -0.4577776 
172.75999895 -0.4577776 
172.79999895 -0.4577776 
172.83999895 -0.4577776 
172.87999895 -0.4577776 
172.91999895 -0.4577776 
172.95999895 -0.4577776 
172.99999895 -0.4577776 
173.07999895 -0.4577776 
173.15999895 -0.4577776 
173.23999895 -0.4577776 
173.27999895 -0.4577776 
173.47999895 -0.4577776 
177.03999892 -0.4577776 
177.19999892 -0.4577776 
177.39999892 -0.4577776 
177.47999892 -0.4577776 
177.55999892 -0.4577776 
177.59999892 -0.4577776 
177.67999892 -0.4577776 
177.71999892 -0.4577776 
177.75999892 -0.4577776 
177.79999892 -0.4577776 
177.87999892 -0.4577776 
177.99999892 -0.4577776 
178.03999892 -0.4577776 
178.07999892 -0.4577776 
178.31999892 -0.4577776 
178.55999891 -0.4577776 
178.71999891 -0.4577776 
179.03999891 -0.4577776 
181.5599989 -0.4577776 
181.7999989 -0.4577776 
181.83999889 -0.4577776 
181.87999889 -0.4577776 
181.95999889 -0.4577776 
181.99999889 -0.4577776 
182.03999889 -0.4577776 
182.11999889 -0.4577776 
182.15999889 -0.4577776 
182.19999889 -0.4577776 
182.23999889 -0.4577776 
182.27999889 -0.4577776 
182.31999889 -0.4577776 
182.35999889 -0.4577776 
182.39999889 -0.4577776 
182.43999889 -0.4577776 
182.47999889 -0.4577776 
182.51999889 -0.4577776 
182.55999889 -0.4577776 
182.59999889 -0.4577776 
182.63999889 -0.4577776 
182.67999889 -0.4577776 
182.71999889 -0.4577776 
182.75999889 -0.4577776 
182.79999889 -0.4577776 
182.83999889 -0.4577776 
182.87999889 -0.4577776 
182.91999889 -0.4577776 
182.95999889 -0.4577776 
182.99999889 -0.4577776 
183.03999889 -0.4577776 
183.07999889 -0.4577776 
183.11999889 -0.4577776 
183.15999889 -0.4577776 
183.19999889 -0.4577776 
183.23999889 -0.4577776 
183.27999889 -0.4577776 
183.31999889 -0.4577776 
183.35999889 -0.4577776 
183.39999889 -0.4577776 
183.43999889 -0.4577776 
183.47999888 -0.4577776 
183.51999888 -0.4577776 
183.55999888 -0.4577776 
183.67999888 -0.4577776 
183.71999888 -0.4577776 
188.47999885 -0.4577776 
188.51999885 -0.4577776 
188.59999885 -0.4577776 
188.63999885 -0.4577776 
188.67999885 -0.4577776 
188.79999885 -0.4577776 
188.83999885 -0.4577776 
188.87999885 -0.4577776 
188.91999885 -0.4577776 
188.95999885 -0.4577776 
189.03999885 -0.4577776 
189.07999885 -0.4577776 
189.11999885 -0.4577776 
189.15999885 -0.4577776 
189.23999885 -0.4577776 
189.27999885 -0.4577776 
189.31999885 -0.4577776 
189.35999885 -0.4577776 
189.43999885 -0.4577776 
189.47999885 -0.4577776 
189.51999885 -0.4577776 
189.55999885 -0.4577776 
189.59999885 -0.4577776 
189.67999885 -0.4577776 
189.71999885 -0.4577776 
189.83999885 -0.4577776 
192.07999883 -0.4577776 
192.19999883 -0.4577776 
192.23999883 -0.4577776 
192.27999883 -0.4577776 
192.31999883 -0.4577776 
192.35999883 -0.4577776 
192.39999883 -0.4577776 
192.43999883 -1.339762 
192.47999883 -0.4577776 
192.51999883 -1.339762 
192.55999883 -1.339762 
192.59999883 -1.339762 
192.63999883 -1.339762 
192.67999883 -1.339762 
192.71999883 -2.224799 
192.75999883 -1.339762 
192.79999883 -2.224799 
192.83999883 -1.339762 
192.87999883 -1.339762 
192.91999883 -2.224799 
192.95999883 -1.339762 
192.99999883 -2.224799 
193.03999883 -2.224799 
193.07999883 -2.224799 
193.11999883 -2.224799 
193.15999883 -2.224799 
193.19999883 -2.224799 
193.23999883 -1.339762 
193.27999883 -2.224799 
193.31999883 -2.224799 
193.35999882 -2.224799 
193.39999882 -2.224799 
193.43999882 -2.224799 
193.47999882 -2.224799 
193.51999882 -2.224799 
193.55999882 -2.224799 
193.59999882 -2.224799 
193.63999882 -3.109836 
193.67999882 -2.224799 
193.71999882 -2.224799 
193.75999882 -2.224799 
193.79999882 -2.224799 
193.83999882 -2.224799 
193.87999882 -3.109836 
193.91999882 -2.224799 
193.95999882 -2.224799 
193.99999882 -2.224799 
194.03999882 -2.224799 
194.07999882 -2.224799 
194.11999882 -2.224799 
194.15999882 -2.224799 
194.19999882 -2.224799 
194.23999882 -2.224799 
194.27999882 -2.224799 
194.31999882 -2.224799 
194.35999882 -2.224799 
194.39999882 -2.224799 
194.43999882 -2.224799 
194.47999882 -2.224799 
194.51999882 -2.224799 
194.55999882 -2.224799 
194.59999882 -2.224799 
194.63999882 -2.224799 
194.67999882 -2.224799 
194.71999882 -2.224799 
194.75999882 -1.339762 
194.79999882 -2.224799 
194.83999882 -2.224799 
194.87999882 -2.224799 
194.91999882 -1.339762 
194.95999882 -2.224799 
194.99999881 -2.224799 
195.03999881 -1.339762 
195.07999881 -1.339762 
195.11999881 -1.339762 
195.15999881 -1.339762 
195.19999881 -1.339762 
195.23999881 -1.339762 
195.27999881 -1.339762 
195.31999881 -1.339762 
195.35999881 -0.4577776 
195.39999881 -0.4577776 
195.43999881 -0.4577776 
195.47999881 -0.4577776 
195.51999881 -0.4577776 
195.55999881 -0.4577776 
195.59999881 -0.4577776 
195.63999881 -0.4577776 
195.67999881 -0.4577776 
195.71999881 -0.4577776 
195.75999881 -0.4577776 
195.79999881 -0.4577776 
195.83999881 -0.4577776 
195.87999881 -0.4577776 
195.91999881 -0.4577776 
195.95999881 -0.4577776 
195.99999881 -0.4577776 
198.2399988 -0.4577776 
198.47999879 -0.4577776 
198.71999879 -0.4577776 
198.79999879 -0.4577776 
198.95999879 -0.4577776 
199.03999879 -0.4577776 
199.15999879 -0.4577776 
199.27999879 -0.4577776 
199.43999879 -0.4577776 
199.47999879 -0.4577776 
199.55999879 -0.4577776 
199.67999879 -0.4577776 
199.71999879 -0.4577776 
0 0 
