154.39999906 -8.881496 
155.03999906 -8.881496 
155.07999906 -8.881496 
155.15999906 -8.881496 
155.19999906 -8.881496 
155.23999906 -8.881496 
155.31999906 -8.707541 
155.35999906 -8.881496 
155.39999906 -8.881496 
155.43999906 -8.881496 
155.47999906 -8.881496 
155.55999905 -8.881496 
155.59999905 -8.881496 
155.67999905 -8.881496 
155.71999905 -8.881496 
155.79999905 -8.881496 
155.83999905 -8.881496 
155.87999905 -8.881496 
155.95999905 -8.881496 
155.99999905 -8.707541 
156.03999905 -8.881496 
156.07999905 -8.881496 
156.11999905 -8.881496 
156.15999905 -8.707541 
156.19999905 -8.881496 
156.23999905 -8.881496 
156.27999905 -8.881496 
156.31999905 -8.707541 
156.35999905 -8.881496 
156.39999905 -8.881496 
156.43999905 -8.881496 
156.47999905 -8.881496 
156.51999905 -8.881496 
156.55999905 -8.881496 
156.59999905 -8.707541 
156.63999905 -8.707541 
156.67999905 -8.707541 
156.71999905 -8.707541 
156.75999905 -8.707541 
156.79999905 -8.707541 
156.83999905 -8.707541 
156.87999905 -8.707541 
156.91999905 -8.707541 
156.95999905 -8.707541 
156.99999905 -8.707541 
157.03999905 -8.707541 
157.07999905 -8.707541 
157.11999905 -8.707541 
157.15999904 -8.707541 
157.19999904 -8.707541 
157.23999904 -8.707541 
157.27999904 -8.707541 
157.31999904 -8.707541 
157.35999904 -8.707541 
157.39999904 -8.707541 
157.43999904 -8.707541 
157.47999904 -8.707541 
157.51999904 -8.707541 
157.55999904 -8.707541 
157.59999904 -8.707541 
157.63999904 -8.707541 
157.67999904 -8.707541 
157.71999904 -8.707541 
157.75999904 -8.707541 
157.79999904 -8.707541 
157.83999904 -8.707541 
157.87999904 -8.707541 
157.91999904 -8.707541 
157.95999904 -8.707541 
157.99999904 -8.707541 
158.03999904 -8.707541 
158.07999904 -8.707541 
158.11999904 -8.707541 
158.15999904 -8.707541 
158.19999904 -8.707541 
158.23999904 -8.707541 
158.27999904 -8.707541 
158.31999904 -8.707541 
158.35999904 -8.707541 
158.39999904 -8.707541 
158.43999904 -8.707541 
158.47999904 -8.707541 
158.51999904 -8.707541 
158.55999904 -8.707541 
158.59999904 -8.707541 
158.63999904 -8.707541 
158.67999904 -8.707541 
158.71999904 -8.707541 
158.75999904 -8.707541 
158.79999903 -8.707541 
158.83999903 -8.707541 
158.87999903 -8.707541 
158.91999903 -8.707541 
158.95999903 -8.707541 
158.99999903 -8.707541 
159.03999903 -8.707541 
159.07999903 -8.707541 
159.11999903 -8.707541 
159.15999903 -8.707541 
159.19999903 -8.707541 
159.23999903 -8.707541 
159.27999903 -8.707541 
159.31999903 -8.707541 
159.35999903 -8.707541 
159.39999903 -8.707541 
159.43999903 -8.707541 
159.47999903 -8.707541 
159.51999903 -8.707541 
159.55999903 -8.533586 
159.59999903 -8.707541 
159.63999903 -8.707541 
159.67999903 -8.707541 
159.71999903 -8.533586 
159.75999903 -8.707541 
159.79999903 -8.707541 
159.83999903 -8.707541 
159.87999903 -8.707541 
159.91999903 -8.707541 
159.95999903 -8.707541 
159.99999903 -8.707541 
160.03999903 -8.533586 
160.07999903 -8.707541 
160.11999903 -8.533586 
160.15999903 -8.533586 
160.19999903 -8.533586 
160.23999903 -8.533586 
160.27999903 -8.707541 
160.31999903 -8.707541 
160.35999903 -8.533586 
160.39999903 -8.707541 
160.43999902 -8.533586 
160.47999902 -8.533586 
160.51999902 -8.707541 
160.55999902 -8.707541 
160.59999902 -8.707541 
160.63999902 -8.533586 
160.67999902 -8.533586 
160.71999902 -8.533586 
160.75999902 -8.707541 
160.79999902 -8.533586 
160.83999902 -8.707541 
160.87999902 -8.533586 
160.91999902 -8.533586 
160.95999902 -8.533586 
160.99999902 -8.533586 
161.03999902 -8.533586 
161.07999902 -8.707541 
161.11999902 -8.533586 
161.15999902 -8.707541 
161.19999902 -8.707541 
161.23999902 -8.533586 
161.27999902 -8.533586 
161.31999902 -8.533586 
161.35999902 -8.533586 
161.39999902 -8.533586 
161.43999902 -8.533586 
161.47999902 -8.533586 
161.51999902 -8.533586 
161.55999902 -8.533586 
161.59999902 -8.707541 
161.63999902 -8.533586 
161.67999902 -8.707541 
161.71999902 -8.533586 
161.75999902 -8.707541 
161.79999902 -8.533586 
161.83999902 -8.533586 
161.87999902 -8.533586 
161.91999902 -8.533586 
161.95999902 -8.533586 
161.99999902 -8.533586 
162.03999902 -8.533586 
162.07999901 -8.707541 
162.11999901 -8.533586 
162.15999901 -8.533586 
162.19999901 -8.533586 
162.23999901 -8.533586 
162.27999901 -8.533586 
162.31999901 -8.533586 
162.35999901 -8.533586 
162.39999901 -8.533586 
162.43999901 -8.533586 
162.47999901 -8.533586 
162.51999901 -8.533586 
162.55999901 -8.533586 
162.59999901 -8.707541 
162.63999901 -8.533586 
162.67999901 -8.533586 
162.71999901 -8.533586 
162.75999901 -8.533586 
162.79999901 -8.533586 
162.83999901 -8.533586 
162.87999901 -8.533586 
162.91999901 -8.533586 
162.95999901 -8.533586 
162.99999901 -8.533586 
163.03999901 -8.533586 
163.07999901 -8.533586 
163.11999901 -8.533586 
163.15999901 -8.533586 
163.19999901 -8.533586 
163.23999901 -8.533586 
163.27999901 -8.533586 
163.31999901 -8.707541 
163.35999901 -8.533586 
163.39999901 -8.533586 
163.43999901 -8.533586 
163.47999901 -8.533586 
163.51999901 -8.533586 
163.55999901 -8.533586 
163.59999901 -8.533586 
163.63999901 -8.533586 
163.67999901 -8.533586 
163.719999 -8.533586 
163.759999 -8.533586 
163.799999 -8.533586 
163.839999 -8.533586 
163.879999 -8.533586 
163.919999 -8.533586 
163.959999 -8.533586 
163.999999 -8.533586 
164.039999 -8.533586 
164.079999 -8.533586 
164.119999 -8.533586 
164.159999 -8.533586 
164.199999 -8.533586 
164.239999 -8.533586 
164.279999 -8.533586 
164.319999 -8.533586 
164.359999 -8.533586 
164.399999 -8.533586 
164.439999 -8.533586 
164.479999 -8.533586 
164.519999 -8.533586 
164.559999 -8.533586 
164.599999 -8.533586 
164.639999 -8.533586 
164.679999 -8.533586 
164.719999 -8.533586 
164.759999 -8.533586 
164.799999 -8.533586 
164.839999 -8.533586 
164.879999 -8.533586 
164.919999 -8.533586 
164.959999 -8.533586 
164.999999 -8.533586 
165.039999 -8.533586 
165.079999 -8.533586 
165.119999 -8.533586 
165.159999 -8.533586 
165.199999 -8.533586 
165.239999 -8.533586 
165.279999 -8.533586 
165.319999 -8.533586 
165.359999 -8.533586 
165.39999899 -8.533586 
165.43999899 -8.533586 
165.47999899 -8.533586 
165.51999899 -8.533586 
165.55999899 -8.533586 
165.59999899 -8.533586 
165.63999899 -8.533586 
165.67999899 -8.533586 
165.71999899 -8.533586 
165.75999899 -8.533586 
165.79999899 -8.533586 
165.83999899 -8.533586 
165.87999899 -8.533586 
165.91999899 -8.533586 
165.95999899 -8.533586 
165.99999899 -8.533586 
166.03999899 -8.533586 
166.07999899 -8.533586 
166.11999899 -8.533586 
166.15999899 -8.533586 
166.19999899 -8.533586 
166.23999899 -8.533586 
166.27999899 -8.533586 
166.31999899 -8.533586 
166.35999899 -8.533586 
166.39999899 -8.533586 
166.43999899 -8.533586 
166.47999899 -8.533586 
166.51999899 -8.533586 
166.55999899 -8.533586 
166.59999899 -8.533586 
166.63999899 -8.533586 
166.67999899 -8.533586 
166.71999899 -8.533586 
166.75999899 -8.533586 
166.79999899 -8.533586 
166.83999899 -8.533586 
166.87999899 -8.533586 
166.91999899 -8.533586 
166.95999899 -8.533586 
166.99999899 -8.533586 
167.03999898 -8.533586 
167.07999898 -8.533586 
167.11999898 -8.533586 
167.15999898 -8.533586 
167.19999898 -8.533586 
167.23999898 -8.533586 
167.27999898 -8.533586 
167.31999898 -8.533586 
167.35999898 -8.533586 
167.39999898 -8.533586 
167.43999898 -8.533586 
167.47999898 -8.533586 
167.51999898 -8.533586 
167.55999898 -8.533586 
167.59999898 -8.533586 
167.63999898 -8.533586 
167.67999898 -8.533586 
167.71999898 -8.533586 
167.75999898 -8.533586 
167.79999898 -8.533586 
167.83999898 -8.533586 
167.87999898 -8.533586 
167.91999898 -8.533586 
167.95999898 -8.533586 
167.99999898 -8.533586 
168.03999898 -8.533586 
168.07999898 -8.533586 
168.11999898 -8.533586 
168.15999898 -8.533586 
168.19999898 -8.533586 
168.23999898 -8.533586 
168.27999898 -8.533586 
168.31999898 -8.533586 
168.35999898 -8.533586 
168.39999898 -8.533586 
168.43999898 -8.533586 
168.47999898 -8.533586 
168.51999898 -8.533586 
168.55999898 -8.533586 
168.59999898 -8.533586 
168.63999898 -8.533586 
168.67999897 -8.533586 
168.71999897 -8.533586 
168.75999897 -8.533586 
168.79999897 -8.533586 
168.83999897 -8.533586 
168.87999897 -8.533586 
168.91999897 -8.533586 
168.95999897 -8.533586 
168.99999897 -8.533586 
169.03999897 -8.533586 
169.07999897 -8.533586 
169.11999897 -8.533586 
169.15999897 -8.533586 
169.19999897 -8.533586 
169.23999897 -8.533586 
169.27999897 -8.533586 
169.31999897 -8.533586 
169.35999897 -8.533586 
169.39999897 -8.533586 
169.43999897 -8.533586 
169.47999897 -8.533586 
169.51999897 -8.533586 
169.55999897 -8.359631 
169.59999897 -8.533586 
169.63999897 -8.533586 
169.67999897 -8.533586 
169.71999897 -8.533586 
169.75999897 -8.533586 
169.79999897 -8.533586 
169.83999897 -8.533586 
169.87999897 -8.533586 
169.91999897 -8.533586 
169.95999897 -8.533586 
169.99999897 -8.533586 
170.03999897 -8.533586 
170.07999897 -8.533586 
170.11999897 -8.533586 
170.15999897 -8.533586 
170.19999897 -8.533586 
170.23999897 -8.533586 
170.27999897 -8.533586 
170.31999896 -8.533586 
170.35999896 -8.533586 
170.39999896 -8.533586 
170.43999896 -8.533586 
170.47999896 -8.533586 
170.51999896 -8.533586 
170.55999896 -8.533586 
170.59999896 -8.533586 
170.63999896 -8.533586 
170.67999896 -8.533586 
170.71999896 -8.533586 
170.75999896 -8.533586 
170.79999896 -8.533586 
170.83999896 -8.533586 
170.87999896 -8.533586 
170.91999896 -8.533586 
170.95999896 -8.533586 
170.99999896 -8.533586 
171.03999896 -8.533586 
171.07999896 -8.533586 
171.11999896 -8.533586 
171.15999896 -8.533586 
171.19999896 -8.533586 
171.23999896 -8.533586 
171.27999896 -8.533586 
171.31999896 -8.533586 
171.35999896 -8.533586 
171.39999896 -8.533586 
171.43999896 -8.533586 
171.47999896 -8.533586 
171.51999896 -8.533586 
171.55999896 -8.533586 
171.59999896 -8.533586 
171.63999896 -8.533586 
171.67999896 -8.533586 
171.71999896 -8.533586 
171.75999896 -8.533586 
171.79999896 -8.533586 
171.83999896 -8.533586 
171.87999896 -8.533586 
171.91999896 -8.533586 
171.95999895 -8.533586 
171.99999895 -8.533586 
172.03999895 -8.533586 
172.07999895 -8.533586 
172.11999895 -8.533586 
172.15999895 -8.533586 
172.19999895 -8.533586 
172.23999895 -8.533586 
172.27999895 -8.533586 
172.31999895 -8.533586 
172.35999895 -8.533586 
172.39999895 -8.533586 
172.43999895 -8.533586 
172.47999895 -8.533586 
172.51999895 -8.533586 
172.55999895 -8.533586 
172.59999895 -8.533586 
172.63999895 -8.533586 
172.67999895 -8.533586 
172.71999895 -8.533586 
172.75999895 -8.533586 
172.79999895 -8.533586 
172.83999895 -8.533586 
172.87999895 -8.533586 
172.91999895 -8.533586 
172.95999895 -8.533586 
172.99999895 -8.533586 
173.03999895 -8.533586 
173.07999895 -8.533586 
173.11999895 -8.533586 
173.15999895 -8.533586 
173.19999895 -8.533586 
173.23999895 -8.533586 
173.27999895 -8.533586 
173.31999895 -8.533586 
173.35999895 -8.533586 
173.39999895 -8.533586 
173.43999895 -8.533586 
173.47999895 -8.533586 
173.51999895 -8.533586 
173.55999895 -8.533586 
173.59999894 -8.533586 
173.63999894 -8.533586 
173.67999894 -8.533586 
173.71999894 -8.533586 
173.75999894 -8.533586 
173.79999894 -8.533586 
173.83999894 -8.533586 
173.87999894 -8.533586 
173.91999894 -8.533586 
173.95999894 -8.533586 
173.99999894 -8.533586 
174.03999894 -8.533586 
174.07999894 -8.533586 
174.11999894 -8.533586 
174.15999894 -8.533586 
174.19999894 -8.533586 
174.23999894 -8.533586 
174.27999894 -8.533586 
174.31999894 -8.533586 
174.35999894 -8.533586 
174.39999894 -8.533586 
174.43999894 -8.533586 
174.47999894 -8.533586 
174.51999894 -8.533586 
174.55999894 -8.533586 
174.59999894 -8.533586 
174.63999894 -8.533586 
174.67999894 -8.533586 
174.71999894 -8.533586 
174.75999894 -8.533586 
174.79999894 -8.533586 
174.83999894 -8.533586 
174.87999894 -8.533586 
174.91999894 -8.533586 
174.95999894 -8.533586 
174.99999894 -8.533586 
175.03999894 -8.533586 
175.07999894 -8.533586 
175.11999894 -8.533586 
175.15999894 -8.533586 
175.19999894 -8.533586 
175.23999893 -8.533586 
175.27999893 -8.533586 
175.31999893 -8.533586 
175.35999893 -8.533586 
175.39999893 -8.533586 
175.43999893 -8.533586 
175.47999893 -8.533586 
175.51999893 -8.533586 
175.55999893 -8.533586 
175.59999893 -8.533586 
175.63999893 -8.533586 
175.67999893 -8.533586 
175.71999893 -8.533586 
175.75999893 -8.533586 
175.79999893 -8.533586 
175.83999893 -8.533586 
175.87999893 -8.533586 
175.91999893 -8.533586 
175.95999893 -8.533586 
175.99999893 -8.533586 
176.03999893 -8.533586 
176.07999893 -8.533586 
176.11999893 -8.533586 
176.15999893 -8.533586 
176.19999893 -8.533586 
176.23999893 -8.707541 
176.27999893 -8.533586 
176.31999893 -8.533586 
176.35999893 -8.533586 
176.39999893 -8.533586 
176.43999893 -8.707541 
176.47999893 -8.533586 
176.51999893 -8.533586 
176.55999893 -8.707541 
176.59999893 -8.533586 
176.63999893 -8.533586 
176.67999893 -8.533586 
176.71999893 -8.533586 
176.75999893 -8.533586 
176.79999893 -8.533586 
176.83999893 -8.533586 
176.87999893 -8.533586 
176.91999892 -8.533586 
176.95999892 -8.533586 
176.99999892 -8.533586 
177.03999892 -8.533586 
177.07999892 -8.533586 
177.11999892 -8.533586 
177.15999892 -8.533586 
177.19999892 -8.533586 
177.23999892 -8.533586 
177.27999892 -8.533586 
177.31999892 -8.707541 
177.35999892 -8.707541 
177.39999892 -8.533586 
177.43999892 -8.707541 
177.47999892 -8.707541 
177.51999892 -8.707541 
177.55999892 -8.707541 
177.59999892 -8.533586 
177.63999892 -8.707541 
177.67999892 -8.533586 
177.71999892 -8.707541 
177.75999892 -8.533586 
177.79999892 -8.707541 
177.83999892 -8.533586 
177.87999892 -8.533586 
177.91999892 -8.533586 
177.95999892 -8.533586 
177.99999892 -8.707541 
178.03999892 -8.707541 
178.07999892 -8.533586 
178.11999892 -8.707541 
178.15999892 -8.533586 
178.19999892 -8.707541 
178.23999892 -8.707541 
178.27999892 -8.533586 
178.31999892 -8.707541 
178.35999892 -8.707541 
178.39999892 -8.533586 
178.43999892 -8.533586 
178.47999892 -8.707541 
178.51999892 -8.707541 
178.55999891 -8.707541 
178.59999891 -8.707541 
178.63999891 -8.707541 
178.67999891 -8.707541 
178.71999891 -8.533586 
178.75999891 -8.707541 
178.79999891 -8.707541 
178.83999891 -8.533586 
178.87999891 -8.533586 
178.91999891 -8.707541 
178.95999891 -8.707541 
178.99999891 -8.707541 
179.03999891 -8.533586 
179.07999891 -8.707541 
179.11999891 -8.533586 
179.15999891 -8.707541 
179.19999891 -8.707541 
179.23999891 -8.707541 
179.27999891 -8.707541 
179.31999891 -8.707541 
179.35999891 -8.707541 
179.39999891 -8.707541 
179.43999891 -8.533586 
179.47999891 -8.707541 
179.51999891 -8.707541 
179.55999891 -8.533586 
179.59999891 -8.707541 
179.63999891 -8.707541 
179.67999891 -8.707541 
179.71999891 -8.707541 
179.75999891 -8.707541 
179.79999891 -8.707541 
179.83999891 -8.707541 
179.87999891 -8.707541 
179.91999891 -8.707541 
179.95999891 -8.707541 
179.99999891 -8.707541 
180.03999891 -8.707541 
180.07999891 -8.707541 
180.11999891 -8.707541 
180.15999891 -8.707541 
180.1999989 -8.533586 
180.2399989 -8.707541 
180.2799989 -8.707541 
180.3199989 -8.707541 
180.3599989 -8.707541 
180.3999989 -8.707541 
180.4399989 -8.707541 
180.4799989 -8.707541 
180.5199989 -8.707541 
180.5599989 -8.707541 
180.5999989 -8.707541 
180.6399989 -8.707541 
180.6799989 -8.707541 
180.7199989 -8.533586 
180.7599989 -8.707541 
180.7999989 -8.707541 
180.8399989 -8.707541 
180.8799989 -8.707541 
180.9199989 -8.707541 
180.9599989 -8.707541 
180.9999989 -8.707541 
181.0399989 -8.707541 
181.0799989 -8.707541 
181.1199989 -8.707541 
181.1599989 -8.707541 
181.1999989 -8.707541 
181.2399989 -8.707541 
181.2799989 -8.707541 
181.3199989 -8.707541 
181.3599989 -8.707541 
181.3999989 -8.707541 
181.4399989 -8.707541 
181.4799989 -8.707541 
181.5199989 -8.707541 
181.5599989 -8.707541 
181.5999989 -8.707541 
181.6399989 -8.707541 
181.6799989 -8.707541 
181.7199989 -8.707541 
181.7599989 -8.707541 
181.7999989 -8.707541 
181.83999889 -8.707541 
181.87999889 -8.707541 
181.91999889 -8.707541 
181.95999889 -8.707541 
181.99999889 -8.707541 
182.03999889 -8.707541 
182.07999889 -8.707541 
182.11999889 -8.707541 
182.15999889 -8.707541 
182.19999889 -8.707541 
182.23999889 -8.707541 
182.27999889 -8.707541 
182.31999889 -8.707541 
182.35999889 -8.707541 
182.39999889 -8.707541 
182.43999889 -8.707541 
182.47999889 -8.707541 
182.51999889 -8.707541 
182.55999889 -8.707541 
182.59999889 -8.707541 
182.63999889 -8.707541 
182.67999889 -8.707541 
182.71999889 -8.707541 
182.75999889 -8.707541 
182.79999889 -8.707541 
182.83999889 -8.707541 
182.87999889 -8.707541 
182.91999889 -8.707541 
182.95999889 -8.707541 
182.99999889 -8.707541 
183.03999889 -8.707541 
183.07999889 -8.707541 
183.11999889 -8.707541 
183.15999889 -8.707541 
183.19999889 -8.707541 
183.23999889 -8.707541 
183.27999889 -8.707541 
183.31999889 -8.707541 
183.35999889 -8.707541 
183.39999889 -8.707541 
183.43999889 -8.707541 
183.47999888 -8.707541 
183.51999888 -8.707541 
183.55999888 -8.707541 
183.59999888 -8.707541 
183.63999888 -8.707541 
183.67999888 -8.707541 
183.71999888 -8.707541 
183.75999888 -8.707541 
183.79999888 -8.707541 
183.83999888 -8.707541 
183.87999888 -8.707541 
183.91999888 -8.707541 
183.95999888 -8.707541 
183.99999888 -8.707541 
184.03999888 -8.707541 
184.07999888 -8.707541 
184.11999888 -8.707541 
184.15999888 -8.707541 
184.19999888 -8.707541 
184.23999888 -8.707541 
184.27999888 -8.707541 
184.31999888 -8.707541 
184.35999888 -8.707541 
184.39999888 -8.707541 
184.43999888 -8.707541 
184.47999888 -8.707541 
184.51999888 -8.707541 
184.55999888 -8.707541 
184.59999888 -8.707541 
184.63999888 -8.707541 
184.67999888 -8.707541 
184.71999888 -8.707541 
184.75999888 -8.707541 
184.79999888 -8.707541 
184.83999888 -8.707541 
184.87999888 -8.707541 
184.91999888 -8.707541 
184.95999888 -8.707541 
184.99999888 -8.707541 
185.03999888 -8.707541 
185.07999888 -8.707541 
185.11999887 -8.707541 
185.15999887 -8.707541 
185.19999887 -8.707541 
185.23999887 -8.707541 
185.27999887 -8.707541 
185.31999887 -8.707541 
185.35999887 -8.707541 
185.39999887 -8.707541 
185.43999887 -8.707541 
185.47999887 -8.707541 
185.51999887 -8.707541 
185.55999887 -8.707541 
185.59999887 -8.707541 
185.63999887 -8.707541 
185.67999887 -8.707541 
185.71999887 -8.707541 
185.75999887 -8.707541 
185.79999887 -8.707541 
185.83999887 -8.707541 
185.87999887 -8.707541 
185.91999887 -8.707541 
185.95999887 -8.707541 
185.99999887 -8.707541 
186.03999887 -8.707541 
186.07999887 -8.707541 
186.11999887 -8.707541 
186.15999887 -8.707541 
186.19999887 -8.707541 
186.23999887 -8.707541 
186.27999887 -8.707541 
186.31999887 -8.707541 
186.35999887 -8.707541 
186.39999887 -8.707541 
186.43999887 -8.707541 
186.47999887 -8.707541 
186.51999887 -8.707541 
186.55999887 -8.707541 
186.59999887 -8.707541 
186.63999887 -8.707541 
186.67999887 -8.707541 
186.71999887 -8.707541 
186.75999886 -8.707541 
186.79999886 -8.707541 
186.83999886 -8.707541 
186.87999886 -8.707541 
186.91999886 -8.707541 
186.95999886 -8.707541 
186.99999886 -8.707541 
187.03999886 -8.707541 
187.07999886 -8.707541 
187.11999886 -8.707541 
187.15999886 -8.707541 
187.19999886 -8.707541 
187.23999886 -8.707541 
187.27999886 -8.707541 
187.31999886 -8.707541 
187.35999886 -8.707541 
187.39999886 -8.707541 
187.43999886 -8.707541 
187.47999886 -8.707541 
187.51999886 -8.707541 
187.55999886 -8.707541 
187.59999886 -8.707541 
187.63999886 -8.707541 
187.67999886 -8.707541 
187.71999886 -8.707541 
187.75999886 -8.881496 
187.79999886 -8.881496 
187.83999886 -8.707541 
187.87999886 -8.881496 
187.91999886 -8.881496 
187.95999886 -8.707541 
187.99999886 -8.707541 
188.03999886 -8.881496 
188.07999886 -8.881496 
188.11999886 -8.707541 
188.15999886 -8.707541 
188.19999886 -8.881496 
188.23999886 -8.881496 
188.27999886 -8.707541 
188.31999886 -8.707541 
188.35999886 -8.707541 
188.39999886 -8.881496 
188.43999885 -8.707541 
188.47999885 -8.707541 
188.51999885 -8.707541 
188.55999885 -8.707541 
188.59999885 -8.707541 
188.63999885 -8.707541 
188.67999885 -8.881496 
188.71999885 -8.881496 
188.75999885 -8.881496 
188.79999885 -8.881496 
188.83999885 -8.707541 
188.87999885 -8.707541 
188.91999885 -8.881496 
188.95999885 -8.881496 
188.99999885 -8.881496 
189.03999885 -8.707541 
189.07999885 -8.881496 
189.11999885 -8.881496 
189.15999885 -8.881496 
189.19999885 -8.881496 
189.23999885 -8.881496 
189.27999885 -8.707541 
189.31999885 -8.881496 
189.35999885 -8.881496 
189.39999885 -8.707541 
189.47999885 -8.707541 
189.51999885 -8.707541 
189.55999885 -8.881496 
189.59999885 -8.707541 
189.63999885 -8.707541 
189.71999885 -8.881496 
189.79999885 -8.881496 
189.83999885 -8.881496 
189.87999885 -8.881496 
189.95999885 -8.881496 
189.99999885 -8.881496 
190.03999885 -8.707541 
190.07999884 -8.707541 
190.11999884 -8.881496 
190.15999884 -8.881496 
190.19999884 -8.707541 
190.23999884 -8.881496 
190.27999884 -8.881496 
190.31999884 -8.881496 
190.39999884 -8.881496 
190.47999884 -8.881496 
190.51999884 -8.881496 
190.55999884 -8.881496 
190.63999884 -8.881496 
190.75999884 -8.881496 
190.79999884 -8.881496 
190.83999884 -8.881496 
190.87999884 -8.881496 
190.91999884 -8.881496 
190.95999884 -8.881496 
191.03999884 -8.881496 
191.19999884 -8.881496 
191.31999884 -8.881496 
191.35999884 -8.881496 
191.39999884 -8.881496 
191.47999884 -8.881496 
191.59999884 -8.881496 
191.63999884 -8.881496 
191.71999883 -8.881496 
191.75999883 -8.881496 
191.79999883 -8.707541 
191.83999883 -8.881496 
191.87999883 -8.881496 
192.11999883 -8.881496 
192.27999883 -8.881496 
192.31999883 -8.881496 
192.55999883 -8.881496 
192.59999883 -8.881496 
192.67999883 -8.881496 
192.75999883 -8.881496 
192.83999883 -8.881496 
193.11999883 -8.881496 
194.43999882 -8.881496 
0 0 
