7.55999995 -1.770074 
7.59999995 -1.770074 
7.63999995 -1.770074 
7.67999995 -1.770074 
7.71999995 -1.770074 
7.75999995 -1.770074 
7.79999995 -1.770074 
7.83999995 -1.770074 
7.87999995 -1.770074 
7.91999995 -1.770074 
7.95999995 -1.770074 
7.99999995 -1.770074 
8.03999995 -1.770074 
8.07999995 -1.770074 
8.11999995 -1.770074 
8.15999995 -1.770074 
8.19999995 -1.770074 
8.23999995 -3.52794 
8.27999995 -1.770074 
8.31999995 -1.770074 
8.35999995 -1.770074 
8.39999995 -1.770074 
8.43999995 -1.770074 
8.47999995 -1.770074 
8.51999995 -1.770074 
8.55999995 -1.770074 
8.59999995 -1.770074 
8.63999995 -1.770074 
8.67999995 -1.770074 
8.71999995 -1.770074 
8.75999995 -1.770074 
8.79999995 -1.770074 
8.83999995 -1.770074 
8.87999995 -1.770074 
8.91999995 -1.770074 
8.95999995 -1.770074 
8.99999995 -1.770074 
9.03999995 -1.770074 
9.07999994 -1.770074 
9.11999994 -1.770074 
9.15999994 -1.770074 
9.19999994 -1.770074 
9.23999994 -1.770074 
9.27999994 -1.770074 
9.31999994 -1.770074 
9.35999994 -1.770074 
9.39999994 -1.770074 
9.43999994 -1.770074 
9.47999994 -1.770074 
9.51999994 -1.770074 
9.63999994 -1.770074 
9.67999994 -1.770074 
9.79999994 -1.770074 
57.91999965 -1.770074 
58.19999965 -1.770074 
69.07999958 -1.770074 
69.71999958 -1.770074 
70.19999957 -1.770074 
70.23999957 -1.770074 
70.27999957 -1.770074 
70.35999957 -1.770074 
70.39999957 -1.770074 
70.47999957 -1.770074 
96.11999942 -1.770074 
96.15999942 -1.770074 
96.19999942 -1.770074 
96.31999941 -1.770074 
96.35999941 -1.770074 
96.47999941 -1.770074 
96.51999941 -1.770074 
96.59999941 -1.770074 
96.63999941 -1.770074 
96.87999941 -1.770074 
96.91999941 -1.770074 
97.03999941 -1.770074 
97.19999941 -1.770074 
118.63999928 -1.770074 
118.87999928 -1.770074 
118.91999928 -1.770074 
118.95999928 -1.770074 
118.99999928 -1.770074 
119.07999928 -1.770074 
119.11999928 -1.770074 
119.19999928 -1.770074 
119.31999927 -1.770074 
119.35999927 -1.770074 
119.39999927 -1.770074 
119.43999927 -1.770074 
119.51999927 -1.770074 
119.55999927 -1.770074 
119.59999927 -1.770074 
119.67999927 -1.770074 
119.75999927 -1.770074 
119.79999927 -1.770074 
119.83999927 -1.770074 
119.91999927 -1.770074 
119.95999927 -1.770074 
120.03999927 -1.770074 
120.07999927 -1.770074 
120.11999927 -1.770074 
120.15999927 -1.770074 
123.75999925 -1.770074 
145.47999912 -1.770074 
145.51999912 -1.770074 
145.59999912 -1.770074 
145.83999911 -1.770074 
145.91999911 -1.770074 
145.99999911 -1.770074 
146.07999911 -1.770074 
146.55999911 -1.770074 
168.71999897 -1.770074 
168.79999897 -1.770074 
168.87999897 -1.770074 
168.91999897 -1.770074 
169.03999897 -1.770074 
169.11999897 -1.770074 
169.15999897 -1.770074 
169.23999897 -1.770074 
169.51999897 -1.770074 
169.55999897 -1.770074 
169.59999897 -1.770074 
178.99999891 -1.770074 
0 0 
