20.95999987 -0.3503525 
20.99999987 -0.3503525 
21.03999987 -0.3503525 
21.07999987 -0.3503525 
21.19999987 -0.3503525 
21.23999987 -0.3503525 
21.27999987 -0.3503525 
21.31999987 -0.3503525 
21.35999987 -0.3503525 
21.39999987 -0.3503525 
21.43999987 -0.3503525 
21.47999987 -0.3503525 
21.51999987 -0.3503525 
21.55999987 -0.3503525 
21.59999987 -0.3503525 
21.63999987 -0.3503525 
21.67999987 -0.3503525 
21.71999987 -0.3503525 
21.75999987 -0.3503525 
21.79999987 -0.3503525 
21.83999987 -0.3503525 
21.87999987 -0.3503525 
21.91999987 -0.3503525 
21.95999987 -0.3503525 
21.99999987 -0.3503525 
22.03999987 -0.3503525 
22.07999987 -0.3503525 
22.11999987 -0.3503525 
22.15999987 -0.3503525 
22.19999987 -0.3503525 
22.23999986 -0.3503525 
22.27999986 -0.3503525 
22.31999986 -0.3503525 
22.35999986 -0.3503525 
22.39999986 -0.3503525 
22.43999986 -0.3503525 
22.47999986 -0.3503525 
22.51999986 -0.3503525 
22.55999986 -0.3503525 
22.59999986 -0.3503525 
22.63999986 -0.3503525 
22.67999986 -0.3503525 
22.71999986 -0.3503525 
22.75999986 -0.3503525 
22.79999986 -0.3503525 
22.83999986 -0.3503525 
22.87999986 -0.524308 
22.91999986 -0.524308 
22.95999986 -0.3503525 
22.99999986 -0.3503525 
23.03999986 -0.3503525 
23.07999986 -0.3503525 
23.11999986 -0.524308 
23.15999986 -0.524308 
23.19999986 -0.524308 
23.23999986 -0.524308 
23.27999986 -0.524308 
23.31999986 -0.524308 
23.35999986 -0.524308 
23.39999986 -0.524308 
23.43999986 -0.524308 
23.47999986 -0.524308 
23.51999986 -0.524308 
23.55999986 -0.6988739 
23.59999986 -0.524308 
23.63999986 -0.6988739 
23.67999986 -0.524308 
23.71999986 -0.524308 
23.75999986 -0.6988739 
23.79999986 -0.6988739 
23.83999986 -0.6988739 
23.87999985 -0.6988739 
23.91999985 -0.6988739 
23.95999985 -0.6988739 
23.99999985 -0.6988739 
24.03999985 -0.6988739 
24.07999985 -0.6988739 
24.11999985 -0.6988739 
24.15999985 -0.6988739 
24.19999985 -0.6988739 
24.23999985 -0.6988739 
24.27999985 -0.6988739 
24.31999985 -0.6988739 
24.35999985 -0.6988739 
24.39999985 -0.6988739 
24.43999985 -0.6988739 
24.47999985 -0.6988739 
24.51999985 -0.6988739 
24.55999985 -0.6988739 
24.59999985 -0.6988739 
24.63999985 -0.6988739 
24.67999985 -0.8728294 
24.71999985 -0.6988739 
24.75999985 -0.6988739 
24.79999985 -0.6988739 
24.83999985 -0.6988739 
24.87999985 -0.6988739 
24.91999985 -0.6988739 
24.95999985 -0.6988739 
24.99999985 -0.8728294 
25.03999985 -0.6988739 
25.07999985 -0.8728294 
25.11999985 -0.8728294 
25.15999985 -0.8728294 
25.19999985 -0.6988739 
25.23999985 -0.8728294 
25.27999985 -0.8728294 
25.31999985 -0.6988739 
25.35999985 -0.8728294 
25.39999985 -0.8728294 
25.43999985 -0.8728294 
25.47999985 -0.8728294 
25.51999984 -0.8728294 
25.55999984 -0.8728294 
25.59999984 -0.8728294 
25.63999984 -0.8728294 
25.67999984 -0.8728294 
25.71999984 -0.8728294 
25.75999984 -0.8728294 
25.79999984 -0.8728294 
25.83999984 -0.8728294 
25.87999984 -0.8728294 
25.91999984 -0.8728294 
25.95999984 -0.8728294 
25.99999984 -0.8728294 
26.03999984 -0.8728294 
26.07999984 -0.8728294 
26.11999984 -0.8728294 
26.15999984 -0.8728294 
26.19999984 -0.8728294 
26.23999984 -0.8728294 
26.27999984 -0.8728294 
26.31999984 -0.8728294 
26.35999984 -1.046785 
26.39999984 -0.8728294 
26.43999984 -0.8728294 
26.47999984 -1.046785 
26.51999984 -0.8728294 
26.55999984 -0.8728294 
26.59999984 -0.8728294 
26.63999984 -0.8728294 
26.67999984 -1.046785 
26.71999984 -1.046785 
26.75999984 -1.046785 
26.79999984 -1.046785 
26.83999984 -1.046785 
26.87999984 -1.046785 
26.91999984 -1.046785 
26.95999984 -1.046785 
26.99999984 -1.046785 
27.03999984 -1.046785 
27.07999984 -1.046785 
27.11999984 -1.046785 
27.15999983 -1.046785 
27.19999983 -1.22074 
27.23999983 -1.046785 
27.27999983 -1.046785 
27.31999983 -1.046785 
27.35999983 -1.046785 
27.39999983 -1.046785 
27.43999983 -1.046785 
27.47999983 -1.22074 
27.51999983 -1.22074 
27.55999983 -1.046785 
27.59999983 -1.046785 
27.63999983 -1.22074 
27.67999983 -1.046785 
27.71999983 -1.046785 
27.75999983 -1.22074 
27.79999983 -1.22074 
27.83999983 -1.22074 
27.87999983 -1.046785 
27.91999983 -1.22074 
27.95999983 -1.22074 
27.99999983 -1.22074 
28.03999983 -1.046785 
28.07999983 -1.22074 
28.11999983 -1.22074 
28.15999983 -1.395306 
28.19999983 -1.22074 
28.23999983 -1.22074 
28.27999983 -1.395306 
28.31999983 -1.22074 
28.35999983 -1.22074 
28.39999983 -1.22074 
28.43999983 -1.046785 
28.47999983 -1.395306 
28.51999983 -1.395306 
28.55999983 -1.395306 
28.59999983 -1.22074 
28.63999983 -1.22074 
28.67999983 -1.395306 
28.71999983 -1.395306 
28.75999983 -1.22074 
28.79999982 -1.22074 
28.83999982 -1.395306 
28.87999982 -1.395306 
28.91999982 -1.395306 
28.95999982 -1.395306 
28.99999982 -1.395306 
29.03999982 -1.395306 
29.07999982 -1.395306 
29.11999982 -1.395306 
29.15999982 -1.395306 
29.19999982 -1.395306 
29.23999982 -1.395306 
29.27999982 -1.395306 
29.31999982 -1.395306 
29.35999982 -1.395306 
29.39999982 -1.395306 
29.43999982 -1.395306 
29.47999982 -1.395306 
29.51999982 -1.395306 
29.55999982 -1.395306 
29.59999982 -1.395306 
29.63999982 -1.395306 
29.67999982 -1.395306 
29.71999982 -1.395306 
29.75999982 -1.395306 
29.79999982 -1.395306 
29.83999982 -1.395306 
29.87999982 -1.395306 
29.91999982 -1.395306 
29.95999982 -1.395306 
29.99999982 -1.395306 
30.03999982 -1.569262 
30.07999982 -1.395306 
30.11999982 -1.395306 
30.15999982 -1.569262 
30.19999982 -1.569262 
30.23999982 -1.395306 
30.27999982 -1.569262 
30.31999982 -1.569262 
30.35999982 -1.569262 
30.39999982 -1.569262 
30.43999982 -1.569262 
30.47999981 -1.569262 
30.51999981 -1.569262 
30.55999981 -1.569262 
30.59999981 -1.569262 
30.63999981 -1.569262 
30.67999981 -1.569262 
30.71999981 -1.569262 
30.75999981 -1.569262 
30.79999981 -1.569262 
30.83999981 -1.569262 
30.87999981 -1.569262 
30.91999981 -1.569262 
30.95999981 -1.569262 
30.99999981 -1.569262 
31.03999981 -1.569262 
31.07999981 -1.569262 
31.11999981 -1.569262 
31.15999981 -1.569262 
31.19999981 -1.569262 
31.23999981 -1.569262 
31.27999981 -1.569262 
31.31999981 -1.569262 
31.35999981 -1.569262 
31.39999981 -1.569262 
31.43999981 -1.743217 
31.47999981 -1.569262 
31.51999981 -1.743217 
31.55999981 -1.743217 
31.59999981 -1.569262 
31.63999981 -1.569262 
31.67999981 -1.569262 
31.71999981 -1.743217 
31.75999981 -1.743217 
31.79999981 -1.569262 
31.83999981 -1.743217 
31.87999981 -1.743217 
31.91999981 -1.743217 
31.95999981 -1.743217 
31.99999981 -1.743217 
32.03999981 -1.743217 
32.07999981 -1.743217 
32.1199998 -1.743217 
32.1599998 -1.743217 
32.1999998 -1.743217 
32.2399998 -1.743217 
32.2799998 -1.743217 
32.3199998 -1.743217 
32.3599998 -1.743217 
32.3999998 -1.743217 
32.4399998 -1.743217 
32.4799998 -1.743217 
32.5199998 -1.743217 
32.5599998 -1.743217 
32.5999998 -1.743217 
32.6399998 -1.743217 
32.6799998 -1.743217 
32.7199998 -1.743217 
32.7599998 -1.743217 
32.7999998 -1.743217 
32.8399998 -1.743217 
32.8799998 -1.743217 
32.9199998 -1.743217 
32.9599998 -1.743217 
32.9999998 -1.743217 
33.0399998 -1.743217 
33.0799998 -1.743217 
33.1199998 -1.743217 
33.1599998 -1.743217 
33.1999998 -1.743217 
33.2399998 -1.743217 
33.2799998 -1.743217 
33.3199998 -1.743217 
33.3599998 -1.743217 
33.3999998 -1.917173 
33.4399998 -1.743217 
33.4799998 -1.917173 
33.5199998 -1.917173 
33.5599998 -1.743217 
33.5999998 -1.743217 
33.6399998 -1.743217 
33.6799998 -1.917173 
33.7199998 -1.917173 
33.75999979 -1.917173 
33.79999979 -1.743217 
33.83999979 -1.917173 
33.87999979 -2.091739 
33.91999979 -2.091739 
33.95999979 -2.091739 
33.99999979 -2.091739 
34.03999979 -1.917173 
34.07999979 -1.917173 
34.11999979 -1.917173 
34.15999979 -1.917173 
34.19999979 -2.091739 
34.23999979 -1.917173 
34.27999979 -2.091739 
34.31999979 -2.091739 
34.35999979 -2.091739 
34.39999979 -2.091739 
34.43999979 -2.091739 
34.47999979 -2.091739 
34.51999979 -2.091739 
34.55999979 -2.091739 
34.59999979 -2.091739 
34.63999979 -2.091739 
34.67999979 -2.091739 
34.71999979 -2.091739 
34.75999979 -2.091739 
34.79999979 -2.091739 
34.83999979 -2.091739 
34.87999979 -2.091739 
34.91999979 -2.091739 
34.95999979 -2.091739 
34.99999979 -2.091739 
35.03999979 -2.091739 
35.07999979 -2.091739 
35.11999979 -2.091739 
35.15999979 -2.091739 
35.19999979 -2.091739 
35.23999979 -2.091739 
35.27999979 -2.091739 
35.31999979 -2.091739 
35.35999979 -2.091739 
35.39999978 -2.091739 
35.43999978 -2.265694 
35.47999978 -2.091739 
35.51999978 -2.091739 
35.55999978 -2.091739 
35.59999978 -2.091739 
35.63999978 -2.091739 
35.67999978 -2.091739 
35.71999978 -2.091739 
35.75999978 -2.091739 
35.79999978 -2.265694 
35.83999978 -2.091739 
35.87999978 -2.091739 
35.91999978 -2.265694 
35.95999978 -2.091739 
35.99999978 -2.265694 
36.03999978 -2.265694 
36.07999978 -2.265694 
36.11999978 -2.265694 
36.15999978 -2.265694 
36.19999978 -2.265694 
36.23999978 -2.265694 
36.27999978 -2.265694 
36.31999978 -2.265694 
36.35999978 -2.265694 
36.39999978 -2.265694 
36.43999978 -2.265694 
36.47999978 -2.265694 
36.51999978 -2.265694 
36.55999978 -2.265694 
36.59999978 -2.265694 
36.63999978 -2.265694 
36.67999978 -2.265694 
36.71999978 -2.265694 
36.75999978 -2.265694 
36.79999978 -2.265694 
36.83999978 -2.265694 
36.87999978 -2.265694 
36.91999978 -2.43965 
36.95999978 -2.265694 
36.99999978 -2.265694 
37.03999977 -2.265694 
37.07999977 -2.265694 
37.11999977 -2.265694 
37.15999977 -2.43965 
37.19999977 -2.43965 
37.23999977 -2.265694 
37.27999977 -2.265694 
37.31999977 -2.43965 
37.35999977 -2.265694 
37.39999977 -2.43965 
37.43999977 -2.43965 
37.47999977 -2.43965 
37.51999977 -2.43965 
37.55999977 -2.43965 
37.59999977 -2.43965 
37.63999977 -2.43965 
37.67999977 -2.43965 
37.71999977 -2.265694 
37.75999977 -2.43965 
37.79999977 -2.43965 
37.83999977 -2.43965 
37.87999977 -2.43965 
37.91999977 -2.43965 
37.95999977 -2.43965 
37.99999977 -2.613605 
38.03999977 -2.43965 
38.07999977 -2.43965 
38.11999977 -2.43965 
38.15999977 -2.613605 
38.19999977 -2.613605 
38.23999977 -2.613605 
38.27999977 -2.613605 
38.31999977 -2.613605 
38.35999977 -2.43965 
38.39999977 -2.613605 
38.43999977 -2.43965 
38.47999977 -2.613605 
38.51999977 -2.613605 
38.55999977 -2.613605 
38.59999977 -2.613605 
38.63999977 -2.613605 
38.67999976 -2.613605 
38.71999976 -2.613605 
38.75999976 -2.613605 
38.79999976 -2.613605 
38.83999976 -2.613605 
38.87999976 -2.613605 
38.91999976 -2.613605 
38.95999976 -2.613605 
38.99999976 -2.613605 
39.03999976 -2.613605 
39.07999976 -2.613605 
39.11999976 -2.43965 
39.15999976 -2.613605 
39.19999976 -2.613605 
39.23999976 -2.613605 
39.27999976 -2.613605 
39.31999976 -2.613605 
39.35999976 -2.613605 
39.39999976 -2.613605 
39.43999976 -2.613605 
39.47999976 -2.613605 
39.51999976 -2.788171 
39.55999976 -2.788171 
39.59999976 -2.613605 
39.63999976 -2.788171 
39.67999976 -2.613605 
39.71999976 -2.788171 
39.75999976 -2.788171 
39.79999976 -2.613605 
39.83999976 -2.613605 
39.87999976 -2.613605 
39.91999976 -2.788171 
39.95999976 -2.788171 
39.99999976 -2.788171 
40.03999976 -2.788171 
40.07999976 -2.788171 
40.11999976 -2.788171 
40.15999976 -2.788171 
40.19999976 -2.788171 
40.23999976 -2.788171 
40.27999976 -2.788171 
40.31999975 -2.788171 
40.35999975 -2.613605 
40.39999975 -2.788171 
40.43999975 -2.613605 
40.47999975 -2.788171 
40.51999975 -2.788171 
40.55999975 -2.788171 
40.59999975 -2.788171 
40.63999975 -2.788171 
40.67999975 -2.788171 
40.71999975 -2.788171 
40.75999975 -2.788171 
40.79999975 -2.788171 
40.83999975 -2.788171 
40.87999975 -2.788171 
40.91999975 -2.788171 
40.95999975 -2.788171 
40.99999975 -2.788171 
41.03999975 -2.788171 
41.07999975 -2.788171 
41.11999975 -2.788171 
41.15999975 -2.788171 
41.19999975 -2.788171 
41.23999975 -2.788171 
41.27999975 -2.788171 
41.31999975 -2.788171 
41.35999975 -2.788171 
41.39999975 -2.788171 
41.43999975 -2.788171 
41.47999975 -2.788171 
41.51999975 -2.788171 
41.55999975 -2.962126 
41.59999975 -2.788171 
41.63999975 -2.962126 
41.67999975 -2.788171 
41.71999975 -2.962126 
41.75999975 -2.788171 
41.79999975 -2.962126 
41.83999975 -2.788171 
41.87999975 -2.788171 
41.91999975 -2.962126 
41.95999974 -2.788171 
41.99999974 -2.962126 
42.03999974 -2.962126 
42.07999974 -2.962126 
42.11999974 -2.962126 
42.15999974 -2.962126 
42.19999974 -2.962126 
42.23999974 -2.962126 
42.27999974 -2.962126 
42.31999974 -2.962126 
42.35999974 -2.962126 
42.39999974 -2.962126 
42.43999974 -2.962126 
42.47999974 -2.962126 
42.51999974 -2.962126 
42.55999974 -3.136082 
42.59999974 -2.962126 
42.63999974 -2.962126 
42.67999974 -2.962126 
42.71999974 -2.962126 
42.75999974 -2.962126 
42.79999974 -2.962126 
42.83999974 -3.136082 
42.87999974 -2.962126 
42.91999974 -3.136082 
42.95999974 -2.962126 
42.99999974 -2.962126 
43.03999974 -2.962126 
43.07999974 -3.136082 
43.11999974 -2.962126 
43.15999974 -2.962126 
43.19999974 -2.962126 
43.23999974 -3.136082 
43.27999974 -3.136082 
43.31999974 -3.136082 
43.35999974 -2.962126 
43.39999974 -2.962126 
43.43999974 -3.136082 
43.47999974 -3.136082 
43.51999974 -3.136082 
43.55999974 -3.136082 
43.59999974 -3.136082 
43.63999973 -3.136082 
43.67999973 -3.136082 
43.71999973 -3.136082 
43.75999973 -3.136082 
43.79999973 -3.136082 
43.83999973 -3.136082 
43.87999973 -3.136082 
43.91999973 -3.136082 
43.95999973 -3.136082 
43.99999973 -3.136082 
44.03999973 -3.136082 
44.07999973 -3.136082 
44.11999973 -3.136082 
44.15999973 -3.136082 
44.19999973 -3.136082 
44.23999973 -3.136082 
44.27999973 -3.136082 
44.31999973 -3.136082 
44.35999973 -3.136082 
44.39999973 -3.136082 
44.43999973 -3.136082 
44.47999973 -3.136082 
44.51999973 -3.136082 
44.55999973 -3.136082 
44.59999973 -3.136082 
44.63999973 -3.136082 
44.67999973 -3.136082 
44.71999973 -3.136082 
44.75999973 -3.136082 
44.79999973 -3.136082 
44.83999973 -3.136082 
44.87999973 -3.136082 
44.91999973 -3.136082 
44.95999973 -3.136082 
44.99999973 -3.136082 
45.03999973 -3.136082 
45.07999973 -3.136082 
45.11999973 -3.136082 
45.15999973 -3.136082 
45.19999973 -3.136082 
45.23999973 -3.136082 
45.27999972 -3.310038 
45.31999972 -3.136082 
45.35999972 -3.310038 
45.39999972 -3.310038 
45.43999972 -3.310038 
45.47999972 -3.310038 
45.51999972 -3.136082 
45.55999972 -3.310038 
45.59999972 -3.484603 
45.63999972 -3.310038 
45.67999972 -3.310038 
45.71999972 -3.310038 
45.75999972 -3.310038 
45.79999972 -3.310038 
45.83999972 -3.310038 
45.87999972 -3.310038 
45.91999972 -3.310038 
45.95999972 -3.310038 
45.99999972 -3.484603 
46.03999972 -3.484603 
46.07999972 -3.310038 
46.11999972 -3.484603 
46.15999972 -3.484603 
46.19999972 -3.484603 
46.23999972 -3.484603 
46.27999972 -3.310038 
46.31999972 -3.484603 
46.35999972 -3.484603 
46.39999972 -3.484603 
46.43999972 -3.310038 
46.47999972 -3.484603 
46.51999972 -3.484603 
46.55999972 -3.484603 
46.59999972 -3.484603 
46.63999972 -3.484603 
46.67999972 -3.484603 
46.71999972 -3.484603 
46.75999972 -3.484603 
46.79999972 -3.484603 
46.83999972 -3.484603 
46.87999972 -3.484603 
46.91999971 -3.484603 
46.95999971 -3.484603 
46.99999971 -3.484603 
47.03999971 -3.484603 
47.07999971 -3.484603 
47.11999971 -3.484603 
47.15999971 -3.484603 
47.19999971 -3.484603 
47.23999971 -3.484603 
47.27999971 -3.484603 
47.31999971 -3.484603 
47.35999971 -3.484603 
47.39999971 -3.484603 
47.43999971 -3.484603 
47.47999971 -3.484603 
47.51999971 -3.484603 
47.55999971 -3.484603 
47.59999971 -3.484603 
47.63999971 -3.484603 
47.67999971 -3.484603 
47.71999971 -3.484603 
47.75999971 -3.658559 
47.79999971 -3.658559 
47.83999971 -3.484603 
47.87999971 -3.484603 
47.91999971 -3.484603 
47.95999971 -3.658559 
47.99999971 -3.484603 
48.03999971 -3.658559 
48.07999971 -3.484603 
48.11999971 -3.658559 
48.15999971 -3.658559 
48.19999971 -3.658559 
48.23999971 -3.658559 
48.27999971 -3.658559 
48.31999971 -3.484603 
48.35999971 -3.658559 
48.39999971 -3.658559 
48.43999971 -3.658559 
48.47999971 -3.658559 
48.51999971 -3.658559 
48.5599997 -3.658559 
48.5999997 -3.658559 
48.6399997 -3.658559 
48.6799997 -3.658559 
48.7199997 -3.658559 
48.7599997 -3.658559 
48.7999997 -3.658559 
48.8399997 -3.658559 
48.8799997 -3.658559 
48.9199997 -3.658559 
48.9599997 -3.658559 
48.9999997 -3.658559 
49.0399997 -3.658559 
49.0799997 -3.658559 
49.1199997 -3.658559 
49.1599997 -3.658559 
49.1999997 -3.658559 
49.2399997 -3.658559 
49.2799997 -3.658559 
49.3199997 -3.658559 
49.3599997 -3.658559 
49.3999997 -3.658559 
49.4399997 -3.658559 
49.4799997 -3.658559 
49.5199997 -3.658559 
49.5599997 -3.658559 
49.5999997 -3.658559 
49.6399997 -3.658559 
49.6799997 -3.832515 
49.7199997 -3.658559 
49.7599997 -3.832515 
49.7999997 -3.658559 
49.8399997 -3.658559 
49.8799997 -3.832515 
49.9199997 -3.832515 
49.9599997 -3.832515 
49.9999997 -3.832515 
50.0399997 -3.658559 
50.0799997 -3.832515 
50.1199997 -3.832515 
50.1599997 -3.832515 
50.19999969 -3.658559 
50.23999969 -3.658559 
50.27999969 -3.832515 
50.31999969 -3.658559 
50.35999969 -3.832515 
50.39999969 -3.832515 
50.43999969 -3.832515 
50.47999969 -3.832515 
50.51999969 -3.832515 
50.55999969 -3.832515 
50.59999969 -3.832515 
50.63999969 -3.832515 
50.67999969 -3.658559 
50.71999969 -3.832515 
50.75999969 -3.832515 
50.79999969 -3.832515 
50.83999969 -3.832515 
50.87999969 -3.832515 
50.91999969 -3.832515 
50.95999969 -3.832515 
50.99999969 -3.832515 
51.03999969 -3.832515 
51.07999969 -3.832515 
51.11999969 -3.832515 
51.15999969 -3.832515 
51.19999969 -3.832515 
51.23999969 -3.832515 
51.27999969 -4.00647 
51.31999969 -4.00647 
51.35999969 -4.00647 
51.39999969 -3.832515 
51.43999969 -4.00647 
51.47999969 -3.832515 
51.51999969 -3.832515 
51.55999969 -3.832515 
51.59999969 -3.832515 
51.63999969 -4.00647 
51.67999969 -4.00647 
51.71999969 -4.00647 
51.75999969 -4.00647 
51.79999969 -4.00647 
51.83999968 -4.00647 
51.87999968 -4.00647 
51.91999968 -4.00647 
51.95999968 -4.00647 
51.99999968 -4.00647 
52.03999968 -4.00647 
52.07999968 -3.832515 
52.11999968 -3.832515 
52.15999968 -3.832515 
52.19999968 -4.00647 
52.23999968 -3.832515 
52.27999968 -3.832515 
52.31999968 -4.00647 
52.35999968 -4.00647 
52.39999968 -4.00647 
52.43999968 -4.00647 
52.47999968 -4.00647 
52.51999968 -4.00647 
52.55999968 -4.00647 
52.59999968 -4.00647 
52.63999968 -4.00647 
52.67999968 -4.00647 
52.71999968 -4.00647 
52.75999968 -4.00647 
52.79999968 -4.00647 
52.83999968 -4.00647 
52.87999968 -4.00647 
52.91999968 -4.00647 
52.95999968 -4.00647 
52.99999968 -4.00647 
53.03999968 -4.00647 
53.07999968 -4.00647 
53.11999968 -4.00647 
53.15999968 -4.00647 
53.19999968 -4.00647 
53.23999968 -4.00647 
53.27999968 -4.181036 
53.31999968 -4.00647 
53.35999968 -4.00647 
53.39999968 -4.181036 
53.43999968 -4.181036 
53.47999967 -4.00647 
53.51999967 -4.181036 
53.55999967 -4.181036 
53.59999967 -4.181036 
53.63999967 -4.00647 
53.67999967 -4.181036 
53.71999967 -4.181036 
53.75999967 -4.181036 
53.79999967 -4.181036 
53.83999967 -4.181036 
53.87999967 -4.181036 
53.91999967 -4.00647 
53.95999967 -4.181036 
53.99999967 -4.181036 
54.03999967 -4.181036 
54.07999967 -4.181036 
54.11999967 -4.181036 
54.15999967 -4.181036 
54.19999967 -4.181036 
54.23999967 -4.181036 
54.27999967 -4.181036 
54.31999967 -4.181036 
54.35999967 -4.181036 
54.39999967 -4.181036 
54.43999967 -4.181036 
54.47999967 -4.181036 
54.51999967 -4.181036 
54.55999967 -4.181036 
54.59999967 -4.181036 
54.63999967 -4.181036 
54.67999967 -4.181036 
54.71999967 -4.181036 
54.75999967 -4.181036 
54.79999967 -4.181036 
54.83999967 -4.181036 
54.87999967 -4.181036 
54.91999967 -4.181036 
54.95999967 -4.181036 
54.99999967 -4.181036 
55.03999967 -4.181036 
55.07999967 -4.181036 
55.11999967 -4.181036 
55.15999966 -4.181036 
55.19999966 -4.181036 
55.23999966 -4.181036 
55.27999966 -4.181036 
55.31999966 -4.181036 
55.35999966 -4.181036 
55.39999966 -4.181036 
55.43999966 -4.181036 
55.47999966 -4.181036 
55.51999966 -4.354991 
55.55999966 -4.354991 
55.59999966 -4.354991 
55.63999966 -4.354991 
55.67999966 -4.181036 
55.71999966 -4.354991 
55.75999966 -4.354991 
55.79999966 -4.354991 
55.83999966 -4.354991 
55.87999966 -4.354991 
55.91999966 -4.354991 
55.95999966 -4.354991 
55.99999966 -4.181036 
56.03999966 -4.354991 
56.07999966 -4.354991 
56.11999966 -4.354991 
56.15999966 -4.354991 
56.19999966 -4.354991 
56.23999966 -4.354991 
56.27999966 -4.354991 
56.31999966 -4.354991 
56.35999966 -4.354991 
56.39999966 -4.354991 
56.43999966 -4.354991 
56.47999966 -4.354991 
56.51999966 -4.354991 
56.55999966 -4.354991 
56.59999966 -4.354991 
56.63999966 -4.354991 
56.67999966 -4.354991 
56.71999966 -4.354991 
56.75999966 -4.354991 
56.79999965 -4.354991 
56.83999965 -4.354991 
56.87999965 -4.354991 
56.91999965 -4.354991 
56.95999965 -4.354991 
56.99999965 -4.354991 
57.03999965 -4.354991 
57.07999965 -4.354991 
57.11999965 -4.354991 
57.15999965 -4.528947 
57.19999965 -4.354991 
57.23999965 -4.354991 
57.27999965 -4.354991 
57.31999965 -4.528947 
57.35999965 -4.354991 
57.39999965 -4.354991 
57.43999965 -4.354991 
57.47999965 -4.528947 
57.51999965 -4.528947 
57.55999965 -4.528947 
57.59999965 -4.354991 
57.63999965 -4.528947 
57.67999965 -4.528947 
57.71999965 -4.354991 
57.75999965 -4.528947 
57.79999965 -4.354991 
57.83999965 -4.528947 
57.87999965 -4.354991 
57.91999965 -4.528947 
57.95999965 -4.528947 
57.99999965 -4.528947 
58.03999965 -4.528947 
58.07999965 -4.354991 
58.11999965 -4.528947 
58.15999965 -4.528947 
58.19999965 -4.528947 
58.23999965 -4.528947 
58.27999965 -4.528947 
58.31999965 -4.528947 
58.35999965 -4.528947 
58.39999965 -4.528947 
58.43999964 -4.528947 
58.47999964 -4.528947 
58.51999964 -4.528947 
58.55999964 -4.528947 
58.59999964 -4.528947 
58.63999964 -4.528947 
58.67999964 -4.528947 
58.71999964 -4.528947 
58.75999964 -4.528947 
58.79999964 -4.528947 
58.83999964 -4.528947 
58.87999964 -4.528947 
58.91999964 -4.528947 
58.95999964 -4.528947 
58.99999964 -4.528947 
59.03999964 -4.528947 
59.07999964 -4.528947 
59.11999964 -4.528947 
59.15999964 -4.528947 
59.19999964 -4.528947 
59.23999964 -4.528947 
59.27999964 -4.528947 
59.31999964 -4.528947 
59.35999964 -4.528947 
59.39999964 -4.528947 
59.43999964 -4.528947 
59.47999964 -4.528947 
59.51999964 -4.528947 
59.55999964 -4.528947 
59.59999964 -4.528947 
59.63999964 -4.528947 
59.67999964 -4.528947 
59.71999964 -4.528947 
59.75999964 -4.528947 
59.79999964 -4.528947 
59.83999964 -4.528947 
59.87999964 -4.528947 
59.91999964 -4.528947 
59.95999964 -4.528947 
59.99999964 -4.528947 
60.03999964 -4.702902 
60.07999963 -4.528947 
60.11999963 -4.528947 
60.15999963 -4.528947 
60.19999963 -4.702902 
60.23999963 -4.528947 
60.27999963 -4.528947 
60.31999963 -4.528947 
60.35999963 -4.702902 
60.39999963 -4.702902 
60.43999963 -4.528947 
60.47999963 -4.528947 
60.51999963 -4.702902 
60.55999963 -4.702902 
60.59999963 -4.702902 
60.63999963 -4.528947 
60.67999963 -4.528947 
60.71999963 -4.702902 
60.75999963 -4.702902 
60.79999963 -4.702902 
60.83999963 -4.702902 
60.87999963 -4.702902 
60.91999963 -4.702902 
60.95999963 -4.702902 
60.99999963 -4.702902 
61.03999963 -4.702902 
61.07999963 -4.702902 
61.11999963 -4.702902 
61.15999963 -4.702902 
61.19999963 -4.702902 
61.23999963 -4.877468 
61.27999963 -4.877468 
61.31999963 -4.702902 
61.35999963 -4.702902 
61.39999963 -4.877468 
61.43999963 -4.877468 
61.47999963 -4.877468 
61.51999963 -4.877468 
61.55999963 -4.877468 
61.59999963 -4.702902 
61.63999963 -4.877468 
61.67999963 -4.877468 
61.71999962 -4.877468 
61.75999962 -4.877468 
61.79999962 -4.877468 
61.83999962 -4.877468 
61.87999962 -4.877468 
61.91999962 -4.877468 
61.95999962 -4.877468 
61.99999962 -4.877468 
62.03999962 -4.877468 
62.07999962 -4.877468 
62.11999962 -4.877468 
62.15999962 -4.877468 
62.19999962 -4.877468 
62.23999962 -4.877468 
62.27999962 -4.877468 
62.31999962 -4.877468 
62.35999962 -4.877468 
62.39999962 -4.877468 
62.43999962 -4.877468 
62.47999962 -4.877468 
62.51999962 -4.877468 
62.55999962 -4.877468 
62.59999962 -4.877468 
62.63999962 -4.877468 
62.67999962 -4.877468 
62.71999962 -4.877468 
62.75999962 -4.877468 
62.79999962 -4.877468 
62.83999962 -4.877468 
62.87999962 -4.877468 
62.91999962 -4.877468 
62.95999962 -4.877468 
62.99999962 -4.877468 
63.03999962 -4.877468 
63.07999962 -4.877468 
63.11999962 -4.877468 
63.15999962 -4.877468 
63.19999962 -4.877468 
63.23999962 -4.877468 
63.27999962 -4.877468 
63.31999962 -4.877468 
63.35999961 -4.877468 
63.39999961 -4.877468 
63.43999961 -4.877468 
63.47999961 -4.877468 
63.51999961 -4.877468 
63.55999961 -5.051424 
63.59999961 -5.051424 
63.63999961 -4.877468 
63.67999961 -4.877468 
63.71999961 -4.877468 
63.75999961 -4.877468 
63.79999961 -4.877468 
63.83999961 -4.877468 
63.87999961 -5.051424 
63.91999961 -4.877468 
63.95999961 -4.877468 
63.99999961 -5.051424 
64.03999961 -4.877468 
64.07999961 -5.051424 
64.11999961 -5.051424 
64.15999961 -5.051424 
64.19999961 -4.877468 
64.23999961 -5.051424 
64.27999961 -5.051424 
64.31999961 -5.051424 
64.35999961 -4.877468 
64.39999961 -4.877468 
64.43999961 -5.051424 
64.47999961 -4.877468 
64.51999961 -5.051424 
64.55999961 -5.051424 
64.59999961 -5.051424 
64.63999961 -5.051424 
64.67999961 -5.051424 
64.71999961 -5.051424 
64.75999961 -5.051424 
64.79999961 -5.051424 
64.83999961 -5.051424 
64.87999961 -5.051424 
64.91999961 -5.051424 
64.95999961 -5.051424 
64.9999996 -5.051424 
65.0399996 -5.051424 
65.0799996 -5.051424 
65.1199996 -5.051424 
65.1599996 -5.051424 
65.1999996 -5.051424 
65.2399996 -5.051424 
65.2799996 -5.051424 
65.3199996 -5.051424 
65.3599996 -5.051424 
65.3999996 -5.051424 
65.4399996 -5.051424 
65.4799996 -5.051424 
65.5199996 -5.051424 
65.5599996 -5.051424 
65.5999996 -5.051424 
65.6399996 -5.051424 
65.6799996 -5.051424 
65.7199996 -5.051424 
65.7599996 -5.051424 
65.7999996 -5.051424 
65.8399996 -5.051424 
65.8799996 -5.051424 
65.9199996 -5.051424 
65.9599996 -5.051424 
65.9999996 -5.051424 
66.0399996 -5.051424 
66.0799996 -5.051424 
66.1199996 -5.051424 
66.1599996 -5.051424 
66.1999996 -5.051424 
66.2399996 -5.051424 
66.2799996 -5.051424 
66.3199996 -5.225379 
66.3599996 -5.051424 
66.3999996 -5.051424 
66.4399996 -5.051424 
66.4799996 -5.051424 
66.5199996 -5.225379 
66.5599996 -5.225379 
66.5999996 -5.225379 
66.63999959 -5.051424 
66.67999959 -5.225379 
66.71999959 -5.225379 
66.75999959 -5.051424 
66.79999959 -5.051424 
66.83999959 -5.225379 
66.87999959 -5.225379 
66.91999959 -5.051424 
66.95999959 -5.225379 
66.99999959 -5.051424 
67.03999959 -5.225379 
67.07999959 -5.225379 
67.11999959 -5.225379 
67.15999959 -5.225379 
67.19999959 -5.225379 
67.23999959 -5.225379 
67.27999959 -5.225379 
67.31999959 -5.225379 
67.35999959 -5.225379 
67.39999959 -5.225379 
67.43999959 -5.225379 
67.47999959 -5.225379 
67.51999959 -5.225379 
67.55999959 -5.225379 
67.59999959 -5.225379 
67.63999959 -5.225379 
67.67999959 -5.225379 
67.71999959 -5.225379 
67.75999959 -5.225379 
67.79999959 -5.225379 
67.83999959 -5.225379 
67.87999959 -5.225379 
67.91999959 -5.225379 
67.95999959 -5.225379 
67.99999959 -5.399335 
68.03999959 -5.399335 
68.07999959 -5.225379 
68.11999959 -5.399335 
68.15999959 -5.399335 
68.19999959 -5.225379 
68.23999959 -5.399335 
68.27999959 -5.399335 
68.31999958 -5.399335 
68.35999958 -5.399335 
68.39999958 -5.225379 
68.43999958 -5.399335 
68.47999958 -5.399335 
68.51999958 -5.399335 
68.55999958 -5.399335 
68.59999958 -5.399335 
68.63999958 -5.399335 
68.67999958 -5.399335 
68.71999958 -5.399335 
68.75999958 -5.225379 
68.79999958 -5.225379 
68.83999958 -5.399335 
68.87999958 -5.399335 
68.91999958 -5.399335 
68.95999958 -5.399335 
68.99999958 -5.399335 
69.03999958 -5.225379 
69.07999958 -5.399335 
69.11999958 -5.399335 
69.15999958 -5.399335 
69.19999958 -5.399335 
69.23999958 -5.399335 
69.27999958 -5.399335 
69.31999958 -5.399335 
69.35999958 -5.399335 
69.39999958 -5.399335 
69.43999958 -5.399335 
69.47999958 -5.399335 
69.51999958 -5.399335 
69.55999958 -5.399335 
69.59999958 -5.225379 
69.63999958 -5.399335 
69.67999958 -5.225379 
69.71999958 -5.399335 
69.75999958 -5.225379 
69.79999958 -5.399335 
69.83999958 -5.399335 
69.87999958 -5.399335 
69.91999958 -5.399335 
69.95999957 -5.399335 
69.99999957 -5.399335 
70.03999957 -5.399335 
70.07999957 -5.399335 
70.11999957 -5.399335 
70.15999957 -5.399335 
70.19999957 -5.399335 
70.23999957 -5.399335 
70.27999957 -5.399335 
70.31999957 -5.399335 
70.35999957 -5.573901 
70.39999957 -5.399335 
70.43999957 -5.399335 
70.47999957 -5.399335 
70.51999957 -5.399335 
70.55999957 -5.399335 
70.59999957 -5.399335 
70.63999957 -5.399335 
70.67999957 -5.399335 
70.71999957 -5.573901 
70.75999957 -5.399335 
70.79999957 -5.399335 
70.83999957 -5.573901 
70.87999957 -5.399335 
70.91999957 -5.399335 
70.95999957 -5.399335 
70.99999957 -5.573901 
71.03999957 -5.573901 
71.07999957 -5.399335 
71.11999957 -5.399335 
71.15999957 -5.573901 
71.19999957 -5.399335 
71.23999957 -5.573901 
71.27999957 -5.399335 
71.31999957 -5.573901 
71.35999957 -5.573901 
71.39999957 -5.573901 
71.43999957 -5.573901 
71.47999957 -5.573901 
71.51999957 -5.573901 
71.55999957 -5.399335 
71.59999956 -5.573901 
71.63999956 -5.573901 
71.67999956 -5.573901 
71.71999956 -5.573901 
71.75999956 -5.573901 
71.79999956 -5.573901 
71.83999956 -5.573901 
71.87999956 -5.573901 
71.91999956 -5.573901 
71.95999956 -5.573901 
71.99999956 -5.573901 
72.03999956 -5.573901 
72.07999956 -5.573901 
72.11999956 -5.573901 
72.15999956 -5.573901 
72.19999956 -5.573901 
72.23999956 -5.573901 
72.27999956 -5.573901 
72.31999956 -5.573901 
72.35999956 -5.573901 
72.39999956 -5.573901 
72.43999956 -5.573901 
72.47999956 -5.573901 
72.51999956 -5.573901 
72.55999956 -5.573901 
72.59999956 -5.573901 
72.63999956 -5.573901 
72.67999956 -5.573901 
72.71999956 -5.573901 
72.75999956 -5.573901 
72.79999956 -5.573901 
72.83999956 -5.573901 
72.87999956 -5.573901 
72.91999956 -5.573901 
72.95999956 -5.573901 
72.99999956 -5.573901 
73.03999956 -5.573901 
73.07999956 -5.573901 
73.11999956 -5.573901 
73.15999956 -5.573901 
73.19999956 -5.573901 
73.23999955 -5.573901 
73.27999955 -5.573901 
73.31999955 -5.573901 
73.35999955 -5.573901 
73.39999955 -5.573901 
73.43999955 -5.573901 
73.47999955 -5.573901 
73.51999955 -5.573901 
73.55999955 -5.573901 
73.59999955 -5.573901 
73.63999955 -5.573901 
73.67999955 -5.573901 
73.71999955 -5.573901 
73.75999955 -5.747856 
73.79999955 -5.573901 
73.83999955 -5.573901 
73.87999955 -5.573901 
73.91999955 -5.573901 
73.95999955 -5.573901 
73.99999955 -5.573901 
74.03999955 -5.573901 
74.07999955 -5.573901 
74.11999955 -5.747856 
74.15999955 -5.573901 
74.19999955 -5.573901 
74.23999955 -5.747856 
74.27999955 -5.747856 
74.31999955 -5.747856 
74.35999955 -5.747856 
74.39999955 -5.573901 
74.43999955 -5.573901 
74.47999955 -5.747856 
74.51999955 -5.747856 
74.55999955 -5.573901 
74.59999955 -5.747856 
74.63999955 -5.747856 
74.67999955 -5.573901 
74.71999955 -5.573901 
74.75999955 -5.747856 
74.79999955 -5.573901 
74.83999955 -5.747856 
74.87999954 -5.573901 
74.91999954 -5.747856 
74.95999954 -5.747856 
74.99999954 -5.747856 
75.03999954 -5.747856 
75.07999954 -5.747856 
75.11999954 -5.747856 
75.15999954 -5.747856 
75.19999954 -5.747856 
75.23999954 -5.747856 
75.27999954 -5.747856 
75.31999954 -5.747856 
75.35999954 -5.747856 
75.39999954 -5.573901 
75.43999954 -5.747856 
75.47999954 -5.747856 
75.51999954 -5.747856 
75.55999954 -5.747856 
75.59999954 -5.747856 
75.63999954 -5.747856 
75.67999954 -5.747856 
75.71999954 -5.747856 
75.75999954 -5.747856 
75.79999954 -5.747856 
75.83999954 -5.747856 
75.87999954 -5.747856 
75.91999954 -5.747856 
75.95999954 -5.747856 
75.99999954 -5.747856 
76.03999954 -5.747856 
76.07999954 -5.747856 
76.11999954 -5.747856 
76.15999954 -5.747856 
76.19999954 -5.747856 
76.23999954 -5.747856 
76.27999954 -5.747856 
76.31999954 -5.747856 
76.35999954 -5.747856 
76.39999954 -5.921812 
76.43999954 -5.747856 
76.47999954 -5.747856 
76.51999953 -5.747856 
76.55999953 -5.747856 
76.59999953 -5.747856 
76.63999953 -5.747856 
76.67999953 -5.747856 
76.71999953 -5.747856 
76.75999953 -5.747856 
76.79999953 -5.921812 
76.83999953 -5.747856 
76.87999953 -5.747856 
76.91999953 -5.747856 
76.95999953 -5.747856 
76.99999953 -5.747856 
77.03999953 -5.747856 
77.07999953 -5.747856 
77.11999953 -5.747856 
77.15999953 -5.747856 
77.19999953 -5.747856 
77.23999953 -5.747856 
77.27999953 -5.921812 
77.31999953 -5.747856 
77.35999953 -5.921812 
77.39999953 -5.921812 
77.43999953 -5.747856 
77.47999953 -5.921812 
77.51999953 -5.921812 
77.55999953 -5.921812 
77.59999953 -5.747856 
77.63999953 -5.921812 
77.67999953 -5.747856 
77.71999953 -5.921812 
77.75999953 -5.747856 
77.79999953 -5.747856 
77.83999953 -5.921812 
77.87999953 -5.747856 
77.91999953 -5.921812 
77.95999953 -5.921812 
77.99999953 -5.921812 
78.03999953 -5.921812 
78.07999953 -5.921812 
78.11999953 -5.921812 
78.15999952 -5.747856 
78.19999952 -5.921812 
78.23999952 -5.921812 
78.27999952 -5.921812 
78.31999952 -5.921812 
78.35999952 -5.747856 
78.39999952 -5.921812 
78.43999952 -5.921812 
78.47999952 -5.921812 
78.51999952 -5.921812 
78.55999952 -5.921812 
78.59999952 -5.921812 
78.63999952 -5.921812 
78.67999952 -5.921812 
78.71999952 -5.921812 
78.75999952 -5.921812 
78.79999952 -5.921812 
78.83999952 -5.921812 
78.87999952 -5.747856 
78.91999952 -5.921812 
78.95999952 -5.921812 
78.99999952 -5.921812 
79.03999952 -5.921812 
79.07999952 -5.921812 
79.11999952 -5.921812 
79.15999952 -5.921812 
79.19999952 -5.921812 
79.23999952 -5.921812 
79.27999952 -5.921812 
79.31999952 -5.921812 
79.35999952 -5.921812 
79.39999952 -5.921812 
79.43999952 -5.921812 
79.47999952 -5.921812 
79.51999952 -5.921812 
79.55999952 -5.921812 
79.59999952 -5.921812 
79.63999952 -5.921812 
79.67999952 -5.921812 
79.71999952 -5.921812 
79.75999952 -5.921812 
79.79999952 -5.921812 
79.83999951 -5.921812 
79.87999951 -5.921812 
79.91999951 -5.921812 
79.95999951 -5.921812 
79.99999951 -5.921812 
80.03999951 -5.921812 
80.07999951 -5.921812 
80.11999951 -5.921812 
80.15999951 -5.921812 
80.19999951 -5.921812 
80.23999951 -5.921812 
80.27999951 -5.921812 
80.31999951 -5.921812 
80.35999951 -5.921812 
80.39999951 -5.921812 
80.43999951 -5.921812 
80.47999951 -5.921812 
80.51999951 -5.921812 
80.55999951 -5.921812 
80.59999951 -5.921812 
80.63999951 -5.921812 
80.67999951 -5.921812 
80.71999951 -5.921812 
80.75999951 -5.921812 
80.79999951 -5.921812 
80.83999951 -5.921812 
80.87999951 -5.921812 
80.91999951 -5.921812 
80.95999951 -5.921812 
80.99999951 -5.921812 
81.03999951 -5.921812 
81.07999951 -5.921812 
81.11999951 -5.921812 
81.15999951 -5.921812 
81.19999951 -5.921812 
81.23999951 -5.921812 
81.27999951 -5.921812 
81.31999951 -5.921812 
81.35999951 -5.921812 
81.39999951 -5.921812 
81.43999951 -5.921812 
81.4799995 -5.921812 
81.5199995 -5.921812 
81.5599995 -5.921812 
81.5999995 -5.921812 
81.6399995 -5.921812 
81.6799995 -5.921812 
81.7199995 -5.921812 
81.7599995 -5.921812 
81.7999995 -5.921812 
81.8399995 -5.921812 
81.8799995 -5.921812 
81.9199995 -5.921812 
81.9599995 -6.095767 
81.9999995 -5.921812 
82.0399995 -5.921812 
82.0799995 -5.921812 
82.1199995 -6.095767 
82.1599995 -5.921812 
82.1999995 -6.095767 
82.2399995 -6.095767 
82.2799995 -5.921812 
82.3199995 -5.921812 
82.3599995 -5.921812 
82.3999995 -5.921812 
82.4399995 -5.921812 
82.4799995 -5.921812 
82.5199995 -6.095767 
82.5599995 -5.921812 
82.5999995 -5.921812 
82.6399995 -6.095767 
82.6799995 -5.921812 
82.7199995 -6.095767 
82.7599995 -6.095767 
82.7999995 -6.095767 
82.8399995 -5.921812 
82.8799995 -5.921812 
82.9199995 -5.921812 
82.9599995 -5.921812 
82.9999995 -5.921812 
83.0399995 -5.921812 
83.0799995 -5.921812 
83.11999949 -6.095767 
83.15999949 -6.095767 
83.19999949 -5.921812 
83.23999949 -6.095767 
83.27999949 -6.095767 
83.31999949 -5.921812 
83.35999949 -6.095767 
83.39999949 -6.095767 
83.43999949 -6.095767 
83.47999949 -6.095767 
83.51999949 -6.095767 
83.55999949 -6.095767 
83.59999949 -5.921812 
83.63999949 -6.095767 
83.67999949 -6.095767 
83.71999949 -6.270333 
83.75999949 -6.270333 
83.79999949 -6.095767 
83.83999949 -6.095767 
83.87999949 -6.095767 
83.91999949 -6.095767 
83.95999949 -6.270333 
83.99999949 -6.095767 
84.03999949 -6.095767 
84.07999949 -6.095767 
84.11999949 -6.095767 
84.15999949 -6.095767 
84.19999949 -6.095767 
84.23999949 -6.095767 
84.27999949 -6.095767 
84.31999949 -6.095767 
84.35999949 -6.270333 
84.39999949 -6.095767 
84.43999949 -6.095767 
84.47999949 -6.095767 
84.51999949 -6.095767 
84.55999949 -6.270333 
84.59999949 -6.095767 
84.63999949 -6.095767 
84.67999949 -6.095767 
84.71999949 -6.095767 
84.75999948 -6.095767 
84.79999948 -6.095767 
84.83999948 -6.270333 
84.87999948 -6.270333 
84.91999948 -6.270333 
84.95999948 -6.270333 
84.99999948 -6.095767 
85.03999948 -6.270333 
85.07999948 -6.095767 
85.11999948 -6.270333 
85.15999948 -6.095767 
85.19999948 -6.095767 
85.23999948 -6.270333 
85.27999948 -6.095767 
85.31999948 -6.270333 
85.35999948 -6.270333 
85.39999948 -6.095767 
85.43999948 -6.270333 
85.47999948 -6.095767 
85.51999948 -6.270333 
85.55999948 -6.095767 
85.59999948 -6.095767 
85.63999948 -6.270333 
85.67999948 -6.270333 
85.71999948 -6.095767 
85.75999948 -6.270333 
85.79999948 -6.270333 
85.83999948 -6.270333 
85.87999948 -6.270333 
85.91999948 -6.270333 
85.95999948 -6.270333 
85.99999948 -6.270333 
86.03999948 -6.270333 
86.07999948 -6.270333 
86.11999948 -6.270333 
86.15999948 -6.270333 
86.19999948 -6.270333 
86.23999948 -6.270333 
86.27999948 -6.270333 
86.31999948 -6.270333 
86.35999948 -6.270333 
86.39999947 -6.270333 
86.43999947 -6.270333 
86.47999947 -6.270333 
86.51999947 -6.270333 
86.55999947 -6.270333 
86.59999947 -6.270333 
86.63999947 -6.270333 
86.67999947 -6.095767 
86.71999947 -6.270333 
86.75999947 -6.270333 
86.79999947 -6.270333 
86.83999947 -6.270333 
86.87999947 -6.270333 
86.91999947 -6.270333 
86.95999947 -6.270333 
86.99999947 -6.270333 
87.03999947 -6.270333 
87.07999947 -6.270333 
87.11999947 -6.270333 
87.15999947 -6.270333 
87.19999947 -6.270333 
87.23999947 -6.270333 
87.27999947 -6.270333 
87.31999947 -6.270333 
87.35999947 -6.270333 
87.39999947 -6.270333 
87.43999947 -6.270333 
87.47999947 -6.270333 
87.51999947 -6.270333 
87.55999947 -6.270333 
87.59999947 -6.270333 
87.63999947 -6.270333 
87.67999947 -6.270333 
87.71999947 -6.270333 
87.75999947 -6.270333 
87.79999947 -6.270333 
87.83999947 -6.270333 
87.87999947 -6.270333 
87.91999947 -6.270333 
87.95999947 -6.270333 
87.99999947 -6.270333 
88.03999946 -6.270333 
88.07999946 -6.270333 
88.11999946 -6.270333 
88.15999946 -6.270333 
88.19999946 -6.270333 
88.23999946 -6.270333 
88.27999946 -6.270333 
88.31999946 -6.270333 
88.35999946 -6.270333 
88.39999946 -6.270333 
88.43999946 -6.270333 
88.47999946 -6.270333 
88.51999946 -6.270333 
88.55999946 -6.270333 
88.59999946 -6.270333 
88.63999946 -6.270333 
88.67999946 -6.270333 
88.71999946 -6.270333 
88.75999946 -6.270333 
88.79999946 -6.270333 
88.83999946 -6.270333 
88.87999946 -6.270333 
88.91999946 -6.270333 
88.95999946 -6.270333 
88.99999946 -6.270333 
89.03999946 -6.270333 
89.07999946 -6.270333 
89.11999946 -6.270333 
89.15999946 -6.270333 
89.19999946 -6.270333 
89.23999946 -6.270333 
89.27999946 -6.270333 
89.31999946 -6.270333 
89.35999946 -6.270333 
89.39999946 -6.270333 
89.43999946 -6.270333 
89.47999946 -6.270333 
89.51999946 -6.270333 
89.55999946 -6.270333 
89.59999946 -6.270333 
89.63999946 -6.270333 
89.67999945 -6.270333 
89.71999945 -6.270333 
89.75999945 -6.270333 
89.79999945 -6.270333 
89.83999945 -6.270333 
89.87999945 -6.270333 
89.91999945 -6.270333 
89.95999945 -6.270333 
89.99999945 -6.270333 
90.03999945 -6.270333 
90.07999945 -6.270333 
90.11999945 -6.270333 
90.15999945 -6.270333 
90.19999945 -6.270333 
90.23999945 -6.270333 
90.27999945 -6.270333 
90.31999945 -6.270333 
90.35999945 -6.270333 
90.39999945 -6.270333 
90.43999945 -6.270333 
90.47999945 -6.270333 
90.51999945 -6.270333 
90.55999945 -6.270333 
90.59999945 -6.270333 
90.63999945 -6.270333 
90.67999945 -6.270333 
90.71999945 -6.270333 
90.75999945 -6.270333 
90.79999945 -6.270333 
90.83999945 -6.270333 
90.87999945 -6.444288 
90.91999945 -6.270333 
90.95999945 -6.270333 
90.99999945 -6.270333 
91.03999945 -6.270333 
91.07999945 -6.270333 
91.11999945 -6.270333 
91.15999945 -6.270333 
91.19999945 -6.270333 
91.23999945 -6.270333 
91.27999945 -6.270333 
91.31999945 -6.270333 
91.35999944 -6.270333 
91.39999944 -6.270333 
91.43999944 -6.270333 
91.47999944 -6.270333 
91.51999944 -6.270333 
91.55999944 -6.270333 
91.59999944 -6.270333 
91.63999944 -6.270333 
91.67999944 -6.270333 
91.71999944 -6.270333 
91.75999944 -6.270333 
91.79999944 -6.270333 
91.83999944 -6.444288 
91.87999944 -6.444288 
91.91999944 -6.270333 
91.95999944 -6.270333 
91.99999944 -6.270333 
92.03999944 -6.444288 
92.07999944 -6.270333 
92.11999944 -6.270333 
92.15999944 -6.270333 
92.19999944 -6.270333 
92.23999944 -6.270333 
92.27999944 -6.270333 
92.31999944 -6.444288 
92.35999944 -6.270333 
92.39999944 -6.270333 
92.43999944 -6.270333 
92.47999944 -6.270333 
92.51999944 -6.270333 
92.55999944 -6.270333 
92.59999944 -6.444288 
92.63999944 -6.270333 
92.67999944 -6.270333 
92.71999944 -6.270333 
92.75999944 -6.270333 
92.79999944 -6.270333 
92.83999944 -6.270333 
92.87999944 -6.270333 
92.91999944 -6.270333 
92.95999944 -6.270333 
92.99999943 -6.270333 
93.03999943 -6.444288 
93.07999943 -6.270333 
93.11999943 -6.270333 
93.15999943 -6.270333 
93.19999943 -6.444288 
93.23999943 -6.270333 
93.27999943 -6.444288 
93.31999943 -6.444288 
93.35999943 -6.270333 
93.39999943 -6.270333 
93.43999943 -6.444288 
93.47999943 -6.444288 
93.51999943 -6.270333 
93.55999943 -6.270333 
93.59999943 -6.444288 
93.63999943 -6.270333 
93.67999943 -6.444288 
93.71999943 -6.270333 
93.75999943 -6.270333 
93.79999943 -6.444288 
93.83999943 -6.444288 
93.87999943 -6.444288 
93.91999943 -6.444288 
93.95999943 -6.270333 
93.99999943 -6.444288 
94.03999943 -6.270333 
94.07999943 -6.270333 
94.11999943 -6.444288 
94.15999943 -6.270333 
94.19999943 -6.444288 
94.23999943 -6.270333 
94.27999943 -6.270333 
94.31999943 -6.270333 
94.35999943 -6.270333 
94.39999943 -6.270333 
94.43999943 -6.444288 
94.47999943 -6.270333 
94.51999943 -6.270333 
94.55999943 -6.270333 
94.59999943 -6.270333 
94.63999942 -6.444288 
94.67999942 -6.270333 
94.71999942 -6.444288 
94.75999942 -6.270333 
94.79999942 -6.270333 
94.83999942 -6.444288 
94.87999942 -6.270333 
94.91999942 -6.270333 
94.95999942 -6.270333 
94.99999942 -6.444288 
95.03999942 -6.270333 
95.07999942 -6.444288 
95.11999942 -6.444288 
95.15999942 -6.270333 
95.19999942 -6.270333 
95.23999942 -6.270333 
95.27999942 -6.270333 
95.31999942 -6.444288 
95.35999942 -6.270333 
95.39999942 -6.270333 
95.43999942 -6.444288 
95.47999942 -6.270333 
95.51999942 -6.270333 
95.55999942 -6.444288 
95.59999942 -6.270333 
95.63999942 -6.270333 
95.67999942 -6.270333 
95.71999942 -6.270333 
95.75999942 -6.444288 
95.79999942 -6.270333 
95.83999942 -6.270333 
95.87999942 -6.444288 
95.91999942 -6.270333 
95.95999942 -6.270333 
95.99999942 -6.270333 
96.03999942 -6.270333 
96.07999942 -6.270333 
96.11999942 -6.444288 
96.15999942 -6.444288 
96.19999942 -6.444288 
96.23999942 -6.270333 
96.27999941 -6.270333 
96.31999941 -6.270333 
96.35999941 -6.270333 
96.39999941 -6.270333 
96.43999941 -6.270333 
96.47999941 -6.444288 
96.51999941 -6.270333 
96.55999941 -6.270333 
96.59999941 -6.444288 
96.63999941 -6.444288 
96.67999941 -6.270333 
96.71999941 -6.270333 
96.75999941 -6.444288 
96.79999941 -6.444288 
96.83999941 -6.444288 
96.87999941 -6.270333 
96.91999941 -6.270333 
96.95999941 -6.270333 
96.99999941 -6.270333 
97.03999941 -6.270333 
97.07999941 -6.270333 
97.11999941 -6.444288 
97.15999941 -6.270333 
97.19999941 -6.270333 
97.23999941 -6.270333 
97.27999941 -6.270333 
97.31999941 -6.270333 
97.35999941 -6.270333 
97.39999941 -6.270333 
97.43999941 -6.270333 
97.47999941 -6.270333 
97.51999941 -6.270333 
97.55999941 -6.270333 
97.59999941 -6.270333 
97.63999941 -6.270333 
97.67999941 -6.270333 
97.71999941 -6.270333 
97.75999941 -6.270333 
97.79999941 -6.270333 
97.83999941 -6.444288 
97.87999941 -6.270333 
97.9199994 -6.270333 
97.9599994 -6.270333 
97.9999994 -6.270333 
98.0399994 -6.270333 
98.0799994 -6.270333 
98.1199994 -6.270333 
98.1599994 -6.270333 
98.1999994 -6.270333 
98.2399994 -6.270333 
98.2799994 -6.270333 
98.3199994 -6.270333 
98.3599994 -6.270333 
98.3999994 -6.270333 
98.4399994 -6.270333 
98.4799994 -6.270333 
98.5199994 -6.270333 
98.5599994 -6.270333 
98.5999994 -6.270333 
98.6399994 -6.270333 
98.6799994 -6.270333 
98.7199994 -6.270333 
98.7599994 -6.270333 
98.7999994 -6.270333 
98.8399994 -6.270333 
98.8799994 -6.270333 
98.9199994 -6.270333 
98.9599994 -6.270333 
98.9999994 -6.270333 
99.0399994 -6.270333 
99.0799994 -6.270333 
99.1199994 -6.270333 
99.1599994 -6.270333 
99.1999994 -6.270333 
99.2399994 -6.270333 
99.2799994 -6.270333 
99.3199994 -6.270333 
99.3599994 -6.270333 
99.3999994 -6.270333 
99.4399994 -6.270333 
99.4799994 -6.270333 
99.5199994 -6.270333 
99.55999939 -6.270333 
99.59999939 -6.270333 
99.63999939 -6.270333 
99.67999939 -6.270333 
99.71999939 -6.270333 
99.75999939 -6.270333 
99.79999939 -6.270333 
99.83999939 -6.270333 
99.87999939 -6.270333 
99.91999939 -6.270333 
99.95999939 -6.270333 
99.99999939 -6.270333 
100.03999939 -6.270333 
100.07999939 -6.270333 
100.11999939 -6.270333 
100.15999939 -6.270333 
100.19999939 -6.270333 
100.23999939 -6.095767 
100.27999939 -6.270333 
100.31999939 -6.270333 
100.35999939 -6.270333 
100.39999939 -6.270333 
100.43999939 -6.095767 
100.47999939 -6.270333 
100.51999939 -6.270333 
100.55999939 -6.270333 
100.59999939 -6.095767 
100.63999939 -6.270333 
100.67999939 -6.270333 
100.71999939 -6.270333 
100.75999939 -6.095767 
100.79999939 -6.270333 
100.83999939 -6.270333 
100.87999939 -6.270333 
100.91999939 -6.270333 
100.95999939 -6.095767 
100.99999939 -6.095767 
101.03999939 -6.270333 
101.07999939 -6.095767 
101.11999939 -6.095767 
101.15999939 -6.095767 
101.19999938 -6.095767 
101.23999938 -6.095767 
101.27999938 -6.095767 
101.31999938 -6.095767 
101.35999938 -6.095767 
101.39999938 -5.921812 
101.43999938 -6.095767 
101.47999938 -6.270333 
101.51999938 -6.095767 
101.55999938 -6.095767 
101.59999938 -6.095767 
101.63999938 -6.095767 
101.67999938 -6.095767 
101.71999938 -5.921812 
101.75999938 -5.921812 
101.79999938 -6.095767 
101.83999938 -6.095767 
101.87999938 -5.921812 
101.91999938 -6.095767 
101.95999938 -5.921812 
101.99999938 -6.095767 
102.03999938 -5.921812 
102.07999938 -5.921812 
102.11999938 -5.921812 
102.15999938 -5.921812 
102.19999938 -5.921812 
102.23999938 -5.921812 
102.27999938 -5.921812 
102.31999938 -5.921812 
102.35999938 -5.921812 
102.39999938 -5.921812 
102.43999938 -5.921812 
102.47999938 -5.921812 
102.51999938 -5.921812 
102.55999938 -5.921812 
102.59999938 -5.921812 
102.63999938 -5.921812 
102.67999938 -5.921812 
102.71999938 -5.921812 
102.75999938 -5.921812 
102.79999938 -5.921812 
102.83999937 -5.921812 
102.87999937 -5.921812 
102.91999937 -5.921812 
102.95999937 -5.921812 
102.99999937 -5.921812 
103.03999937 -5.921812 
103.07999937 -5.921812 
103.11999937 -5.921812 
103.15999937 -5.921812 
103.19999937 -5.921812 
103.23999937 -5.921812 
103.27999937 -5.921812 
103.31999937 -5.921812 
103.35999937 -5.921812 
103.39999937 -5.921812 
103.43999937 -5.921812 
103.47999937 -5.921812 
103.51999937 -5.921812 
103.55999937 -5.921812 
103.59999937 -5.921812 
103.63999937 -5.921812 
103.67999937 -5.921812 
103.71999937 -5.921812 
103.75999937 -5.921812 
103.79999937 -5.921812 
103.83999937 -5.921812 
103.87999937 -5.921812 
103.91999937 -5.921812 
103.95999937 -5.921812 
103.99999937 -5.747856 
104.03999937 -5.921812 
104.07999937 -5.921812 
104.11999937 -5.921812 
104.15999937 -5.921812 
104.19999937 -5.747856 
104.23999937 -5.747856 
104.27999937 -5.747856 
104.31999937 -5.747856 
104.35999937 -5.747856 
104.39999937 -5.921812 
104.43999937 -5.921812 
104.47999937 -5.747856 
104.51999936 -5.921812 
104.55999936 -5.747856 
104.59999936 -5.921812 
104.63999936 -5.747856 
104.67999936 -5.747856 
104.71999936 -5.747856 
104.75999936 -5.747856 
104.79999936 -5.747856 
104.83999936 -5.747856 
104.87999936 -5.747856 
104.91999936 -5.747856 
104.95999936 -5.747856 
104.99999936 -5.747856 
105.03999936 -5.747856 
105.07999936 -5.747856 
105.11999936 -5.747856 
105.15999936 -5.747856 
105.19999936 -5.747856 
105.23999936 -5.747856 
105.27999936 -5.747856 
105.31999936 -5.747856 
105.35999936 -5.747856 
105.39999936 -5.747856 
105.43999936 -5.747856 
105.47999936 -5.747856 
105.51999936 -5.747856 
105.55999936 -5.573901 
105.59999936 -5.747856 
105.63999936 -5.573901 
105.67999936 -5.747856 
105.71999936 -5.573901 
105.75999936 -5.573901 
105.79999936 -5.573901 
105.83999936 -5.573901 
105.87999936 -5.573901 
105.91999936 -5.573901 
105.95999936 -5.573901 
105.99999936 -5.573901 
106.03999936 -5.573901 
106.07999936 -5.573901 
106.11999936 -5.573901 
106.15999935 -5.573901 
106.19999935 -5.573901 
106.23999935 -5.573901 
106.27999935 -5.573901 
106.31999935 -5.573901 
106.35999935 -5.573901 
106.39999935 -5.573901 
106.43999935 -5.573901 
106.47999935 -5.573901 
106.51999935 -5.573901 
106.55999935 -5.573901 
106.59999935 -5.573901 
106.63999935 -5.573901 
106.67999935 -5.573901 
106.71999935 -5.573901 
106.75999935 -5.573901 
106.79999935 -5.573901 
106.83999935 -5.573901 
106.87999935 -5.573901 
106.91999935 -5.573901 
106.95999935 -5.573901 
106.99999935 -5.573901 
107.03999935 -5.399335 
107.07999935 -5.573901 
107.11999935 -5.399335 
107.15999935 -5.399335 
107.19999935 -5.399335 
107.23999935 -5.399335 
107.27999935 -5.399335 
107.31999935 -5.399335 
107.35999935 -5.399335 
107.39999935 -5.399335 
107.43999935 -5.399335 
107.47999935 -5.399335 
107.51999935 -5.399335 
107.55999935 -5.399335 
107.59999935 -5.225379 
107.63999935 -5.399335 
107.67999935 -5.399335 
107.71999935 -5.399335 
107.75999935 -5.399335 
107.79999934 -5.399335 
107.83999934 -5.399335 
107.87999934 -5.399335 
107.91999934 -5.399335 
107.95999934 -5.399335 
107.99999934 -5.399335 
108.03999934 -5.399335 
108.07999934 -5.399335 
108.11999934 -5.225379 
108.15999934 -5.399335 
108.19999934 -5.399335 
108.23999934 -5.399335 
108.27999934 -5.225379 
108.31999934 -5.225379 
108.35999934 -5.399335 
108.39999934 -5.225379 
108.43999934 -5.225379 
108.47999934 -5.225379 
108.51999934 -5.399335 
108.55999934 -5.225379 
108.59999934 -5.225379 
108.63999934 -5.051424 
108.67999934 -5.051424 
108.71999934 -5.225379 
108.75999934 -5.225379 
108.79999934 -5.225379 
108.83999934 -5.051424 
108.87999934 -5.051424 
108.91999934 -5.051424 
108.95999934 -5.051424 
108.99999934 -5.051424 
109.03999934 -5.225379 
109.07999934 -5.051424 
109.11999934 -5.051424 
109.15999934 -5.051424 
109.19999934 -5.051424 
109.23999934 -5.225379 
109.27999934 -5.051424 
109.31999934 -5.051424 
109.35999934 -5.051424 
109.39999934 -5.051424 
109.43999933 -5.051424 
109.47999933 -5.051424 
109.51999933 -5.051424 
109.55999933 -5.051424 
109.59999933 -5.051424 
109.63999933 -5.051424 
109.67999933 -5.051424 
109.71999933 -5.051424 
109.75999933 -5.051424 
109.79999933 -5.051424 
109.83999933 -5.051424 
109.87999933 -5.051424 
109.91999933 -4.877468 
109.95999933 -5.051424 
109.99999933 -4.877468 
110.03999933 -5.051424 
110.07999933 -5.051424 
110.11999933 -4.877468 
110.15999933 -5.051424 
110.19999933 -4.877468 
110.23999933 -5.051424 
110.27999933 -4.877468 
110.31999933 -4.877468 
110.35999933 -4.877468 
110.39999933 -4.877468 
110.43999933 -4.877468 
110.47999933 -4.877468 
110.51999933 -4.877468 
110.55999933 -4.877468 
110.59999933 -4.877468 
110.63999933 -4.877468 
110.67999933 -4.877468 
110.71999933 -4.877468 
110.75999933 -4.877468 
110.79999933 -4.877468 
110.83999933 -4.877468 
110.87999933 -4.877468 
110.91999933 -4.877468 
110.95999933 -4.877468 
110.99999933 -4.877468 
111.03999933 -4.702902 
111.07999932 -4.877468 
111.11999932 -4.702902 
111.15999932 -4.877468 
111.19999932 -4.877468 
111.23999932 -4.877468 
111.27999932 -4.877468 
111.31999932 -4.877468 
111.35999932 -4.702902 
111.39999932 -4.702902 
111.43999932 -4.877468 
111.47999932 -4.702902 
111.51999932 -4.702902 
111.55999932 -4.528947 
111.59999932 -4.877468 
111.63999932 -4.702902 
111.67999932 -4.702902 
111.71999932 -4.528947 
111.75999932 -4.702902 
111.79999932 -4.702902 
111.83999932 -4.528947 
111.87999932 -4.528947 
111.91999932 -4.528947 
111.95999932 -4.528947 
111.99999932 -4.528947 
112.03999932 -4.528947 
112.07999932 -4.528947 
112.11999932 -4.528947 
112.15999932 -4.528947 
112.19999932 -4.528947 
112.23999932 -4.528947 
112.27999932 -4.528947 
112.31999932 -4.528947 
112.35999932 -4.528947 
112.39999932 -4.528947 
112.43999932 -4.528947 
112.47999932 -4.354991 
112.51999932 -4.528947 
112.55999932 -4.528947 
112.59999932 -4.528947 
112.63999932 -4.528947 
112.67999932 -4.528947 
112.71999931 -4.528947 
112.75999931 -4.528947 
112.79999931 -4.528947 
112.83999931 -4.528947 
112.87999931 -4.528947 
112.91999931 -4.528947 
112.95999931 -4.354991 
112.99999931 -4.354991 
113.03999931 -4.354991 
113.07999931 -4.354991 
113.11999931 -4.354991 
113.15999931 -4.354991 
113.19999931 -4.354991 
113.23999931 -4.354991 
113.27999931 -4.354991 
113.31999931 -4.354991 
113.35999931 -4.354991 
113.39999931 -4.354991 
113.43999931 -4.354991 
113.47999931 -4.354991 
113.51999931 -4.354991 
113.55999931 -4.354991 
113.59999931 -4.354991 
113.63999931 -4.354991 
113.67999931 -4.354991 
113.71999931 -4.354991 
113.75999931 -4.181036 
113.79999931 -4.181036 
113.83999931 -4.354991 
113.87999931 -4.181036 
113.91999931 -4.354991 
113.95999931 -4.181036 
113.99999931 -4.181036 
114.03999931 -4.181036 
114.07999931 -4.181036 
114.11999931 -4.181036 
114.15999931 -4.181036 
114.19999931 -4.181036 
114.23999931 -4.181036 
114.27999931 -4.181036 
114.31999931 -4.181036 
114.3599993 -4.181036 
114.3999993 -4.181036 
114.4399993 -4.181036 
114.4799993 -4.181036 
114.5199993 -4.181036 
114.5599993 -4.181036 
114.5999993 -4.181036 
114.6399993 -4.181036 
114.6799993 -4.181036 
114.7199993 -4.181036 
114.7599993 -4.181036 
114.7999993 -4.181036 
114.8399993 -4.181036 
114.8799993 -4.181036 
114.9199993 -4.181036 
114.9599993 -4.181036 
114.9999993 -4.181036 
115.0399993 -4.181036 
115.0799993 -4.00647 
115.1199993 -4.00647 
115.1599993 -4.00647 
115.1999993 -4.00647 
115.2399993 -4.181036 
115.2799993 -4.00647 
115.3199993 -4.00647 
115.3599993 -4.00647 
115.3999993 -3.832515 
115.4399993 -4.00647 
115.4799993 -4.00647 
115.5199993 -4.00647 
115.5599993 -4.00647 
115.5999993 -4.00647 
115.6399993 -4.00647 
115.6799993 -4.00647 
115.7199993 -4.00647 
115.7599993 -3.832515 
115.7999993 -4.00647 
115.8399993 -4.00647 
115.8799993 -4.00647 
115.9199993 -3.832515 
115.9599993 -4.00647 
115.9999993 -3.832515 
116.03999929 -4.00647 
116.07999929 -3.832515 
116.11999929 -3.832515 
116.15999929 -3.832515 
116.19999929 -3.832515 
116.23999929 -3.832515 
116.27999929 -3.832515 
116.31999929 -3.658559 
116.35999929 -3.832515 
116.39999929 -3.832515 
116.43999929 -3.832515 
116.47999929 -3.658559 
116.51999929 -3.832515 
116.55999929 -3.832515 
116.59999929 -3.658559 
116.63999929 -3.832515 
116.67999929 -3.832515 
116.71999929 -3.658559 
116.75999929 -3.658559 
116.79999929 -3.658559 
116.83999929 -3.658559 
116.87999929 -3.658559 
116.91999929 -3.658559 
116.95999929 -3.658559 
116.99999929 -3.658559 
117.03999929 -3.658559 
117.07999929 -3.658559 
117.11999929 -3.658559 
117.15999929 -3.658559 
117.19999929 -3.658559 
117.23999929 -3.658559 
117.27999929 -3.658559 
117.31999929 -3.658559 
117.35999929 -3.658559 
117.39999929 -3.658559 
117.43999929 -3.658559 
117.47999929 -3.658559 
117.51999929 -3.658559 
117.55999929 -3.658559 
117.59999929 -3.658559 
117.63999929 -3.658559 
117.67999928 -3.658559 
117.71999928 -3.484603 
117.75999928 -3.484603 
117.79999928 -3.658559 
117.83999928 -3.484603 
117.87999928 -3.484603 
117.91999928 -3.484603 
117.95999928 -3.484603 
117.99999928 -3.484603 
118.03999928 -3.484603 
118.07999928 -3.484603 
118.11999928 -3.484603 
118.15999928 -3.484603 
118.19999928 -3.484603 
118.23999928 -3.484603 
118.27999928 -3.484603 
118.31999928 -3.484603 
118.35999928 -3.484603 
118.39999928 -3.484603 
118.43999928 -3.484603 
118.47999928 -3.484603 
118.51999928 -3.484603 
118.55999928 -3.484603 
118.59999928 -3.484603 
118.63999928 -3.484603 
118.67999928 -3.484603 
118.71999928 -3.484603 
118.75999928 -3.484603 
118.79999928 -3.484603 
118.83999928 -3.310038 
118.87999928 -3.484603 
118.91999928 -3.310038 
118.95999928 -3.484603 
118.99999928 -3.310038 
119.03999928 -3.310038 
119.07999928 -3.310038 
119.11999928 -3.310038 
119.15999928 -3.310038 
119.19999928 -3.136082 
119.23999928 -3.310038 
119.27999928 -3.136082 
119.31999927 -3.310038 
119.35999927 -3.136082 
119.39999927 -3.310038 
119.43999927 -3.310038 
119.47999927 -3.136082 
119.51999927 -3.136082 
119.55999927 -3.136082 
119.59999927 -3.136082 
119.63999927 -3.136082 
119.67999927 -3.136082 
119.71999927 -3.136082 
119.75999927 -3.136082 
119.79999927 -3.136082 
119.83999927 -3.136082 
119.87999927 -3.136082 
119.91999927 -3.136082 
119.95999927 -3.136082 
119.99999927 -3.136082 
120.03999927 -3.136082 
120.07999927 -3.136082 
120.11999927 -3.136082 
120.15999927 -3.136082 
120.19999927 -3.136082 
120.23999927 -3.136082 
120.27999927 -3.136082 
120.31999927 -3.136082 
120.35999927 -3.136082 
120.39999927 -3.136082 
120.43999927 -2.962126 
120.47999927 -3.136082 
120.51999927 -2.962126 
120.55999927 -2.962126 
120.59999927 -2.962126 
120.63999927 -2.962126 
120.67999927 -2.962126 
120.71999927 -2.962126 
120.75999927 -2.962126 
120.79999927 -2.962126 
120.83999927 -2.962126 
120.87999927 -2.962126 
120.91999927 -2.962126 
120.95999926 -2.962126 
120.99999926 -2.962126 
121.03999926 -2.962126 
121.07999926 -2.962126 
121.11999926 -2.962126 
121.15999926 -2.788171 
121.19999926 -2.962126 
121.23999926 -2.962126 
121.27999926 -2.962126 
121.31999926 -2.962126 
121.35999926 -2.788171 
121.39999926 -2.788171 
121.43999926 -2.962126 
121.47999926 -2.788171 
121.51999926 -2.788171 
121.55999926 -2.788171 
121.59999926 -2.788171 
121.63999926 -2.788171 
121.67999926 -2.788171 
121.71999926 -2.788171 
121.75999926 -2.788171 
121.79999926 -2.788171 
121.83999926 -2.788171 
121.87999926 -2.788171 
121.91999926 -2.788171 
121.95999926 -2.788171 
121.99999926 -2.788171 
122.03999926 -2.788171 
122.07999926 -2.788171 
122.11999926 -2.788171 
122.15999926 -2.788171 
122.19999926 -2.788171 
122.23999926 -2.788171 
122.27999926 -2.788171 
122.31999926 -2.788171 
122.35999926 -2.788171 
122.39999926 -2.788171 
122.43999926 -2.788171 
122.47999926 -2.613605 
122.51999926 -2.788171 
122.55999926 -2.613605 
122.59999925 -2.613605 
122.63999925 -2.613605 
122.67999925 -2.613605 
122.71999925 -2.613605 
122.75999925 -2.613605 
122.79999925 -2.613605 
122.83999925 -2.613605 
122.87999925 -2.613605 
122.91999925 -2.613605 
122.95999925 -2.613605 
122.99999925 -2.613605 
123.03999925 -2.43965 
123.07999925 -2.613605 
123.11999925 -2.613605 
123.15999925 -2.613605 
123.19999925 -2.613605 
123.23999925 -2.613605 
123.27999925 -2.43965 
123.31999925 -2.613605 
123.35999925 -2.613605 
123.39999925 -2.43965 
123.43999925 -2.43965 
123.47999925 -2.43965 
123.51999925 -2.43965 
123.55999925 -2.43965 
123.59999925 -2.43965 
123.63999925 -2.43965 
123.67999925 -2.43965 
123.71999925 -2.43965 
123.75999925 -2.43965 
123.79999925 -2.43965 
123.83999925 -2.43965 
123.87999925 -2.43965 
123.91999925 -2.43965 
123.95999925 -2.43965 
123.99999925 -2.265694 
124.03999925 -2.43965 
124.07999925 -2.43965 
124.11999925 -2.265694 
124.15999925 -2.43965 
124.19999925 -2.265694 
124.23999924 -2.265694 
124.27999924 -2.265694 
124.31999924 -2.265694 
124.35999924 -2.265694 
124.39999924 -2.265694 
124.43999924 -2.265694 
124.47999924 -2.265694 
124.51999924 -2.265694 
124.55999924 -2.265694 
124.59999924 -2.265694 
124.63999924 -2.265694 
124.67999924 -2.265694 
124.71999924 -2.091739 
124.75999924 -2.265694 
124.79999924 -2.265694 
124.83999924 -2.091739 
124.87999924 -2.265694 
124.91999924 -2.265694 
124.95999924 -2.265694 
124.99999924 -2.091739 
125.03999924 -2.091739 
125.07999924 -2.091739 
125.11999924 -2.091739 
125.15999924 -2.265694 
125.19999924 -2.091739 
125.23999924 -2.091739 
125.27999924 -2.091739 
125.31999924 -2.091739 
125.35999924 -2.091739 
125.39999924 -2.091739 
125.43999924 -2.091739 
125.47999924 -2.091739 
125.51999924 -2.091739 
125.55999924 -2.091739 
125.59999924 -2.091739 
125.63999924 -2.091739 
125.67999924 -2.091739 
125.71999924 -2.091739 
125.75999924 -2.091739 
125.79999924 -2.091739 
125.83999924 -2.091739 
125.87999923 -2.091739 
125.91999923 -2.091739 
125.95999923 -2.091739 
125.99999923 -2.091739 
126.03999923 -2.091739 
126.07999923 -2.091739 
126.11999923 -2.091739 
126.15999923 -2.091739 
126.19999923 -2.091739 
126.23999923 -1.917173 
126.27999923 -2.091739 
126.31999923 -1.917173 
126.35999923 -1.743217 
126.39999923 -1.917173 
126.43999923 -1.917173 
126.47999923 -1.917173 
126.51999923 -1.917173 
126.55999923 -1.743217 
126.59999923 -1.917173 
126.63999923 -1.917173 
126.67999923 -1.917173 
126.71999923 -1.917173 
126.75999923 -1.917173 
126.79999923 -1.743217 
126.83999923 -1.743217 
126.87999923 -1.743217 
126.91999923 -1.743217 
126.95999923 -1.743217 
126.99999923 -1.743217 
127.03999923 -1.743217 
127.07999923 -1.743217 
127.11999923 -1.743217 
127.15999923 -1.743217 
127.19999923 -1.743217 
127.23999923 -1.743217 
127.27999923 -1.743217 
127.31999923 -1.743217 
127.35999923 -1.743217 
127.39999923 -1.743217 
127.43999923 -1.743217 
127.47999923 -1.743217 
127.51999923 -1.743217 
127.55999922 -1.743217 
127.59999922 -1.743217 
127.63999922 -1.743217 
127.67999922 -1.743217 
127.71999922 -1.569262 
127.75999922 -1.743217 
127.79999922 -1.743217 
127.83999922 -1.569262 
127.87999922 -1.743217 
127.91999922 -1.569262 
127.95999922 -1.569262 
127.99999922 -1.743217 
128.03999922 -1.569262 
128.07999922 -1.569262 
128.11999922 -1.569262 
128.15999922 -1.569262 
128.19999922 -1.569262 
128.23999922 -1.569262 
128.27999922 -1.569262 
128.31999922 -1.569262 
128.35999922 -1.569262 
128.39999922 -1.569262 
128.43999922 -1.569262 
128.47999922 -1.569262 
128.51999922 -1.569262 
128.55999922 -1.569262 
128.59999922 -1.569262 
128.63999922 -1.569262 
128.67999922 -1.569262 
128.71999922 -1.569262 
128.75999922 -1.569262 
128.79999922 -1.569262 
128.83999922 -1.395306 
128.87999922 -1.569262 
128.91999922 -1.395306 
128.95999922 -1.569262 
128.99999922 -1.395306 
129.03999922 -1.395306 
129.07999922 -1.395306 
129.11999922 -1.395306 
129.15999922 -1.395306 
129.19999921 -1.395306 
129.23999921 -1.395306 
129.27999921 -1.395306 
129.31999921 -1.395306 
129.35999921 -1.395306 
129.39999921 -1.395306 
129.43999921 -1.395306 
129.47999921 -1.395306 
129.51999921 -1.395306 
129.55999921 -1.395306 
129.59999921 -1.395306 
129.63999921 -1.395306 
129.67999921 -1.395306 
129.71999921 -1.395306 
129.75999921 -1.395306 
129.79999921 -1.395306 
129.83999921 -1.395306 
129.87999921 -1.395306 
129.91999921 -1.395306 
129.95999921 -1.395306 
129.99999921 -1.395306 
130.03999921 -1.395306 
130.07999921 -1.22074 
130.11999921 -1.395306 
130.15999921 -1.22074 
130.19999921 -1.22074 
130.23999921 -1.046785 
130.27999921 -1.22074 
130.31999921 -1.395306 
130.35999921 -1.22074 
130.39999921 -1.22074 
130.43999921 -1.046785 
130.47999921 -1.046785 
130.51999921 -1.046785 
130.55999921 -1.22074 
130.59999921 -1.22074 
130.63999921 -1.22074 
130.67999921 -1.046785 
130.71999921 -1.046785 
130.75999921 -1.22074 
130.79999921 -1.046785 
130.8399992 -1.046785 
130.8799992 -1.046785 
130.9199992 -1.046785 
130.9599992 -1.046785 
130.9999992 -1.046785 
131.0399992 -1.046785 
131.0799992 -1.046785 
131.1199992 -1.046785 
131.1599992 -1.046785 
131.1999992 -1.046785 
131.2399992 -0.8728294 
131.2799992 -1.046785 
131.3199992 -0.8728294 
131.3599992 -0.8728294 
131.3999992 -1.046785 
131.4399992 -1.046785 
131.4799992 -1.046785 
131.5199992 -1.046785 
131.5599992 -0.8728294 
131.5999992 -0.8728294 
131.6399992 -1.046785 
131.6799992 -0.8728294 
131.7199992 -0.8728294 
131.7599992 -0.8728294 
131.7999992 -0.8728294 
131.8399992 -0.8728294 
131.8799992 -0.8728294 
131.9199992 -0.8728294 
131.9599992 -0.8728294 
131.9999992 -0.8728294 
132.0399992 -0.8728294 
132.0799992 -0.8728294 
132.1199992 -0.8728294 
132.1599992 -0.8728294 
132.1999992 -0.8728294 
132.2399992 -0.8728294 
132.2799992 -0.8728294 
132.3199992 -0.8728294 
132.3599992 -0.8728294 
132.3999992 -0.8728294 
132.4399992 -0.8728294 
132.47999919 -0.8728294 
132.51999919 -0.8728294 
132.55999919 -0.8728294 
132.59999919 -0.6988739 
132.63999919 -0.6988739 
132.67999919 -0.6988739 
132.71999919 -0.6988739 
132.75999919 -0.6988739 
132.79999919 -0.6988739 
132.83999919 -0.6988739 
132.87999919 -0.6988739 
132.91999919 -0.6988739 
132.95999919 -0.6988739 
132.99999919 -0.6988739 
133.03999919 -0.6988739 
133.07999919 -0.6988739 
133.11999919 -0.6988739 
133.15999919 -0.6988739 
133.19999919 -0.6988739 
133.23999919 -0.6988739 
133.27999919 -0.6988739 
133.31999919 -0.6988739 
133.35999919 -0.6988739 
133.39999919 -0.6988739 
133.43999919 -0.6988739 
133.47999919 -0.6988739 
133.51999919 -0.6988739 
133.55999919 -0.6988739 
133.59999919 -0.6988739 
133.63999919 -0.6988739 
133.67999919 -0.6988739 
133.71999919 -0.524308 
133.75999919 -0.524308 
133.79999919 -0.524308 
133.83999919 -0.524308 
133.87999919 -0.524308 
133.91999919 -0.524308 
133.95999919 -0.524308 
133.99999919 -0.524308 
134.03999919 -0.3503525 
134.07999919 -0.3503525 
134.11999918 -0.3503525 
134.15999918 -0.524308 
134.19999918 -0.3503525 
134.23999918 -0.3503525 
134.27999918 -0.3503525 
134.31999918 -0.3503525 
134.35999918 -0.3503525 
134.39999918 -0.3503525 
134.43999918 -0.3503525 
134.47999918 -0.3503525 
134.51999918 -0.3503525 
134.55999918 -0.3503525 
134.59999918 -0.3503525 
134.63999918 -0.3503525 
134.67999918 -0.3503525 
134.71999918 -0.3503525 
134.75999918 -0.3503525 
134.79999918 -0.3503525 
134.83999918 -0.3503525 
134.87999918 -0.3503525 
134.91999918 -0.3503525 
134.95999918 -0.3503525 
134.99999918 -0.3503525 
135.03999918 -0.3503525 
135.07999918 -0.3503525 
135.11999918 -0.3503525 
135.15999918 -0.3503525 
135.23999918 -0.3503525 
135.27999918 -0.3503525 
135.31999918 -0.3503525 
135.35999918 -0.3503525 
135.39999918 -0.3503525 
135.55999918 -0.3503525 
184.75999888 -0.3503525 
184.95999888 -0.3503525 
185.51999887 -0.3503525 
185.55999887 -0.3503525 
185.63999887 -0.3503525 
185.67999887 -0.3503525 
185.71999887 -0.3503525 
185.75999887 -0.3503525 
185.79999887 -0.3503525 
185.87999887 -0.3503525 
185.91999887 -0.3503525 
185.99999887 -0.3503525 
186.03999887 -0.3503525 
186.07999887 -0.3503525 
186.11999887 -0.3503525 
186.15999887 -0.3503525 
186.19999887 -0.3503525 
186.23999887 -0.3503525 
186.27999887 -0.3503525 
186.31999887 -0.3503525 
186.35999887 -0.3503525 
186.39999887 -0.3503525 
186.43999887 -0.3503525 
186.47999887 -0.3503525 
186.51999887 -0.3503525 
186.55999887 -0.3503525 
186.59999887 -0.3503525 
186.63999887 -0.3503525 
186.67999887 -0.3503525 
186.71999887 -0.3503525 
186.75999886 -0.3503525 
186.79999886 -0.3503525 
186.83999886 -0.3503525 
186.87999886 -0.3503525 
186.91999886 -0.3503525 
186.95999886 -0.3503525 
186.99999886 -0.3503525 
187.03999886 -0.3503525 
187.07999886 -0.3503525 
187.11999886 -0.3503525 
187.15999886 -0.3503525 
187.19999886 -0.3503525 
187.23999886 -0.3503525 
187.27999886 -0.3503525 
187.31999886 -0.3503525 
187.35999886 -0.3503525 
187.39999886 -0.524308 
187.43999886 -0.3503525 
187.47999886 -0.3503525 
187.51999886 -0.3503525 
187.55999886 -0.3503525 
187.59999886 -0.3503525 
187.63999886 -0.3503525 
187.67999886 -0.524308 
187.71999886 -0.3503525 
187.75999886 -0.3503525 
187.79999886 -0.524308 
187.83999886 -0.3503525 
187.87999886 -0.3503525 
187.91999886 -0.524308 
187.95999886 -0.524308 
187.99999886 -0.3503525 
188.03999886 -0.524308 
188.07999886 -0.524308 
188.11999886 -0.524308 
188.15999886 -0.524308 
188.19999886 -0.6988739 
188.23999886 -0.524308 
188.27999886 -0.524308 
188.31999886 -0.6988739 
188.35999886 -0.6988739 
188.39999886 -0.6988739 
188.43999885 -0.6988739 
188.47999885 -0.6988739 
188.51999885 -0.6988739 
188.55999885 -0.6988739 
188.59999885 -0.6988739 
188.63999885 -0.6988739 
188.67999885 -0.524308 
188.71999885 -0.6988739 
188.75999885 -0.6988739 
188.79999885 -0.6988739 
188.83999885 -0.6988739 
188.87999885 -0.6988739 
188.91999885 -0.6988739 
188.95999885 -0.6988739 
188.99999885 -0.6988739 
189.03999885 -0.6988739 
189.07999885 -0.6988739 
189.11999885 -0.6988739 
189.15999885 -0.6988739 
189.19999885 -0.6988739 
189.23999885 -0.6988739 
189.27999885 -0.6988739 
189.31999885 -0.6988739 
189.35999885 -0.6988739 
189.39999885 -0.6988739 
189.43999885 -0.6988739 
189.47999885 -0.6988739 
189.51999885 -0.6988739 
189.55999885 -0.6988739 
189.59999885 -0.6988739 
189.63999885 -0.6988739 
189.67999885 -0.6988739 
189.71999885 -0.6988739 
189.75999885 -0.6988739 
189.79999885 -0.6988739 
189.83999885 -0.6988739 
189.87999885 -0.6988739 
189.91999885 -0.6988739 
189.95999885 -0.6988739 
189.99999885 -0.8728294 
190.03999885 -0.8728294 
190.07999884 -0.6988739 
190.11999884 -0.6988739 
190.15999884 -0.8728294 
190.19999884 -0.6988739 
190.23999884 -0.6988739 
190.27999884 -0.6988739 
190.31999884 -0.8728294 
190.35999884 -0.8728294 
190.39999884 -0.8728294 
190.43999884 -0.8728294 
190.47999884 -0.8728294 
190.51999884 -0.8728294 
190.55999884 -0.8728294 
190.59999884 -0.8728294 
190.63999884 -0.8728294 
190.67999884 -0.8728294 
190.71999884 -0.8728294 
190.75999884 -0.8728294 
190.79999884 -0.8728294 
190.83999884 -0.8728294 
190.87999884 -0.8728294 
190.91999884 -0.8728294 
190.95999884 -0.8728294 
190.99999884 -0.8728294 
191.03999884 -0.8728294 
191.07999884 -0.8728294 
191.11999884 -0.8728294 
191.15999884 -0.8728294 
191.19999884 -0.8728294 
191.23999884 -0.8728294 
191.27999884 -0.8728294 
191.31999884 -0.8728294 
191.35999884 -0.8728294 
191.39999884 -0.8728294 
191.43999884 -1.046785 
191.47999884 -0.8728294 
191.51999884 -0.8728294 
191.55999884 -1.046785 
191.59999884 -0.8728294 
191.63999884 -0.8728294 
191.67999884 -0.8728294 
191.71999883 -1.046785 
191.75999883 -1.046785 
191.79999883 -0.8728294 
191.83999883 -1.046785 
191.87999883 -0.8728294 
191.91999883 -1.046785 
191.95999883 -1.046785 
191.99999883 -1.046785 
192.03999883 -1.046785 
192.07999883 -1.046785 
192.11999883 -1.046785 
192.15999883 -1.046785 
192.19999883 -1.046785 
192.23999883 -1.046785 
192.27999883 -1.046785 
192.31999883 -1.046785 
192.35999883 -1.046785 
192.39999883 -1.046785 
192.43999883 -1.046785 
192.47999883 -1.22074 
192.51999883 -1.046785 
192.55999883 -1.22074 
192.59999883 -1.22074 
192.63999883 -1.22074 
192.67999883 -1.046785 
192.71999883 -1.046785 
192.75999883 -1.22074 
192.79999883 -1.22074 
192.83999883 -1.22074 
192.87999883 -1.22074 
192.91999883 -1.22074 
192.95999883 -1.22074 
192.99999883 -1.22074 
193.03999883 -1.22074 
193.07999883 -1.046785 
193.11999883 -1.22074 
193.15999883 -1.22074 
193.19999883 -1.22074 
193.23999883 -1.046785 
193.27999883 -1.22074 
193.31999883 -1.046785 
193.35999882 -1.22074 
193.39999882 -1.395306 
193.43999882 -1.22074 
193.47999882 -1.395306 
193.51999882 -1.22074 
193.55999882 -1.395306 
193.59999882 -1.22074 
193.63999882 -1.22074 
193.67999882 -1.395306 
193.71999882 -1.22074 
193.75999882 -1.395306 
193.79999882 -1.22074 
193.83999882 -1.22074 
193.87999882 -1.395306 
193.91999882 -1.395306 
193.95999882 -1.395306 
193.99999882 -1.395306 
194.03999882 -1.395306 
194.07999882 -1.395306 
194.11999882 -1.395306 
194.15999882 -1.395306 
194.19999882 -1.395306 
194.23999882 -1.395306 
194.27999882 -1.395306 
194.31999882 -1.395306 
194.35999882 -1.395306 
194.39999882 -1.395306 
194.43999882 -1.395306 
194.47999882 -1.395306 
194.51999882 -1.395306 
194.55999882 -1.395306 
194.59999882 -1.395306 
194.63999882 -1.395306 
194.67999882 -1.395306 
194.71999882 -1.395306 
194.75999882 -1.395306 
194.79999882 -1.395306 
194.83999882 -1.395306 
194.87999882 -1.395306 
194.91999882 -1.395306 
194.95999882 -1.395306 
194.99999881 -1.395306 
195.03999881 -1.395306 
195.07999881 -1.569262 
195.11999881 -1.395306 
195.15999881 -1.569262 
195.19999881 -1.395306 
195.23999881 -1.395306 
195.27999881 -1.395306 
195.31999881 -1.395306 
195.35999881 -1.569262 
195.39999881 -1.569262 
195.43999881 -1.569262 
195.47999881 -1.569262 
195.51999881 -1.569262 
195.55999881 -1.569262 
195.59999881 -1.569262 
195.63999881 -1.569262 
195.67999881 -1.569262 
195.71999881 -1.569262 
195.75999881 -1.569262 
195.79999881 -1.569262 
195.83999881 -1.569262 
195.87999881 -1.569262 
195.91999881 -1.569262 
195.95999881 -1.569262 
195.99999881 -1.569262 
196.03999881 -1.569262 
196.07999881 -1.569262 
196.11999881 -1.569262 
196.15999881 -1.569262 
196.19999881 -1.569262 
196.23999881 -1.569262 
196.27999881 -1.569262 
196.31999881 -1.743217 
196.35999881 -1.569262 
196.39999881 -1.569262 
196.43999881 -1.569262 
196.47999881 -1.743217 
196.51999881 -1.569262 
196.55999881 -1.569262 
196.59999881 -1.743217 
196.6399988 -1.743217 
196.6799988 -1.743217 
196.7199988 -1.569262 
196.7599988 -1.743217 
196.7999988 -1.743217 
196.8399988 -1.743217 
196.8799988 -1.569262 
196.9199988 -1.743217 
196.9599988 -1.743217 
196.9999988 -1.743217 
197.0399988 -1.743217 
197.0799988 -1.743217 
197.1199988 -1.743217 
197.1599988 -1.743217 
197.1999988 -1.743217 
197.2399988 -1.743217 
197.2799988 -1.743217 
197.3199988 -1.743217 
197.3599988 -1.743217 
197.3999988 -1.743217 
197.4399988 -1.743217 
197.4799988 -1.743217 
197.5199988 -1.743217 
197.5599988 -1.743217 
197.5999988 -1.743217 
197.6399988 -1.743217 
197.6799988 -1.743217 
197.7199988 -1.743217 
197.7599988 -1.743217 
197.7999988 -1.743217 
197.8399988 -1.743217 
197.8799988 -1.743217 
197.9199988 -1.743217 
197.9599988 -1.743217 
197.9999988 -1.743217 
198.0399988 -1.743217 
198.0799988 -1.743217 
198.1199988 -1.743217 
198.1599988 -1.743217 
198.1999988 -1.917173 
198.2399988 -1.743217 
198.27999879 -1.743217 
198.31999879 -1.917173 
198.35999879 -1.743217 
198.39999879 -1.917173 
198.43999879 -1.743217 
198.47999879 -1.917173 
198.51999879 -1.917173 
198.55999879 -1.743217 
198.59999879 -1.917173 
198.63999879 -1.917173 
198.67999879 -1.917173 
198.71999879 -1.917173 
198.75999879 -1.917173 
198.79999879 -1.917173 
198.83999879 -1.743217 
198.87999879 -2.091739 
198.91999879 -1.917173 
198.95999879 -1.917173 
198.99999879 -1.917173 
199.03999879 -1.917173 
199.07999879 -2.091739 
199.11999879 -1.917173 
199.15999879 -2.091739 
199.19999879 -1.917173 
199.23999879 -1.917173 
199.27999879 -2.091739 
199.31999879 -2.091739 
199.35999879 -2.091739 
199.39999879 -1.917173 
199.43999879 -2.091739 
199.47999879 -2.091739 
199.51999879 -2.091739 
199.55999879 -2.091739 
199.59999879 -2.091739 
199.63999879 -2.091739 
199.67999879 -2.091739 
199.71999879 -2.091739 
199.75999879 -2.091739 
199.79999879 -2.091739 
199.83999879 -2.091739 
199.87999879 -2.091739 
199.91999878 -2.091739 
199.95999878 -2.091739 
199.99999878 -2.091739 
200.03999878 -2.091739 
200.07999878 -2.091739 
200.11999878 -2.091739 
0 0 
