1.95999999 -0.4989776 
2.07999999 -0.4989776 
2.11999999 -0.4989776 
2.15999999 -0.4989776 
2.19999999 -0.4989776 
2.23999999 -0.941496 
2.27999999 -0.4989776 
2.31999999 -0.4989776 
2.35999999 -0.4989776 
2.39999999 -0.941496 
2.43999999 -0.941496 
2.47999998 -0.941496 
2.51999998 -1.382488 
2.55999998 -0.941496 
2.59999998 -0.941496 
2.63999998 -0.941496 
2.67999998 -0.941496 
2.71999998 -0.941496 
2.75999998 -1.825007 
2.79999998 -0.941496 
2.83999998 -1.825007 
2.87999998 -1.382488 
2.91999998 -0.941496 
2.95999998 -0.941496 
2.99999998 -1.382488 
3.03999998 -1.382488 
3.07999998 -1.825007 
3.11999998 -0.941496 
3.15999998 -1.825007 
3.19999998 -1.382488 
3.23999998 -1.825007 
3.27999998 -1.382488 
3.31999998 -0.941496 
3.35999998 -1.825007 
3.39999998 -1.382488 
3.43999998 -1.382488 
3.47999998 -1.382488 
3.51999998 -0.941496 
3.55999998 -0.941496 
3.59999998 -0.941496 
3.63999998 -0.941496 
3.67999998 -0.4989776 
3.71999998 -0.941496 
3.75999998 -0.941496 
3.79999998 -0.941496 
3.83999998 -0.941496 
3.87999998 -0.941496 
3.91999998 -0.4989776 
3.95999998 -0.941496 
3.99999998 -0.941496 
4.03999998 -0.4989776 
4.07999998 -0.4989776 
4.23999997 -0.4989776 
8.03999995 -0.941496 
8.15999995 -0.4989776 
8.31999995 -0.4989776 
8.47999995 -0.4989776 
8.59999995 -0.4989776 
8.63999995 -0.4989776 
8.83999995 -0.4989776 
9.07999994 -0.4989776 
10.31999994 -0.4989776 
10.35999994 -0.4989776 
10.75999993 -0.4989776 
10.79999993 -0.4989776 
10.91999993 -0.4989776 
11.07999993 -0.4989776 
11.11999993 -0.4989776 
11.19999993 -0.4989776 
11.23999993 -0.4989776 
11.47999993 -0.4989776 
11.55999993 -0.4989776 
11.59999993 -0.4989776 
11.63999993 -0.4989776 
11.67999993 -0.4989776 
11.71999993 -0.4989776 
11.75999993 -0.4989776 
11.79999993 -0.4989776 
11.83999993 -0.4989776 
11.87999993 -0.4989776 
11.91999993 -0.4989776 
11.95999993 -0.4989776 
11.99999993 -0.4989776 
12.03999993 -0.4989776 
12.07999993 -0.941496 
12.11999993 -0.4989776 
12.15999993 -1.825007 
12.19999993 -0.4989776 
12.27999993 -0.4989776 
12.31999993 -1.825007 
12.35999992 -0.4989776 
12.43999992 -0.941496 
12.47999992 -0.941496 
12.51999992 -0.4989776 
12.55999992 -0.4989776 
12.67999992 -2.267525 
12.71999992 -1.825007 
12.83999992 -0.941496 
12.95999992 -0.941496 
12.99999992 -0.941496 
13.11999992 -0.941496 
13.15999992 -0.941496 
13.19999992 -0.941496 
13.23999992 -0.4989776 
13.27999992 -0.4989776 
13.31999992 -0.4989776 
13.35999992 -0.941496 
13.39999992 -0.4989776 
13.47999992 -0.4989776 
13.51999992 -0.4989776 
13.67999992 -0.4989776 
13.71999992 -0.941496 
13.83999992 -0.4989776 
13.95999992 -0.4989776 
23.27999986 -0.4989776 
23.39999986 -0.4989776 
23.43999986 -0.4989776 
23.47999986 -0.4989776 
23.51999986 -0.4989776 
23.55999986 -0.941496 
23.59999986 -0.941496 
23.63999986 -0.941496 
23.67999986 -0.4989776 
23.71999986 -0.941496 
23.75999986 -0.941496 
23.79999986 -0.941496 
23.83999986 -1.382488 
23.87999985 -1.382488 
23.91999985 -0.941496 
23.95999985 -1.382488 
23.99999985 -1.825007 
24.03999985 -0.941496 
24.07999985 -1.825007 
24.11999985 -1.825007 
24.15999985 -1.825007 
24.19999985 -1.825007 
24.23999985 -1.825007 
24.27999985 -1.825007 
24.31999985 -1.382488 
24.35999985 -1.825007 
24.39999985 -1.825007 
24.43999985 -1.825007 
24.47999985 -1.825007 
24.51999985 -1.825007 
24.55999985 -1.825007 
24.59999985 -1.825007 
24.63999985 -1.825007 
24.67999985 -1.825007 
24.71999985 -1.825007 
24.75999985 -1.825007 
24.79999985 -1.825007 
24.83999985 -1.825007 
24.87999985 -1.825007 
24.91999985 -2.267525 
24.95999985 -1.825007 
24.99999985 -1.825007 
25.03999985 -1.382488 
25.07999985 -1.382488 
25.11999985 -1.382488 
25.15999985 -1.825007 
25.19999985 -1.825007 
25.23999985 -0.941496 
25.27999985 -1.825007 
25.31999985 -0.941496 
25.35999985 -0.941496 
25.39999985 -1.382488 
25.43999985 -0.941496 
25.47999985 -0.941496 
25.51999984 -0.941496 
25.55999984 -0.941496 
25.59999984 -0.941496 
25.63999984 -0.941496 
25.67999984 -0.941496 
25.71999984 -0.941496 
25.75999984 -0.941496 
25.79999984 -0.941496 
25.83999984 -0.4989776 
25.87999984 -0.941496 
25.91999984 -0.941496 
25.95999984 -0.941496 
25.99999984 -0.941496 
26.03999984 -0.941496 
26.07999984 -0.4989776 
26.11999984 -0.4989776 
26.15999984 -0.941496 
26.19999984 -0.941496 
26.23999984 -0.4989776 
26.27999984 -0.4989776 
26.31999984 -0.4989776 
26.35999984 -0.4989776 
26.47999984 -0.4989776 
26.51999984 -0.4989776 
26.55999984 -0.4989776 
26.67999984 -0.4989776 
34.31999979 -0.4989776 
34.35999979 -0.4989776 
34.39999979 -0.4989776 
34.43999979 -0.4989776 
34.47999979 -0.4989776 
34.51999979 -0.4989776 
34.55999979 -0.4989776 
34.59999979 -0.941496 
34.63999979 -0.941496 
34.67999979 -0.941496 
34.71999979 -0.941496 
34.75999979 -1.382488 
34.79999979 -0.941496 
34.83999979 -1.382488 
34.87999979 -0.941496 
34.91999979 -1.382488 
34.95999979 -1.382488 
34.99999979 -1.825007 
35.03999979 -1.825007 
35.07999979 -1.825007 
35.11999979 -1.825007 
35.15999979 -1.825007 
35.19999979 -1.825007 
35.23999979 -2.267525 
35.27999979 -1.825007 
35.31999979 -2.267525 
35.35999979 -2.267525 
35.39999978 -2.267525 
35.43999978 -2.267525 
35.47999978 -2.267525 
35.51999978 -1.825007 
35.55999978 -2.267525 
35.59999978 -2.708518 
35.63999978 -2.267525 
35.67999978 -2.267525 
35.71999978 -2.708518 
35.75999978 -3.151036 
35.79999978 -2.267525 
35.83999978 -2.708518 
35.87999978 -2.708518 
35.91999978 -2.708518 
35.95999978 -2.708518 
35.99999978 -2.708518 
36.03999978 -3.151036 
36.07999978 -2.267525 
36.11999978 -2.267525 
36.15999978 -2.708518 
36.19999978 -2.267525 
36.23999978 -2.267525 
36.27999978 -2.708518 
36.31999978 -2.267525 
36.35999978 -2.708518 
36.39999978 -2.267525 
36.43999978 -1.825007 
36.47999978 -2.708518 
36.51999978 -2.267525 
36.55999978 -2.267525 
36.59999978 -2.267525 
36.63999978 -1.825007 
36.67999978 -1.825007 
36.71999978 -1.825007 
36.75999978 -1.825007 
36.79999978 -1.825007 
36.83999978 -1.825007 
36.87999978 -1.825007 
36.91999978 -1.382488 
36.95999978 -1.825007 
36.99999978 -1.382488 
37.03999977 -0.941496 
37.07999977 -0.941496 
37.11999977 -0.941496 
37.15999977 -0.941496 
37.19999977 -0.941496 
37.23999977 -0.4989776 
37.27999977 -0.4989776 
37.31999977 -0.4989776 
37.35999977 -0.941496 
37.39999977 -0.4989776 
37.43999977 -0.4989776 
37.51999977 -0.4989776 
40.23999976 -0.4989776 
46.95999971 -0.4989776 
47.11999971 -0.4989776 
47.15999971 -0.4989776 
47.19999971 -0.4989776 
47.23999971 -0.4989776 
47.27999971 -0.4989776 
47.31999971 -0.4989776 
47.35999971 -0.4989776 
47.39999971 -0.4989776 
47.43999971 -0.941496 
47.47999971 -0.941496 
47.51999971 -0.941496 
47.55999971 -0.941496 
47.59999971 -0.941496 
47.63999971 -0.941496 
47.67999971 -0.941496 
47.71999971 -0.941496 
47.75999971 -0.941496 
47.79999971 -0.941496 
47.83999971 -0.941496 
47.87999971 -0.4989776 
47.91999971 -0.941496 
47.95999971 -0.941496 
47.99999971 -0.941496 
48.03999971 -0.941496 
48.07999971 -0.941496 
48.11999971 -0.4989776 
48.15999971 -0.941496 
48.19999971 -0.941496 
48.23999971 -0.941496 
48.27999971 -0.941496 
48.31999971 -0.941496 
48.35999971 -0.4989776 
48.39999971 -0.4989776 
48.43999971 -0.4989776 
48.47999971 -0.4989776 
48.51999971 -0.4989776 
48.5599997 -0.4989776 
48.5999997 -0.941496 
48.6399997 -0.4989776 
48.6799997 -0.4989776 
48.7999997 -0.4989776 
56.95999965 -0.4989776 
56.99999965 -0.4989776 
57.03999965 -0.4989776 
57.07999965 -0.4989776 
57.11999965 -0.941496 
57.15999965 -0.4989776 
57.19999965 -0.4989776 
57.23999965 -0.941496 
57.27999965 -0.941496 
57.31999965 -0.941496 
57.35999965 -0.941496 
57.39999965 -0.941496 
57.43999965 -0.941496 
57.47999965 -0.941496 
57.51999965 -0.941496 
57.55999965 -0.941496 
57.59999965 -0.941496 
57.63999965 -0.941496 
57.67999965 -1.382488 
57.71999965 -0.941496 
57.75999965 -1.382488 
57.79999965 -0.941496 
57.83999965 -1.382488 
57.87999965 -0.941496 
57.91999965 -1.382488 
57.95999965 -0.941496 
57.99999965 -0.941496 
58.03999965 -0.941496 
58.07999965 -1.382488 
58.11999965 -0.941496 
58.15999965 -0.941496 
58.19999965 -0.941496 
58.23999965 -0.941496 
58.27999965 -0.941496 
58.31999965 -0.941496 
58.35999965 -0.941496 
58.39999965 -0.941496 
58.43999964 -0.941496 
58.47999964 -0.941496 
58.51999964 -0.941496 
58.55999964 -0.941496 
58.59999964 -1.382488 
58.63999964 -0.941496 
58.67999964 -1.382488 
58.71999964 -0.941496 
58.75999964 -0.941496 
58.79999964 -0.941496 
58.83999964 -0.941496 
58.87999964 -0.941496 
58.91999964 -0.941496 
58.95999964 -0.4989776 
58.99999964 -0.941496 
59.03999964 -0.941496 
59.07999964 -0.4989776 
59.11999964 -0.4989776 
59.15999964 -0.941496 
59.19999964 -0.941496 
59.23999964 -0.941496 
59.27999964 -0.941496 
59.31999964 -0.4989776 
59.35999964 -0.941496 
59.39999964 -0.941496 
59.43999964 -0.941496 
59.47999964 -0.941496 
59.51999964 -0.941496 
59.55999964 -0.941496 
59.59999964 -0.4989776 
59.63999964 -0.4989776 
59.67999964 -0.4989776 
59.71999964 -0.4989776 
59.75999964 -0.4989776 
59.79999964 -0.4989776 
59.83999964 -0.4989776 
59.87999964 -0.4989776 
59.91999964 -0.4989776 
59.95999964 -0.941496 
59.99999964 -0.4989776 
60.03999964 -0.4989776 
60.07999963 -0.941496 
60.11999963 -0.941496 
60.15999963 -0.4989776 
60.19999963 -0.4989776 
60.23999963 -0.4989776 
60.27999963 -0.941496 
60.31999963 -0.4989776 
60.35999963 -0.4989776 
60.39999963 -0.4989776 
60.43999963 -0.941496 
60.47999963 -0.941496 
60.51999963 -0.4989776 
60.55999963 -0.941496 
60.59999963 -0.941496 
60.63999963 -0.4989776 
60.67999963 -0.941496 
60.71999963 -0.941496 
60.75999963 -0.4989776 
60.79999963 -0.941496 
60.83999963 -0.941496 
60.87999963 -0.941496 
60.91999963 -0.941496 
60.95999963 -0.4989776 
60.99999963 -0.941496 
61.03999963 -0.941496 
61.07999963 -0.4989776 
61.11999963 -0.941496 
61.15999963 -0.941496 
61.19999963 -0.941496 
61.23999963 -0.941496 
61.27999963 -0.941496 
61.31999963 -0.941496 
61.35999963 -0.941496 
61.39999963 -0.941496 
61.43999963 -0.941496 
61.47999963 -0.941496 
61.51999963 -0.941496 
61.55999963 -0.941496 
61.59999963 -0.941496 
61.63999963 -1.382488 
61.67999963 -0.941496 
61.71999962 -0.941496 
61.75999962 -0.941496 
61.79999962 -1.382488 
61.83999962 -0.941496 
61.87999962 -1.382488 
61.91999962 -0.941496 
61.95999962 -1.382488 
61.99999962 -1.382488 
62.03999962 -1.825007 
62.07999962 -1.825007 
62.11999962 -1.825007 
62.15999962 -1.825007 
62.19999962 -1.825007 
62.23999962 -1.825007 
62.27999962 -1.825007 
62.31999962 -1.825007 
62.35999962 -1.382488 
62.39999962 -1.825007 
62.43999962 -1.382488 
62.47999962 -1.382488 
62.51999962 -2.267525 
62.55999962 -1.825007 
62.59999962 -1.382488 
62.63999962 -1.825007 
62.67999962 -1.825007 
62.71999962 -1.825007 
62.75999962 -1.825007 
62.79999962 -1.825007 
62.83999962 -1.825007 
62.87999962 -1.825007 
62.91999962 -1.825007 
62.95999962 -1.825007 
62.99999962 -1.382488 
63.03999962 -1.825007 
63.07999962 -2.267525 
63.11999962 -1.825007 
63.15999962 -1.382488 
63.19999962 -1.825007 
63.23999962 -1.825007 
63.27999962 -1.382488 
63.31999962 -1.825007 
63.35999961 -1.825007 
63.39999961 -1.382488 
63.43999961 -1.382488 
63.47999961 -1.825007 
63.51999961 -1.825007 
63.55999961 -1.825007 
63.59999961 -1.825007 
63.63999961 -1.825007 
63.67999961 -1.825007 
63.71999961 -1.825007 
63.75999961 -1.825007 
63.79999961 -1.825007 
63.83999961 -2.267525 
63.87999961 -0.941496 
63.91999961 -1.825007 
63.95999961 -1.825007 
63.99999961 -0.941496 
64.03999961 -0.941496 
64.07999961 -1.382488 
64.11999961 -0.941496 
64.15999961 -0.941496 
64.19999961 -0.941496 
64.23999961 -0.941496 
64.27999961 -0.941496 
64.31999961 -0.941496 
64.35999961 -0.941496 
64.39999961 -0.941496 
64.43999961 -0.941496 
64.47999961 -0.4989776 
64.51999961 -0.4989776 
64.55999961 -0.4989776 
64.59999961 -0.4989776 
64.63999961 -0.4989776 
73.35999955 -0.941496 
73.39999955 -0.941496 
73.43999955 -0.4989776 
73.47999955 -0.4989776 
73.51999955 -0.4989776 
73.55999955 -0.941496 
73.59999955 -0.4989776 
73.63999955 -0.4989776 
73.67999955 -0.941496 
73.71999955 -0.941496 
73.75999955 -0.941496 
73.79999955 -0.941496 
73.83999955 -0.941496 
73.87999955 -0.941496 
73.91999955 -0.941496 
73.95999955 -0.941496 
73.99999955 -0.941496 
74.03999955 -0.941496 
74.07999955 -0.941496 
74.11999955 -0.941496 
74.15999955 -0.941496 
74.19999955 -0.941496 
74.23999955 -0.941496 
74.27999955 -0.941496 
74.31999955 -0.941496 
74.35999955 -0.941496 
74.39999955 -0.941496 
74.43999955 -0.941496 
74.47999955 -0.941496 
74.51999955 -0.941496 
74.55999955 -0.4989776 
74.59999955 -0.4989776 
74.63999955 -0.941496 
74.67999955 -0.4989776 
74.71999955 -0.4989776 
74.75999955 -0.4989776 
74.79999955 -0.4989776 
74.83999955 -0.4989776 
74.95999954 -0.4989776 
80.55999951 -0.4989776 
80.71999951 -0.4989776 
83.95999949 -0.4989776 
84.03999949 -0.941496 
84.07999949 -0.941496 
84.11999949 -0.941496 
84.15999949 -0.941496 
84.19999949 -0.941496 
84.23999949 -1.382488 
84.27999949 -0.941496 
84.31999949 -1.825007 
84.35999949 -1.825007 
84.39999949 -1.825007 
84.43999949 -1.825007 
84.47999949 -1.825007 
84.51999949 -2.267525 
84.55999949 -2.267525 
84.59999949 -2.708518 
84.63999949 -2.708518 
84.67999949 -2.708518 
84.71999949 -2.708518 
84.75999948 -3.151036 
84.79999948 -2.708518 
84.83999948 -3.151036 
84.87999948 -3.151036 
84.91999948 -3.151036 
84.95999948 -3.151036 
84.99999948 -3.593554 
85.03999948 -3.593554 
85.07999948 -3.593554 
85.11999948 -3.593554 
85.15999948 -3.593554 
85.19999948 -3.593554 
85.23999948 -4.034547 
85.27999948 -4.034547 
85.31999948 -3.593554 
85.35999948 -4.034547 
85.39999948 -4.034547 
85.43999948 -4.034547 
85.47999948 -4.034547 
85.51999948 -4.034547 
85.55999948 -4.034547 
85.59999948 -4.034547 
85.63999948 -4.034547 
85.67999948 -3.593554 
85.71999948 -4.034547 
85.75999948 -4.034547 
85.79999948 -4.034547 
85.83999948 -4.034547 
85.87999948 -4.034547 
85.91999948 -4.034547 
85.95999948 -4.034547 
85.99999948 -4.034547 
86.03999948 -4.034547 
86.07999948 -3.593554 
86.11999948 -3.593554 
86.15999948 -4.034547 
86.19999948 -3.593554 
86.23999948 -3.593554 
86.27999948 -3.593554 
86.31999948 -3.593554 
86.35999948 -3.593554 
86.39999947 -3.151036 
86.43999947 -3.151036 
86.47999947 -3.593554 
86.51999947 -3.593554 
86.55999947 -3.151036 
86.59999947 -2.708518 
86.63999947 -2.708518 
86.67999947 -2.267525 
86.71999947 -2.708518 
86.75999947 -2.708518 
86.79999947 -2.708518 
86.83999947 -2.267525 
86.87999947 -2.267525 
86.91999947 -2.267525 
86.95999947 -2.267525 
86.99999947 -1.825007 
87.03999947 -1.825007 
87.07999947 -1.825007 
87.11999947 -1.825007 
87.15999947 -1.382488 
87.19999947 -1.825007 
87.23999947 -0.941496 
87.27999947 -0.941496 
87.31999947 -0.941496 
87.35999947 -0.941496 
87.39999947 -0.941496 
87.43999947 -0.941496 
87.47999947 -0.4989776 
87.51999947 -0.941496 
87.55999947 -0.4989776 
87.59999947 -0.4989776 
87.67999947 -0.4989776 
96.11999942 -0.4989776 
96.15999942 -0.4989776 
96.19999942 -0.4989776 
96.23999942 -0.4989776 
96.27999941 -0.941496 
96.31999941 -0.941496 
96.35999941 -0.941496 
96.39999941 -0.941496 
96.43999941 -0.941496 
96.47999941 -0.941496 
96.51999941 -1.382488 
96.55999941 -1.382488 
96.59999941 -1.825007 
96.63999941 -1.825007 
96.67999941 -1.382488 
96.71999941 -1.825007 
96.75999941 -1.825007 
96.79999941 -2.267525 
96.83999941 -1.825007 
96.87999941 -1.825007 
96.91999941 -1.825007 
96.95999941 -2.267525 
96.99999941 -2.267525 
97.03999941 -2.267525 
97.07999941 -1.825007 
97.11999941 -1.825007 
97.15999941 -2.267525 
97.19999941 -1.825007 
97.23999941 -1.825007 
97.27999941 -1.825007 
97.31999941 -1.825007 
97.35999941 -1.825007 
97.39999941 -1.825007 
97.43999941 -1.825007 
97.47999941 -1.825007 
97.51999941 -2.267525 
97.55999941 -1.825007 
97.59999941 -1.825007 
97.63999941 -1.825007 
97.67999941 -1.825007 
97.71999941 -1.825007 
97.75999941 -1.825007 
97.79999941 -0.941496 
97.83999941 -0.941496 
97.87999941 -1.382488 
97.9199994 -1.382488 
97.9599994 -0.941496 
97.9999994 -0.941496 
98.0399994 -0.941496 
98.0799994 -0.941496 
98.1199994 -0.941496 
98.1599994 -0.941496 
98.1999994 -0.941496 
98.2399994 -0.941496 
98.2799994 -0.4989776 
98.3199994 -0.4989776 
98.3599994 -0.4989776 
98.3999994 -0.4989776 
109.19999934 -0.4989776 
109.27999934 -0.4989776 
109.31999934 -0.4989776 
109.35999934 -0.4989776 
109.39999934 -0.4989776 
109.43999933 -0.4989776 
109.47999933 -0.4989776 
109.51999933 -0.4989776 
109.55999933 -0.4989776 
109.59999933 -0.4989776 
109.63999933 -0.4989776 
109.67999933 -0.4989776 
109.71999933 -0.4989776 
109.75999933 -0.4989776 
109.79999933 -0.4989776 
109.83999933 -0.4989776 
109.87999933 -0.4989776 
109.91999933 -0.4989776 
109.95999933 -0.4989776 
109.99999933 -0.4989776 
110.03999933 -0.4989776 
110.07999933 -0.4989776 
110.11999933 -0.941496 
110.15999933 -0.4989776 
110.19999933 -0.4989776 
110.23999933 -0.4989776 
110.27999933 -0.941496 
110.31999933 -0.941496 
110.35999933 -0.941496 
110.39999933 -0.941496 
110.43999933 -0.941496 
110.47999933 -0.4989776 
110.51999933 -0.4989776 
110.55999933 -0.941496 
110.59999933 -0.941496 
110.63999933 -0.4989776 
110.67999933 -0.941496 
110.71999933 -0.4989776 
110.75999933 -0.941496 
110.79999933 -0.4989776 
110.83999933 -0.941496 
110.87999933 -0.4989776 
110.91999933 -0.4989776 
110.95999933 -0.941496 
110.99999933 -0.941496 
111.03999933 -0.941496 
111.07999932 -0.941496 
111.11999932 -0.941496 
111.15999932 -0.941496 
111.19999932 -0.941496 
111.23999932 -0.941496 
111.27999932 -0.941496 
111.31999932 -0.941496 
111.35999932 -0.941496 
111.39999932 -0.941496 
111.43999932 -0.941496 
111.47999932 -0.941496 
111.51999932 -0.941496 
111.55999932 -0.941496 
111.59999932 -0.941496 
111.63999932 -0.941496 
111.67999932 -0.941496 
111.71999932 -0.941496 
111.75999932 -0.941496 
111.79999932 -0.941496 
111.83999932 -1.382488 
111.87999932 -0.941496 
111.91999932 -0.941496 
111.95999932 -0.941496 
111.99999932 -0.941496 
112.03999932 -0.941496 
112.07999932 -0.941496 
112.11999932 -0.941496 
112.15999932 -1.382488 
112.19999932 -0.941496 
112.23999932 -0.941496 
112.27999932 -0.941496 
112.31999932 -0.941496 
112.35999932 -0.941496 
112.39999932 -0.941496 
112.43999932 -0.941496 
112.47999932 -0.941496 
112.51999932 -0.941496 
112.55999932 -0.941496 
112.59999932 -0.941496 
112.63999932 -0.941496 
112.67999932 -0.941496 
112.71999931 -0.941496 
112.75999931 -0.941496 
112.79999931 -0.941496 
112.83999931 -0.941496 
112.87999931 -0.941496 
112.91999931 -0.941496 
112.95999931 -0.941496 
112.99999931 -0.941496 
113.03999931 -0.941496 
113.07999931 -0.941496 
113.11999931 -0.941496 
113.15999931 -0.941496 
113.19999931 -0.941496 
113.23999931 -0.941496 
113.27999931 -0.941496 
113.31999931 -0.4989776 
113.35999931 -0.4989776 
113.39999931 -0.941496 
113.43999931 -0.941496 
113.47999931 -0.4989776 
113.51999931 -0.4989776 
113.55999931 -0.941496 
113.59999931 -0.941496 
113.63999931 -0.4989776 
113.67999931 -0.4989776 
113.71999931 -0.4989776 
113.75999931 -0.4989776 
113.79999931 -0.4989776 
113.83999931 -0.4989776 
113.91999931 -0.4989776 
113.95999931 -0.4989776 
117.99999928 -0.4989776 
118.15999928 -0.4989776 
118.23999928 -0.4989776 
118.27999928 -0.4989776 
118.31999928 -0.4989776 
118.35999928 -0.4989776 
118.43999928 -0.941496 
118.47999928 -0.4989776 
118.51999928 -0.4989776 
118.55999928 -0.4989776 
118.59999928 -0.4989776 
118.63999928 -0.4989776 
118.67999928 -0.4989776 
118.71999928 -0.4989776 
118.75999928 -0.4989776 
118.79999928 -0.4989776 
118.83999928 -0.941496 
118.87999928 -0.4989776 
118.91999928 -0.4989776 
118.95999928 -0.4989776 
118.99999928 -0.4989776 
119.03999928 -0.4989776 
119.07999928 -0.4989776 
119.11999928 -0.4989776 
121.51999926 -0.4989776 
121.67999926 -0.941496 
122.03999926 -1.825007 
122.07999926 -0.941496 
122.19999926 -0.941496 
122.23999926 -0.4989776 
122.31999926 -1.382488 
122.35999926 -1.382488 
122.43999926 -0.4989776 
122.47999926 -0.941496 
122.51999926 -0.941496 
122.55999926 -0.941496 
122.59999925 -0.941496 
122.63999925 -0.941496 
122.67999925 -0.941496 
122.71999925 -0.941496 
122.75999925 -0.941496 
122.79999925 -0.941496 
122.83999925 -1.825007 
122.87999925 -1.382488 
122.91999925 -0.941496 
122.95999925 -0.941496 
122.99999925 -0.941496 
123.03999925 -1.382488 
123.07999925 -0.941496 
123.11999925 -0.941496 
123.15999925 -1.382488 
123.19999925 -0.941496 
123.23999925 -1.382488 
123.27999925 -1.382488 
123.31999925 -1.382488 
123.35999925 -0.941496 
123.39999925 -1.382488 
123.43999925 -0.941496 
123.47999925 -0.941496 
123.51999925 -1.382488 
123.55999925 -1.825007 
123.59999925 -0.941496 
123.63999925 -0.941496 
123.67999925 -0.941496 
123.71999925 -0.941496 
123.75999925 -0.941496 
123.79999925 -0.941496 
123.83999925 -1.382488 
123.87999925 -0.941496 
123.91999925 -0.941496 
123.95999925 -0.941496 
123.99999925 -0.941496 
124.03999925 -0.941496 
124.07999925 -0.941496 
124.11999925 -0.941496 
124.15999925 -0.941496 
124.19999925 -0.941496 
124.23999924 -0.941496 
124.27999924 -0.941496 
124.31999924 -0.941496 
124.35999924 -0.4989776 
124.39999924 -0.4989776 
124.43999924 -0.4989776 
124.47999924 -0.4989776 
124.51999924 -0.4989776 
124.55999924 -0.4989776 
124.59999924 -0.4989776 
124.67999924 -0.4989776 
133.67999919 -0.4989776 
133.75999919 -0.4989776 
133.79999919 -0.4989776 
133.83999919 -0.941496 
133.87999919 -0.941496 
133.91999919 -0.941496 
133.95999919 -0.941496 
133.99999919 -0.941496 
134.03999919 -0.941496 
134.07999919 -0.941496 
134.11999918 -0.941496 
134.15999918 -1.825007 
134.19999918 -1.825007 
134.23999918 -1.825007 
134.27999918 -1.825007 
134.31999918 -1.382488 
134.35999918 -1.825007 
134.39999918 -1.825007 
134.43999918 -1.825007 
134.47999918 -1.825007 
134.51999918 -2.267525 
134.55999918 -2.267525 
134.59999918 -1.825007 
134.63999918 -1.825007 
134.67999918 -1.825007 
134.71999918 -2.267525 
134.75999918 -2.267525 
134.79999918 -2.267525 
134.83999918 -2.267525 
134.87999918 -2.267525 
134.91999918 -2.267525 
134.95999918 -2.267525 
134.99999918 -2.267525 
135.03999918 -2.267525 
135.07999918 -2.267525 
135.11999918 -2.267525 
135.15999918 -2.267525 
135.19999918 -2.267525 
135.23999918 -2.267525 
135.27999918 -2.267525 
135.31999918 -1.825007 
135.35999918 -1.825007 
135.39999918 -2.267525 
135.43999918 -2.267525 
135.47999918 -1.825007 
135.51999918 -1.825007 
135.55999918 -1.825007 
135.59999918 -1.825007 
135.63999918 -1.825007 
135.67999918 -1.825007 
135.71999918 -1.825007 
135.75999917 -1.825007 
135.79999917 -1.382488 
135.83999917 -1.825007 
135.87999917 -1.825007 
135.91999917 -0.941496 
135.95999917 -0.941496 
135.99999917 -0.941496 
136.03999917 -0.941496 
136.07999917 -0.941496 
136.11999917 -0.941496 
136.15999917 -0.941496 
136.19999917 -0.941496 
136.23999917 -0.941496 
136.27999917 -0.941496 
136.31999917 -0.4989776 
136.35999917 -0.4989776 
136.39999917 -0.4989776 
136.43999917 -0.4989776 
136.47999917 -0.4989776 
136.51999917 -0.4989776 
140.15999915 -0.4989776 
140.51999915 -0.4989776 
140.63999915 -0.4989776 
140.67999915 -0.4989776 
140.71999914 -0.4989776 
140.87999914 -0.4989776 
140.99999914 -0.4989776 
141.03999914 -0.4989776 
145.35999912 -0.4989776 
145.39999912 -0.4989776 
145.43999912 -0.4989776 
145.47999912 -0.941496 
145.51999912 -0.941496 
145.55999912 -0.4989776 
145.59999912 -0.4989776 
145.63999911 -0.941496 
145.67999911 -0.4989776 
145.71999911 -0.941496 
145.75999911 -0.941496 
145.79999911 -0.941496 
145.83999911 -0.941496 
145.87999911 -0.941496 
145.91999911 -0.941496 
145.95999911 -0.941496 
145.99999911 -0.941496 
146.03999911 -0.941496 
146.07999911 -1.382488 
146.11999911 -1.382488 
146.15999911 -1.825007 
146.19999911 -1.382488 
146.23999911 -1.825007 
146.27999911 -1.382488 
146.31999911 -1.825007 
146.35999911 -1.382488 
146.39999911 -1.825007 
146.43999911 -1.825007 
146.47999911 -1.825007 
146.51999911 -1.382488 
146.55999911 -0.941496 
146.59999911 -0.941496 
146.63999911 -0.941496 
146.67999911 -1.825007 
146.71999911 -1.825007 
146.75999911 -1.825007 
146.79999911 -1.825007 
146.83999911 -1.382488 
146.87999911 -0.941496 
146.91999911 -1.382488 
146.95999911 -1.382488 
146.99999911 -0.941496 
147.03999911 -0.941496 
147.07999911 -1.382488 
147.11999911 -0.941496 
147.15999911 -0.941496 
147.19999911 -0.941496 
147.23999911 -0.941496 
147.2799991 -0.941496 
147.3199991 -0.941496 
147.3599991 -0.941496 
147.3999991 -0.941496 
147.4399991 -0.941496 
147.4799991 -0.941496 
147.5199991 -0.4989776 
147.5599991 -0.941496 
147.5999991 -0.4989776 
147.6399991 -0.941496 
147.6799991 -1.825007 
147.7999991 -0.941496 
147.8399991 -0.941496 
147.9599991 -0.4989776 
148.1599991 -0.941496 
148.1999991 -0.941496 
148.4799991 -0.4989776 
150.99999908 -0.4989776 
151.03999908 -0.4989776 
157.27999904 -0.4989776 
157.47999904 -0.4989776 
157.51999904 -0.4989776 
157.55999904 -0.4989776 
157.59999904 -0.4989776 
157.63999904 -0.4989776 
157.67999904 -0.4989776 
157.71999904 -0.4989776 
157.75999904 -0.4989776 
157.79999904 -0.4989776 
157.83999904 -0.4989776 
157.87999904 -0.4989776 
157.91999904 -0.4989776 
157.95999904 -0.4989776 
157.99999904 -0.4989776 
158.03999904 -0.4989776 
158.07999904 -0.4989776 
158.11999904 -0.4989776 
158.15999904 -0.4989776 
158.19999904 -0.4989776 
158.23999904 -0.4989776 
158.27999904 -0.4989776 
158.31999904 -0.4989776 
158.35999904 -0.4989776 
158.39999904 -0.4989776 
158.43999904 -0.4989776 
158.47999904 -0.4989776 
158.63999904 -0.4989776 
158.67999904 -0.4989776 
162.51999901 -0.4989776 
162.67999901 -0.4989776 
162.71999901 -0.4989776 
162.79999901 -0.4989776 
162.83999901 -0.4989776 
162.87999901 -0.4989776 
162.91999901 -0.4989776 
162.95999901 -0.4989776 
162.99999901 -0.4989776 
163.15999901 -0.4989776 
167.83999898 -0.4989776 
167.91999898 -0.4989776 
167.95999898 -0.4989776 
168.03999898 -0.4989776 
168.07999898 -0.4989776 
168.11999898 -0.4989776 
168.15999898 -0.4989776 
168.19999898 -0.4989776 
168.23999898 -0.4989776 
168.27999898 -0.4989776 
168.31999898 -0.4989776 
168.35999898 -0.941496 
168.39999898 -0.4989776 
168.43999898 -0.4989776 
168.47999898 -0.941496 
168.51999898 -0.4989776 
168.55999898 -0.4989776 
168.59999898 -0.4989776 
168.63999898 -0.941496 
168.67999897 -0.4989776 
168.71999897 -0.4989776 
168.75999897 -0.4989776 
168.79999897 -0.4989776 
168.83999897 -0.4989776 
168.87999897 -0.4989776 
168.91999897 -0.4989776 
168.95999897 -0.4989776 
168.99999897 -0.4989776 
169.07999897 -0.4989776 
169.11999897 -0.941496 
169.15999897 -0.941496 
169.23999897 -0.4989776 
169.27999897 -0.4989776 
169.39999897 -0.4989776 
170.19999897 -0.4989776 
170.59999896 -0.4989776 
170.63999896 -0.4989776 
170.71999896 -0.4989776 
170.75999896 -0.4989776 
170.83999896 -0.4989776 
170.87999896 -0.4989776 
170.91999896 -0.4989776 
170.95999896 -0.4989776 
170.99999896 -0.4989776 
171.03999896 -0.4989776 
171.07999896 -0.941496 
171.11999896 -0.4989776 
171.15999896 -0.4989776 
171.19999896 -0.4989776 
171.23999896 -0.4989776 
171.27999896 -0.941496 
171.31999896 -0.941496 
171.35999896 -0.941496 
171.39999896 -0.941496 
171.43999896 -0.941496 
171.47999896 -0.941496 
171.51999896 -0.941496 
171.55999896 -0.941496 
171.59999896 -1.382488 
171.63999896 -0.941496 
171.67999896 -1.382488 
171.71999896 -0.941496 
171.75999896 -1.382488 
171.79999896 -0.941496 
171.83999896 -0.941496 
171.87999896 -1.382488 
171.91999896 -1.825007 
171.95999895 -1.825007 
171.99999895 -1.825007 
172.03999895 -1.825007 
172.07999895 -1.825007 
172.11999895 -1.825007 
172.15999895 -1.825007 
172.19999895 -1.825007 
172.23999895 -1.825007 
172.27999895 -1.825007 
172.31999895 -1.825007 
172.35999895 -1.825007 
172.39999895 -1.825007 
172.43999895 -1.825007 
172.47999895 -1.825007 
172.51999895 -2.267525 
172.55999895 -1.825007 
172.59999895 -1.825007 
172.63999895 -2.267525 
172.67999895 -1.825007 
172.71999895 -1.825007 
172.75999895 -2.267525 
172.79999895 -2.267525 
172.83999895 -2.267525 
172.87999895 -2.267525 
172.91999895 -1.825007 
172.95999895 -2.267525 
172.99999895 -2.267525 
173.03999895 -2.267525 
173.07999895 -1.825007 
173.11999895 -2.267525 
173.15999895 -2.267525 
173.19999895 -1.825007 
173.23999895 -1.825007 
173.27999895 -2.267525 
173.31999895 -2.267525 
173.35999895 -2.708518 
173.39999895 -0.941496 
173.43999895 -1.825007 
173.47999895 -2.708518 
173.51999895 -2.267525 
173.55999895 -1.825007 
173.59999894 -2.267525 
173.63999894 -1.825007 
173.67999894 -1.825007 
173.71999894 -1.825007 
173.75999894 -0.941496 
173.79999894 -0.941496 
173.83999894 -3.151036 
173.87999894 -2.267525 
173.91999894 -0.941496 
173.95999894 -0.941496 
173.99999894 -1.825007 
174.03999894 -0.941496 
174.07999894 -0.941496 
174.11999894 -2.267525 
174.15999894 -2.267525 
174.19999894 -0.4989776 
174.23999894 -0.941496 
174.27999894 -0.941496 
174.31999894 -1.382488 
174.35999894 -0.941496 
174.39999894 -0.941496 
174.43999894 -0.941496 
174.47999894 -0.4989776 
174.51999894 -0.941496 
174.55999894 -0.4989776 
174.59999894 -0.4989776 
174.63999894 -0.4989776 
174.67999894 -0.4989776 
174.79999894 -0.4989776 
183.71999888 -0.4989776 
183.75999888 -0.4989776 
183.79999888 -0.4989776 
183.83999888 -0.4989776 
183.87999888 -0.4989776 
183.91999888 -0.4989776 
183.95999888 -0.4989776 
183.99999888 -0.4989776 
184.03999888 -0.4989776 
184.07999888 -0.4989776 
184.11999888 -0.4989776 
184.15999888 -0.941496 
184.19999888 -0.941496 
184.23999888 -0.941496 
184.27999888 -0.941496 
184.31999888 -0.941496 
184.35999888 -0.941496 
184.39999888 -0.941496 
184.43999888 -0.4989776 
184.47999888 -0.4989776 
184.51999888 -0.941496 
184.55999888 -0.941496 
184.59999888 -0.4989776 
184.63999888 -0.4989776 
184.67999888 -0.941496 
184.71999888 -0.941496 
184.75999888 -0.941496 
184.79999888 -0.941496 
184.83999888 -0.4989776 
184.87999888 -0.941496 
184.91999888 -0.941496 
184.95999888 -0.941496 
184.99999888 -0.4989776 
185.03999888 -0.941496 
185.07999888 -0.941496 
185.11999887 -0.4989776 
185.15999887 -0.941496 
185.19999887 -0.4989776 
185.23999887 -0.4989776 
185.27999887 -0.4989776 
185.39999887 -0.4989776 
194.43999882 -0.4989776 
194.47999882 -0.4989776 
194.51999882 -0.4989776 
194.55999882 -0.941496 
194.59999882 -0.4989776 
194.63999882 -0.4989776 
194.67999882 -0.941496 
194.71999882 -0.941496 
194.75999882 -0.941496 
194.79999882 -0.941496 
194.83999882 -0.941496 
194.87999882 -1.382488 
194.91999882 -1.825007 
194.95999882 -1.825007 
194.99999881 -1.825007 
195.03999881 -1.825007 
195.07999881 -1.825007 
195.11999881 -2.267525 
195.15999881 -2.267525 
195.19999881 -2.267525 
195.23999881 -2.267525 
195.27999881 -2.708518 
195.31999881 -2.708518 
195.35999881 -2.708518 
195.39999881 -2.708518 
195.43999881 -2.708518 
195.47999881 -1.825007 
195.51999881 -3.151036 
195.55999881 -3.593554 
195.59999881 -3.151036 
195.63999881 -3.151036 
195.67999881 -3.593554 
195.71999881 -3.593554 
195.75999881 -3.593554 
195.79999881 -3.593554 
195.83999881 -3.593554 
195.87999881 -3.593554 
195.91999881 -3.593554 
195.95999881 -3.593554 
195.99999881 -3.593554 
196.03999881 -3.593554 
196.07999881 -3.593554 
196.11999881 -3.593554 
196.15999881 -3.593554 
196.19999881 -3.593554 
196.23999881 -3.593554 
196.27999881 -3.593554 
196.31999881 -3.151036 
196.35999881 -3.593554 
196.39999881 -3.593554 
196.43999881 -3.593554 
196.47999881 -3.593554 
196.51999881 -3.593554 
196.55999881 -3.151036 
196.59999881 -3.593554 
196.6399988 -3.593554 
196.6799988 -2.708518 
196.7199988 -3.151036 
196.7599988 -3.151036 
196.7999988 -3.151036 
196.8399988 -2.708518 
196.8799988 -3.151036 
196.9199988 -2.708518 
196.9599988 -3.151036 
196.9999988 -3.151036 
197.0399988 -3.151036 
197.0799988 -2.267525 
197.1199988 -2.267525 
197.1599988 -2.708518 
197.1999988 -2.267525 
197.2399988 -2.267525 
197.2799988 -2.267525 
197.3199988 -2.267525 
197.3599988 -2.267525 
197.3999988 -1.825007 
197.4399988 -1.825007 
197.4799988 -1.825007 
197.5199988 -1.825007 
197.5599988 -1.825007 
197.5999988 -1.825007 
197.6399988 -1.825007 
197.6799988 -0.941496 
197.7199988 -1.382488 
197.7599988 -1.825007 
197.7999988 -0.941496 
197.8399988 -1.825007 
197.8799988 -0.941496 
197.9199988 -0.941496 
197.9599988 -0.941496 
197.9999988 -0.941496 
198.0399988 -0.941496 
198.0799988 -0.4989776 
198.1199988 -0.4989776 
198.1599988 -0.4989776 
198.1999988 -0.4989776 
198.2399988 -0.4989776 
198.27999879 -0.4989776 
198.31999879 -0.4989776 
198.47999879 -0.941496 
198.63999879 -0.941496 
198.99999879 -0.941496 
199.27999879 -0.941496 
0 0 
