0.0 -7.314676 
0.04 -7.314676 
0.08 -7.314676 
0.12 -7.314676 
0.16 -7.314676 
0.2 -7.314676 
0.24 -7.314676 
0.28 -7.314676 
0.32 -7.314676 
0.36 -7.314676 
0.4 -7.314676 
0.44 -7.314676 
0.48 -7.314676 
0.52 -7.314676 
0.56 -7.314676 
0.6 -7.314676 
0.64 -7.314676 
0.68 -7.314676 
0.72 -7.314676 
0.76 -7.314676 
0.8 -7.314676 
0.83999999 -7.314676 
0.87999999 -7.314676 
0.91999999 -7.314676 
0.95999999 -7.314676 
0.99999999 -7.314676 
1.03999999 -7.314676 
1.07999999 -7.314676 
1.11999999 -7.314676 
1.15999999 -7.314676 
1.19999999 -7.314676 
1.23999999 -7.314676 
1.27999999 -7.314676 
1.31999999 -7.314676 
1.35999999 -7.314676 
1.39999999 -7.314676 
1.43999999 -7.314676 
1.47999999 -7.314676 
1.51999999 -7.314676 
1.55999999 -7.314676 
1.59999999 -7.314676 
1.63999999 -7.314676 
1.67999999 -7.314676 
1.71999999 -7.314676 
1.75999999 -7.314676 
1.79999999 -7.314676 
1.83999999 -7.314676 
1.87999999 -7.314676 
1.91999999 -7.314676 
1.95999999 -7.314676 
1.99999999 -7.314676 
2.03999999 -7.314676 
2.07999999 -7.314676 
2.11999999 -7.314676 
2.15999999 -7.314676 
2.19999999 -7.314676 
2.23999999 -7.314676 
2.27999999 -7.314676 
2.31999999 -7.314676 
2.35999999 -7.314676 
2.39999999 -7.314676 
2.43999999 -7.314676 
2.47999998 -7.314676 
2.51999998 -7.314676 
2.55999998 -7.314676 
2.59999998 -7.314676 
2.63999998 -7.314676 
2.67999998 -7.314676 
2.71999998 -7.314676 
2.75999998 -7.314676 
2.79999998 -7.314676 
2.83999998 -7.314676 
2.87999998 -7.314676 
2.91999998 -7.314676 
2.95999998 -7.314676 
2.99999998 -7.314676 
3.03999998 -7.314676 
3.07999998 -7.314676 
3.11999998 -7.314676 
3.15999998 -7.314676 
3.19999998 -7.314676 
3.23999998 -7.314676 
3.27999998 -7.314676 
3.31999998 -7.314676 
3.35999998 -7.314676 
3.39999998 -7.314676 
3.43999998 -7.314676 
3.47999998 -7.314676 
3.51999998 -7.314676 
3.55999998 -7.314676 
3.59999998 -7.314676 
3.63999998 -7.314676 
3.67999998 -7.314676 
3.71999998 -7.314676 
3.75999998 -7.314676 
3.79999998 -7.314676 
3.83999998 -7.314676 
3.87999998 -7.314676 
3.91999998 -7.314676 
3.95999998 -7.314676 
3.99999998 -7.314676 
4.03999998 -7.314676 
4.07999998 -7.314676 
4.11999997 -7.314676 
4.15999997 -7.314676 
4.19999997 -7.314676 
4.23999997 -7.314676 
4.27999997 -7.314676 
4.31999997 -7.314676 
4.35999997 -7.314676 
4.39999997 -7.314676 
4.43999997 -7.314676 
4.47999997 -7.314676 
4.51999997 -7.314676 
4.55999997 -7.314676 
4.59999997 -7.314676 
4.63999997 -7.314676 
4.67999997 -7.314676 
4.71999997 -7.314676 
4.75999997 -7.314676 
4.79999997 -7.314676 
4.83999997 -7.314676 
4.87999997 -7.314676 
4.91999997 -7.314676 
4.95999997 -7.314676 
4.99999997 -7.314676 
5.03999997 -7.314676 
5.07999997 -7.488632 
5.11999997 -7.314676 
5.15999997 -7.314676 
5.19999997 -7.488632 
5.23999997 -7.314676 
5.27999997 -7.314676 
5.31999997 -7.314676 
5.35999997 -7.314676 
5.39999997 -7.314676 
5.43999997 -7.314676 
5.47999997 -7.314676 
5.51999997 -7.314676 
5.55999997 -7.314676 
5.59999997 -7.314676 
5.63999997 -7.314676 
5.67999997 -7.314676 
5.71999997 -7.314676 
5.75999996 -7.314676 
5.79999996 -7.314676 
5.83999996 -7.314676 
5.87999996 -7.314676 
5.91999996 -7.314676 
5.95999996 -7.314676 
5.99999996 -7.314676 
6.03999996 -7.314676 
6.07999996 -7.314676 
6.11999996 -7.314676 
6.15999996 -7.314676 
6.19999996 -7.314676 
6.23999996 -7.314676 
6.27999996 -7.314676 
6.31999996 -7.314676 
6.35999996 -7.314676 
6.39999996 -7.314676 
6.43999996 -7.314676 
6.47999996 -7.314676 
6.51999996 -7.314676 
6.55999996 -7.314676 
6.59999996 -7.314676 
6.63999996 -7.314676 
6.67999996 -7.314676 
6.71999996 -7.314676 
6.75999996 -7.314676 
6.79999996 -7.314676 
6.83999996 -7.314676 
6.87999996 -7.314676 
6.91999996 -7.488632 
6.95999996 -7.314676 
6.99999996 -7.314676 
7.03999996 -7.314676 
7.07999996 -7.314676 
7.11999996 -7.314676 
7.15999996 -7.314676 
7.19999996 -7.314676 
7.23999996 -7.314676 
7.27999996 -7.314676 
7.31999996 -7.314676 
7.35999996 -7.314676 
7.39999996 -7.314676 
7.43999995 -7.314676 
7.47999995 -7.314676 
7.51999995 -7.314676 
7.55999995 -7.314676 
7.59999995 -7.314676 
7.63999995 -7.314676 
7.67999995 -7.314676 
7.71999995 -7.314676 
7.75999995 -7.314676 
7.79999995 -7.314676 
7.83999995 -7.314676 
7.87999995 -7.314676 
7.91999995 -7.314676 
7.95999995 -7.314676 
7.99999995 -7.314676 
8.03999995 -7.314676 
8.07999995 -7.314676 
8.11999995 -7.314676 
8.15999995 -7.314676 
8.19999995 -7.314676 
8.23999995 -7.314676 
8.27999995 -7.314676 
8.31999995 -7.314676 
8.35999995 -7.314676 
8.39999995 -7.314676 
8.43999995 -7.314676 
8.47999995 -7.314676 
8.51999995 -7.314676 
8.55999995 -7.314676 
8.59999995 -7.314676 
8.63999995 -7.314676 
8.67999995 -7.314676 
8.71999995 -7.314676 
8.75999995 -7.314676 
8.79999995 -7.314676 
8.83999995 -7.314676 
8.87999995 -7.314676 
8.91999995 -7.314676 
8.95999995 -7.314676 
8.99999995 -7.314676 
9.03999995 -7.314676 
9.07999994 -7.314676 
9.11999994 -7.314676 
9.15999994 -7.314676 
9.19999994 -7.314676 
9.23999994 -7.314676 
9.27999994 -7.314676 
9.31999994 -7.314676 
9.35999994 -7.314676 
9.39999994 -7.314676 
9.43999994 -7.314676 
9.47999994 -7.314676 
9.51999994 -7.314676 
9.55999994 -7.314676 
9.59999994 -7.314676 
9.63999994 -7.314676 
9.67999994 -7.314676 
9.71999994 -7.314676 
9.75999994 -7.314676 
9.79999994 -7.314676 
9.83999994 -7.314676 
9.87999994 -7.314676 
9.91999994 -7.314676 
9.95999994 -7.314676 
9.99999994 -7.314676 
10.03999994 -7.314676 
10.07999994 -7.314676 
10.11999994 -7.314676 
10.15999994 -7.314676 
10.19999994 -7.314676 
10.23999994 -7.314676 
10.27999994 -7.314676 
10.31999994 -7.314676 
10.35999994 -7.314676 
10.39999994 -7.314676 
10.43999994 -7.314676 
10.47999994 -7.314676 
10.51999994 -7.314676 
10.55999994 -7.314676 
10.59999994 -7.314676 
10.63999994 -7.314676 
10.67999994 -7.314676 
10.71999993 -7.314676 
10.75999993 -7.314676 
10.79999993 -7.314676 
10.83999993 -7.314676 
10.87999993 -7.314676 
10.91999993 -7.314676 
10.95999993 -7.314676 
10.99999993 -7.314676 
11.03999993 -7.314676 
11.07999993 -7.314676 
11.11999993 -7.314676 
11.15999993 -7.314676 
11.19999993 -7.314676 
11.23999993 -7.314676 
11.27999993 -7.314676 
11.31999993 -7.314676 
11.35999993 -7.314676 
11.39999993 -7.314676 
11.43999993 -7.314676 
11.47999993 -7.314676 
11.51999993 -7.314676 
11.55999993 -7.314676 
11.59999993 -7.314676 
11.63999993 -7.314676 
11.67999993 -7.314676 
11.71999993 -7.314676 
11.75999993 -7.314676 
11.79999993 -7.314676 
11.83999993 -7.314676 
11.87999993 -7.314676 
11.91999993 -7.314676 
11.95999993 -7.314676 
11.99999993 -7.314676 
12.03999993 -7.314676 
12.07999993 -7.314676 
12.11999993 -7.314676 
12.15999993 -7.314676 
12.19999993 -7.314676 
12.23999993 -7.314676 
12.27999993 -7.314676 
12.31999993 -7.314676 
12.35999992 -7.314676 
12.39999992 -7.314676 
12.43999992 -7.314676 
12.47999992 -7.314676 
12.51999992 -7.314676 
12.55999992 -7.314676 
12.59999992 -7.314676 
12.63999992 -7.314676 
12.67999992 -7.314676 
12.71999992 -7.314676 
12.75999992 -7.314676 
12.79999992 -7.314676 
12.83999992 -7.314676 
12.87999992 -7.314676 
12.91999992 -7.314676 
12.95999992 -7.314676 
12.99999992 -7.314676 
13.03999992 -7.314676 
13.07999992 -7.314676 
13.11999992 -7.314676 
13.15999992 -7.314676 
13.19999992 -7.314676 
13.23999992 -7.314676 
13.27999992 -7.314676 
13.31999992 -7.314676 
13.35999992 -7.314676 
13.39999992 -7.314676 
13.43999992 -7.314676 
13.47999992 -7.314676 
13.51999992 -7.314676 
13.55999992 -7.314676 
13.59999992 -7.314676 
13.63999992 -7.314676 
13.67999992 -7.314676 
13.71999992 -7.314676 
13.75999992 -7.314676 
13.79999992 -7.314676 
13.83999992 -7.314676 
13.87999992 -7.314676 
13.91999992 -7.314676 
13.95999992 -7.314676 
13.99999991 -7.314676 
14.03999991 -7.314676 
14.07999991 -7.314676 
14.11999991 -7.314676 
14.15999991 -7.314676 
14.19999991 -7.314676 
14.23999991 -7.314676 
14.27999991 -7.314676 
14.31999991 -7.314676 
14.35999991 -7.314676 
14.39999991 -7.314676 
14.43999991 -7.314676 
14.47999991 -7.314676 
14.51999991 -7.314676 
14.55999991 -7.314676 
14.59999991 -7.314676 
14.63999991 -7.314676 
14.67999991 -7.314676 
14.71999991 -7.314676 
14.75999991 -7.314676 
14.79999991 -7.314676 
14.83999991 -7.314676 
14.87999991 -7.314676 
14.91999991 -7.314676 
14.95999991 -7.314676 
14.99999991 -7.314676 
15.03999991 -7.314676 
15.07999991 -7.314676 
15.11999991 -7.314676 
15.15999991 -7.314676 
15.19999991 -7.314676 
15.23999991 -7.314676 
15.27999991 -7.314676 
15.31999991 -7.314676 
15.35999991 -7.314676 
15.39999991 -7.314676 
15.43999991 -7.314676 
15.47999991 -7.314676 
15.51999991 -7.314676 
15.55999991 -7.314676 
15.59999991 -7.314676 
15.6399999 -7.314676 
15.6799999 -7.314676 
15.7199999 -7.314676 
15.7599999 -7.314676 
15.7999999 -7.314676 
15.8399999 -7.314676 
15.8799999 -7.314676 
15.9199999 -7.314676 
15.9599999 -7.314676 
15.9999999 -7.314676 
16.0399999 -7.314676 
16.0799999 -7.314676 
16.1199999 -7.314676 
16.1599999 -7.314676 
16.1999999 -7.314676 
16.2399999 -7.314676 
16.2799999 -7.314676 
16.3199999 -7.140721 
16.3599999 -7.314676 
16.3999999 -7.314676 
16.4399999 -7.314676 
16.4799999 -7.314676 
16.5199999 -7.314676 
16.5599999 -7.314676 
16.5999999 -7.314676 
16.6399999 -7.314676 
16.6799999 -7.314676 
16.7199999 -7.314676 
16.7599999 -7.314676 
16.7999999 -7.314676 
16.8399999 -7.314676 
16.8799999 -7.314676 
16.9199999 -7.314676 
16.9599999 -7.314676 
16.9999999 -7.314676 
17.0399999 -7.314676 
17.0799999 -7.314676 
17.1199999 -7.314676 
17.1599999 -7.314676 
17.1999999 -7.314676 
17.2399999 -7.314676 
17.27999989 -7.314676 
17.31999989 -7.314676 
17.35999989 -7.314676 
17.39999989 -7.314676 
17.43999989 -7.314676 
17.47999989 -7.314676 
17.51999989 -7.314676 
17.55999989 -7.314676 
17.59999989 -7.314676 
17.63999989 -7.314676 
17.67999989 -7.314676 
17.71999989 -7.314676 
17.75999989 -7.314676 
17.79999989 -7.314676 
17.83999989 -7.314676 
17.87999989 -7.314676 
17.91999989 -7.314676 
17.95999989 -7.140721 
17.99999989 -7.314676 
18.03999989 -7.314676 
18.07999989 -7.314676 
18.11999989 -7.314676 
18.15999989 -7.314676 
18.19999989 -7.140721 
18.23999989 -7.140721 
18.27999989 -7.314676 
18.31999989 -7.140721 
18.35999989 -7.314676 
18.39999989 -7.314676 
18.43999989 -7.314676 
18.47999989 -7.140721 
18.51999989 -7.140721 
18.55999989 -7.314676 
18.59999989 -7.140721 
18.63999989 -7.314676 
18.67999989 -7.314676 
18.71999989 -7.314676 
18.75999989 -7.140721 
18.79999989 -7.140721 
18.83999989 -7.314676 
18.87999989 -7.140721 
18.91999989 -7.140721 
18.95999988 -7.140721 
18.99999988 -7.140721 
19.03999988 -7.140721 
19.07999988 -7.140721 
19.11999988 -7.140721 
19.15999988 -7.314676 
19.19999988 -7.314676 
19.23999988 -7.140721 
19.27999988 -7.140721 
19.31999988 -7.314676 
19.35999988 -7.314676 
19.39999988 -7.140721 
19.43999988 -7.140721 
19.47999988 -7.314676 
19.51999988 -7.140721 
19.55999988 -7.314676 
19.59999988 -7.314676 
19.63999988 -7.140721 
19.67999988 -7.140721 
19.71999988 -7.140721 
19.75999988 -7.140721 
19.79999988 -7.140721 
19.83999988 -7.140721 
19.87999988 -7.140721 
19.91999988 -7.140721 
19.95999988 -7.140721 
19.99999988 -7.140721 
20.03999988 -7.140721 
20.07999988 -7.140721 
20.11999988 -7.140721 
20.15999988 -7.140721 
20.19999988 -7.140721 
20.23999988 -7.140721 
20.27999988 -7.140721 
20.31999988 -7.140721 
20.35999988 -7.140721 
20.39999988 -7.140721 
20.43999988 -7.140721 
20.47999988 -7.140721 
20.51999988 -7.140721 
20.55999988 -7.140721 
20.59999987 -7.140721 
20.63999987 -7.140721 
20.67999987 -7.140721 
20.71999987 -7.140721 
20.75999987 -7.140721 
20.79999987 -7.140721 
20.83999987 -7.140721 
20.87999987 -7.140721 
20.91999987 -7.140721 
20.95999987 -7.140721 
20.99999987 -7.140721 
21.03999987 -7.140721 
21.07999987 -7.140721 
21.11999987 -7.140721 
21.15999987 -7.140721 
21.19999987 -7.140721 
21.23999987 -7.140721 
21.27999987 -7.140721 
21.31999987 -7.140721 
21.35999987 -7.140721 
21.39999987 -7.140721 
21.43999987 -7.140721 
21.47999987 -7.140721 
21.51999987 -7.140721 
21.55999987 -7.140721 
21.59999987 -7.140721 
21.63999987 -7.140721 
21.67999987 -7.140721 
21.71999987 -7.140721 
21.75999987 -7.140721 
21.79999987 -7.140721 
21.83999987 -7.140721 
21.87999987 -7.140721 
21.91999987 -7.140721 
21.95999987 -7.140721 
21.99999987 -7.140721 
22.03999987 -7.140721 
22.07999987 -7.140721 
22.11999987 -7.140721 
22.15999987 -7.140721 
22.19999987 -7.140721 
22.23999986 -7.140721 
22.27999986 -7.140721 
22.31999986 -7.140721 
22.35999986 -7.140721 
22.39999986 -7.140721 
22.43999986 -7.140721 
22.47999986 -7.140721 
22.51999986 -7.140721 
22.55999986 -7.140721 
22.59999986 -7.140721 
22.63999986 -7.140721 
22.67999986 -7.140721 
22.71999986 -7.140721 
22.75999986 -7.140721 
22.79999986 -7.140721 
22.83999986 -7.140721 
22.87999986 -7.140721 
22.91999986 -7.140721 
22.95999986 -7.140721 
22.99999986 -7.140721 
23.03999986 -7.140721 
23.07999986 -6.966765 
23.11999986 -7.140721 
23.15999986 -7.140721 
23.19999986 -7.140721 
23.23999986 -7.140721 
23.27999986 -7.140721 
23.31999986 -7.140721 
23.35999986 -7.140721 
23.39999986 -7.140721 
23.43999986 -7.140721 
23.47999986 -6.966765 
23.51999986 -7.140721 
23.55999986 -7.140721 
23.59999986 -6.966765 
23.63999986 -7.140721 
23.67999986 -6.966765 
23.71999986 -7.140721 
23.75999986 -6.966765 
23.79999986 -6.966765 
23.83999986 -7.140721 
23.87999985 -6.966765 
23.91999985 -6.966765 
23.95999985 -6.966765 
23.99999985 -6.966765 
24.03999985 -6.966765 
24.07999985 -7.140721 
24.11999985 -6.966765 
24.15999985 -7.140721 
24.19999985 -6.966765 
24.23999985 -6.966765 
24.27999985 -6.966765 
24.31999985 -6.966765 
24.35999985 -6.966765 
24.39999985 -6.966765 
24.43999985 -6.966765 
24.47999985 -6.966765 
24.51999985 -6.966765 
24.55999985 -6.966765 
24.59999985 -6.966765 
24.63999985 -7.140721 
24.67999985 -6.966765 
24.71999985 -6.966765 
24.75999985 -6.966765 
24.79999985 -6.966765 
24.83999985 -6.966765 
24.87999985 -6.966765 
24.91999985 -6.966765 
24.95999985 -6.966765 
24.99999985 -6.966765 
25.03999985 -6.966765 
25.07999985 -6.966765 
25.11999985 -6.966765 
25.15999985 -6.966765 
25.19999985 -6.966765 
25.23999985 -6.966765 
25.27999985 -6.966765 
25.31999985 -6.966765 
25.35999985 -6.966765 
25.39999985 -6.966765 
25.43999985 -6.966765 
25.47999985 -6.966765 
25.51999984 -6.966765 
25.55999984 -6.966765 
25.59999984 -6.966765 
25.63999984 -6.966765 
25.67999984 -6.966765 
25.71999984 -6.966765 
25.75999984 -6.966765 
25.79999984 -6.966765 
25.83999984 -6.966765 
25.87999984 -6.966765 
25.91999984 -6.966765 
25.95999984 -6.966765 
25.99999984 -6.966765 
26.03999984 -6.966765 
26.07999984 -6.966765 
26.11999984 -6.966765 
26.15999984 -6.966765 
26.19999984 -6.966765 
26.23999984 -6.7922 
26.27999984 -6.966765 
26.31999984 -6.966765 
26.35999984 -6.966765 
26.39999984 -6.966765 
26.43999984 -6.966765 
26.47999984 -6.966765 
26.51999984 -6.966765 
26.55999984 -6.966765 
26.59999984 -6.966765 
26.63999984 -6.966765 
26.67999984 -6.966765 
26.71999984 -6.966765 
26.75999984 -6.966765 
26.79999984 -6.966765 
26.83999984 -6.966765 
26.87999984 -6.966765 
26.91999984 -6.966765 
26.95999984 -6.966765 
26.99999984 -6.7922 
27.03999984 -6.966765 
27.07999984 -6.966765 
27.11999984 -6.966765 
27.15999983 -6.966765 
27.19999983 -6.966765 
27.23999983 -6.7922 
27.27999983 -6.966765 
27.31999983 -6.7922 
27.35999983 -6.966765 
27.39999983 -6.7922 
27.43999983 -6.7922 
27.47999983 -6.966765 
27.51999983 -6.966765 
27.55999983 -6.966765 
27.59999983 -6.966765 
27.63999983 -6.7922 
27.67999983 -6.966765 
27.71999983 -6.7922 
27.75999983 -6.7922 
27.79999983 -6.618244 
27.83999983 -6.7922 
27.87999983 -6.966765 
27.91999983 -6.966765 
27.95999983 -6.966765 
27.99999983 -6.966765 
28.03999983 -6.966765 
28.07999983 -6.966765 
28.11999983 -6.7922 
28.15999983 -6.966765 
28.19999983 -6.7922 
28.23999983 -6.966765 
28.27999983 -6.7922 
28.31999983 -6.7922 
28.35999983 -6.966765 
28.39999983 -6.7922 
28.43999983 -6.7922 
28.47999983 -6.7922 
28.51999983 -6.7922 
28.55999983 -6.966765 
28.59999983 -6.7922 
28.63999983 -6.7922 
28.67999983 -6.7922 
28.71999983 -6.7922 
28.75999983 -6.7922 
28.79999982 -6.7922 
28.83999982 -6.7922 
28.87999982 -6.7922 
28.91999982 -6.7922 
28.95999982 -6.7922 
28.99999982 -6.618244 
29.03999982 -6.966765 
29.07999982 -6.7922 
29.11999982 -6.7922 
29.15999982 -6.7922 
29.19999982 -6.7922 
29.23999982 -6.7922 
29.27999982 -6.7922 
29.31999982 -6.7922 
29.35999982 -6.7922 
29.39999982 -6.7922 
29.43999982 -6.7922 
29.47999982 -6.7922 
29.51999982 -6.618244 
29.55999982 -6.7922 
29.59999982 -6.7922 
29.63999982 -6.7922 
29.67999982 -6.7922 
29.71999982 -6.7922 
29.75999982 -6.618244 
29.79999982 -6.7922 
29.83999982 -6.7922 
29.87999982 -6.7922 
29.91999982 -6.7922 
29.95999982 -6.7922 
29.99999982 -6.7922 
30.03999982 -6.7922 
30.07999982 -6.7922 
30.11999982 -6.7922 
30.15999982 -6.7922 
30.19999982 -6.7922 
30.23999982 -6.7922 
30.27999982 -6.7922 
30.31999982 -6.618244 
30.35999982 -6.7922 
30.39999982 -6.7922 
30.43999982 -6.7922 
30.47999981 -6.618244 
30.51999981 -6.7922 
30.55999981 -6.7922 
30.59999981 -6.618244 
30.63999981 -6.7922 
30.67999981 -6.7922 
30.71999981 -6.618244 
30.75999981 -6.7922 
30.79999981 -6.618244 
30.83999981 -6.618244 
30.87999981 -6.618244 
30.91999981 -6.618244 
30.95999981 -6.7922 
30.99999981 -6.7922 
31.03999981 -6.7922 
31.07999981 -6.618244 
31.11999981 -6.618244 
31.15999981 -6.618244 
31.19999981 -6.7922 
31.23999981 -6.618244 
31.27999981 -6.618244 
31.31999981 -6.618244 
31.35999981 -6.7922 
31.39999981 -6.618244 
31.43999981 -6.618244 
31.47999981 -6.618244 
31.51999981 -6.618244 
31.55999981 -6.618244 
31.59999981 -6.618244 
31.63999981 -6.618244 
31.67999981 -6.7922 
31.71999981 -6.7922 
31.75999981 -6.618244 
31.79999981 -6.7922 
31.83999981 -6.618244 
31.87999981 -6.7922 
31.91999981 -6.7922 
31.95999981 -6.618244 
31.99999981 -6.618244 
32.03999981 -6.444288 
32.07999981 -6.618244 
32.1199998 -6.618244 
32.1599998 -6.618244 
32.1999998 -6.618244 
32.2399998 -6.618244 
32.2799998 -6.618244 
32.3199998 -6.618244 
32.3599998 -6.618244 
32.3999998 -6.618244 
32.4399998 -6.618244 
32.4799998 -6.618244 
32.5199998 -6.618244 
32.5599998 -6.618244 
32.5999998 -6.618244 
32.6399998 -6.618244 
32.6799998 -6.618244 
32.7199998 -6.444288 
32.7599998 -6.618244 
32.7999998 -6.618244 
32.8399998 -6.444288 
32.8799998 -6.618244 
32.9199998 -6.618244 
32.9599998 -6.618244 
32.9999998 -6.444288 
33.0399998 -6.618244 
33.0799998 -6.444288 
33.1199998 -6.618244 
33.1599998 -6.618244 
33.1999998 -6.618244 
33.2399998 -6.444288 
33.2799998 -6.618244 
33.3199998 -6.444288 
33.3599998 -6.618244 
33.3999998 -6.444288 
33.4399998 -6.444288 
33.4799998 -6.618244 
33.5199998 -6.444288 
33.5599998 -6.444288 
33.5999998 -6.444288 
33.6399998 -6.618244 
33.6799998 -6.444288 
33.7199998 -6.444288 
33.75999979 -6.618244 
33.79999979 -6.618244 
33.83999979 -6.618244 
33.87999979 -6.618244 
33.91999979 -6.444288 
33.95999979 -6.618244 
33.99999979 -6.618244 
34.03999979 -6.618244 
34.07999979 -6.444288 
34.11999979 -6.444288 
34.15999979 -6.444288 
34.19999979 -6.444288 
34.23999979 -6.444288 
34.27999979 -6.444288 
34.31999979 -6.444288 
34.35999979 -6.444288 
34.39999979 -6.444288 
34.43999979 -6.444288 
34.47999979 -6.444288 
34.51999979 -6.444288 
34.55999979 -6.444288 
34.59999979 -6.444288 
34.63999979 -6.444288 
34.67999979 -6.444288 
34.71999979 -6.444288 
34.75999979 -6.444288 
34.79999979 -6.444288 
34.83999979 -6.444288 
34.87999979 -6.444288 
34.91999979 -6.444288 
34.95999979 -6.444288 
34.99999979 -6.444288 
35.03999979 -6.444288 
35.07999979 -6.444288 
35.11999979 -6.444288 
35.15999979 -6.444288 
35.19999979 -6.444288 
35.23999979 -6.444288 
35.27999979 -6.444288 
35.31999979 -6.444288 
35.35999979 -6.444288 
35.39999978 -6.444288 
35.43999978 -6.444288 
35.47999978 -6.444288 
35.51999978 -6.444288 
35.55999978 -6.444288 
35.59999978 -6.444288 
35.63999978 -6.444288 
35.67999978 -6.444288 
35.71999978 -6.444288 
35.75999978 -6.444288 
35.79999978 -6.444288 
35.83999978 -6.444288 
35.87999978 -6.444288 
35.91999978 -6.444288 
35.95999978 -6.444288 
35.99999978 -6.444288 
36.03999978 -6.444288 
36.07999978 -6.444288 
36.11999978 -6.444288 
36.15999978 -6.444288 
36.19999978 -6.444288 
36.23999978 -6.444288 
36.27999978 -6.444288 
36.31999978 -6.444288 
36.35999978 -6.444288 
36.39999978 -6.270333 
36.43999978 -6.444288 
36.47999978 -6.444288 
36.51999978 -6.444288 
36.55999978 -6.444288 
36.59999978 -6.444288 
36.63999978 -6.270333 
36.67999978 -6.444288 
36.71999978 -6.444288 
36.75999978 -6.444288 
36.79999978 -6.444288 
36.83999978 -6.270333 
36.87999978 -6.270333 
36.91999978 -6.270333 
36.95999978 -6.444288 
36.99999978 -6.444288 
37.03999977 -6.444288 
37.07999977 -6.270333 
37.11999977 -6.444288 
37.15999977 -6.444288 
37.19999977 -6.270333 
37.23999977 -6.444288 
37.27999977 -6.444288 
37.31999977 -6.444288 
37.35999977 -6.270333 
37.39999977 -6.270333 
37.43999977 -6.270333 
37.47999977 -6.270333 
37.51999977 -6.444288 
37.55999977 -6.270333 
37.59999977 -6.270333 
37.63999977 -6.270333 
37.67999977 -6.270333 
37.71999977 -6.270333 
37.75999977 -6.270333 
37.79999977 -6.270333 
37.83999977 -6.270333 
37.87999977 -6.270333 
37.91999977 -6.270333 
37.95999977 -6.270333 
37.99999977 -6.270333 
38.03999977 -6.270333 
38.07999977 -6.270333 
38.11999977 -6.270333 
38.15999977 -6.270333 
38.19999977 -6.270333 
38.23999977 -6.270333 
38.27999977 -6.270333 
38.31999977 -6.270333 
38.35999977 -6.270333 
38.39999977 -6.270333 
38.43999977 -6.270333 
38.47999977 -6.270333 
38.51999977 -6.270333 
38.55999977 -6.270333 
38.59999977 -6.270333 
38.63999977 -6.270333 
38.67999976 -6.270333 
38.71999976 -6.270333 
38.75999976 -6.270333 
38.79999976 -6.270333 
38.83999976 -6.270333 
38.87999976 -6.270333 
38.91999976 -6.270333 
38.95999976 -6.270333 
38.99999976 -6.270333 
39.03999976 -6.270333 
39.07999976 -6.270333 
39.11999976 -6.270333 
39.15999976 -6.270333 
39.19999976 -6.270333 
39.23999976 -6.270333 
39.27999976 -6.270333 
39.31999976 -6.270333 
39.35999976 -6.270333 
39.39999976 -6.270333 
39.43999976 -6.270333 
39.47999976 -6.270333 
39.51999976 -6.270333 
39.55999976 -6.270333 
39.59999976 -6.270333 
39.63999976 -6.270333 
39.67999976 -6.270333 
39.71999976 -6.270333 
39.75999976 -6.270333 
39.79999976 -6.270333 
39.83999976 -6.270333 
39.87999976 -6.270333 
39.91999976 -6.270333 
39.95999976 -6.270333 
39.99999976 -6.270333 
40.03999976 -6.270333 
40.07999976 -6.270333 
40.11999976 -6.270333 
40.15999976 -6.270333 
40.19999976 -6.270333 
40.23999976 -6.270333 
40.27999976 -6.270333 
40.31999975 -6.270333 
40.35999975 -6.270333 
40.39999975 -6.270333 
40.43999975 -6.270333 
40.47999975 -6.095767 
40.51999975 -6.270333 
40.55999975 -6.270333 
40.59999975 -6.095767 
40.63999975 -6.270333 
40.67999975 -6.095767 
40.71999975 -6.095767 
40.75999975 -6.095767 
40.79999975 -6.095767 
40.83999975 -6.095767 
40.87999975 -6.095767 
40.91999975 -6.095767 
40.95999975 -5.921812 
40.99999975 -5.921812 
41.03999975 -6.095767 
41.07999975 -6.095767 
41.11999975 -6.095767 
41.15999975 -6.095767 
41.19999975 -6.095767 
41.23999975 -6.095767 
41.27999975 -6.095767 
41.31999975 -6.095767 
41.35999975 -6.095767 
41.39999975 -6.095767 
41.43999975 -6.095767 
41.47999975 -6.095767 
41.51999975 -6.095767 
41.55999975 -6.095767 
41.59999975 -6.095767 
41.63999975 -6.095767 
41.67999975 -5.921812 
41.71999975 -6.095767 
41.75999975 -5.921812 
41.79999975 -5.921812 
41.83999975 -6.095767 
41.87999975 -5.921812 
41.91999975 -6.095767 
41.95999974 -5.921812 
41.99999974 -6.095767 
42.03999974 -5.921812 
42.07999974 -6.095767 
42.11999974 -5.921812 
42.15999974 -5.921812 
42.19999974 -5.921812 
42.23999974 -6.095767 
42.27999974 -6.095767 
42.31999974 -5.921812 
42.35999974 -5.921812 
42.39999974 -5.921812 
42.43999974 -5.921812 
42.47999974 -5.921812 
42.51999974 -5.921812 
42.55999974 -5.921812 
42.59999974 -5.921812 
42.63999974 -5.921812 
42.67999974 -5.921812 
42.71999974 -5.921812 
42.75999974 -5.921812 
42.79999974 -5.921812 
42.83999974 -5.921812 
42.87999974 -5.921812 
42.91999974 -5.921812 
42.95999974 -5.921812 
42.99999974 -5.921812 
43.03999974 -5.921812 
43.07999974 -5.921812 
43.11999974 -5.921812 
43.15999974 -5.921812 
43.19999974 -5.921812 
43.23999974 -5.921812 
43.27999974 -5.921812 
43.31999974 -5.921812 
43.35999974 -5.921812 
43.39999974 -5.921812 
43.43999974 -5.921812 
43.47999974 -5.921812 
43.51999974 -5.921812 
43.55999974 -5.921812 
43.59999974 -5.921812 
43.63999973 -5.921812 
43.67999973 -5.921812 
43.71999973 -5.921812 
43.75999973 -5.921812 
43.79999973 -5.921812 
43.83999973 -5.921812 
43.87999973 -5.921812 
43.91999973 -5.921812 
43.95999973 -5.921812 
43.99999973 -5.921812 
44.03999973 -5.921812 
44.07999973 -5.921812 
44.11999973 -5.921812 
44.15999973 -5.921812 
44.19999973 -5.921812 
44.23999973 -5.921812 
44.27999973 -5.921812 
44.31999973 -5.747856 
44.35999973 -5.921812 
44.39999973 -5.921812 
44.43999973 -5.921812 
44.47999973 -5.921812 
44.51999973 -5.921812 
44.55999973 -5.921812 
44.59999973 -5.747856 
44.63999973 -5.747856 
44.67999973 -5.921812 
44.71999973 -5.747856 
44.75999973 -5.921812 
44.79999973 -5.921812 
44.83999973 -5.921812 
44.87999973 -5.921812 
44.91999973 -5.921812 
44.95999973 -5.921812 
44.99999973 -5.747856 
45.03999973 -5.747856 
45.07999973 -5.747856 
45.11999973 -5.921812 
45.15999973 -5.921812 
45.19999973 -5.747856 
45.23999973 -5.747856 
45.27999972 -5.921812 
45.31999972 -5.747856 
45.35999972 -5.747856 
45.39999972 -5.747856 
45.43999972 -5.747856 
45.47999972 -5.747856 
45.51999972 -5.747856 
45.55999972 -5.747856 
45.59999972 -5.747856 
45.63999972 -5.747856 
45.67999972 -5.747856 
45.71999972 -5.747856 
45.75999972 -5.747856 
45.79999972 -5.747856 
45.83999972 -5.747856 
45.87999972 -5.747856 
45.91999972 -5.747856 
45.95999972 -5.747856 
45.99999972 -5.747856 
46.03999972 -5.747856 
46.07999972 -5.747856 
46.11999972 -5.747856 
46.15999972 -5.747856 
46.19999972 -5.747856 
46.23999972 -5.747856 
46.27999972 -5.747856 
46.31999972 -5.747856 
46.35999972 -5.747856 
46.39999972 -5.747856 
46.43999972 -5.747856 
46.47999972 -5.747856 
46.51999972 -5.747856 
46.55999972 -5.747856 
46.59999972 -5.747856 
46.63999972 -5.747856 
46.67999972 -5.747856 
46.71999972 -5.747856 
46.75999972 -5.747856 
46.79999972 -5.747856 
46.83999972 -5.747856 
46.87999972 -5.747856 
46.91999971 -5.747856 
46.95999971 -5.747856 
46.99999971 -5.573901 
47.03999971 -5.573901 
47.07999971 -5.747856 
47.11999971 -5.573901 
47.15999971 -5.747856 
47.19999971 -5.747856 
47.23999971 -5.573901 
47.27999971 -5.573901 
47.31999971 -5.573901 
47.35999971 -5.573901 
47.39999971 -5.573901 
47.43999971 -5.573901 
47.47999971 -5.573901 
47.51999971 -5.573901 
47.55999971 -5.573901 
47.59999971 -5.573901 
47.63999971 -5.573901 
47.67999971 -5.573901 
47.71999971 -5.573901 
47.75999971 -5.573901 
47.79999971 -5.573901 
47.83999971 -5.573901 
47.87999971 -5.573901 
47.91999971 -5.573901 
47.95999971 -5.573901 
47.99999971 -5.573901 
48.03999971 -5.573901 
48.07999971 -5.573901 
48.11999971 -5.573901 
48.15999971 -5.573901 
48.19999971 -5.573901 
48.23999971 -5.573901 
48.27999971 -5.573901 
48.31999971 -5.573901 
48.35999971 -5.573901 
48.39999971 -5.573901 
48.43999971 -5.573901 
48.47999971 -5.573901 
48.51999971 -5.573901 
48.5599997 -5.573901 
48.5999997 -5.573901 
48.6399997 -5.573901 
48.6799997 -5.573901 
48.7199997 -5.573901 
48.7599997 -5.573901 
48.7999997 -5.573901 
48.8399997 -5.573901 
48.8799997 -5.573901 
48.9199997 -5.573901 
48.9599997 -5.573901 
48.9999997 -5.573901 
49.0399997 -5.573901 
49.0799997 -5.573901 
49.1199997 -5.573901 
49.1599997 -5.573901 
49.1999997 -5.573901 
49.2399997 -5.573901 
49.2799997 -5.573901 
49.3199997 -5.573901 
49.3599997 -5.573901 
49.3999997 -5.399335 
49.4399997 -5.573901 
49.4799997 -5.399335 
49.5199997 -5.573901 
49.5599997 -5.399335 
49.5999997 -5.399335 
49.6399997 -5.573901 
49.6799997 -5.399335 
49.7199997 -5.573901 
49.7599997 -5.573901 
49.7999997 -5.399335 
49.8399997 -5.573901 
49.8799997 -5.399335 
49.9199997 -5.399335 
49.9599997 -5.399335 
49.9999997 -5.399335 
50.0399997 -5.399335 
50.0799997 -5.399335 
50.1199997 -5.399335 
50.1599997 -5.399335 
50.19999969 -5.399335 
50.23999969 -5.399335 
50.27999969 -5.399335 
50.31999969 -5.399335 
50.35999969 -5.399335 
50.39999969 -5.399335 
50.43999969 -5.399335 
50.47999969 -5.399335 
50.51999969 -5.399335 
50.55999969 -5.399335 
50.59999969 -5.399335 
50.63999969 -5.399335 
50.67999969 -5.225379 
50.71999969 -5.399335 
50.75999969 -5.399335 
50.79999969 -5.399335 
50.83999969 -5.399335 
50.87999969 -5.399335 
50.91999969 -5.399335 
50.95999969 -5.399335 
50.99999969 -5.399335 
51.03999969 -5.399335 
51.07999969 -5.399335 
51.11999969 -5.399335 
51.15999969 -5.399335 
51.19999969 -5.399335 
51.23999969 -5.399335 
51.27999969 -5.225379 
51.31999969 -5.399335 
51.35999969 -5.399335 
51.39999969 -5.399335 
51.43999969 -5.399335 
51.47999969 -5.399335 
51.51999969 -5.399335 
51.55999969 -5.399335 
51.59999969 -5.399335 
51.63999969 -5.399335 
51.67999969 -5.399335 
51.71999969 -5.399335 
51.75999969 -5.225379 
51.79999969 -5.399335 
51.83999968 -5.399335 
51.87999968 -5.225379 
51.91999968 -5.225379 
51.95999968 -5.399335 
51.99999968 -5.399335 
52.03999968 -5.399335 
52.07999968 -5.225379 
52.11999968 -5.225379 
52.15999968 -5.399335 
52.19999968 -5.225379 
52.23999968 -5.225379 
52.27999968 -5.225379 
52.31999968 -5.225379 
52.35999968 -5.225379 
52.39999968 -5.225379 
52.43999968 -5.225379 
52.47999968 -5.225379 
52.51999968 -5.225379 
52.55999968 -5.225379 
52.59999968 -5.225379 
52.63999968 -5.051424 
52.67999968 -5.225379 
52.71999968 -5.225379 
52.75999968 -5.225379 
52.79999968 -5.225379 
52.83999968 -5.225379 
52.87999968 -5.225379 
52.91999968 -5.225379 
52.95999968 -5.225379 
52.99999968 -5.225379 
53.03999968 -5.225379 
53.07999968 -5.225379 
53.11999968 -5.051424 
53.15999968 -5.225379 
53.19999968 -5.225379 
53.23999968 -5.051424 
53.27999968 -5.051424 
53.31999968 -5.225379 
53.35999968 -5.051424 
53.39999968 -5.051424 
53.43999968 -5.051424 
53.47999967 -5.225379 
53.51999967 -5.225379 
53.55999967 -5.051424 
53.59999967 -5.051424 
53.63999967 -5.051424 
53.67999967 -5.051424 
53.71999967 -5.051424 
53.75999967 -5.051424 
53.79999967 -5.225379 
53.83999967 -5.051424 
53.87999967 -5.051424 
53.91999967 -5.051424 
53.95999967 -5.051424 
53.99999967 -5.051424 
54.03999967 -5.051424 
54.07999967 -5.051424 
54.11999967 -5.051424 
54.15999967 -5.051424 
54.19999967 -5.051424 
54.23999967 -5.051424 
54.27999967 -5.051424 
54.31999967 -5.051424 
54.35999967 -5.051424 
54.39999967 -5.051424 
54.43999967 -5.051424 
54.47999967 -5.051424 
54.51999967 -5.051424 
54.55999967 -5.051424 
54.59999967 -5.051424 
54.63999967 -5.051424 
54.67999967 -5.051424 
54.71999967 -5.051424 
54.75999967 -5.051424 
54.79999967 -5.051424 
54.83999967 -5.051424 
54.87999967 -5.051424 
54.91999967 -5.051424 
54.95999967 -5.051424 
54.99999967 -5.051424 
55.03999967 -5.051424 
55.07999967 -5.051424 
55.11999967 -4.877468 
55.15999966 -4.877468 
55.19999966 -5.051424 
55.23999966 -5.051424 
55.27999966 -5.051424 
55.31999966 -5.051424 
55.35999966 -4.877468 
55.39999966 -4.877468 
55.43999966 -5.051424 
55.47999966 -4.877468 
55.51999966 -5.051424 
55.55999966 -5.051424 
55.59999966 -5.051424 
55.63999966 -4.877468 
55.67999966 -5.051424 
55.71999966 -5.051424 
55.75999966 -4.877468 
55.79999966 -4.877468 
55.83999966 -4.877468 
55.87999966 -4.877468 
55.91999966 -4.877468 
55.95999966 -4.877468 
55.99999966 -4.877468 
56.03999966 -4.877468 
56.07999966 -4.877468 
56.11999966 -4.877468 
56.15999966 -4.877468 
56.19999966 -4.877468 
56.23999966 -4.877468 
56.27999966 -4.877468 
56.31999966 -4.877468 
56.35999966 -4.877468 
56.39999966 -4.877468 
56.43999966 -4.877468 
56.47999966 -4.877468 
56.51999966 -4.877468 
56.55999966 -4.877468 
56.59999966 -4.877468 
56.63999966 -4.877468 
56.67999966 -4.877468 
56.71999966 -4.877468 
56.75999966 -4.877468 
56.79999965 -4.877468 
56.83999965 -4.877468 
56.87999965 -4.877468 
56.91999965 -4.877468 
56.95999965 -4.877468 
56.99999965 -4.877468 
57.03999965 -4.877468 
57.07999965 -4.877468 
57.11999965 -4.877468 
57.15999965 -4.877468 
57.19999965 -4.877468 
57.23999965 -4.877468 
57.27999965 -4.877468 
57.31999965 -4.877468 
57.35999965 -4.877468 
57.39999965 -4.877468 
57.43999965 -4.877468 
57.47999965 -4.877468 
57.51999965 -4.702902 
57.55999965 -4.877468 
57.59999965 -4.877468 
57.63999965 -4.877468 
57.67999965 -4.877468 
57.71999965 -4.702902 
57.75999965 -4.877468 
57.79999965 -4.877468 
57.83999965 -4.702902 
57.87999965 -4.528947 
57.91999965 -4.702902 
57.95999965 -4.702902 
57.99999965 -4.702902 
58.03999965 -4.877468 
58.07999965 -4.877468 
58.11999965 -4.877468 
58.15999965 -4.528947 
58.19999965 -4.702902 
58.23999965 -4.702902 
58.27999965 -4.702902 
58.31999965 -4.877468 
58.35999965 -4.702902 
58.39999965 -4.528947 
58.43999964 -4.702902 
58.47999964 -4.702902 
58.51999964 -4.702902 
58.55999964 -4.528947 
58.59999964 -4.702902 
58.63999964 -4.528947 
58.67999964 -4.702902 
58.71999964 -4.528947 
58.75999964 -4.702902 
58.79999964 -4.528947 
58.83999964 -4.528947 
58.87999964 -4.702902 
58.91999964 -4.528947 
58.95999964 -4.528947 
58.99999964 -4.528947 
59.03999964 -4.528947 
59.07999964 -4.528947 
59.11999964 -4.528947 
59.15999964 -4.528947 
59.19999964 -4.528947 
59.23999964 -4.528947 
59.27999964 -4.528947 
59.31999964 -4.528947 
59.35999964 -4.528947 
59.39999964 -4.528947 
59.43999964 -4.528947 
59.47999964 -4.528947 
59.51999964 -4.528947 
59.55999964 -4.528947 
59.59999964 -4.528947 
59.63999964 -4.528947 
59.67999964 -4.528947 
59.71999964 -4.528947 
59.75999964 -4.528947 
59.79999964 -4.528947 
59.83999964 -4.528947 
59.87999964 -4.528947 
59.91999964 -4.528947 
59.95999964 -4.528947 
59.99999964 -4.528947 
60.03999964 -4.528947 
60.07999963 -4.528947 
60.11999963 -4.528947 
60.15999963 -4.528947 
60.19999963 -4.528947 
60.23999963 -4.528947 
60.27999963 -4.528947 
60.31999963 -4.528947 
60.35999963 -4.354991 
60.39999963 -4.528947 
60.43999963 -4.528947 
60.47999963 -4.528947 
60.51999963 -4.354991 
60.55999963 -4.528947 
60.59999963 -4.528947 
60.63999963 -4.528947 
60.67999963 -4.528947 
60.71999963 -4.528947 
60.75999963 -4.528947 
60.79999963 -4.354991 
60.83999963 -4.528947 
60.87999963 -4.354991 
60.91999963 -4.354991 
60.95999963 -4.528947 
60.99999963 -4.528947 
61.03999963 -4.354991 
61.07999963 -4.354991 
61.11999963 -4.354991 
61.15999963 -4.354991 
61.19999963 -4.354991 
61.23999963 -4.354991 
61.27999963 -4.354991 
61.31999963 -4.354991 
61.35999963 -4.354991 
61.39999963 -4.354991 
61.43999963 -4.354991 
61.47999963 -4.354991 
61.51999963 -4.354991 
61.55999963 -4.354991 
61.59999963 -4.354991 
61.63999963 -4.354991 
61.67999963 -4.354991 
61.71999962 -4.354991 
61.75999962 -4.354991 
61.79999962 -4.354991 
61.83999962 -4.354991 
61.87999962 -4.354991 
61.91999962 -4.354991 
61.95999962 -4.354991 
61.99999962 -4.354991 
62.03999962 -4.354991 
62.07999962 -4.354991 
62.11999962 -4.354991 
62.15999962 -4.354991 
62.19999962 -4.354991 
62.23999962 -4.354991 
62.27999962 -4.354991 
62.31999962 -4.354991 
62.35999962 -4.354991 
62.39999962 -4.181036 
62.43999962 -4.181036 
62.47999962 -4.181036 
62.51999962 -4.354991 
62.55999962 -4.181036 
62.59999962 -4.354991 
62.63999962 -4.181036 
62.67999962 -4.181036 
62.71999962 -4.354991 
62.75999962 -4.181036 
62.79999962 -4.181036 
62.83999962 -4.181036 
62.87999962 -4.181036 
62.91999962 -4.181036 
62.95999962 -4.181036 
62.99999962 -4.181036 
63.03999962 -4.181036 
63.07999962 -4.181036 
63.11999962 -4.181036 
63.15999962 -4.181036 
63.19999962 -4.181036 
63.23999962 -4.181036 
63.27999962 -4.181036 
63.31999962 -4.181036 
63.35999961 -4.181036 
63.39999961 -4.181036 
63.43999961 -4.181036 
63.47999961 -4.181036 
63.51999961 -4.181036 
63.55999961 -4.181036 
63.59999961 -4.181036 
63.63999961 -4.181036 
63.67999961 -4.181036 
63.71999961 -4.181036 
63.75999961 -4.181036 
63.79999961 -4.181036 
63.83999961 -4.181036 
63.87999961 -4.181036 
63.91999961 -4.181036 
63.95999961 -4.181036 
63.99999961 -4.181036 
64.03999961 -4.181036 
64.07999961 -4.181036 
64.11999961 -4.181036 
64.15999961 -4.181036 
64.19999961 -4.181036 
64.23999961 -4.181036 
64.27999961 -4.181036 
64.31999961 -4.181036 
64.35999961 -4.181036 
64.39999961 -4.00647 
64.43999961 -4.181036 
64.47999961 -4.181036 
64.51999961 -4.181036 
64.55999961 -4.00647 
64.59999961 -4.00647 
64.63999961 -4.00647 
64.67999961 -4.00647 
64.71999961 -4.181036 
64.75999961 -4.00647 
64.79999961 -4.00647 
64.83999961 -4.181036 
64.87999961 -4.181036 
64.91999961 -4.00647 
64.95999961 -4.181036 
64.9999996 -4.00647 
65.0399996 -4.00647 
65.0799996 -4.00647 
65.1199996 -4.00647 
65.1599996 -4.00647 
65.1999996 -4.00647 
65.2399996 -4.00647 
65.2799996 -4.00647 
65.3199996 -4.00647 
65.3599996 -4.00647 
65.3999996 -4.00647 
65.4399996 -4.00647 
65.4799996 -4.00647 
65.5199996 -4.00647 
65.5599996 -4.00647 
65.5999996 -3.832515 
65.6399996 -4.00647 
65.6799996 -4.00647 
65.7199996 -4.00647 
65.7599996 -4.00647 
65.7999996 -4.00647 
65.8399996 -3.832515 
65.8799996 -4.00647 
65.9199996 -3.832515 
65.9599996 -4.00647 
65.9999996 -4.00647 
66.0399996 -4.00647 
66.0799996 -4.00647 
66.1199996 -4.00647 
66.1599996 -4.00647 
66.1999996 -4.00647 
66.2399996 -4.00647 
66.2799996 -4.00647 
66.3199996 -4.00647 
66.3599996 -4.00647 
66.3999996 -4.00647 
66.4399996 -4.00647 
66.4799996 -3.832515 
66.5199996 -3.832515 
66.5599996 -3.832515 
66.5999996 -3.832515 
66.63999959 -3.832515 
66.67999959 -4.00647 
66.71999959 -3.832515 
66.75999959 -3.832515 
66.79999959 -3.832515 
66.83999959 -3.832515 
66.87999959 -3.832515 
66.91999959 -3.832515 
66.95999959 -3.832515 
66.99999959 -3.832515 
67.03999959 -3.832515 
67.07999959 -3.832515 
67.11999959 -3.832515 
67.15999959 -4.00647 
67.19999959 -3.832515 
67.23999959 -3.832515 
67.27999959 -3.832515 
67.31999959 -3.832515 
67.35999959 -3.832515 
67.39999959 -3.832515 
67.43999959 -3.832515 
67.47999959 -3.832515 
67.51999959 -3.832515 
67.55999959 -3.832515 
67.59999959 -3.832515 
67.63999959 -3.832515 
67.67999959 -3.658559 
67.71999959 -3.832515 
67.75999959 -3.832515 
67.79999959 -3.832515 
67.83999959 -3.658559 
67.87999959 -3.832515 
67.91999959 -3.658559 
67.95999959 -3.832515 
67.99999959 -3.658559 
68.03999959 -3.658559 
68.07999959 -3.658559 
68.11999959 -3.658559 
68.15999959 -3.832515 
68.19999959 -3.832515 
68.23999959 -3.658559 
68.27999959 -3.658559 
68.31999958 -3.658559 
68.35999958 -3.658559 
68.39999958 -3.658559 
68.43999958 -3.658559 
68.47999958 -3.658559 
68.51999958 -3.658559 
68.55999958 -3.658559 
68.59999958 -3.658559 
68.63999958 -3.658559 
68.67999958 -3.658559 
68.71999958 -3.658559 
68.75999958 -3.658559 
68.79999958 -3.658559 
68.83999958 -3.658559 
68.87999958 -3.658559 
68.91999958 -3.658559 
68.95999958 -3.658559 
68.99999958 -3.658559 
69.03999958 -3.658559 
69.07999958 -3.658559 
69.11999958 -3.658559 
69.15999958 -3.658559 
69.19999958 -3.658559 
69.23999958 -3.658559 
69.27999958 -3.658559 
69.31999958 -3.658559 
69.35999958 -3.484603 
69.39999958 -3.484603 
69.43999958 -3.658559 
69.47999958 -3.484603 
69.51999958 -3.484603 
69.55999958 -3.658559 
69.59999958 -3.658559 
69.63999958 -3.484603 
69.67999958 -3.484603 
69.71999958 -3.484603 
69.75999958 -3.484603 
69.79999958 -3.484603 
69.83999958 -3.484603 
69.87999958 -3.484603 
69.91999958 -3.484603 
69.95999957 -3.484603 
69.99999957 -3.484603 
70.03999957 -3.484603 
70.07999957 -3.484603 
70.11999957 -3.484603 
70.15999957 -3.484603 
70.19999957 -3.484603 
70.23999957 -3.484603 
70.27999957 -3.484603 
70.31999957 -3.484603 
70.35999957 -3.484603 
70.39999957 -3.484603 
70.43999957 -3.484603 
70.47999957 -3.484603 
70.51999957 -3.484603 
70.55999957 -3.484603 
70.59999957 -3.484603 
70.63999957 -3.484603 
70.67999957 -3.484603 
70.71999957 -3.484603 
70.75999957 -3.484603 
70.79999957 -3.484603 
70.83999957 -3.484603 
70.87999957 -3.484603 
70.91999957 -3.310038 
70.95999957 -3.484603 
70.99999957 -3.484603 
71.03999957 -3.310038 
71.07999957 -3.484603 
71.11999957 -3.484603 
71.15999957 -3.484603 
71.19999957 -3.310038 
71.23999957 -3.310038 
71.27999957 -3.484603 
71.31999957 -3.310038 
71.35999957 -3.310038 
71.39999957 -3.310038 
71.43999957 -3.136082 
71.47999957 -3.310038 
71.51999957 -3.136082 
71.55999957 -3.136082 
71.59999956 -3.310038 
71.63999956 -3.310038 
71.67999956 -3.136082 
71.71999956 -3.136082 
71.75999956 -3.310038 
71.79999956 -3.310038 
71.83999956 -3.310038 
71.87999956 -3.136082 
71.91999956 -3.136082 
71.95999956 -3.136082 
71.99999956 -3.136082 
72.03999956 -3.136082 
72.07999956 -3.136082 
72.11999956 -3.136082 
72.15999956 -3.136082 
72.19999956 -3.136082 
72.23999956 -3.136082 
72.27999956 -3.136082 
72.31999956 -3.136082 
72.35999956 -3.136082 
72.39999956 -3.136082 
72.43999956 -3.136082 
72.47999956 -3.136082 
72.51999956 -3.136082 
72.55999956 -3.136082 
72.59999956 -3.136082 
72.63999956 -3.136082 
72.67999956 -3.136082 
72.71999956 -3.136082 
72.75999956 -3.136082 
72.79999956 -3.136082 
72.83999956 -3.136082 
72.87999956 -3.136082 
72.91999956 -3.136082 
72.95999956 -3.136082 
72.99999956 -3.136082 
73.03999956 -2.962126 
73.07999956 -3.136082 
73.11999956 -3.136082 
73.15999956 -3.136082 
73.19999956 -3.136082 
73.23999955 -3.136082 
73.27999955 -2.962126 
73.31999955 -3.136082 
73.35999955 -3.136082 
73.39999955 -3.136082 
73.43999955 -3.136082 
73.47999955 -2.962126 
73.51999955 -3.136082 
73.55999955 -3.136082 
73.59999955 -2.962126 
73.63999955 -2.962126 
73.67999955 -2.962126 
73.71999955 -2.962126 
73.75999955 -2.962126 
73.79999955 -2.962126 
73.83999955 -2.962126 
73.87999955 -2.962126 
73.91999955 -2.962126 
73.95999955 -2.962126 
73.99999955 -2.962126 
74.03999955 -2.962126 
74.07999955 -2.962126 
74.11999955 -2.962126 
74.15999955 -2.962126 
74.19999955 -2.962126 
74.23999955 -2.962126 
74.27999955 -2.962126 
74.31999955 -2.962126 
74.35999955 -2.962126 
74.39999955 -2.962126 
74.43999955 -2.962126 
74.47999955 -2.788171 
74.51999955 -2.788171 
74.55999955 -2.788171 
74.59999955 -2.788171 
74.63999955 -2.788171 
74.67999955 -2.788171 
74.71999955 -2.788171 
74.75999955 -2.788171 
74.79999955 -2.788171 
74.83999955 -2.788171 
74.87999954 -2.788171 
74.91999954 -2.788171 
74.95999954 -2.788171 
74.99999954 -2.788171 
75.03999954 -2.788171 
75.07999954 -2.788171 
75.11999954 -2.788171 
75.15999954 -2.788171 
75.19999954 -2.788171 
75.23999954 -2.788171 
75.27999954 -2.788171 
75.31999954 -2.788171 
75.35999954 -2.788171 
75.39999954 -2.788171 
75.43999954 -2.788171 
75.47999954 -2.788171 
75.51999954 -2.788171 
75.55999954 -2.788171 
75.59999954 -2.788171 
75.63999954 -2.788171 
75.67999954 -2.788171 
75.71999954 -2.788171 
75.75999954 -2.788171 
75.79999954 -2.788171 
75.83999954 -2.788171 
75.87999954 -2.613605 
75.91999954 -2.788171 
75.95999954 -2.613605 
75.99999954 -2.613605 
76.03999954 -2.613605 
76.07999954 -2.613605 
76.11999954 -2.613605 
76.15999954 -2.43965 
76.19999954 -2.613605 
76.23999954 -2.788171 
76.27999954 -2.613605 
76.31999954 -2.43965 
76.35999954 -2.613605 
76.39999954 -2.613605 
76.43999954 -2.613605 
76.47999954 -2.613605 
76.51999953 -2.613605 
76.55999953 -2.613605 
76.59999953 -2.613605 
76.63999953 -2.613605 
76.67999953 -2.43965 
76.71999953 -2.613605 
76.75999953 -2.613605 
76.79999953 -2.43965 
76.83999953 -2.43965 
76.87999953 -2.613605 
76.91999953 -2.613605 
76.95999953 -2.613605 
76.99999953 -2.43965 
77.03999953 -2.43965 
77.07999953 -2.613605 
77.11999953 -2.43965 
77.15999953 -2.613605 
77.19999953 -2.43965 
77.23999953 -2.43965 
77.27999953 -2.43965 
77.31999953 -2.43965 
77.35999953 -2.43965 
77.39999953 -2.43965 
77.43999953 -2.43965 
77.47999953 -2.43965 
77.51999953 -2.43965 
77.55999953 -2.265694 
77.59999953 -2.43965 
77.63999953 -2.43965 
77.67999953 -2.265694 
77.71999953 -2.43965 
77.75999953 -2.265694 
77.79999953 -2.43965 
77.83999953 -2.265694 
77.87999953 -2.265694 
77.91999953 -2.265694 
77.95999953 -2.265694 
77.99999953 -2.265694 
78.03999953 -2.265694 
78.07999953 -2.265694 
78.11999953 -2.265694 
78.15999952 -2.265694 
78.19999952 -2.265694 
78.23999952 -2.265694 
78.27999952 -2.265694 
78.31999952 -2.265694 
78.35999952 -2.265694 
78.39999952 -2.265694 
78.43999952 -2.265694 
78.47999952 -2.265694 
78.51999952 -2.265694 
78.55999952 -2.265694 
78.59999952 -2.265694 
78.63999952 -2.091739 
78.67999952 -2.265694 
78.71999952 -2.265694 
78.75999952 -2.091739 
78.79999952 -2.091739 
78.83999952 -2.265694 
78.87999952 -2.091739 
78.91999952 -2.265694 
78.95999952 -2.091739 
78.99999952 -2.091739 
79.03999952 -2.091739 
79.07999952 -2.091739 
79.11999952 -2.091739 
79.15999952 -2.091739 
79.19999952 -2.091739 
79.23999952 -2.091739 
79.27999952 -2.091739 
79.31999952 -2.091739 
79.35999952 -2.091739 
79.39999952 -2.091739 
79.43999952 -2.091739 
79.47999952 -2.091739 
79.51999952 -2.091739 
79.55999952 -2.091739 
79.59999952 -2.091739 
79.63999952 -2.091739 
79.67999952 -2.091739 
79.71999952 -2.091739 
79.75999952 -2.091739 
79.79999952 -1.917173 
79.83999951 -2.091739 
79.87999951 -2.091739 
79.91999951 -1.917173 
79.95999951 -2.091739 
79.99999951 -2.091739 
80.03999951 -2.091739 
80.07999951 -2.091739 
80.11999951 -1.917173 
80.15999951 -1.917173 
80.19999951 -1.917173 
80.23999951 -1.917173 
80.27999951 -1.917173 
80.31999951 -1.917173 
80.35999951 -1.743217 
80.39999951 -1.917173 
80.43999951 -1.917173 
80.47999951 -1.743217 
80.51999951 -1.743217 
80.55999951 -1.917173 
80.59999951 -1.743217 
80.63999951 -1.743217 
80.67999951 -1.917173 
80.71999951 -1.917173 
80.75999951 -1.743217 
80.79999951 -1.743217 
80.83999951 -1.917173 
80.87999951 -1.743217 
80.91999951 -1.743217 
80.95999951 -1.743217 
80.99999951 -1.743217 
81.03999951 -1.743217 
81.07999951 -1.743217 
81.11999951 -1.743217 
81.15999951 -1.743217 
81.19999951 -1.743217 
81.23999951 -1.743217 
81.27999951 -1.743217 
81.31999951 -1.743217 
81.35999951 -1.743217 
81.39999951 -1.743217 
81.43999951 -1.743217 
81.4799995 -1.743217 
81.5199995 -1.743217 
81.5599995 -1.743217 
81.5999995 -1.743217 
81.6399995 -1.743217 
81.6799995 -1.743217 
81.7199995 -1.743217 
81.7599995 -1.743217 
81.7999995 -1.743217 
81.8399995 -1.743217 
81.8799995 -1.743217 
81.9199995 -1.743217 
81.9599995 -1.743217 
81.9999995 -1.743217 
82.0399995 -1.569262 
82.0799995 -1.569262 
82.1199995 -1.569262 
82.1599995 -1.569262 
82.1999995 -1.743217 
82.2399995 -1.743217 
82.2799995 -1.743217 
82.3199995 -1.743217 
82.3599995 -1.569262 
82.3999995 -1.569262 
82.4399995 -1.569262 
82.4799995 -1.569262 
82.5199995 -1.569262 
82.5599995 -1.569262 
82.5999995 -1.743217 
82.6399995 -1.569262 
82.6799995 -1.569262 
82.7199995 -1.569262 
82.7599995 -1.569262 
82.7999995 -1.569262 
82.8399995 -1.569262 
82.8799995 -1.569262 
82.9199995 -1.569262 
82.9599995 -1.569262 
82.9999995 -1.569262 
83.0399995 -1.569262 
83.0799995 -1.569262 
83.11999949 -1.569262 
83.15999949 -1.395306 
83.19999949 -1.569262 
83.23999949 -1.569262 
83.27999949 -1.395306 
83.31999949 -1.569262 
83.35999949 -1.569262 
83.39999949 -1.395306 
83.43999949 -1.395306 
83.47999949 -1.395306 
83.51999949 -1.395306 
83.55999949 -1.569262 
83.59999949 -1.395306 
83.63999949 -1.395306 
83.67999949 -1.395306 
83.71999949 -1.395306 
83.75999949 -1.395306 
83.79999949 -1.395306 
83.83999949 -1.395306 
83.87999949 -1.395306 
83.91999949 -1.395306 
83.95999949 -1.395306 
83.99999949 -1.395306 
84.03999949 -1.395306 
84.07999949 -1.395306 
84.11999949 -1.395306 
84.15999949 -1.395306 
84.19999949 -1.395306 
84.23999949 -1.395306 
84.27999949 -1.395306 
84.31999949 -1.395306 
84.35999949 -1.395306 
84.39999949 -1.395306 
84.43999949 -1.395306 
84.47999949 -1.395306 
84.51999949 -1.22074 
84.55999949 -1.395306 
84.59999949 -1.395306 
84.63999949 -1.395306 
84.67999949 -1.395306 
84.71999949 -1.22074 
84.75999948 -1.22074 
84.79999948 -1.395306 
84.83999948 -1.395306 
84.87999948 -1.046785 
84.91999948 -1.22074 
84.95999948 -1.22074 
84.99999948 -1.22074 
85.03999948 -1.22074 
85.07999948 -1.046785 
85.11999948 -1.22074 
85.15999948 -1.22074 
85.19999948 -1.22074 
85.23999948 -1.22074 
85.27999948 -1.22074 
85.31999948 -1.22074 
85.35999948 -1.22074 
85.39999948 -1.046785 
85.43999948 -1.22074 
85.47999948 -1.22074 
85.51999948 -1.22074 
85.55999948 -1.22074 
85.59999948 -1.22074 
85.63999948 -1.046785 
85.67999948 -1.22074 
85.71999948 -1.046785 
85.75999948 -1.22074 
85.79999948 -1.046785 
85.83999948 -1.046785 
85.87999948 -1.22074 
85.91999948 -1.22074 
85.95999948 -1.046785 
85.99999948 -1.046785 
86.03999948 -1.046785 
86.07999948 -1.046785 
86.11999948 -1.046785 
86.15999948 -0.8728294 
86.19999948 -0.8728294 
86.23999948 -1.046785 
86.27999948 -1.046785 
86.31999948 -1.046785 
86.35999948 -1.046785 
86.39999947 -0.8728294 
86.43999947 -0.8728294 
86.47999947 -0.8728294 
86.51999947 -0.8728294 
86.55999947 -0.8728294 
86.59999947 -0.8728294 
86.63999947 -0.8728294 
86.67999947 -0.8728294 
86.71999947 -0.8728294 
86.75999947 -0.8728294 
86.79999947 -0.8728294 
86.83999947 -0.8728294 
86.87999947 -0.8728294 
86.91999947 -0.8728294 
86.95999947 -0.8728294 
86.99999947 -0.8728294 
87.03999947 -0.8728294 
87.07999947 -0.8728294 
87.11999947 -0.8728294 
87.15999947 -0.8728294 
87.19999947 -0.8728294 
87.23999947 -0.8728294 
87.27999947 -0.8728294 
87.31999947 -0.8728294 
87.35999947 -0.8728294 
87.39999947 -0.8728294 
87.43999947 -0.6988739 
87.47999947 -0.8728294 
87.51999947 -0.6988739 
87.55999947 -0.8728294 
87.59999947 -0.6988739 
87.63999947 -0.6988739 
87.67999947 -0.6988739 
87.71999947 -0.6988739 
87.75999947 -0.6988739 
87.79999947 -0.6988739 
87.83999947 -0.6988739 
87.87999947 -0.6988739 
87.91999947 -0.6988739 
87.95999947 -0.6988739 
87.99999947 -0.6988739 
88.03999946 -0.6988739 
88.07999946 -0.6988739 
88.11999946 -0.6988739 
88.15999946 -0.6988739 
88.19999946 -0.6988739 
88.23999946 -0.6988739 
88.27999946 -0.6988739 
88.31999946 -0.6988739 
88.35999946 -0.6988739 
88.39999946 -0.6988739 
88.43999946 -0.6988739 
88.47999946 -0.6988739 
88.51999946 -0.6988739 
88.55999946 -0.6988739 
88.59999946 -0.6988739 
88.63999946 -0.6988739 
88.67999946 -0.524308 
88.71999946 -0.6988739 
88.75999946 -0.524308 
88.79999946 -0.3503525 
88.83999946 -0.524308 
88.87999946 -0.524308 
88.91999946 -0.524308 
88.95999946 -0.524308 
88.99999946 -0.3503525 
89.03999946 -0.3503525 
89.07999946 -0.524308 
89.11999946 -0.524308 
89.15999946 -0.524308 
89.19999946 -0.3503525 
89.23999946 -0.3503525 
89.27999946 -0.3503525 
89.31999946 -0.3503525 
89.35999946 -0.3503525 
89.39999946 -0.3503525 
89.43999946 -0.3503525 
89.47999946 -0.3503525 
89.51999946 -0.3503525 
89.55999946 -0.3503525 
89.59999946 -0.3503525 
89.63999946 -0.3503525 
89.67999945 -0.3503525 
89.71999945 -0.3503525 
89.75999945 -0.3503525 
89.79999945 -0.3503525 
89.83999945 -0.3503525 
89.87999945 -0.3503525 
89.91999945 -0.3503525 
89.95999945 -0.3503525 
89.99999945 -0.3503525 
90.03999945 -0.3503525 
90.07999945 -0.3503525 
90.11999945 -0.3503525 
90.15999945 -0.3503525 
90.31999945 -0.3503525 
90.35999945 -0.3503525 
90.43999945 -0.3503525 
90.67999945 -0.3503525 
0 0 
