0.0 -0.4989776 
0.04 -0.4989776 
0.08 -0.4989776 
0.12 -0.4989776 
0.16 -0.941496 
0.2 -0.4989776 
0.24 -0.4989776 
0.28 -0.4989776 
0.32 -0.4989776 
0.36 -0.4989776 
0.4 -0.941496 
0.44 -0.941496 
0.48 -0.941496 
0.52 -0.941496 
0.56 -0.4989776 
0.6 -0.4989776 
0.64 -0.941496 
0.68 -0.4989776 
0.72 -0.4989776 
0.76 -0.941496 
0.8 -0.941496 
0.83999999 -0.4989776 
0.87999999 -0.941496 
0.91999999 -0.4989776 
0.95999999 -0.4989776 
0.99999999 -0.941496 
1.03999999 -0.4989776 
1.07999999 -0.941496 
1.11999999 -0.941496 
1.15999999 -0.941496 
1.19999999 -0.941496 
1.23999999 -0.941496 
1.27999999 -0.941496 
1.31999999 -0.941496 
1.35999999 -0.941496 
1.39999999 -0.941496 
1.43999999 -0.941496 
1.47999999 -0.941496 
1.51999999 -0.941496 
1.55999999 -0.4989776 
1.59999999 -0.941496 
1.63999999 -0.941496 
1.67999999 -0.941496 
1.71999999 -0.941496 
1.75999999 -0.941496 
1.79999999 -0.4989776 
1.83999999 -0.941496 
1.87999999 -0.4989776 
1.91999999 -0.4989776 
1.95999999 -0.941496 
1.99999999 -0.941496 
2.03999999 -0.4989776 
2.07999999 -0.4989776 
2.11999999 -0.4989776 
2.15999999 -0.4989776 
2.19999999 -0.4989776 
2.23999999 -0.4989776 
2.27999999 -0.4989776 
2.35999999 -0.4989776 
2.43999999 -0.4989776 
6.87999996 -0.4989776 
6.99999996 -0.4989776 
7.35999996 -0.4989776 
7.39999996 -0.941496 
7.67999995 -0.941496 
10.43999994 -0.4989776 
10.47999994 -0.4989776 
10.63999994 -0.4989776 
10.67999994 -0.4989776 
10.75999993 -0.4989776 
10.79999993 -0.4989776 
10.83999993 -0.4989776 
10.87999993 -0.4989776 
10.91999993 -0.4989776 
10.95999993 -0.4989776 
10.99999993 -0.4989776 
11.07999993 -0.4989776 
11.11999993 -0.4989776 
11.15999993 -0.4989776 
11.19999993 -0.4989776 
11.23999993 -0.4989776 
11.27999993 -0.4989776 
11.31999993 -0.4989776 
11.35999993 -0.941496 
11.39999993 -0.4989776 
11.43999993 -0.4989776 
11.47999993 -0.4989776 
11.51999993 -0.4989776 
11.55999993 -0.4989776 
11.59999993 -0.4989776 
11.63999993 -0.4989776 
11.67999993 -0.4989776 
11.71999993 -0.941496 
11.75999993 -0.4989776 
11.79999993 -0.941496 
11.83999993 -0.941496 
11.87999993 -0.4989776 
11.91999993 -0.4989776 
11.95999993 -0.4989776 
11.99999993 -0.4989776 
12.03999993 -0.4989776 
12.07999993 -0.4989776 
12.11999993 -0.4989776 
12.15999993 -0.4989776 
12.19999993 -0.941496 
12.23999993 -0.4989776 
12.27999993 -0.4989776 
12.31999993 -0.4989776 
12.35999992 -0.4989776 
12.39999992 -0.4989776 
12.43999992 -0.4989776 
12.47999992 -0.4989776 
12.51999992 -0.4989776 
12.55999992 -0.4989776 
12.59999992 -0.4989776 
12.63999992 -0.4989776 
12.67999992 -0.4989776 
12.71999992 -0.941496 
12.75999992 -0.4989776 
12.79999992 -0.4989776 
12.83999992 -0.4989776 
12.87999992 -0.4989776 
12.91999992 -0.4989776 
22.55999986 -0.4989776 
22.67999986 -0.4989776 
22.71999986 -0.4989776 
22.75999986 -0.4989776 
22.79999986 -0.4989776 
22.83999986 -0.4989776 
22.87999986 -0.4989776 
22.91999986 -0.4989776 
22.95999986 -0.4989776 
22.99999986 -0.4989776 
23.03999986 -0.4989776 
23.07999986 -0.4989776 
23.11999986 -0.4989776 
23.15999986 -0.4989776 
23.19999986 -0.4989776 
23.23999986 -0.4989776 
23.27999986 -0.4989776 
23.31999986 -0.4989776 
23.35999986 -0.4989776 
23.39999986 -0.4989776 
23.43999986 -0.4989776 
23.47999986 -0.4989776 
23.51999986 -0.941496 
23.55999986 -0.941496 
23.59999986 -0.4989776 
23.63999986 -0.4989776 
23.67999986 -0.4989776 
23.71999986 -0.4989776 
23.75999986 -0.4989776 
23.79999986 -0.4989776 
23.83999986 -0.4989776 
23.87999985 -0.4989776 
23.91999985 -0.4989776 
23.99999985 -0.4989776 
24.03999985 -0.4989776 
24.07999985 -0.4989776 
33.5199998 -0.4989776 
33.5599998 -0.4989776 
33.5999998 -0.4989776 
33.6399998 -0.4989776 
33.6799998 -0.941496 
33.7199998 -0.941496 
33.75999979 -0.4989776 
33.79999979 -0.941496 
33.83999979 -0.941496 
33.87999979 -0.941496 
33.91999979 -0.941496 
33.95999979 -0.941496 
33.99999979 -0.941496 
34.03999979 -0.941496 
34.07999979 -0.941496 
34.11999979 -1.382488 
34.15999979 -1.825007 
34.19999979 -1.382488 
34.23999979 -1.382488 
34.27999979 -1.825007 
34.31999979 -1.825007 
34.35999979 -0.941496 
34.39999979 -1.382488 
34.43999979 -1.825007 
34.47999979 -1.825007 
34.51999979 -1.825007 
34.55999979 -1.825007 
34.59999979 -1.825007 
34.63999979 -1.825007 
34.67999979 -1.825007 
34.71999979 -1.825007 
34.75999979 -1.825007 
34.79999979 -1.825007 
34.83999979 -1.825007 
34.87999979 -1.825007 
34.91999979 -2.267525 
34.95999979 -1.825007 
34.99999979 -1.825007 
35.03999979 -1.825007 
35.07999979 -1.825007 
35.11999979 -1.825007 
35.15999979 -1.825007 
35.19999979 -1.825007 
35.23999979 -1.825007 
35.27999979 -3.151036 
35.31999979 -1.825007 
35.35999979 -0.941496 
35.39999978 -2.267525 
35.43999978 -2.267525 
35.47999978 -1.825007 
35.51999978 -1.825007 
35.55999978 -1.825007 
35.59999978 -0.941496 
35.63999978 -0.941496 
35.67999978 -0.941496 
35.71999978 -0.4989776 
35.75999978 -1.825007 
35.79999978 -2.267525 
35.83999978 -0.4989776 
35.91999978 -0.941496 
35.95999978 -0.941496 
35.99999978 -0.4989776 
36.03999978 -0.941496 
36.07999978 -1.825007 
36.11999978 -0.4989776 
36.19999978 -0.4989776 
36.23999978 -0.941496 
36.27999978 -0.4989776 
36.31999978 -0.4989776 
36.43999978 -0.4989776 
36.47999978 -0.4989776 
36.55999978 -0.4989776 
40.19999976 -0.941496 
40.23999976 -0.4989776 
45.83999972 -0.4989776 
45.95999972 -0.4989776 
45.99999972 -0.4989776 
46.07999972 -0.4989776 
46.11999972 -0.941496 
46.15999972 -0.4989776 
46.19999972 -0.4989776 
46.23999972 -0.4989776 
46.27999972 -0.4989776 
46.31999972 -0.4989776 
46.35999972 -0.4989776 
46.39999972 -0.4989776 
46.43999972 -0.4989776 
46.47999972 -0.4989776 
46.51999972 -0.4989776 
46.55999972 -0.4989776 
46.59999972 -0.4989776 
46.63999972 -0.4989776 
46.67999972 -0.4989776 
46.71999972 -0.4989776 
46.75999972 -0.4989776 
46.79999972 -0.4989776 
46.83999972 -0.4989776 
46.87999972 -0.4989776 
46.95999971 -0.4989776 
46.99999971 -0.4989776 
47.03999971 -0.4989776 
50.99999969 -0.4989776 
51.03999969 -0.4989776 
51.07999969 -0.4989776 
51.11999969 -0.4989776 
51.15999969 -0.4989776 
51.23999969 -0.4989776 
51.31999969 -0.4989776 
51.35999969 -0.4989776 
51.39999969 -0.4989776 
51.43999969 -0.4989776 
51.47999969 -0.4989776 
51.51999969 -0.4989776 
51.55999969 -0.4989776 
51.63999969 -0.4989776 
51.67999969 -0.4989776 
55.91999966 -0.4989776 
56.07999966 -0.4989776 
56.11999966 -0.4989776 
56.23999966 -0.4989776 
56.27999966 -0.4989776 
56.31999966 -0.4989776 
56.35999966 -0.4989776 
56.39999966 -0.4989776 
56.43999966 -0.4989776 
56.47999966 -0.4989776 
56.51999966 -0.941496 
56.55999966 -0.941496 
56.59999966 -0.941496 
56.63999966 -0.941496 
56.67999966 -0.941496 
56.71999966 -0.941496 
56.75999966 -0.4989776 
56.79999965 -0.941496 
56.83999965 -0.941496 
56.87999965 -0.941496 
56.91999965 -0.941496 
56.95999965 -0.4989776 
56.99999965 -0.941496 
57.03999965 -0.4989776 
57.07999965 -0.4989776 
57.11999965 -0.941496 
57.15999965 -0.4989776 
57.19999965 -0.4989776 
57.23999965 -0.4989776 
57.27999965 -0.4989776 
57.31999965 -0.4989776 
57.35999965 -0.4989776 
57.39999965 -0.4989776 
57.43999965 -0.4989776 
57.47999965 -0.4989776 
57.51999965 -0.4989776 
57.55999965 -0.4989776 
57.67999965 -0.4989776 
57.71999965 -0.4989776 
57.83999965 -0.4989776 
60.31999963 -0.4989776 
60.43999963 -0.4989776 
60.55999963 -0.4989776 
60.71999963 -0.4989776 
60.75999963 -0.4989776 
60.79999963 -0.4989776 
60.83999963 -0.4989776 
60.87999963 -0.4989776 
60.91999963 -0.4989776 
60.99999963 -0.4989776 
61.03999963 -0.4989776 
61.07999963 -0.4989776 
61.11999963 -0.4989776 
61.15999963 -0.941496 
61.19999963 -0.4989776 
61.23999963 -0.4989776 
61.27999963 -0.4989776 
61.31999963 -0.941496 
61.35999963 -0.941496 
61.39999963 -0.941496 
61.43999963 -0.941496 
61.47999963 -0.941496 
61.51999963 -0.941496 
61.55999963 -0.4989776 
61.59999963 -0.941496 
61.63999963 -0.941496 
61.67999963 -0.941496 
61.71999962 -0.941496 
61.75999962 -0.941496 
61.79999962 -0.941496 
61.83999962 -0.941496 
61.87999962 -0.941496 
61.91999962 -0.941496 
61.95999962 -0.941496 
61.99999962 -0.941496 
62.03999962 -0.941496 
62.07999962 -0.941496 
62.11999962 -0.941496 
62.15999962 -0.941496 
62.19999962 -0.941496 
62.23999962 -0.941496 
62.27999962 -0.941496 
62.31999962 -0.941496 
62.35999962 -0.941496 
62.39999962 -0.941496 
62.43999962 -0.941496 
62.47999962 -0.941496 
62.51999962 -0.941496 
62.55999962 -0.941496 
62.59999962 -0.941496 
62.63999962 -0.941496 
62.67999962 -0.941496 
62.71999962 -0.941496 
62.75999962 -0.941496 
62.79999962 -0.941496 
62.83999962 -0.941496 
62.87999962 -0.4989776 
62.91999962 -0.941496 
62.95999962 -0.4989776 
62.99999962 -0.4989776 
63.03999962 -0.941496 
63.07999962 -0.4989776 
63.11999962 -0.4989776 
63.15999962 -0.4989776 
63.19999962 -0.4989776 
63.23999962 -0.4989776 
63.27999962 -1.825007 
63.39999961 -0.4989776 
63.43999961 -0.941496 
63.55999961 -0.4989776 
63.79999961 -0.941496 
72.51999956 -0.4989776 
72.55999956 -0.4989776 
72.59999956 -0.4989776 
72.63999956 -0.4989776 
72.67999956 -0.4989776 
72.71999956 -0.4989776 
72.75999956 -0.4989776 
72.79999956 -0.4989776 
72.83999956 -0.4989776 
72.87999956 -0.4989776 
72.91999956 -0.4989776 
72.95999956 -0.4989776 
72.99999956 -0.4989776 
73.03999956 -0.4989776 
73.07999956 -0.4989776 
73.11999956 -0.4989776 
73.15999956 -0.4989776 
73.19999956 -0.4989776 
73.23999955 -0.941496 
73.27999955 -0.4989776 
73.31999955 -0.4989776 
73.35999955 -0.4989776 
73.39999955 -0.941496 
73.43999955 -0.4989776 
73.47999955 -0.4989776 
73.51999955 -0.941496 
73.55999955 -0.4989776 
73.59999955 -0.4989776 
73.63999955 -0.4989776 
73.67999955 -0.4989776 
73.71999955 -0.4989776 
73.75999955 -0.4989776 
73.79999955 -0.4989776 
73.83999955 -0.4989776 
73.87999955 -0.4989776 
73.91999955 -0.4989776 
73.95999955 -0.4989776 
73.99999955 -0.4989776 
74.07999955 -0.4989776 
74.11999955 -0.4989776 
74.23999955 -0.4989776 
74.27999955 -0.4989776 
82.6799995 -0.4989776 
82.7199995 -0.4989776 
82.7599995 -0.4989776 
82.7999995 -0.4989776 
82.8399995 -0.4989776 
82.8799995 -0.4989776 
82.9199995 -0.4989776 
82.9599995 -0.941496 
82.9999995 -0.941496 
83.0399995 -0.941496 
83.0799995 -0.941496 
83.11999949 -0.941496 
83.15999949 -0.941496 
83.19999949 -0.941496 
83.23999949 -0.941496 
83.27999949 -0.941496 
83.31999949 -0.941496 
83.35999949 -0.941496 
83.39999949 -1.382488 
83.43999949 -1.382488 
83.47999949 -0.941496 
83.51999949 -1.382488 
83.55999949 -1.825007 
83.59999949 -1.825007 
83.63999949 -1.825007 
83.67999949 -1.382488 
83.71999949 -1.825007 
83.75999949 -1.825007 
83.79999949 -1.825007 
83.83999949 -1.825007 
83.87999949 -1.382488 
83.91999949 -1.825007 
83.95999949 -1.825007 
83.99999949 -1.825007 
84.03999949 -1.825007 
84.07999949 -1.825007 
84.11999949 -1.825007 
84.15999949 -1.825007 
84.19999949 -1.382488 
84.23999949 -1.825007 
84.27999949 -1.825007 
84.31999949 -1.382488 
84.35999949 -1.825007 
84.39999949 -1.825007 
84.43999949 -1.825007 
84.47999949 -1.825007 
84.51999949 -1.825007 
84.55999949 -1.825007 
84.59999949 -1.825007 
84.63999949 -1.382488 
84.67999949 -1.825007 
84.71999949 -1.825007 
84.75999948 -1.825007 
84.79999948 -1.382488 
84.83999948 -1.382488 
84.87999948 -1.382488 
84.91999948 -0.941496 
84.95999948 -1.382488 
84.99999948 -0.941496 
85.03999948 -0.941496 
85.07999948 -0.941496 
85.11999948 -0.941496 
85.15999948 -0.941496 
85.19999948 -0.941496 
85.23999948 -0.941496 
85.27999948 -0.941496 
85.31999948 -0.941496 
85.35999948 -0.941496 
85.39999948 -0.4989776 
85.43999948 -0.4989776 
85.47999948 -0.4989776 
85.51999948 -0.4989776 
85.55999948 -0.4989776 
85.59999948 -0.4989776 
85.63999948 -0.4989776 
85.67999948 -0.4989776 
94.95999942 -0.4989776 
95.03999942 -0.4989776 
95.07999942 -0.4989776 
95.11999942 -0.4989776 
95.15999942 -0.4989776 
95.19999942 -0.4989776 
95.23999942 -0.4989776 
95.27999942 -0.4989776 
95.31999942 -0.4989776 
95.35999942 -0.4989776 
95.39999942 -0.941496 
95.43999942 -0.941496 
95.47999942 -0.941496 
95.51999942 -0.941496 
95.55999942 -0.941496 
95.59999942 -0.941496 
95.63999942 -0.941496 
95.67999942 -0.941496 
95.71999942 -0.941496 
95.75999942 -0.941496 
95.79999942 -0.941496 
95.83999942 -0.941496 
95.87999942 -0.941496 
95.91999942 -0.941496 
95.95999942 -0.941496 
95.99999942 -0.941496 
96.03999942 -0.941496 
96.07999942 -0.941496 
96.11999942 -0.941496 
96.15999942 -0.941496 
96.19999942 -0.941496 
96.23999942 -0.941496 
96.27999941 -0.941496 
96.31999941 -0.941496 
96.35999941 -0.941496 
96.39999941 -0.941496 
96.43999941 -0.941496 
96.47999941 -0.941496 
96.51999941 -0.941496 
96.55999941 -0.4989776 
96.59999941 -0.941496 
96.63999941 -0.941496 
96.67999941 -0.941496 
96.71999941 -0.4989776 
96.75999941 -0.4989776 
96.79999941 -0.4989776 
96.83999941 -0.4989776 
96.87999941 -0.4989776 
96.91999941 -0.4989776 
96.95999941 -0.4989776 
96.99999941 -0.4989776 
97.03999941 -0.4989776 
97.07999941 -0.4989776 
97.11999941 -0.4989776 
97.15999941 -0.4989776 
97.19999941 -0.4989776 
100.15999939 -0.4989776 
100.43999939 -0.4989776 
100.47999939 -0.4989776 
110.31999933 -0.4989776 
110.35999933 -0.4989776 
110.51999933 -0.4989776 
110.55999933 -0.4989776 
110.59999933 -0.4989776 
110.63999933 -0.941496 
110.67999933 -0.4989776 
110.71999933 -0.4989776 
110.75999933 -0.4989776 
110.79999933 -0.941496 
110.83999933 -0.941496 
110.87999933 -0.941496 
110.91999933 -0.941496 
110.95999933 -0.4989776 
110.99999933 -0.4989776 
111.03999933 -0.4989776 
111.07999932 -0.941496 
111.11999932 -0.941496 
111.15999932 -0.941496 
111.19999932 -0.941496 
111.23999932 -0.941496 
111.27999932 -0.941496 
111.31999932 -0.941496 
111.35999932 -0.941496 
111.39999932 -0.941496 
111.43999932 -0.941496 
111.47999932 -0.941496 
111.51999932 -0.941496 
111.55999932 -0.941496 
111.59999932 -0.941496 
111.63999932 -0.941496 
111.67999932 -0.941496 
111.71999932 -0.941496 
111.75999932 -0.941496 
111.79999932 -0.941496 
111.83999932 -0.941496 
111.87999932 -0.941496 
111.91999932 -0.941496 
111.95999932 -0.941496 
111.99999932 -0.941496 
112.03999932 -0.941496 
112.07999932 -0.941496 
112.11999932 -0.941496 
112.15999932 -0.941496 
112.19999932 -0.941496 
112.23999932 -0.941496 
112.27999932 -0.941496 
112.31999932 -0.941496 
112.35999932 -0.941496 
112.39999932 -0.941496 
112.43999932 -0.941496 
112.47999932 -0.941496 
112.51999932 -0.941496 
112.55999932 -0.941496 
112.59999932 -0.941496 
112.63999932 -0.941496 
112.67999932 -0.941496 
112.71999931 -0.941496 
112.75999931 -0.4989776 
112.79999931 -0.4989776 
112.83999931 -0.941496 
112.87999931 -0.941496 
112.91999931 -0.941496 
112.95999931 -0.941496 
112.99999931 -0.4989776 
113.03999931 -0.4989776 
113.07999931 -0.941496 
113.11999931 -0.941496 
113.15999931 -0.4989776 
113.19999931 -0.4989776 
113.23999931 -0.4989776 
113.27999931 -0.4989776 
113.35999931 -0.4989776 
113.39999931 -0.4989776 
113.47999931 -0.4989776 
120.79999927 -0.4989776 
120.95999926 -0.4989776 
121.03999926 -0.4989776 
121.07999926 -0.4989776 
121.11999926 -0.4989776 
121.15999926 -0.941496 
121.19999926 -0.4989776 
121.23999926 -0.4989776 
121.27999926 -0.941496 
121.31999926 -0.941496 
121.35999926 -0.941496 
121.39999926 -0.941496 
121.43999926 -0.941496 
121.47999926 -0.941496 
121.51999926 -0.941496 
121.55999926 -0.941496 
121.59999926 -0.941496 
121.63999926 -0.941496 
121.67999926 -0.941496 
121.71999926 -0.941496 
121.75999926 -0.941496 
121.79999926 -1.382488 
121.83999926 -0.941496 
121.87999926 -1.382488 
121.91999926 -1.382488 
121.95999926 -1.382488 
121.99999926 -1.382488 
122.03999926 -1.382488 
122.07999926 -1.382488 
122.11999926 -1.382488 
122.15999926 -1.825007 
122.19999926 -1.382488 
122.23999926 -0.941496 
122.27999926 -1.382488 
122.31999926 -1.382488 
122.35999926 -1.825007 
122.39999926 -0.941496 
122.43999926 -1.382488 
122.47999926 -1.825007 
122.51999926 -1.382488 
122.55999926 -1.382488 
122.59999925 -0.941496 
122.63999925 -1.825007 
122.67999925 -0.941496 
122.71999925 -1.382488 
122.75999925 -1.825007 
122.79999925 -0.941496 
122.83999925 -0.941496 
122.87999925 -0.941496 
122.91999925 -0.941496 
122.95999925 -0.941496 
122.99999925 -0.941496 
123.03999925 -0.941496 
123.07999925 -0.941496 
123.11999925 -0.941496 
123.15999925 -0.941496 
123.19999925 -0.941496 
123.23999925 -0.941496 
123.27999925 -0.4989776 
123.31999925 -0.941496 
123.35999925 -0.4989776 
123.39999925 -0.4989776 
123.43999925 -0.4989776 
123.47999925 -0.4989776 
123.51999925 -0.4989776 
123.55999925 -0.4989776 
132.79999919 -0.4989776 
132.83999919 -0.4989776 
132.87999919 -0.4989776 
132.91999919 -0.4989776 
132.95999919 -0.4989776 
132.99999919 -0.4989776 
133.03999919 -0.4989776 
133.07999919 -0.4989776 
133.11999919 -0.941496 
133.15999919 -0.4989776 
133.19999919 -0.4989776 
133.23999919 -0.941496 
133.27999919 -0.941496 
133.31999919 -0.941496 
133.35999919 -0.941496 
133.39999919 -0.941496 
133.43999919 -0.941496 
133.47999919 -0.941496 
133.51999919 -0.941496 
133.55999919 -0.941496 
133.59999919 -0.941496 
133.63999919 -0.941496 
133.67999919 -0.941496 
133.71999919 -0.941496 
133.75999919 -0.941496 
133.79999919 -0.941496 
133.83999919 -0.941496 
133.87999919 -0.941496 
133.91999919 -0.941496 
133.95999919 -0.941496 
133.99999919 -0.941496 
134.03999919 -0.941496 
134.07999919 -0.941496 
134.11999918 -0.941496 
134.15999918 -0.941496 
134.19999918 -0.941496 
134.23999918 -0.941496 
134.27999918 -0.941496 
134.31999918 -0.941496 
134.35999918 -0.941496 
134.39999918 -0.941496 
134.43999918 -0.941496 
134.47999918 -0.941496 
134.51999918 -0.941496 
134.55999918 -0.941496 
134.59999918 -0.941496 
134.63999918 -0.941496 
134.67999918 -0.4989776 
134.71999918 -0.4989776 
134.75999918 -0.4989776 
134.79999918 -0.4989776 
134.83999918 -0.941496 
134.87999918 -0.4989776 
134.91999918 -0.4989776 
134.95999918 -0.4989776 
134.99999918 -0.4989776 
135.03999918 -0.4989776 
135.07999918 -0.4989776 
135.15999918 -0.4989776 
137.91999916 -0.4989776 
137.95999916 -0.4989776 
137.99999916 -0.4989776 
138.11999916 -0.4989776 
138.15999916 -0.4989776 
138.19999916 -0.4989776 
138.23999916 -0.4989776 
138.27999916 -0.4989776 
138.31999916 -0.4989776 
138.35999916 -0.4989776 
138.39999916 -0.4989776 
138.43999916 -0.4989776 
138.47999916 -0.4989776 
138.55999916 -0.4989776 
138.59999916 -0.4989776 
138.63999916 -0.4989776 
138.67999916 -0.4989776 
138.71999916 -0.4989776 
138.79999916 -0.4989776 
138.87999916 -0.4989776 
138.95999916 -0.4989776 
138.99999916 -0.4989776 
139.15999915 -0.4989776 
139.63999915 -0.4989776 
143.43999913 -0.4989776 
143.59999913 -0.4989776 
143.67999913 -0.4989776 
143.71999913 -0.4989776 
143.75999913 -0.4989776 
143.79999913 -0.4989776 
143.83999913 -0.4989776 
143.87999913 -0.4989776 
143.91999913 -0.4989776 
143.95999913 -0.4989776 
143.99999912 -0.941496 
144.03999912 -0.4989776 
144.07999912 -0.941496 
144.11999912 -0.4989776 
144.15999912 -0.941496 
144.19999912 -0.4989776 
144.23999912 -0.941496 
144.27999912 -0.941496 
144.31999912 -0.941496 
144.35999912 -0.941496 
144.39999912 -0.941496 
144.43999912 -0.941496 
144.47999912 -0.941496 
144.51999912 -0.941496 
144.55999912 -1.382488 
144.59999912 -1.382488 
144.67999912 -0.941496 
144.71999912 -1.825007 
144.75999912 -0.4989776 
144.79999912 -0.941496 
144.83999912 -0.941496 
144.87999912 -0.941496 
144.91999912 -0.941496 
144.95999912 -0.941496 
144.99999912 -0.941496 
145.03999912 -0.941496 
145.07999912 -0.941496 
145.11999912 -0.941496 
145.15999912 -0.941496 
145.19999912 -0.941496 
145.23999912 -0.941496 
145.27999912 -0.941496 
145.31999912 -0.941496 
145.35999912 -0.941496 
145.39999912 -0.941496 
145.43999912 -0.941496 
145.47999912 -0.941496 
145.51999912 -0.941496 
145.55999912 -0.941496 
145.59999912 -0.941496 
145.63999911 -0.941496 
145.67999911 -0.4989776 
145.71999911 -0.941496 
145.75999911 -0.941496 
145.79999911 -0.4989776 
145.83999911 -0.4989776 
145.87999911 -0.4989776 
145.91999911 -0.941496 
145.95999911 -0.4989776 
145.99999911 -0.4989776 
146.03999911 -0.4989776 
146.07999911 -0.4989776 
146.11999911 -0.4989776 
146.15999911 -0.4989776 
146.27999911 -0.4989776 
146.79999911 -0.941496 
147.3199991 -0.4989776 
149.47999909 -0.4989776 
149.59999909 -0.4989776 
149.63999909 -0.4989776 
149.67999909 -0.4989776 
149.71999909 -0.4989776 
149.75999909 -0.4989776 
149.79999909 -0.4989776 
149.83999909 -0.4989776 
149.91999909 -0.4989776 
149.95999909 -0.4989776 
149.99999909 -0.4989776 
150.03999909 -0.4989776 
150.07999909 -0.4989776 
150.11999909 -0.4989776 
150.15999909 -0.4989776 
150.19999909 -0.4989776 
150.23999909 -0.4989776 
150.27999909 -0.4989776 
150.47999909 -0.4989776 
159.59999903 -0.4989776 
159.75999903 -0.4989776 
159.79999903 -0.4989776 
159.83999903 -0.4989776 
159.91999903 -0.4989776 
159.95999903 -0.4989776 
159.99999903 -0.4989776 
160.03999903 -0.4989776 
160.07999903 -0.4989776 
160.11999903 -0.4989776 
160.15999903 -0.941496 
160.19999903 -0.4989776 
160.23999903 -0.4989776 
160.27999903 -0.941496 
160.31999903 -0.941496 
160.35999903 -0.4989776 
160.39999903 -0.4989776 
160.43999902 -0.941496 
160.47999902 -0.941496 
160.51999902 -0.941496 
160.55999902 -0.941496 
160.59999902 -0.941496 
160.63999902 -0.941496 
160.67999902 -0.941496 
160.71999902 -0.941496 
160.75999902 -0.941496 
160.79999902 -0.941496 
160.83999902 -0.941496 
160.87999902 -0.941496 
160.91999902 -0.4989776 
160.95999902 -0.941496 
160.99999902 -0.941496 
161.03999902 -0.941496 
161.07999902 -0.941496 
161.11999902 -0.941496 
161.15999902 -0.941496 
161.19999902 -0.941496 
161.23999902 -0.941496 
161.27999902 -0.941496 
161.31999902 -0.941496 
161.35999902 -0.941496 
161.39999902 -0.941496 
161.43999902 -0.941496 
161.47999902 -0.941496 
161.51999902 -0.941496 
161.55999902 -0.941496 
161.59999902 -0.4989776 
161.63999902 -0.4989776 
161.67999902 -0.941496 
161.71999902 -0.941496 
161.75999902 -0.941496 
161.79999902 -0.4989776 
161.83999902 -0.941496 
161.87999902 -0.941496 
161.91999902 -0.941496 
161.95999902 -0.4989776 
161.99999902 -0.4989776 
162.03999902 -0.4989776 
162.07999901 -0.4989776 
162.11999901 -0.4989776 
162.15999901 -0.4989776 
162.19999901 -0.4989776 
162.23999901 -0.4989776 
162.27999901 -0.4989776 
162.35999901 -0.4989776 
170.15999897 -0.4989776 
170.19999897 -0.4989776 
170.23999897 -0.4989776 
170.27999897 -0.4989776 
170.31999896 -0.4989776 
170.35999896 -0.4989776 
170.39999896 -0.4989776 
170.43999896 -0.4989776 
170.47999896 -0.4989776 
170.51999896 -0.4989776 
170.55999896 -0.4989776 
170.59999896 -0.4989776 
170.63999896 -0.4989776 
170.67999896 -0.4989776 
170.71999896 -1.382488 
170.75999896 -1.825007 
170.79999896 -0.4989776 
170.83999896 -0.941496 
170.87999896 -1.382488 
170.91999896 -0.941496 
170.95999896 -0.941496 
170.99999896 -0.941496 
171.03999896 -1.382488 
171.07999896 -0.941496 
171.11999896 -0.941496 
171.15999896 -1.382488 
171.19999896 -0.941496 
171.23999896 -0.941496 
171.27999896 -0.941496 
171.31999896 -0.941496 
171.35999896 -0.941496 
171.39999896 -0.941496 
171.43999896 -0.941496 
171.47999896 -1.825007 
171.51999896 -0.941496 
171.55999896 -1.382488 
171.59999896 -1.382488 
171.63999896 -1.382488 
171.67999896 -1.382488 
171.71999896 -0.941496 
171.75999896 -0.941496 
171.79999896 -0.941496 
171.83999896 -1.382488 
171.87999896 -0.941496 
171.91999896 -1.382488 
171.95999895 -0.941496 
171.99999895 -1.382488 
172.03999895 -1.825007 
172.07999895 -0.941496 
172.11999895 -0.941496 
172.15999895 -1.382488 
172.19999895 -1.382488 
172.23999895 -0.941496 
172.27999895 -0.941496 
172.31999895 -1.382488 
172.35999895 -0.941496 
172.39999895 -0.941496 
172.43999895 -0.941496 
172.47999895 -0.941496 
172.51999895 -0.941496 
172.55999895 -0.941496 
172.59999895 -0.941496 
172.63999895 -0.941496 
172.67999895 -0.941496 
172.71999895 -0.941496 
172.75999895 -0.941496 
172.79999895 -0.941496 
172.83999895 -0.941496 
172.87999895 -0.941496 
172.91999895 -0.941496 
172.95999895 -0.4989776 
172.99999895 -0.4989776 
173.03999895 -0.941496 
173.07999895 -0.4989776 
173.11999895 -0.4989776 
173.15999895 -0.4989776 
173.19999895 -0.4989776 
173.27999895 -0.4989776 
173.31999895 -0.4989776 
173.35999895 -0.4989776 
173.39999895 -0.4989776 
173.43999895 -0.4989776 
182.43999889 -0.4989776 
182.47999889 -0.4989776 
182.51999889 -0.4989776 
182.55999889 -0.4989776 
182.59999889 -0.4989776 
182.63999889 -0.4989776 
182.67999889 -0.4989776 
182.71999889 -0.4989776 
182.75999889 -0.4989776 
182.79999889 -0.941496 
182.83999889 -0.4989776 
182.87999889 -0.941496 
182.91999889 -0.4989776 
182.95999889 -0.4989776 
182.99999889 -0.4989776 
183.03999889 -0.941496 
183.07999889 -0.4989776 
183.11999889 -0.4989776 
183.15999889 -0.4989776 
183.19999889 -0.4989776 
183.23999889 -0.941496 
183.27999889 -0.941496 
183.31999889 -0.4989776 
183.35999889 -0.941496 
183.39999889 -0.941496 
183.43999889 -0.4989776 
183.47999888 -0.941496 
183.51999888 -0.941496 
183.55999888 -0.4989776 
183.59999888 -0.4989776 
183.63999888 -0.4989776 
183.71999888 -0.4989776 
183.75999888 -0.4989776 
183.79999888 -0.4989776 
193.23999883 -0.4989776 
193.27999883 -0.4989776 
193.31999883 -0.4989776 
193.35999882 -0.4989776 
193.39999882 -0.4989776 
193.43999882 -0.4989776 
193.47999882 -0.4989776 
193.51999882 -0.941496 
193.55999882 -0.941496 
193.59999882 -0.941496 
193.63999882 -0.941496 
193.67999882 -0.941496 
193.71999882 -0.941496 
193.75999882 -0.941496 
193.79999882 -0.941496 
193.83999882 -0.941496 
193.87999882 -0.941496 
193.91999882 -1.382488 
193.95999882 -0.941496 
193.99999882 -1.825007 
194.03999882 -1.382488 
194.07999882 -1.825007 
194.11999882 -1.382488 
194.15999882 -1.382488 
194.19999882 -1.382488 
194.23999882 -1.825007 
194.27999882 -1.825007 
194.31999882 -1.382488 
194.35999882 -1.825007 
194.39999882 -1.825007 
194.43999882 -1.825007 
194.47999882 -1.825007 
194.51999882 -1.825007 
194.55999882 -2.267525 
194.59999882 -1.825007 
194.63999882 -1.825007 
194.67999882 -1.825007 
194.71999882 -2.267525 
194.75999882 -1.825007 
194.79999882 -1.825007 
194.83999882 -1.825007 
194.87999882 -1.825007 
194.91999882 -1.825007 
194.95999882 -1.825007 
194.99999881 -1.825007 
195.03999881 -1.825007 
195.07999881 -1.825007 
195.11999881 -1.825007 
195.15999881 -1.825007 
195.19999881 -1.825007 
195.23999881 -1.825007 
195.27999881 -1.825007 
195.31999881 -1.825007 
195.35999881 -1.382488 
195.39999881 -1.825007 
195.43999881 -1.825007 
195.47999881 -1.382488 
195.51999881 -0.941496 
195.55999881 -1.382488 
195.59999881 -1.825007 
195.63999881 -1.382488 
195.67999881 -1.382488 
195.71999881 -1.382488 
195.75999881 -1.382488 
195.79999881 -0.941496 
195.83999881 -0.941496 
195.87999881 -0.941496 
195.91999881 -0.941496 
195.95999881 -0.941496 
195.99999881 -0.941496 
196.03999881 -0.941496 
196.07999881 -0.941496 
196.11999881 -0.941496 
196.15999881 -0.941496 
196.19999881 -0.941496 
196.23999881 -0.941496 
196.27999881 -0.941496 
196.31999881 -0.941496 
196.35999881 -0.941496 
196.39999881 -0.941496 
196.43999881 -0.4989776 
196.47999881 -0.4989776 
196.51999881 -0.4989776 
196.55999881 -0.4989776 
196.59999881 -0.4989776 
196.6399988 -0.4989776 
196.6799988 -0.4989776 
196.7199988 -0.4989776 
196.7999988 -0.4989776 
196.8799988 -0.4989776 
196.9199988 -0.4989776 
198.39999879 -0.4989776 
198.47999879 -0.4989776 
198.59999879 -0.4989776 
198.63999879 -0.4989776 
198.67999879 -0.4989776 
198.71999879 -0.4989776 
198.75999879 -0.941496 
198.79999879 -0.4989776 
198.83999879 -0.4989776 
198.87999879 -0.4989776 
198.91999879 -0.4989776 
198.95999879 -0.4989776 
198.99999879 -0.4989776 
199.03999879 -0.4989776 
199.07999879 -0.4989776 
199.11999879 -0.4989776 
199.15999879 -0.4989776 
199.19999879 -0.4989776 
199.23999879 -0.941496 
199.27999879 -0.941496 
199.31999879 -0.4989776 
199.39999879 -0.4989776 
199.43999879 -0.941496 
199.47999879 -0.4989776 
199.51999879 -0.4989776 
199.55999879 -0.941496 
199.59999879 -0.4989776 
199.63999879 -0.4989776 
199.67999879 -0.941496 
199.71999879 -0.4989776 
199.75999879 -0.4989776 
199.79999879 -0.4989776 
199.83999879 -0.4989776 
199.87999879 -0.4989776 
0 0 
