4.47999997 -4.547257 
4.87999997 -4.547257 
5.03999997 -4.547257 
5.31999997 -4.547257 
5.59999997 -4.547257 
28.55999983 -4.547257 
28.63999983 -4.547257 
28.67999983 -4.547257 
28.75999983 -4.547257 
28.79999982 -4.547257 
28.87999982 -4.547257 
28.95999982 -4.547257 
28.99999982 -4.547257 
29.03999982 -4.547257 
29.07999982 -4.547257 
29.11999982 -4.547257 
29.15999982 -4.547257 
29.19999982 -4.547257 
29.23999982 -4.547257 
29.27999982 -4.547257 
29.31999982 -4.547257 
29.35999982 -4.547257 
29.39999982 -4.547257 
29.43999982 -4.547257 
29.47999982 -4.547257 
29.51999982 -4.547257 
29.55999982 -4.547257 
29.59999982 -4.547257 
29.63999982 -4.547257 
29.67999982 -4.547257 
29.71999982 -4.547257 
29.75999982 -4.547257 
29.79999982 -4.547257 
29.83999982 -4.547257 
29.87999982 -4.547257 
29.91999982 -4.547257 
29.95999982 -4.547257 
29.99999982 -4.547257 
30.03999982 -4.547257 
30.07999982 -4.547257 
30.11999982 -4.547257 
30.15999982 -4.547257 
30.19999982 -4.547257 
30.23999982 -4.547257 
30.27999982 -4.547257 
30.31999982 -4.547257 
30.39999982 -4.547257 
30.43999982 -4.547257 
30.47999981 -4.547257 
46.75999972 -4.547257 
47.23999971 -4.547257 
47.27999971 -4.547257 
47.31999971 -4.547257 
47.35999971 -4.547257 
47.43999971 -4.547257 
47.47999971 -4.547257 
47.51999971 -4.547257 
47.55999971 -4.547257 
47.59999971 -4.547257 
47.67999971 -4.547257 
47.79999971 -4.547257 
47.87999971 -4.547257 
47.91999971 -4.547257 
47.99999971 -4.547257 
48.07999971 -4.547257 
48.11999971 -4.547257 
48.15999971 -4.547257 
48.19999971 -4.547257 
48.23999971 -4.547257 
48.39999971 -4.547257 
48.5599997 -4.547257 
54.11999967 -4.547257 
83.99999949 -4.547257 
84.03999949 -4.547257 
84.19999949 -4.547257 
84.31999949 -4.547257 
84.35999949 -4.547257 
84.43999949 -4.547257 
84.47999949 -4.547257 
84.51999949 -4.547257 
84.55999949 -4.547257 
84.59999949 -4.547257 
84.63999949 -4.547257 
84.67999949 -4.547257 
84.71999949 -4.547257 
84.75999948 -4.547257 
84.79999948 -4.547257 
84.83999948 -4.547257 
84.87999948 -4.547257 
84.91999948 -4.547257 
84.95999948 -4.547257 
84.99999948 -4.547257 
85.03999948 -4.547257 
85.07999948 -4.547257 
85.11999948 -4.547257 
85.15999948 -4.547257 
85.19999948 -4.547257 
85.23999948 -4.547257 
85.27999948 -4.547257 
85.31999948 -4.547257 
85.35999948 -4.547257 
85.39999948 -4.547257 
85.43999948 -4.547257 
85.51999948 -4.547257 
101.39999938 -4.547257 
101.71999938 -4.547257 
101.75999938 -4.547257 
101.79999938 -4.547257 
101.83999938 -4.547257 
101.87999938 -4.547257 
101.91999938 -4.547257 
101.95999938 -4.547257 
101.99999938 -4.547257 
102.03999938 -4.547257 
102.07999938 -4.547257 
102.11999938 -4.547257 
102.19999938 -4.547257 
102.23999938 -4.547257 
102.27999938 -4.547257 
102.31999938 -4.547257 
102.35999938 -4.547257 
102.39999938 -4.547257 
102.43999938 -4.547257 
102.47999938 -4.547257 
102.51999938 -4.547257 
102.55999938 -4.547257 
102.59999938 -4.547257 
102.63999938 -4.547257 
102.67999938 -4.547257 
102.71999938 -4.547257 
102.75999938 -4.547257 
102.79999938 -4.547257 
102.83999937 -4.547257 
102.87999937 -4.547257 
102.91999937 -4.547257 
102.95999937 -4.547257 
102.99999937 -4.547257 
103.03999937 -4.547257 
103.07999937 -4.547257 
103.11999937 -4.547257 
103.15999937 -4.547257 
103.27999937 -4.547257 
120.27999927 -4.547257 
120.39999927 -4.547257 
120.55999927 -4.547257 
120.59999927 -4.547257 
120.79999927 -4.547257 
120.87999927 -4.547257 
120.91999927 -4.547257 
120.95999926 -4.547257 
120.99999926 -4.547257 
121.07999926 -4.547257 
121.11999926 -4.547257 
121.15999926 -4.547257 
121.27999926 -4.547257 
121.43999926 -4.547257 
121.51999926 -4.547257 
121.63999926 -4.547257 
121.67999926 -4.547257 
121.83999926 -4.547257 
121.95999926 -4.547257 
122.03999926 -4.547257 
122.07999926 -4.547257 
122.31999926 -4.547257 
122.47999926 -4.547257 
122.67999925 -4.547257 
122.87999925 -4.547257 
122.95999925 -4.547257 
123.19999925 -4.547257 
123.23999925 -4.547257 
124.39999924 -4.547257 
124.67999924 -4.547257 
124.91999924 -4.547257 
124.99999924 -4.547257 
125.07999924 -4.547257 
125.15999924 -4.547257 
125.19999924 -4.547257 
125.31999924 -4.547257 
125.35999924 -4.547257 
125.39999924 -4.547257 
125.43999924 -4.547257 
125.47999924 -4.547257 
125.51999924 -4.547257 
125.67999924 -4.547257 
125.71999924 -8.941923 
125.75999924 -4.547257 
125.79999924 -4.547257 
125.83999924 -4.547257 
125.87999923 -4.547257 
125.91999923 -4.547257 
125.95999923 -8.941923 
125.99999923 -4.547257 
126.03999923 -4.547257 
126.07999923 -4.547257 
126.11999923 -4.547257 
126.15999923 -4.547257 
126.19999923 -4.547257 
126.23999923 -8.941923 
126.27999923 -4.547257 
126.31999923 -4.547257 
126.35999923 -4.547257 
126.39999923 -4.547257 
126.43999923 -4.547257 
126.47999923 -4.547257 
126.51999923 -8.941923 
126.55999923 -4.547257 
126.59999923 -4.547257 
126.63999923 -8.941923 
126.67999923 -8.941923 
126.71999923 -8.941923 
126.75999923 -8.941923 
126.79999923 -8.941923 
126.83999923 -8.941923 
126.87999923 -4.547257 
126.91999923 -4.547257 
126.95999923 -4.547257 
126.99999923 -4.547257 
127.03999923 -4.547257 
127.07999923 -8.941923 
127.11999923 -8.941923 
127.15999923 -8.941923 
127.19999923 -8.941923 
127.23999923 -4.547257 
127.27999923 -8.941923 
127.31999923 -8.941923 
127.35999923 -4.547257 
127.39999923 -8.941923 
127.43999923 -8.941923 
127.47999923 -8.941923 
127.51999923 -8.941923 
127.55999922 -4.547257 
127.59999922 -8.941923 
127.63999922 -8.941923 
127.67999922 -4.547257 
127.71999922 -8.941923 
127.75999922 -8.941923 
127.79999922 -8.941923 
127.83999922 -8.941923 
127.87999922 -8.941923 
127.91999922 -4.547257 
127.95999922 -4.547257 
127.99999922 -4.547257 
128.03999922 -8.941923 
128.07999922 -4.547257 
128.11999922 -8.941923 
128.15999922 -8.941923 
128.19999922 -4.547257 
128.23999922 -8.941923 
128.27999922 -4.547257 
128.31999922 -4.547257 
128.35999922 -8.941923 
128.39999922 -4.547257 
128.43999922 -4.547257 
128.47999922 -4.547257 
128.51999922 -4.547257 
128.55999922 -4.547257 
128.59999922 -8.941923 
128.63999922 -4.547257 
128.67999922 -4.547257 
128.71999922 -4.547257 
128.75999922 -4.547257 
128.79999922 -4.547257 
128.83999922 -4.547257 
128.87999922 -4.547257 
128.91999922 -4.547257 
128.95999922 -4.547257 
128.99999922 -4.547257 
129.03999922 -4.547257 
129.07999922 -4.547257 
129.11999922 -4.547257 
129.15999922 -4.547257 
129.19999921 -4.547257 
129.23999921 -4.547257 
129.27999921 -4.547257 
129.31999921 -4.547257 
129.35999921 -4.547257 
129.39999921 -4.547257 
129.43999921 -4.547257 
129.47999921 -4.547257 
129.51999921 -4.547257 
129.55999921 -8.941923 
129.59999921 -8.941923 
129.63999921 -4.547257 
129.67999921 -4.547257 
129.71999921 -4.547257 
129.75999921 -4.547257 
129.79999921 -4.547257 
129.83999921 -8.941923 
129.87999921 -8.941923 
129.91999921 -4.547257 
129.95999921 -4.547257 
129.99999921 -4.547257 
130.03999921 -8.941923 
130.07999921 -8.941923 
130.11999921 -4.547257 
130.15999921 -4.547257 
130.19999921 -4.547257 
130.23999921 -4.547257 
130.27999921 -4.547257 
130.31999921 -4.547257 
130.35999921 -4.547257 
130.39999921 -4.547257 
130.43999921 -4.547257 
130.47999921 -4.547257 
130.51999921 -4.547257 
130.55999921 -4.547257 
130.59999921 -4.547257 
130.63999921 -4.547257 
130.67999921 -4.547257 
130.71999921 -4.547257 
130.75999921 -4.547257 
130.79999921 -4.547257 
130.8399992 -4.547257 
130.8799992 -4.547257 
130.9199992 -4.547257 
130.9599992 -4.547257 
130.9999992 -8.941923 
131.0399992 -4.547257 
131.0799992 -4.547257 
131.1199992 -4.547257 
131.1599992 -8.941923 
131.1999992 -8.941923 
131.2399992 -4.547257 
131.2799992 -8.941923 
131.3199992 -8.941923 
131.3599992 -4.547257 
131.3999992 -8.941923 
131.4399992 -8.941923 
131.4799992 -4.547257 
131.5199992 -8.941923 
131.5599992 -8.941923 
131.5999992 -8.941923 
131.6399992 -8.941923 
131.6799992 -8.941923 
131.7199992 -8.941923 
131.7599992 -8.941923 
131.7999992 -8.941923 
131.8399992 -8.941923 
131.8799992 -8.941923 
131.9199992 -8.941923 
131.9599992 -8.941923 
131.9999992 -8.941923 
132.0399992 -8.941923 
132.0799992 -8.941923 
132.1199992 -8.941923 
132.1599992 -8.941923 
132.1999992 -8.941923 
132.2399992 -8.941923 
132.2799992 -8.941923 
132.3199992 -8.941923 
132.3599992 -8.941923 
132.3999992 -8.941923 
132.4399992 -8.941923 
132.47999919 -8.941923 
132.51999919 -8.941923 
132.55999919 -8.941923 
132.59999919 -8.941923 
132.63999919 -8.941923 
132.67999919 -8.941923 
132.71999919 -8.941923 
132.75999919 -8.941923 
132.83999919 -8.941923 
132.87999919 -8.941923 
132.91999919 -8.941923 
132.95999919 -8.941923 
132.99999919 -8.941923 
133.03999919 -8.941923 
133.07999919 -8.941923 
133.11999919 -8.941923 
133.19999919 -8.941923 
133.23999919 -8.941923 
133.27999919 -8.941923 
133.31999919 -8.941923 
133.35999919 -8.941923 
133.39999919 -8.941923 
133.43999919 -8.941923 
133.47999919 -8.941923 
133.51999919 -8.941923 
133.55999919 -8.941923 
133.59999919 -8.941923 
133.63999919 -8.941923 
133.67999919 -8.941923 
133.71999919 -8.941923 
133.75999919 -8.941923 
133.79999919 -8.941923 
133.83999919 -8.941923 
133.87999919 -8.941923 
133.91999919 -8.941923 
133.95999919 -8.941923 
134.03999919 -8.941923 
134.07999919 -8.941923 
134.11999918 -8.941923 
134.19999918 -8.941923 
134.27999918 -8.941923 
134.35999918 -8.941923 
134.39999918 -8.941923 
134.43999918 -8.941923 
134.47999918 -8.941923 
134.51999918 -8.941923 
134.55999918 -8.941923 
134.59999918 -8.941923 
134.63999918 -8.941923 
134.75999918 -8.941923 
134.79999918 -8.941923 
134.95999918 -8.941923 
134.99999918 -8.941923 
135.03999918 -8.941923 
135.11999918 -8.941923 
135.19999918 -8.941923 
135.23999918 -8.941923 
135.27999918 -8.941923 
135.31999918 -8.941923 
135.35999918 -8.941923 
135.39999918 -8.941923 
135.43999918 -8.941923 
135.71999918 -8.941923 
135.75999917 -8.941923 
135.79999917 -8.941923 
135.83999917 -8.941923 
135.91999917 -8.941923 
135.99999917 -8.941923 
136.03999917 -8.941923 
136.07999917 -8.941923 
136.11999917 -8.941923 
136.15999917 -8.941923 
136.23999917 -8.941923 
136.27999917 -8.941923 
136.31999917 -8.941923 
136.35999917 -8.941923 
136.39999917 -8.941923 
136.43999917 -8.941923 
136.47999917 -8.941923 
136.51999917 -8.941923 
136.55999917 -8.941923 
136.59999917 -8.941923 
136.63999917 -8.941923 
136.67999917 -8.941923 
136.71999917 -8.941923 
136.75999917 -8.941923 
136.79999917 -8.941923 
136.83999917 -8.941923 
136.87999917 -8.941923 
136.91999917 -8.941923 
136.95999917 -8.941923 
136.99999917 -8.941923 
137.03999917 -8.941923 
137.07999917 -8.941923 
137.15999917 -8.941923 
137.23999917 -8.941923 
137.27999917 -8.941923 
137.31999917 -8.941923 
137.35999917 -8.941923 
137.39999916 -8.941923 
137.47999916 -8.941923 
140.99999914 -8.941923 
141.11999914 -8.941923 
141.35999914 -8.941923 
141.39999914 -8.941923 
141.43999914 -8.941923 
141.47999914 -8.941923 
141.51999914 -8.941923 
141.55999914 -8.941923 
141.59999914 -8.941923 
141.63999914 -8.941923 
141.67999914 -8.941923 
141.71999914 -8.941923 
141.75999914 -8.941923 
141.79999914 -8.941923 
141.83999914 -8.941923 
141.87999914 -8.941923 
141.91999914 -8.941923 
141.95999914 -8.941923 
141.99999914 -8.941923 
142.03999914 -8.941923 
142.07999914 -8.941923 
142.11999914 -8.941923 
142.15999914 -8.941923 
142.19999914 -8.941923 
142.23999914 -8.941923 
142.27999914 -8.941923 
142.31999914 -8.941923 
142.35999913 -8.941923 
142.39999913 -8.941923 
142.43999913 -8.941923 
142.47999913 -8.941923 
142.51999913 -8.941923 
142.55999913 -8.941923 
142.59999913 -8.941923 
142.63999913 -8.941923 
142.67999913 -8.941923 
142.71999913 -8.941923 
142.75999913 -8.941923 
142.79999913 -8.941923 
142.83999913 -8.941923 
142.87999913 -8.941923 
142.91999913 -8.941923 
142.95999913 -8.941923 
142.99999913 -8.941923 
143.03999913 -8.941923 
143.07999913 -8.941923 
143.11999913 -8.941923 
143.15999913 -8.941923 
143.19999913 -8.941923 
143.23999913 -8.941923 
143.27999913 -8.941923 
143.31999913 -8.941923 
143.35999913 -8.941923 
143.39999913 -8.941923 
143.47999913 -8.941923 
143.51999913 -8.941923 
143.55999913 -8.941923 
143.59999913 -8.941923 
143.63999913 -8.941923 
143.67999913 -8.941923 
143.71999913 -8.941923 
143.75999913 -8.941923 
143.83999913 -8.941923 
143.87999913 -8.941923 
0 0 
