5.71999997 -0.4577776 
5.95999996 -0.4577776 
6.07999996 -0.4577776 
6.11999996 -0.4577776 
6.23999996 -0.4577776 
6.27999996 -0.4577776 
6.35999996 -0.4577776 
6.39999996 -0.4577776 
6.43999996 -0.4577776 
6.51999996 -0.4577776 
6.55999996 -0.4577776 
6.59999996 -0.4577776 
6.75999996 -0.4577776 
6.79999996 -0.4577776 
6.83999996 -0.4577776 
6.87999996 -0.4577776 
6.91999996 -0.4577776 
6.95999996 -0.4577776 
6.99999996 -0.4577776 
7.03999996 -0.4577776 
7.07999996 -0.4577776 
7.11999996 -0.4577776 
7.15999996 -0.4577776 
7.19999996 -0.4577776 
7.23999996 -0.4577776 
7.27999996 -0.4577776 
7.31999996 -0.4577776 
7.35999996 -0.4577776 
7.39999996 -0.4577776 
7.43999995 -0.4577776 
7.47999995 -0.4577776 
7.51999995 -0.4577776 
7.55999995 -0.4577776 
7.59999995 -0.4577776 
7.63999995 -0.4577776 
7.67999995 -0.4577776 
7.71999995 -0.4577776 
7.75999995 -0.4577776 
7.79999995 -0.4577776 
7.83999995 -0.4577776 
7.87999995 -0.4577776 
7.91999995 -0.4577776 
7.95999995 -0.4577776 
7.99999995 -0.4577776 
8.03999995 -0.4577776 
8.07999995 -0.4577776 
8.11999995 -0.4577776 
8.15999995 -0.4577776 
8.19999995 -0.4577776 
8.23999995 -0.4577776 
8.27999995 -0.4577776 
8.31999995 -0.4577776 
8.35999995 -0.4577776 
8.39999995 -0.4577776 
8.95999995 -0.4577776 
9.87999994 -0.4577776 
9.91999994 -0.4577776 
10.71999993 -0.4577776 
10.75999993 -0.4577776 
10.91999993 -0.4577776 
10.99999993 -0.4577776 
11.03999993 -0.4577776 
11.11999993 -0.4577776 
11.15999993 -0.4577776 
11.19999993 -0.4577776 
11.23999993 -0.4577776 
11.27999993 -0.4577776 
11.31999993 -0.4577776 
11.35999993 -0.4577776 
11.39999993 -0.4577776 
11.43999993 -0.4577776 
11.47999993 -0.4577776 
11.51999993 -0.4577776 
11.55999993 -0.4577776 
11.59999993 -1.339762 
11.63999993 -1.339762 
11.67999993 -0.4577776 
11.71999993 -0.4577776 
11.75999993 -0.4577776 
11.79999993 -0.4577776 
11.83999993 -1.339762 
11.87999993 -1.339762 
11.91999993 -1.339762 
11.95999993 -1.339762 
11.99999993 -1.339762 
12.03999993 -2.224799 
12.07999993 -1.339762 
12.11999993 -1.339762 
12.15999993 -1.339762 
12.19999993 -1.339762 
12.23999993 -1.339762 
12.27999993 -1.339762 
12.31999993 -1.339762 
12.35999992 -1.339762 
12.39999992 -1.339762 
12.43999992 -1.339762 
12.47999992 -1.339762 
12.51999992 -1.339762 
12.55999992 -1.339762 
12.59999992 -1.339762 
12.63999992 -1.339762 
12.67999992 -1.339762 
12.71999992 -1.339762 
12.75999992 -1.339762 
12.79999992 -1.339762 
12.83999992 -1.339762 
12.87999992 -1.339762 
12.91999992 -1.339762 
12.95999992 -1.339762 
12.99999992 -1.339762 
13.03999992 -1.339762 
13.07999992 -0.4577776 
13.11999992 -1.339762 
13.15999992 -0.4577776 
13.19999992 -0.4577776 
13.23999992 -0.4577776 
13.27999992 -0.4577776 
13.31999992 -0.4577776 
13.35999992 -0.4577776 
13.39999992 -0.4577776 
13.43999992 -0.4577776 
13.47999992 -0.4577776 
13.51999992 -0.4577776 
13.55999992 -0.4577776 
13.59999992 -0.4577776 
13.63999992 -0.4577776 
13.67999992 -0.4577776 
17.43999989 -0.4577776 
17.51999989 -0.4577776 
17.59999989 -0.4577776 
17.63999989 -0.4577776 
17.67999989 -0.4577776 
17.71999989 -0.4577776 
17.75999989 -0.4577776 
17.79999989 -0.4577776 
17.83999989 -0.4577776 
17.87999989 -0.4577776 
17.91999989 -0.4577776 
17.95999989 -0.4577776 
17.99999989 -0.4577776 
18.03999989 -0.4577776 
18.07999989 -0.4577776 
18.11999989 -0.4577776 
18.15999989 -0.4577776 
18.19999989 -0.4577776 
18.23999989 -1.339762 
18.27999989 -0.4577776 
18.31999989 -0.4577776 
18.35999989 -0.4577776 
18.39999989 -0.4577776 
18.43999989 -0.4577776 
18.47999989 -0.4577776 
18.51999989 -0.4577776 
18.55999989 -1.339762 
18.59999989 -1.339762 
18.63999989 -0.4577776 
18.67999989 -0.4577776 
18.71999989 -0.4577776 
18.75999989 -0.4577776 
18.79999989 -0.4577776 
18.83999989 -0.4577776 
18.87999989 -0.4577776 
18.91999989 -0.4577776 
18.95999988 -0.4577776 
18.99999988 -0.4577776 
19.03999988 -0.4577776 
19.07999988 -0.4577776 
19.11999988 -0.4577776 
19.15999988 -0.4577776 
19.19999988 -0.4577776 
19.35999988 -0.4577776 
19.39999988 -0.4577776 
19.43999988 -0.4577776 
19.47999988 -0.4577776 
19.51999988 -0.4577776 
19.55999988 -0.4577776 
19.59999988 -0.4577776 
19.63999988 -0.4577776 
19.67999988 -0.4577776 
19.71999988 -0.4577776 
19.75999988 -0.4577776 
19.83999988 -0.4577776 
19.87999988 -0.4577776 
19.95999988 -0.4577776 
20.27999988 -0.4577776 
20.47999988 -0.4577776 
21.51999987 -0.4577776 
21.55999987 -0.4577776 
22.11999987 -0.4577776 
22.43999986 -0.4577776 
22.55999986 -0.4577776 
22.59999986 -0.4577776 
22.67999986 -0.4577776 
22.83999986 -0.4577776 
22.87999986 -0.4577776 
22.91999986 -0.4577776 
22.95999986 -0.4577776 
22.99999986 -0.4577776 
23.07999986 -0.4577776 
23.11999986 -0.4577776 
23.15999986 -0.4577776 
23.19999986 -0.4577776 
23.23999986 -0.4577776 
23.27999986 -0.4577776 
23.31999986 -0.4577776 
23.35999986 -0.4577776 
23.39999986 -0.4577776 
23.43999986 -0.4577776 
23.47999986 -0.4577776 
23.51999986 -0.4577776 
23.55999986 -0.4577776 
23.59999986 -0.4577776 
23.63999986 -0.4577776 
23.67999986 -0.4577776 
23.71999986 -0.4577776 
23.75999986 -0.4577776 
23.79999986 -0.4577776 
23.83999986 -0.4577776 
23.87999985 -0.4577776 
23.91999985 -0.4577776 
23.95999985 -0.4577776 
23.99999985 -0.4577776 
24.03999985 -0.4577776 
24.07999985 -0.4577776 
24.11999985 -0.4577776 
24.15999985 -1.339762 
24.19999985 -0.4577776 
24.27999985 -0.4577776 
24.39999985 -0.4577776 
24.47999985 -0.4577776 
32.9999998 -0.4577776 
33.2799998 -0.4577776 
33.3599998 -1.339762 
33.3999998 -1.339762 
33.5199998 -0.4577776 
33.5599998 -0.4577776 
33.5999998 -0.4577776 
33.6399998 -0.4577776 
33.6799998 -0.4577776 
33.7199998 -0.4577776 
33.75999979 -1.339762 
33.79999979 -0.4577776 
33.83999979 -0.4577776 
33.87999979 -0.4577776 
33.91999979 -1.339762 
33.95999979 -0.4577776 
33.99999979 -0.4577776 
34.03999979 -1.339762 
34.07999979 -1.339762 
34.11999979 -1.339762 
34.15999979 -1.339762 
34.19999979 -0.4577776 
34.23999979 -1.339762 
34.27999979 -1.339762 
34.31999979 -2.224799 
34.35999979 -1.339762 
34.43999979 -1.339762 
34.47999979 -1.339762 
34.51999979 -1.339762 
34.55999979 -0.4577776 
34.59999979 -1.339762 
34.63999979 -1.339762 
34.67999979 -1.339762 
34.71999979 -1.339762 
34.75999979 -0.4577776 
34.79999979 -0.4577776 
34.83999979 -2.224799 
34.87999979 -1.339762 
34.91999979 -0.4577776 
34.95999979 -0.4577776 
34.99999979 -1.339762 
35.03999979 -1.339762 
35.07999979 -0.4577776 
35.11999979 -1.339762 
35.15999979 -2.224799 
35.19999979 -0.4577776 
35.23999979 -0.4577776 
35.27999979 -1.339762 
35.31999979 -1.339762 
35.35999979 -0.4577776 
35.39999978 -0.4577776 
35.43999978 -0.4577776 
35.47999978 -0.4577776 
35.51999978 -0.4577776 
35.55999978 -0.4577776 
35.59999978 -0.4577776 
35.63999978 -0.4577776 
35.67999978 -0.4577776 
35.75999978 -0.4577776 
35.79999978 -0.4577776 
35.83999978 -0.4577776 
35.87999978 -0.4577776 
35.95999978 -0.4577776 
35.99999978 -0.4577776 
36.03999978 -0.4577776 
36.11999978 -0.4577776 
36.15999978 -0.4577776 
36.19999978 -0.4577776 
36.23999978 -0.4577776 
40.59999975 -0.4577776 
43.91999973 -0.4577776 
44.23999973 -0.4577776 
44.27999973 -0.4577776 
44.35999973 -0.4577776 
44.39999973 -0.4577776 
44.51999973 -0.4577776 
44.59999973 -0.4577776 
44.63999973 -0.4577776 
44.71999973 -0.4577776 
44.75999973 -0.4577776 
44.79999973 -0.4577776 
44.83999973 -0.4577776 
44.87999973 -0.4577776 
44.91999973 -0.4577776 
44.95999973 -0.4577776 
44.99999973 -0.4577776 
45.03999973 -0.4577776 
45.07999973 -0.4577776 
45.11999973 -1.339762 
45.15999973 -0.4577776 
45.19999973 -1.339762 
45.23999973 -1.339762 
45.27999972 -0.4577776 
45.31999972 -1.339762 
45.35999972 -1.339762 
45.39999972 -0.4577776 
45.43999972 -1.339762 
45.47999972 -1.339762 
45.51999972 -1.339762 
45.55999972 -1.339762 
45.59999972 -1.339762 
45.63999972 -1.339762 
45.67999972 -1.339762 
45.71999972 -0.4577776 
45.75999972 -1.339762 
45.79999972 -1.339762 
45.83999972 -1.339762 
45.87999972 -1.339762 
45.91999972 -1.339762 
45.95999972 -1.339762 
45.99999972 -1.339762 
46.03999972 -1.339762 
46.07999972 -1.339762 
46.11999972 -1.339762 
46.15999972 -0.4577776 
46.19999972 -1.339762 
46.23999972 -1.339762 
46.27999972 -1.339762 
46.31999972 -0.4577776 
46.35999972 -0.4577776 
46.39999972 -0.4577776 
46.43999972 -0.4577776 
46.47999972 -0.4577776 
46.51999972 -0.4577776 
46.55999972 -1.339762 
46.59999972 -0.4577776 
46.63999972 -0.4577776 
46.67999972 -0.4577776 
46.71999972 -0.4577776 
46.75999972 -0.4577776 
46.79999972 -0.4577776 
46.83999972 -0.4577776 
46.87999972 -0.4577776 
46.91999971 -0.4577776 
46.95999971 -0.4577776 
46.99999971 -0.4577776 
47.03999971 -0.4577776 
47.07999971 -0.4577776 
47.11999971 -0.4577776 
47.15999971 -0.4577776 
47.27999971 -0.4577776 
47.55999971 -0.4577776 
47.59999971 -0.4577776 
50.99999969 -0.4577776 
56.71999966 -0.4577776 
56.75999966 -0.4577776 
56.79999965 -0.4577776 
56.83999965 -0.4577776 
56.87999965 -0.4577776 
56.91999965 -0.4577776 
56.95999965 -0.4577776 
56.99999965 -0.4577776 
57.03999965 -0.4577776 
57.07999965 -0.4577776 
57.11999965 -0.4577776 
57.15999965 -0.4577776 
57.19999965 -0.4577776 
57.23999965 -0.4577776 
57.27999965 -0.4577776 
57.31999965 -0.4577776 
57.35999965 -0.4577776 
57.39999965 -0.4577776 
57.47999965 -0.4577776 
57.51999965 -0.4577776 
57.55999965 -0.4577776 
57.59999965 -0.4577776 
57.63999965 -0.4577776 
57.67999965 -0.4577776 
57.71999965 -0.4577776 
57.75999965 -0.4577776 
57.79999965 -0.4577776 
57.83999965 -0.4577776 
57.87999965 -0.4577776 
57.91999965 -0.4577776 
57.95999965 -0.4577776 
57.99999965 -0.4577776 
58.03999965 -0.4577776 
58.07999965 -1.339762 
58.11999965 -0.4577776 
58.15999965 -0.4577776 
58.19999965 -0.4577776 
58.23999965 -0.4577776 
58.27999965 -0.4577776 
58.31999965 -0.4577776 
58.35999965 -0.4577776 
58.39999965 -0.4577776 
58.43999964 -0.4577776 
58.47999964 -1.339762 
58.51999964 -0.4577776 
58.55999964 -0.4577776 
58.59999964 -0.4577776 
58.63999964 -0.4577776 
58.67999964 -0.4577776 
58.71999964 -0.4577776 
58.75999964 -0.4577776 
58.79999964 -0.4577776 
58.83999964 -0.4577776 
58.87999964 -1.339762 
58.91999964 -0.4577776 
59.07999964 -0.4577776 
59.11999964 -0.4577776 
59.15999964 -0.4577776 
59.23999964 -0.4577776 
59.27999964 -0.4577776 
61.43999963 -0.4577776 
61.91999962 -0.4577776 
62.67999962 -0.4577776 
65.8399996 -0.4577776 
66.1999996 -0.4577776 
66.2399996 -0.4577776 
66.4399996 -0.4577776 
66.4799996 -0.4577776 
66.5599996 -0.4577776 
66.5999996 -0.4577776 
66.63999959 -0.4577776 
66.67999959 -0.4577776 
66.71999959 -0.4577776 
66.75999959 -0.4577776 
66.79999959 -0.4577776 
66.83999959 -0.4577776 
66.87999959 -0.4577776 
66.91999959 -0.4577776 
66.95999959 -0.4577776 
66.99999959 -0.4577776 
67.03999959 -0.4577776 
67.07999959 -1.339762 
67.11999959 -0.4577776 
67.15999959 -0.4577776 
67.19999959 -0.4577776 
67.23999959 -0.4577776 
67.27999959 -0.4577776 
67.31999959 -0.4577776 
67.35999959 -0.4577776 
67.39999959 -0.4577776 
67.43999959 -0.4577776 
67.47999959 -0.4577776 
67.51999959 -0.4577776 
67.55999959 -0.4577776 
67.59999959 -0.4577776 
67.63999959 -0.4577776 
67.67999959 -0.4577776 
67.71999959 -0.4577776 
67.75999959 -0.4577776 
67.79999959 -0.4577776 
67.83999959 -0.4577776 
67.87999959 -0.4577776 
67.91999959 -0.4577776 
67.95999959 -0.4577776 
67.99999959 -0.4577776 
68.03999959 -0.4577776 
68.07999959 -0.4577776 
68.11999959 -0.4577776 
68.15999959 -0.4577776 
68.19999959 -0.4577776 
68.23999959 -0.4577776 
68.27999959 -0.4577776 
68.35999958 -0.4577776 
68.39999958 -0.4577776 
68.43999958 -0.4577776 
68.51999958 -0.4577776 
68.59999958 -0.4577776 
68.63999958 -0.4577776 
68.71999958 -0.4577776 
70.59999957 -0.4577776 
70.75999957 -0.4577776 
71.51999957 -0.4577776 
71.59999956 -0.4577776 
71.67999956 -0.4577776 
71.71999956 -0.4577776 
71.79999956 -0.4577776 
71.83999956 -0.4577776 
71.87999956 -0.4577776 
71.91999956 -0.4577776 
71.95999956 -0.4577776 
71.99999956 -0.4577776 
72.03999956 -0.4577776 
72.07999956 -0.4577776 
72.11999956 -0.4577776 
72.15999956 -0.4577776 
72.19999956 -0.4577776 
72.23999956 -0.4577776 
72.27999956 -0.4577776 
72.31999956 -0.4577776 
72.35999956 -0.4577776 
72.39999956 -0.4577776 
72.43999956 -0.4577776 
72.47999956 -0.4577776 
72.51999956 -0.4577776 
72.55999956 -0.4577776 
72.59999956 -0.4577776 
72.63999956 -0.4577776 
72.67999956 -0.4577776 
72.71999956 -0.4577776 
72.75999956 -0.4577776 
72.79999956 -1.339762 
72.83999956 -0.4577776 
72.87999956 -0.4577776 
72.91999956 -0.4577776 
72.95999956 -0.4577776 
72.99999956 -0.4577776 
73.03999956 -0.4577776 
73.07999956 -1.339762 
73.11999956 -0.4577776 
73.15999956 -1.339762 
73.19999956 -0.4577776 
73.23999955 -0.4577776 
73.27999955 -0.4577776 
73.31999955 -0.4577776 
73.35999955 -0.4577776 
73.39999955 -0.4577776 
73.43999955 -0.4577776 
73.47999955 -0.4577776 
73.51999955 -0.4577776 
73.55999955 -1.339762 
73.59999955 -0.4577776 
73.63999955 -0.4577776 
73.67999955 -0.4577776 
73.71999955 -1.339762 
73.75999955 -1.339762 
73.79999955 -1.339762 
73.83999955 -1.339762 
73.87999955 -0.4577776 
73.91999955 -0.4577776 
73.95999955 -0.4577776 
73.99999955 -0.4577776 
74.03999955 -0.4577776 
74.07999955 -0.4577776 
74.11999955 -0.4577776 
74.15999955 -0.4577776 
74.19999955 -0.4577776 
74.23999955 -0.4577776 
74.27999955 -0.4577776 
74.31999955 -0.4577776 
74.35999955 -0.4577776 
74.39999955 -0.4577776 
74.43999955 -0.4577776 
74.47999955 -0.4577776 
79.51999952 -0.4577776 
82.1599995 -0.4577776 
82.4399995 -0.4577776 
82.5199995 -0.4577776 
82.5999995 -0.4577776 
82.6399995 -0.4577776 
82.6799995 -0.4577776 
82.7199995 -0.4577776 
82.7599995 -0.4577776 
82.7999995 -0.4577776 
82.8399995 -0.4577776 
82.8799995 -0.4577776 
82.9199995 -0.4577776 
82.9599995 -0.4577776 
82.9999995 -0.4577776 
83.0399995 -0.4577776 
83.0799995 -1.339762 
83.11999949 -1.339762 
83.19999949 -0.4577776 
83.23999949 -0.4577776 
83.27999949 -0.4577776 
83.31999949 -0.4577776 
83.35999949 -0.4577776 
83.39999949 -0.4577776 
83.43999949 -0.4577776 
83.47999949 -0.4577776 
83.51999949 -1.339762 
83.55999949 -0.4577776 
83.59999949 -0.4577776 
83.63999949 -0.4577776 
83.67999949 -0.4577776 
83.71999949 -0.4577776 
83.75999949 -0.4577776 
83.79999949 -0.4577776 
83.83999949 -0.4577776 
83.87999949 -0.4577776 
83.91999949 -1.339762 
83.95999949 -0.4577776 
83.99999949 -0.4577776 
84.03999949 -0.4577776 
84.07999949 -0.4577776 
84.11999949 -0.4577776 
84.15999949 -0.4577776 
84.19999949 -0.4577776 
84.23999949 -0.4577776 
84.27999949 -0.4577776 
84.31999949 -2.224799 
84.35999949 -1.339762 
84.39999949 -1.339762 
84.43999949 -0.4577776 
84.51999949 -0.4577776 
84.55999949 -0.4577776 
84.59999949 -0.4577776 
84.63999949 -0.4577776 
84.67999949 -0.4577776 
84.71999949 -0.4577776 
84.75999948 -0.4577776 
84.79999948 -0.4577776 
84.83999948 -0.4577776 
84.87999948 -0.4577776 
84.91999948 -0.4577776 
84.95999948 -0.4577776 
84.99999948 -0.4577776 
85.03999948 -0.4577776 
85.11999948 -0.4577776 
85.15999948 -0.4577776 
85.47999948 -0.4577776 
90.67999945 -0.4577776 
91.03999945 -0.4577776 
93.35999943 -0.4577776 
93.39999943 -0.4577776 
93.43999943 -0.4577776 
93.79999943 -0.4577776 
93.83999943 -0.4577776 
93.91999943 -0.4577776 
93.99999943 -0.4577776 
94.03999943 -0.4577776 
94.07999943 -0.4577776 
94.11999943 -0.4577776 
94.15999943 -0.4577776 
94.19999943 -0.4577776 
94.23999943 -0.4577776 
94.27999943 -0.4577776 
94.31999943 -0.4577776 
94.35999943 -0.4577776 
94.39999943 -0.4577776 
94.43999943 -0.4577776 
94.47999943 -0.4577776 
94.51999943 -1.339762 
94.55999943 -0.4577776 
94.59999943 -0.4577776 
94.63999942 -0.4577776 
94.67999942 -0.4577776 
94.71999942 -1.339762 
94.75999942 -1.339762 
94.79999942 -1.339762 
94.83999942 -1.339762 
94.87999942 -0.4577776 
94.91999942 -1.339762 
94.95999942 -1.339762 
94.99999942 -1.339762 
95.03999942 -0.4577776 
95.07999942 -2.224799 
95.11999942 -1.339762 
95.15999942 -1.339762 
95.19999942 -1.339762 
95.23999942 -1.339762 
95.27999942 -1.339762 
95.31999942 -1.339762 
95.35999942 -0.4577776 
95.39999942 -0.4577776 
95.43999942 -1.339762 
95.47999942 -0.4577776 
95.51999942 -1.339762 
95.55999942 -1.339762 
95.59999942 -0.4577776 
95.63999942 -0.4577776 
95.67999942 -1.339762 
95.71999942 -0.4577776 
95.75999942 -0.4577776 
95.79999942 -0.4577776 
95.83999942 -1.339762 
95.87999942 -0.4577776 
95.91999942 -1.339762 
95.95999942 -0.4577776 
95.99999942 -0.4577776 
96.03999942 -0.4577776 
96.07999942 -0.4577776 
96.11999942 -0.4577776 
96.15999942 -0.4577776 
96.19999942 -0.4577776 
96.23999942 -0.4577776 
96.27999941 -0.4577776 
96.35999941 -0.4577776 
96.39999941 -0.4577776 
96.43999941 -0.4577776 
96.47999941 -0.4577776 
96.51999941 -0.4577776 
96.55999941 -0.4577776 
96.63999941 -0.4577776 
96.75999941 -0.4577776 
96.83999941 -0.4577776 
96.87999941 -0.4577776 
96.91999941 -0.4577776 
96.99999941 -0.4577776 
97.19999941 -0.4577776 
97.27999941 -0.4577776 
97.35999941 -0.4577776 
98.0399994 -0.4577776 
98.0799994 -0.4577776 
98.4799994 -0.4577776 
98.6399994 -0.4577776 
98.7999994 -0.4577776 
98.8399994 -0.4577776 
98.8799994 -0.4577776 
98.9199994 -0.4577776 
98.9999994 -0.4577776 
99.1199994 -0.4577776 
99.5199994 -0.4577776 
105.59999936 -0.4577776 
105.63999936 -0.4577776 
105.67999936 -0.4577776 
105.71999936 -0.4577776 
105.75999936 -0.4577776 
105.79999936 -0.4577776 
105.83999936 -0.4577776 
105.87999936 -0.4577776 
105.91999936 -0.4577776 
105.95999936 -0.4577776 
105.99999936 -0.4577776 
106.03999936 -0.4577776 
106.07999936 -0.4577776 
106.11999936 -0.4577776 
106.15999935 -0.4577776 
106.19999935 -0.4577776 
106.23999935 -0.4577776 
106.27999935 -0.4577776 
106.31999935 -0.4577776 
106.35999935 -0.4577776 
106.39999935 -0.4577776 
106.43999935 -0.4577776 
106.47999935 -1.339762 
106.51999935 -0.4577776 
106.55999935 -0.4577776 
106.59999935 -0.4577776 
106.63999935 -0.4577776 
106.67999935 -0.4577776 
106.71999935 -0.4577776 
106.75999935 -0.4577776 
106.79999935 -0.4577776 
106.83999935 -0.4577776 
106.87999935 -0.4577776 
106.91999935 -0.4577776 
106.95999935 -0.4577776 
106.99999935 -1.339762 
107.03999935 -1.339762 
107.19999935 -0.4577776 
107.23999935 -0.4577776 
107.31999935 -0.4577776 
107.35999935 -0.4577776 
111.59999932 -0.4577776 
111.63999932 -0.4577776 
116.03999929 -0.4577776 
116.31999929 -0.4577776 
116.47999929 -0.4577776 
116.55999929 -0.4577776 
116.59999929 -0.4577776 
116.67999929 -0.4577776 
116.71999929 -0.4577776 
116.75999929 -0.4577776 
116.79999929 -0.4577776 
116.83999929 -0.4577776 
116.87999929 -0.4577776 
116.95999929 -0.4577776 
116.99999929 -0.4577776 
117.03999929 -0.4577776 
117.15999929 -0.4577776 
117.19999929 -0.4577776 
117.23999929 -0.4577776 
117.27999929 -0.4577776 
117.31999929 -0.4577776 
117.39999929 -0.4577776 
117.43999929 -0.4577776 
117.47999929 -0.4577776 
117.55999929 -0.4577776 
117.59999929 -0.4577776 
117.63999929 -0.4577776 
117.67999928 -0.4577776 
117.71999928 -0.4577776 
117.75999928 -0.4577776 
117.79999928 -0.4577776 
117.83999928 -0.4577776 
117.87999928 -0.4577776 
117.91999928 -0.4577776 
117.95999928 -0.4577776 
117.99999928 -0.4577776 
118.03999928 -0.4577776 
118.07999928 -0.4577776 
118.11999928 -0.4577776 
118.15999928 -0.4577776 
118.23999928 -0.4577776 
118.27999928 -0.4577776 
118.31999928 -0.4577776 
118.39999928 -0.4577776 
118.63999928 -1.339762 
118.67999928 -0.4577776 
118.79999928 -0.4577776 
118.91999928 -0.4577776 
118.95999928 -0.4577776 
119.07999928 -0.4577776 
119.11999928 -0.4577776 
119.19999928 -0.4577776 
119.27999928 -0.4577776 
119.59999927 -0.4577776 
119.63999927 -0.4577776 
119.83999927 -0.4577776 
120.59999927 -0.4577776 
120.63999927 -0.4577776 
120.67999927 -0.4577776 
120.71999927 -0.4577776 
120.87999927 -0.4577776 
120.95999926 -0.4577776 
120.99999926 -0.4577776 
121.03999926 -0.4577776 
121.07999926 -0.4577776 
121.11999926 -0.4577776 
121.15999926 -0.4577776 
121.19999926 -0.4577776 
121.23999926 -0.4577776 
121.27999926 -0.4577776 
121.31999926 -0.4577776 
121.35999926 -0.4577776 
121.39999926 -0.4577776 
121.43999926 -0.4577776 
121.47999926 -0.4577776 
121.51999926 -0.4577776 
121.55999926 -0.4577776 
121.59999926 -1.339762 
121.63999926 -0.4577776 
121.67999926 -0.4577776 
121.71999926 -0.4577776 
121.75999926 -1.339762 
121.79999926 -0.4577776 
121.83999926 -1.339762 
121.87999926 -1.339762 
121.91999926 -0.4577776 
121.95999926 -0.4577776 
121.99999926 -0.4577776 
122.03999926 -0.4577776 
122.07999926 -1.339762 
122.11999926 -1.339762 
122.15999926 -1.339762 
122.19999926 -1.339762 
122.23999926 -1.339762 
122.27999926 -0.4577776 
122.31999926 -0.4577776 
122.35999926 -1.339762 
122.39999926 -1.339762 
122.43999926 -1.339762 
122.47999926 -0.4577776 
122.51999926 -1.339762 
122.55999926 -1.339762 
122.59999925 -1.339762 
122.63999925 -1.339762 
122.67999925 -1.339762 
122.71999925 -0.4577776 
122.75999925 -0.4577776 
122.79999925 -1.339762 
122.83999925 -1.339762 
122.87999925 -0.4577776 
122.91999925 -1.339762 
122.95999925 -1.339762 
122.99999925 -0.4577776 
123.03999925 -1.339762 
123.07999925 -0.4577776 
123.11999925 -0.4577776 
123.15999925 -0.4577776 
123.19999925 -0.4577776 
123.23999925 -0.4577776 
123.27999925 -0.4577776 
123.31999925 -0.4577776 
123.35999925 -0.4577776 
123.39999925 -0.4577776 
123.43999925 -0.4577776 
123.47999925 -0.4577776 
123.51999925 -0.4577776 
123.55999925 -0.4577776 
123.67999925 -0.4577776 
127.55999922 -0.4577776 
127.63999922 -0.4577776 
127.67999922 -0.4577776 
127.83999922 -0.4577776 
127.87999922 -0.4577776 
127.91999922 -0.4577776 
127.95999922 -0.4577776 
127.99999922 -0.4577776 
128.03999922 -0.4577776 
128.07999922 -0.4577776 
128.11999922 -0.4577776 
128.15999922 -0.4577776 
128.19999922 -0.4577776 
128.23999922 -0.4577776 
128.27999922 -0.4577776 
128.31999922 -0.4577776 
128.35999922 -0.4577776 
128.39999922 -0.4577776 
128.43999922 -0.4577776 
128.47999922 -0.4577776 
128.51999922 -0.4577776 
128.55999922 -0.4577776 
128.59999922 -0.4577776 
128.63999922 -0.4577776 
128.71999922 -0.4577776 
128.75999922 -0.4577776 
128.79999922 -0.4577776 
128.83999922 -0.4577776 
128.87999922 -0.4577776 
128.95999922 -0.4577776 
128.99999922 -0.4577776 
129.07999922 -0.4577776 
129.11999922 -0.4577776 
129.15999922 -0.4577776 
129.19999921 -0.4577776 
129.23999921 -0.4577776 
129.27999921 -0.4577776 
129.35999921 -0.4577776 
129.43999921 -0.4577776 
129.47999921 -0.4577776 
131.7199992 -0.4577776 
132.0799992 -0.4577776 
132.1199992 -0.4577776 
132.1999992 -0.4577776 
132.2399992 -0.4577776 
132.3199992 -0.4577776 
132.3599992 -0.4577776 
132.4399992 -0.4577776 
132.47999919 -0.4577776 
132.51999919 -0.4577776 
132.55999919 -0.4577776 
132.59999919 -0.4577776 
132.63999919 -0.4577776 
132.67999919 -0.4577776 
132.71999919 -0.4577776 
132.75999919 -0.4577776 
132.79999919 -0.4577776 
132.83999919 -0.4577776 
132.87999919 -0.4577776 
132.91999919 -0.4577776 
132.95999919 -0.4577776 
133.03999919 -0.4577776 
133.07999919 -0.4577776 
133.11999919 -0.4577776 
133.15999919 -0.4577776 
133.19999919 -0.4577776 
133.23999919 -0.4577776 
133.27999919 -0.4577776 
133.31999919 -0.4577776 
133.35999919 -0.4577776 
133.39999919 -0.4577776 
133.43999919 -0.4577776 
133.47999919 -0.4577776 
133.51999919 -0.4577776 
133.55999919 -0.4577776 
133.59999919 -1.339762 
133.63999919 -0.4577776 
133.67999919 -0.4577776 
133.71999919 -0.4577776 
133.75999919 -1.339762 
133.79999919 -0.4577776 
133.83999919 -0.4577776 
133.87999919 -0.4577776 
133.91999919 -0.4577776 
133.95999919 -0.4577776 
133.99999919 -0.4577776 
134.03999919 -1.339762 
134.07999919 -1.339762 
134.11999918 -1.339762 
134.15999918 -0.4577776 
134.19999918 -0.4577776 
134.23999918 -0.4577776 
134.27999918 -0.4577776 
134.31999918 -0.4577776 
134.35999918 -0.4577776 
134.39999918 -0.4577776 
134.43999918 -0.4577776 
134.47999918 -0.4577776 
134.51999918 -0.4577776 
134.55999918 -0.4577776 
134.59999918 -0.4577776 
134.63999918 -0.4577776 
134.67999918 -0.4577776 
142.91999913 -0.4577776 
143.39999913 -0.4577776 
143.55999913 -0.4577776 
143.59999913 -0.4577776 
143.63999913 -0.4577776 
143.67999913 -0.4577776 
143.71999913 -0.4577776 
143.75999913 -0.4577776 
143.79999913 -0.4577776 
143.83999913 -0.4577776 
143.87999913 -0.4577776 
143.91999913 -0.4577776 
143.95999913 -0.4577776 
143.99999912 -0.4577776 
144.03999912 -0.4577776 
144.07999912 -0.4577776 
144.11999912 -0.4577776 
144.15999912 -0.4577776 
144.19999912 -0.4577776 
144.23999912 -1.339762 
144.27999912 -1.339762 
144.31999912 -1.339762 
144.35999912 -0.4577776 
144.39999912 -0.4577776 
144.43999912 -1.339762 
144.47999912 -1.339762 
144.51999912 -1.339762 
144.55999912 -1.339762 
144.59999912 -1.339762 
144.63999912 -0.4577776 
144.67999912 -1.339762 
144.71999912 -1.339762 
144.75999912 -1.339762 
144.79999912 -1.339762 
144.83999912 -0.4577776 
144.87999912 -1.339762 
144.91999912 -1.339762 
144.95999912 -1.339762 
144.99999912 -0.4577776 
145.03999912 -1.339762 
145.07999912 -1.339762 
145.11999912 -1.339762 
145.15999912 -1.339762 
145.19999912 -1.339762 
145.23999912 -1.339762 
145.27999912 -1.339762 
145.31999912 -1.339762 
145.35999912 -1.339762 
145.39999912 -1.339762 
145.43999912 -1.339762 
145.47999912 -1.339762 
145.51999912 -2.224799 
145.55999912 -0.4577776 
145.63999911 -1.339762 
145.67999911 -2.224799 
145.71999911 -0.4577776 
145.75999911 -0.4577776 
145.79999911 -1.339762 
145.83999911 -0.4577776 
145.87999911 -0.4577776 
145.95999911 -0.4577776 
145.99999911 -0.4577776 
146.03999911 -1.339762 
146.07999911 -0.4577776 
146.15999911 -0.4577776 
146.19999911 -0.4577776 
146.27999911 -0.4577776 
146.31999911 -0.4577776 
146.35999911 -0.4577776 
146.47999911 -0.4577776 
149.11999909 -0.4577776 
149.23999909 -0.4577776 
151.71999908 -0.4577776 
154.67999906 -0.4577776 
154.79999906 -0.4577776 
154.83999906 -0.4577776 
154.99999906 -0.4577776 
155.03999906 -0.4577776 
155.07999906 -0.4577776 
155.11999906 -0.4577776 
155.15999906 -0.4577776 
155.19999906 -0.4577776 
155.23999906 -0.4577776 
155.27999906 -0.4577776 
155.31999906 -0.4577776 
155.35999906 -0.4577776 
155.39999906 -0.4577776 
155.43999906 -0.4577776 
155.47999906 -0.4577776 
155.51999905 -0.4577776 
155.55999905 -0.4577776 
155.59999905 -0.4577776 
155.63999905 -0.4577776 
155.67999905 -0.4577776 
155.71999905 -0.4577776 
155.75999905 -0.4577776 
155.79999905 -0.4577776 
155.83999905 -0.4577776 
155.87999905 -0.4577776 
155.91999905 -0.4577776 
155.95999905 -0.4577776 
155.99999905 -0.4577776 
156.03999905 -0.4577776 
156.07999905 -0.4577776 
156.11999905 -0.4577776 
156.15999905 -1.339762 
156.19999905 -0.4577776 
156.23999905 -0.4577776 
156.27999905 -1.339762 
156.31999905 -0.4577776 
156.35999905 -0.4577776 
156.39999905 -0.4577776 
156.43999905 -0.4577776 
156.47999905 -0.4577776 
156.51999905 -0.4577776 
156.55999905 -0.4577776 
156.59999905 -0.4577776 
156.63999905 -0.4577776 
156.67999905 -0.4577776 
156.71999905 -0.4577776 
156.75999905 -0.4577776 
156.79999905 -0.4577776 
156.83999905 -0.4577776 
156.87999905 -0.4577776 
156.91999905 -0.4577776 
156.99999905 -0.4577776 
157.03999905 -0.4577776 
157.27999904 -0.4577776 
157.47999904 -0.4577776 
157.51999904 -0.4577776 
160.03999903 -0.4577776 
160.19999903 -0.4577776 
160.31999903 -0.4577776 
160.35999903 -0.4577776 
160.39999903 -0.4577776 
160.43999902 -0.4577776 
160.47999902 -0.4577776 
160.51999902 -0.4577776 
160.63999902 -0.4577776 
160.71999902 -1.339762 
160.75999902 -0.4577776 
160.87999902 -0.4577776 
160.91999902 -0.4577776 
160.95999902 -0.4577776 
160.99999902 -0.4577776 
161.03999902 -0.4577776 
161.11999902 -0.4577776 
161.19999902 -0.4577776 
161.23999902 -0.4577776 
161.35999902 -0.4577776 
161.47999902 -0.4577776 
161.51999902 -0.4577776 
161.55999902 -0.4577776 
166.63999899 -0.4577776 
166.75999899 -0.4577776 
166.79999899 -0.4577776 
166.95999899 -0.4577776 
166.99999899 -0.4577776 
167.15999898 -0.4577776 
167.19999898 -0.4577776 
167.31999898 -0.4577776 
167.35999898 -0.4577776 
167.43999898 -0.4577776 
167.55999898 -0.4577776 
167.59999898 -0.4577776 
167.67999898 -0.4577776 
167.71999898 -0.4577776 
167.79999898 -0.4577776 
167.83999898 -0.4577776 
167.87999898 -0.4577776 
167.91999898 -0.4577776 
167.95999898 -0.4577776 
167.99999898 -0.4577776 
168.07999898 -0.4577776 
168.19999898 -0.4577776 
168.23999898 -0.4577776 
168.27999898 -0.4577776 
168.31999898 -0.4577776 
168.35999898 -0.4577776 
168.39999898 -0.4577776 
168.47999898 -0.4577776 
168.55999898 -0.4577776 
168.63999898 -0.4577776 
168.67999897 -0.4577776 
168.71999897 -0.4577776 
168.87999897 -0.4577776 
168.91999897 -0.4577776 
168.99999897 -0.4577776 
169.03999897 -0.4577776 
169.11999897 -0.4577776 
169.15999897 -0.4577776 
169.27999897 -0.4577776 
169.39999897 -0.4577776 
169.51999897 -0.4577776 
169.55999897 -0.4577776 
169.59999897 -0.4577776 
169.79999897 -0.4577776 
170.31999896 -0.4577776 
170.67999896 -0.4577776 
170.75999896 -0.4577776 
170.83999896 -0.4577776 
171.35999896 -0.4577776 
171.39999896 -0.4577776 
171.47999896 -0.4577776 
171.51999896 -0.4577776 
171.71999896 -0.4577776 
171.75999896 -0.4577776 
171.91999896 -0.4577776 
171.99999895 -0.4577776 
172.03999895 -0.4577776 
172.07999895 -0.4577776 
172.11999895 -0.4577776 
172.15999895 -0.4577776 
172.23999895 -0.4577776 
172.27999895 -0.4577776 
172.31999895 -0.4577776 
172.35999895 -0.4577776 
172.43999895 -0.4577776 
172.47999895 -0.4577776 
172.51999895 -0.4577776 
172.55999895 -0.4577776 
172.59999895 -0.4577776 
172.67999895 -0.4577776 
172.71999895 -0.4577776 
172.75999895 -0.4577776 
172.99999895 -0.4577776 
173.03999895 -0.4577776 
173.15999895 -0.4577776 
173.19999895 -0.4577776 
173.27999895 -0.4577776 
173.51999895 -0.4577776 
173.55999895 -0.4577776 
173.79999894 -0.4577776 
173.83999894 -0.4577776 
176.95999892 -0.4577776 
177.03999892 -0.4577776 
177.11999892 -0.4577776 
177.15999892 -0.4577776 
177.19999892 -0.4577776 
177.27999892 -0.4577776 
177.31999892 -0.4577776 
177.35999892 -0.4577776 
177.39999892 -0.4577776 
177.43999892 -0.4577776 
177.47999892 -0.4577776 
177.51999892 -0.4577776 
177.55999892 -0.4577776 
177.63999892 -0.4577776 
177.67999892 -0.4577776 
177.71999892 -0.4577776 
177.75999892 -0.4577776 
177.79999892 -0.4577776 
177.83999892 -0.4577776 
177.87999892 -0.4577776 
177.91999892 -0.4577776 
177.95999892 -0.4577776 
177.99999892 -0.4577776 
178.03999892 -0.4577776 
178.11999892 -0.4577776 
178.23999892 -0.4577776 
178.27999892 -0.4577776 
178.31999892 -0.4577776 
178.35999892 -0.4577776 
178.43999892 -0.4577776 
178.51999892 -0.4577776 
178.55999891 -0.4577776 
178.71999891 -0.4577776 
179.03999891 -0.4577776 
179.31999891 -0.4577776 
180.6399989 -0.4577776 
180.8799989 -0.4577776 
180.9199989 -0.4577776 
181.0399989 -0.4577776 
181.1599989 -0.4577776 
181.1999989 -0.4577776 
181.3199989 -0.4577776 
181.3599989 -0.4577776 
181.3999989 -0.4577776 
181.4399989 -0.4577776 
181.4799989 -0.4577776 
181.5199989 -0.4577776 
181.5599989 -0.4577776 
181.5999989 -0.4577776 
181.6399989 -0.4577776 
181.6799989 -0.4577776 
181.7199989 -0.4577776 
181.7599989 -0.4577776 
181.7999989 -0.4577776 
181.83999889 -0.4577776 
181.87999889 -0.4577776 
181.91999889 -0.4577776 
181.95999889 -0.4577776 
181.99999889 -0.4577776 
182.03999889 -0.4577776 
182.07999889 -0.4577776 
182.11999889 -0.4577776 
182.15999889 -0.4577776 
182.19999889 -0.4577776 
182.23999889 -0.4577776 
182.27999889 -0.4577776 
182.31999889 -0.4577776 
182.35999889 -1.339762 
182.39999889 -0.4577776 
182.43999889 -0.4577776 
182.47999889 -0.4577776 
182.51999889 -0.4577776 
182.55999889 -2.224799 
182.59999889 -1.339762 
182.63999889 -2.224799 
182.67999889 -0.4577776 
182.71999889 -0.4577776 
182.75999889 -0.4577776 
182.79999889 -0.4577776 
182.83999889 -1.339762 
182.87999889 -1.339762 
182.91999889 -1.339762 
182.95999889 -0.4577776 
182.99999889 -1.339762 
183.03999889 -1.339762 
183.07999889 -0.4577776 
183.11999889 -0.4577776 
183.15999889 -1.339762 
183.19999889 -1.339762 
183.23999889 -0.4577776 
183.27999889 -1.339762 
183.31999889 -0.4577776 
183.35999889 -1.339762 
183.39999889 -1.339762 
183.43999889 -1.339762 
183.47999888 -1.339762 
183.51999888 -0.4577776 
183.55999888 -1.339762 
183.59999888 -1.339762 
183.63999888 -1.339762 
183.67999888 -0.4577776 
183.71999888 -0.4577776 
183.75999888 -1.339762 
183.79999888 -0.4577776 
183.83999888 -0.4577776 
183.87999888 -0.4577776 
183.91999888 -0.4577776 
183.95999888 -0.4577776 
183.99999888 -0.4577776 
184.03999888 -0.4577776 
184.07999888 -0.4577776 
184.11999888 -0.4577776 
184.15999888 -0.4577776 
184.19999888 -0.4577776 
184.23999888 -0.4577776 
184.27999888 -0.4577776 
184.31999888 -0.4577776 
184.35999888 -0.4577776 
184.39999888 -0.4577776 
184.43999888 -0.4577776 
184.47999888 -0.4577776 
184.51999888 -0.4577776 
184.55999888 -0.4577776 
184.83999888 -0.4577776 
192.83999883 -0.4577776 
192.91999883 -0.4577776 
192.95999883 -0.4577776 
192.99999883 -0.4577776 
193.03999883 -0.4577776 
193.07999883 -0.4577776 
193.11999883 -0.4577776 
193.15999883 -0.4577776 
193.19999883 -0.4577776 
193.23999883 -0.4577776 
193.27999883 -0.4577776 
193.31999883 -0.4577776 
193.35999882 -0.4577776 
193.39999882 -0.4577776 
193.43999882 -0.4577776 
193.47999882 -0.4577776 
193.51999882 -0.4577776 
193.55999882 -1.339762 
193.59999882 -1.339762 
193.63999882 -0.4577776 
193.67999882 -0.4577776 
193.71999882 -1.339762 
193.75999882 -1.339762 
193.79999882 -1.339762 
193.83999882 -0.4577776 
193.87999882 -0.4577776 
193.91999882 -1.339762 
193.95999882 -1.339762 
193.99999882 -1.339762 
194.03999882 -1.339762 
194.07999882 -1.339762 
194.11999882 -1.339762 
194.15999882 -1.339762 
194.19999882 -1.339762 
194.23999882 -1.339762 
194.27999882 -1.339762 
194.31999882 -1.339762 
194.35999882 -1.339762 
194.39999882 -0.4577776 
194.43999882 -1.339762 
194.47999882 -1.339762 
194.51999882 -1.339762 
194.55999882 -1.339762 
194.59999882 -0.4577776 
194.63999882 -1.339762 
194.67999882 -0.4577776 
194.71999882 -1.339762 
194.75999882 -0.4577776 
194.79999882 -1.339762 
194.83999882 -0.4577776 
194.87999882 -0.4577776 
194.91999882 -0.4577776 
194.95999882 -1.339762 
194.99999881 -0.4577776 
195.03999881 -0.4577776 
195.07999881 -0.4577776 
195.11999881 -0.4577776 
195.15999881 -0.4577776 
195.23999881 -0.4577776 
195.27999881 -0.4577776 
195.31999881 -0.4577776 
195.35999881 -0.4577776 
195.39999881 -0.4577776 
195.43999881 -0.4577776 
195.47999881 -0.4577776 
195.75999881 -0.4577776 
0 0 
