0.36 -0.4989776 
2.55999998 -0.4989776 
2.67999998 -0.4989776 
2.79999998 -0.4989776 
2.83999998 -0.4989776 
2.87999998 -0.4989776 
2.91999998 -0.4989776 
2.95999998 -0.4989776 
2.99999998 -0.4989776 
3.03999998 -0.4989776 
3.07999998 -0.4989776 
3.11999998 -0.4989776 
3.15999998 -0.4989776 
3.19999998 -0.4989776 
3.23999998 -0.941496 
3.27999998 -0.4989776 
3.31999998 -0.4989776 
3.35999998 -0.941496 
3.39999998 -0.941496 
3.43999998 -0.941496 
3.47999998 -0.4989776 
3.51999998 -0.941496 
3.55999998 -0.4989776 
3.59999998 -0.941496 
3.63999998 -0.4989776 
3.67999998 -0.4989776 
3.71999998 -0.941496 
3.75999998 -0.4989776 
3.79999998 -0.941496 
3.83999998 -0.4989776 
3.87999998 -0.941496 
3.91999998 -0.941496 
3.95999998 -0.4989776 
3.99999998 -0.941496 
4.03999998 -0.941496 
4.07999998 -0.941496 
4.11999997 -0.941496 
4.15999997 -0.4989776 
4.19999997 -0.4989776 
4.23999997 -0.4989776 
4.27999997 -0.4989776 
4.31999997 -0.941496 
4.35999997 -0.941496 
4.39999997 -0.941496 
4.43999997 -4.034547 
4.55999997 -1.825007 
4.59999997 -3.151036 
4.71999997 -1.825007 
4.91999997 -0.941496 
4.95999997 -4.034547 
4.99999997 -0.941496 
5.11999997 -1.825007 
5.23999997 -2.267525 
5.27999997 -0.941496 
5.39999997 -0.4989776 
8.67999995 -0.4989776 
8.79999995 -0.4989776 
8.91999995 -0.4989776 
8.95999995 -0.4989776 
8.99999995 -0.4989776 
9.03999995 -0.4989776 
9.07999994 -0.4989776 
9.11999994 -0.4989776 
9.15999994 -0.4989776 
9.19999994 -0.4989776 
9.23999994 -0.4989776 
9.27999994 -0.941496 
9.31999994 -0.4989776 
9.35999994 -0.4989776 
9.39999994 -0.4989776 
9.43999994 -0.4989776 
9.47999994 -0.4989776 
9.51999994 -0.941496 
9.55999994 -0.941496 
9.59999994 -0.4989776 
9.63999994 -0.4989776 
9.67999994 -0.4989776 
9.71999994 -0.941496 
9.75999994 -0.4989776 
9.79999994 -0.4989776 
9.83999994 -0.4989776 
9.87999994 -0.4989776 
9.91999994 -0.4989776 
9.95999994 -0.4989776 
9.99999994 -0.4989776 
10.03999994 -0.4989776 
10.07999994 -0.941496 
10.11999994 -0.941496 
10.15999994 -0.4989776 
10.19999994 -0.4989776 
10.23999994 -0.4989776 
10.27999994 -0.4989776 
10.31999994 -0.4989776 
10.35999994 -0.4989776 
10.39999994 -0.4989776 
10.43999994 -0.4989776 
10.63999994 -0.4989776 
10.67999994 -0.4989776 
10.71999993 -0.941496 
10.75999993 -0.4989776 
10.91999993 -0.4989776 
12.71999992 -0.4989776 
12.87999992 -0.4989776 
12.95999992 -0.941496 
13.07999992 -0.4989776 
13.11999992 -0.4989776 
13.15999992 -0.4989776 
13.19999992 -0.4989776 
13.23999992 -0.4989776 
13.27999992 -0.4989776 
13.31999992 -0.4989776 
13.35999992 -0.4989776 
13.39999992 -0.4989776 
13.43999992 -0.4989776 
13.47999992 -0.4989776 
13.51999992 -0.4989776 
13.55999992 -0.4989776 
13.59999992 -0.4989776 
13.63999992 -0.4989776 
13.67999992 -0.4989776 
13.71999992 -0.941496 
13.75999992 -0.4989776 
13.79999992 -0.4989776 
13.83999992 -0.941496 
13.87999992 -0.4989776 
13.91999992 -0.941496 
13.95999992 -0.941496 
13.99999991 -0.941496 
14.03999991 -0.941496 
14.07999991 -0.941496 
14.11999991 -0.941496 
14.15999991 -0.4989776 
14.19999991 -0.941496 
14.23999991 -0.941496 
14.27999991 -0.941496 
14.31999991 -0.941496 
14.35999991 -0.941496 
14.39999991 -0.941496 
14.43999991 -0.941496 
14.47999991 -0.941496 
14.51999991 -0.941496 
14.55999991 -0.941496 
14.59999991 -0.941496 
14.63999991 -0.941496 
14.67999991 -0.941496 
14.71999991 -0.941496 
14.75999991 -0.4989776 
14.79999991 -0.941496 
14.83999991 -0.941496 
14.87999991 -0.941496 
14.91999991 -1.382488 
14.95999991 -0.941496 
14.99999991 -0.941496 
15.03999991 -0.941496 
15.07999991 -0.941496 
15.11999991 -1.382488 
15.15999991 -0.941496 
15.19999991 -1.382488 
15.23999991 -0.941496 
15.27999991 -0.941496 
15.31999991 -1.382488 
15.35999991 -0.941496 
15.39999991 -0.941496 
15.43999991 -0.941496 
15.47999991 -0.941496 
15.51999991 -0.941496 
15.55999991 -0.941496 
15.59999991 -0.941496 
15.6399999 -0.941496 
15.6799999 -0.941496 
15.7199999 -0.941496 
15.7599999 -0.941496 
15.7999999 -0.941496 
15.8399999 -0.941496 
15.8799999 -0.941496 
15.9199999 -0.4989776 
15.9599999 -0.941496 
15.9999999 -0.941496 
16.0399999 -0.941496 
16.0799999 -0.941496 
16.1199999 -0.4989776 
16.1599999 -0.4989776 
16.1999999 -0.4989776 
16.2399999 -0.4989776 
16.2799999 -0.4989776 
16.3199999 -0.4989776 
16.3599999 -0.4989776 
16.4399999 -0.4989776 
16.4799999 -0.4989776 
16.5199999 -0.4989776 
16.6399999 -0.4989776 
25.67999984 -0.4989776 
25.83999984 -0.4989776 
26.07999984 -0.4989776 
26.11999984 -0.4989776 
26.15999984 -0.4989776 
26.19999984 -0.4989776 
26.27999984 -0.4989776 
26.31999984 -0.4989776 
26.39999984 -0.4989776 
26.43999984 -0.4989776 
26.47999984 -0.4989776 
26.51999984 -0.4989776 
26.55999984 -0.4989776 
26.59999984 -0.4989776 
26.67999984 -0.4989776 
26.71999984 -0.4989776 
26.79999984 -0.4989776 
26.83999984 -0.4989776 
26.87999984 -0.4989776 
26.91999984 -0.4989776 
27.19999983 -0.4989776 
27.55999983 -0.4989776 
28.27999983 -0.941496 
28.39999983 -0.4989776 
28.55999983 -0.941496 
31.63999981 -0.4989776 
31.71999981 -0.4989776 
32.03999981 -0.4989776 
32.1999998 -0.4989776 
32.2799998 -0.4989776 
32.3599998 -0.4989776 
32.3999998 -3.593554 
32.5199998 -0.941496 
32.5599998 -2.267525 
32.6799998 -0.941496 
32.8799998 -0.941496 
32.9199998 -3.593554 
32.9599998 -0.4989776 
33.0799998 -0.941496 
33.1999998 -2.267525 
33.2399998 -0.941496 
33.3599998 -0.941496 
33.5599998 -0.4989776 
33.7199998 -0.4989776 
35.43999978 -0.4989776 
35.67999978 -0.4989776 
35.79999978 -0.4989776 
35.87999978 -0.4989776 
35.91999978 -0.4989776 
36.03999978 -0.4989776 
36.07999978 -0.4989776 
36.11999978 -0.4989776 
36.15999978 -0.4989776 
36.19999978 -0.4989776 
36.23999978 -0.941496 
36.27999978 -0.4989776 
36.31999978 -0.941496 
36.35999978 -0.941496 
36.39999978 -0.941496 
36.43999978 -0.941496 
36.47999978 -0.4989776 
36.51999978 -0.941496 
36.55999978 -0.941496 
36.59999978 -0.941496 
36.63999978 -0.941496 
36.67999978 -0.941496 
36.71999978 -0.941496 
36.75999978 -0.941496 
36.79999978 -0.4989776 
36.83999978 -0.941496 
36.87999978 -0.941496 
36.91999978 -0.941496 
36.95999978 -0.941496 
36.99999978 -0.941496 
37.03999977 -0.941496 
37.07999977 -0.941496 
37.11999977 -0.941496 
37.15999977 -0.941496 
37.19999977 -0.941496 
37.23999977 -0.941496 
37.27999977 -1.382488 
37.31999977 -0.941496 
37.35999977 -0.941496 
37.39999977 -0.941496 
37.43999977 -1.382488 
37.47999977 -0.941496 
37.51999977 -0.941496 
37.55999977 -0.941496 
37.59999977 -1.382488 
37.63999977 -0.941496 
37.67999977 -0.941496 
37.71999977 -0.941496 
37.75999977 -1.382488 
37.79999977 -0.941496 
37.83999977 -0.941496 
37.87999977 -0.941496 
37.91999977 -0.941496 
37.95999977 -0.941496 
37.99999977 -0.941496 
38.03999977 -0.941496 
38.07999977 -0.941496 
38.11999977 -0.941496 
38.15999977 -0.941496 
38.19999977 -0.941496 
38.23999977 -0.941496 
38.27999977 -0.941496 
38.31999977 -0.941496 
38.35999977 -0.941496 
38.39999977 -0.941496 
38.43999977 -0.941496 
38.47999977 -0.941496 
38.51999977 -0.941496 
38.55999977 -0.941496 
38.59999977 -0.4989776 
38.63999977 -0.941496 
38.67999976 -0.4989776 
38.71999976 -0.4989776 
38.75999976 -0.941496 
38.79999976 -0.941496 
38.83999976 -0.941496 
38.87999976 -0.4989776 
38.91999976 -0.4989776 
38.95999976 -0.4989776 
38.99999976 -0.4989776 
39.03999976 -0.4989776 
39.07999976 -0.4989776 
39.11999976 -0.4989776 
39.15999976 -0.4989776 
39.19999976 -0.4989776 
39.27999976 -0.941496 
39.39999976 -0.4989776 
39.43999976 -0.4989776 
39.63999976 -0.4989776 
39.71999976 -0.4989776 
40.91999975 -0.4989776 
42.03999974 -0.4989776 
42.07999974 -0.4989776 
52.15999968 -0.4989776 
52.79999968 -0.4989776 
53.03999968 -0.4989776 
53.07999968 -0.4989776 
53.27999968 -0.4989776 
53.31999968 -0.4989776 
53.35999968 -0.4989776 
53.43999968 -0.4989776 
53.47999967 -0.4989776 
53.51999967 -0.4989776 
53.55999967 -0.4989776 
53.59999967 -0.4989776 
53.67999967 -0.4989776 
53.71999967 -0.4989776 
53.79999967 -0.4989776 
53.83999967 -0.4989776 
53.99999967 -0.4989776 
54.03999967 -0.4989776 
54.07999967 -0.4989776 
58.63999964 -0.4989776 
58.83999964 -0.4989776 
58.95999964 -0.4989776 
59.27999964 -0.4989776 
59.31999964 -0.4989776 
59.63999964 -0.4989776 
59.67999964 -0.4989776 
59.83999964 -0.941496 
59.87999964 -3.593554 
59.99999964 -1.825007 
60.03999964 -1.825007 
60.15999963 -0.941496 
60.35999963 -2.267525 
60.39999963 -2.708518 
60.51999963 -0.941496 
60.55999963 -0.4989776 
60.63999963 -0.4989776 
60.67999963 -2.708518 
60.83999963 -0.941496 
60.99999963 -0.4989776 
61.03999963 -0.4989776 
61.19999963 -0.4989776 
61.47999963 -0.4989776 
61.55999963 -0.4989776 
61.71999962 -0.4989776 
61.75999962 -0.4989776 
61.83999962 -0.4989776 
61.87999962 -0.4989776 
61.95999962 -0.4989776 
61.99999962 -0.4989776 
62.03999962 -0.4989776 
62.11999962 -0.4989776 
62.15999962 -0.4989776 
62.19999962 -0.4989776 
62.23999962 -0.4989776 
62.27999962 -0.4989776 
62.31999962 -0.4989776 
62.35999962 -0.4989776 
62.39999962 -0.4989776 
62.43999962 -0.4989776 
62.47999962 -0.941496 
62.51999962 -0.941496 
62.55999962 -0.4989776 
62.59999962 -0.4989776 
62.63999962 -0.4989776 
62.67999962 -0.4989776 
62.71999962 -0.4989776 
62.75999962 -0.941496 
62.79999962 -0.941496 
62.83999962 -0.941496 
62.87999962 -0.4989776 
62.91999962 -0.4989776 
62.95999962 -0.941496 
62.99999962 -0.941496 
63.03999962 -0.941496 
63.07999962 -0.941496 
63.11999962 -0.941496 
63.15999962 -0.941496 
63.19999962 -0.941496 
63.23999962 -0.941496 
63.27999962 -0.941496 
63.31999962 -0.941496 
63.35999961 -0.941496 
63.39999961 -0.941496 
63.43999961 -0.941496 
63.47999961 -0.941496 
63.51999961 -0.941496 
63.55999961 -0.941496 
63.59999961 -0.941496 
63.63999961 -0.941496 
63.67999961 -0.941496 
63.71999961 -0.941496 
63.75999961 -0.941496 
63.79999961 -0.941496 
63.83999961 -0.941496 
63.87999961 -0.941496 
63.91999961 -0.941496 
63.95999961 -0.4989776 
63.99999961 -0.941496 
64.03999961 -0.941496 
64.07999961 -1.382488 
64.11999961 -0.941496 
64.15999961 -0.941496 
64.19999961 -0.941496 
64.23999961 -0.941496 
64.27999961 -0.941496 
64.31999961 -0.941496 
64.35999961 -0.941496 
64.39999961 -0.941496 
64.43999961 -0.941496 
64.47999961 -0.941496 
64.51999961 -0.941496 
64.55999961 -0.941496 
64.59999961 -0.941496 
64.63999961 -0.941496 
64.67999961 -0.941496 
64.71999961 -0.941496 
64.75999961 -0.941496 
64.79999961 -0.941496 
64.83999961 -0.941496 
64.87999961 -0.941496 
64.91999961 -0.941496 
64.95999961 -0.941496 
64.9999996 -0.941496 
65.0399996 -0.941496 
65.0799996 -0.941496 
65.1199996 -0.941496 
65.1599996 -0.941496 
65.1999996 -0.4989776 
65.2399996 -0.941496 
65.2799996 -0.941496 
65.3199996 -0.4989776 
65.3599996 -0.4989776 
65.3999996 -0.941496 
65.4399996 -0.941496 
65.4799996 -0.941496 
65.5199996 -0.941496 
65.5999996 -0.941496 
65.6399996 -0.4989776 
65.6799996 -0.941496 
65.7199996 -0.941496 
65.7599996 -0.4989776 
65.7999996 -0.4989776 
65.8399996 -0.4989776 
65.8799996 -0.941496 
65.9199996 -0.4989776 
65.9599996 -0.4989776 
65.9999996 -0.4989776 
66.0399996 -0.4989776 
66.0799996 -0.4989776 
66.1199996 -0.4989776 
66.1599996 -0.4989776 
66.2799996 -0.4989776 
66.4399996 -0.4989776 
66.95999959 -0.4989776 
70.71999957 -0.4989776 
75.43999954 -0.4989776 
75.59999954 -0.4989776 
75.75999954 -0.4989776 
75.87999954 -0.4989776 
76.03999954 -0.4989776 
85.39999948 -0.4989776 
85.63999948 -0.4989776 
85.71999948 -0.4989776 
85.91999948 -0.4989776 
85.95999948 -0.4989776 
85.99999948 -0.4989776 
86.07999948 -0.4989776 
86.11999948 -0.4989776 
86.15999948 -0.4989776 
86.19999948 -0.4989776 
86.23999948 -0.4989776 
86.27999948 -0.4989776 
86.31999948 -0.941496 
86.35999948 -0.941496 
86.39999947 -0.941496 
86.43999947 -0.941496 
86.47999947 -0.941496 
86.51999947 -0.941496 
86.55999947 -0.941496 
86.59999947 -0.941496 
86.63999947 -0.941496 
86.67999947 -0.941496 
86.71999947 -0.941496 
86.75999947 -0.941496 
86.79999947 -0.941496 
86.83999947 -0.941496 
86.87999947 -0.941496 
86.91999947 -0.941496 
86.95999947 -4.477065 
86.99999947 -0.4989776 
87.07999947 -1.825007 
87.11999947 -3.151036 
87.23999947 -1.382488 
87.27999947 -0.941496 
87.43999947 -1.825007 
87.47999947 -4.477065 
87.51999947 -1.382488 
87.59999947 -1.382488 
87.63999947 -2.267525 
87.71999947 -0.4989776 
87.75999947 -3.593554 
87.79999947 -1.825007 
87.91999947 -1.825007 
87.95999947 -0.941496 
87.99999947 -0.941496 
88.03999946 -0.941496 
88.07999946 -0.941496 
88.11999946 -1.825007 
88.15999946 -0.941496 
88.19999946 -0.4989776 
88.23999946 -0.941496 
88.27999946 -1.825007 
88.31999946 -0.941496 
88.35999946 -0.941496 
88.39999946 -0.941496 
88.43999946 -0.941496 
88.47999946 -0.941496 
88.51999946 -0.941496 
88.55999946 -0.941496 
88.59999946 -0.941496 
88.63999946 -0.941496 
88.67999946 -0.941496 
88.71999946 -0.4989776 
88.75999946 -0.941496 
88.79999946 -0.941496 
88.83999946 -0.941496 
88.87999946 -0.941496 
88.91999946 -0.941496 
88.95999946 -0.941496 
88.99999946 -0.4989776 
89.03999946 -0.941496 
89.07999946 -0.941496 
89.11999946 -0.941496 
89.15999946 -0.941496 
89.19999946 -0.4989776 
89.23999946 -0.4989776 
89.27999946 -0.941496 
89.31999946 -0.941496 
89.35999946 -0.4989776 
89.39999946 -0.4989776 
89.43999946 -0.941496 
89.47999946 -0.941496 
89.51999946 -0.941496 
89.55999946 -0.941496 
89.59999946 -0.941496 
89.63999946 -0.941496 
89.67999945 -0.4989776 
89.71999945 -0.4989776 
89.75999945 -0.941496 
89.79999945 -0.941496 
89.83999945 -0.4989776 
89.87999945 -0.4989776 
89.91999945 -0.941496 
89.95999945 -0.941496 
89.99999945 -0.941496 
90.03999945 -0.941496 
90.07999945 -0.941496 
90.11999945 -0.941496 
90.15999945 -0.941496 
90.19999945 -0.941496 
90.23999945 -0.941496 
90.27999945 -0.941496 
90.31999945 -0.941496 
90.35999945 -0.941496 
90.39999945 -0.941496 
90.43999945 -0.941496 
90.47999945 -0.941496 
90.51999945 -0.941496 
90.55999945 -0.941496 
90.59999945 -0.941496 
90.63999945 -0.941496 
90.67999945 -0.941496 
90.71999945 -0.941496 
90.75999945 -0.941496 
90.79999945 -0.941496 
90.83999945 -0.941496 
90.87999945 -0.941496 
90.91999945 -0.941496 
90.95999945 -0.4989776 
90.99999945 -0.941496 
91.03999945 -0.941496 
91.07999945 -0.941496 
91.11999945 -0.941496 
91.15999945 -0.941496 
91.19999945 -0.941496 
91.23999945 -0.941496 
91.27999945 -0.941496 
91.31999945 -0.941496 
91.35999944 -0.941496 
91.39999944 -0.941496 
91.43999944 -0.941496 
91.47999944 -0.941496 
91.51999944 -0.941496 
91.55999944 -0.941496 
91.59999944 -0.941496 
91.63999944 -0.941496 
91.67999944 -0.4989776 
91.71999944 -0.4989776 
91.75999944 -0.941496 
91.79999944 -0.4989776 
91.83999944 -0.941496 
91.87999944 -0.941496 
91.91999944 -0.941496 
91.99999944 -0.4989776 
92.03999944 -0.941496 
92.07999944 -0.4989776 
92.11999944 -0.4989776 
92.15999944 -0.4989776 
92.19999944 -0.4989776 
92.23999944 -0.4989776 
92.31999944 -0.4989776 
92.35999944 -0.4989776 
92.39999944 -0.4989776 
92.43999944 -0.4989776 
92.47999944 -0.4989776 
92.51999944 -0.4989776 
92.63999944 -0.4989776 
93.11999943 -0.4989776 
97.43999941 -0.4989776 
97.47999941 -0.4989776 
97.59999941 -0.941496 
97.63999941 -0.4989776 
97.67999941 -0.4989776 
97.71999941 -0.4989776 
97.75999941 -0.4989776 
97.83999941 -0.4989776 
97.87999941 -0.4989776 
97.9599994 -0.4989776 
97.9999994 -0.4989776 
98.0399994 -0.4989776 
98.0799994 -0.4989776 
98.1199994 -0.4989776 
98.1599994 -0.4989776 
98.1999994 -0.4989776 
98.3199994 -0.4989776 
98.3599994 -0.4989776 
98.3999994 -0.4989776 
98.4399994 -0.4989776 
98.4799994 -0.4989776 
98.5199994 -0.4989776 
98.5999994 -0.4989776 
111.91999932 -0.4989776 
111.95999932 -0.4989776 
112.07999932 -0.4989776 
112.11999932 -0.4989776 
112.15999932 -0.4989776 
112.19999932 -0.4989776 
112.23999932 -0.941496 
112.27999932 -0.941496 
112.31999932 -0.941496 
112.35999932 -0.941496 
112.39999932 -0.941496 
112.43999932 -0.941496 
112.47999932 -0.941496 
112.51999932 -0.941496 
112.55999932 -0.941496 
112.59999932 -0.941496 
112.63999932 -0.941496 
112.67999932 -0.941496 
112.71999931 -0.4989776 
112.75999931 -0.941496 
112.79999931 -0.941496 
112.83999931 -0.941496 
112.87999931 -0.941496 
112.91999931 -0.941496 
112.95999931 -0.941496 
112.99999931 -0.941496 
113.03999931 -0.941496 
113.07999931 -0.941496 
113.11999931 -0.4989776 
113.15999931 -0.941496 
113.19999931 -0.941496 
113.23999931 -0.941496 
113.27999931 -0.941496 
113.31999931 -0.941496 
113.35999931 -0.941496 
113.39999931 -0.941496 
113.43999931 -0.941496 
113.47999931 -0.941496 
113.51999931 -0.941496 
113.55999931 -0.941496 
113.59999931 -0.941496 
113.63999931 -0.941496 
113.67999931 -0.941496 
113.71999931 -0.941496 
113.75999931 -0.941496 
113.79999931 -0.941496 
113.83999931 -0.941496 
113.87999931 -0.941496 
113.91999931 -0.941496 
113.95999931 -0.941496 
113.99999931 -0.941496 
114.03999931 -4.477065 
114.15999931 -1.825007 
114.19999931 -3.151036 
114.31999931 -1.825007 
114.3599993 -0.4989776 
114.5199993 -1.825007 
114.5599993 -4.034547 
114.5999993 -0.941496 
114.6799993 -0.941496 
114.7199993 -1.825007 
114.8399993 -3.151036 
114.8799993 -0.941496 
114.9999993 -1.825007 
115.0399993 -0.941496 
115.1599993 -0.4989776 
115.1999993 -0.941496 
115.2399993 -0.4989776 
115.3599993 -0.941496 
115.3999993 -0.4989776 
115.5199993 -0.4989776 
115.6799993 -0.4989776 
118.19999928 -0.4989776 
118.63999928 -0.4989776 
118.99999928 -0.4989776 
119.11999928 -0.4989776 
119.15999928 -0.4989776 
119.23999928 -0.941496 
119.47999927 -0.4989776 
120.03999927 -0.4989776 
123.31999925 -0.4989776 
123.35999925 -0.4989776 
123.43999925 -0.4989776 
123.47999925 -0.4989776 
123.51999925 -0.4989776 
123.55999925 -0.4989776 
123.59999925 -0.4989776 
123.63999925 -0.4989776 
123.67999925 -0.4989776 
123.71999925 -0.4989776 
123.75999925 -0.4989776 
123.79999925 -0.941496 
123.83999925 -0.4989776 
123.87999925 -0.4989776 
123.91999925 -0.941496 
123.95999925 -0.941496 
123.99999925 -0.941496 
124.03999925 -0.941496 
124.07999925 -0.4989776 
124.11999925 -0.941496 
124.15999925 -1.382488 
124.19999925 -0.941496 
124.23999924 -0.941496 
124.27999924 -0.941496 
124.31999924 -0.941496 
124.35999924 -0.941496 
124.39999924 -0.941496 
124.43999924 -0.941496 
124.47999924 -0.941496 
124.51999924 -0.941496 
124.55999924 -0.941496 
124.59999924 -0.941496 
124.63999924 -0.941496 
124.67999924 -0.941496 
124.71999924 -0.941496 
124.75999924 -0.941496 
124.79999924 -0.941496 
124.83999924 -0.941496 
124.87999924 -0.941496 
124.91999924 -0.941496 
124.95999924 -0.941496 
124.99999924 -0.941496 
125.03999924 -0.941496 
125.07999924 -0.941496 
125.11999924 -0.941496 
125.15999924 -0.941496 
125.19999924 -0.941496 
125.23999924 -0.941496 
125.27999924 -0.941496 
125.31999924 -0.941496 
125.35999924 -0.941496 
125.39999924 -0.941496 
125.43999924 -0.941496 
125.47999924 -0.941496 
125.51999924 -0.941496 
125.55999924 -0.4989776 
125.59999924 -0.4989776 
125.63999924 -0.4989776 
125.67999924 -0.4989776 
125.71999924 -0.4989776 
125.75999924 -0.4989776 
125.79999924 -0.4989776 
125.83999924 -0.4989776 
125.87999923 -0.4989776 
125.91999923 -0.4989776 
125.95999923 -0.4989776 
135.51999918 -0.4989776 
135.63999918 -0.4989776 
135.67999918 -0.4989776 
135.71999918 -0.4989776 
135.75999917 -0.4989776 
135.79999917 -0.4989776 
135.83999917 -0.4989776 
135.87999917 -0.4989776 
135.91999917 -0.4989776 
135.95999917 -0.4989776 
135.99999917 -0.4989776 
136.03999917 -0.4989776 
136.07999917 -0.4989776 
136.11999917 -0.4989776 
136.15999917 -0.941496 
136.19999917 -0.4989776 
136.23999917 -0.4989776 
136.27999917 -0.941496 
136.31999917 -0.4989776 
136.35999917 -0.4989776 
136.39999917 -0.4989776 
136.43999917 -0.941496 
136.47999917 -0.941496 
136.51999917 -0.941496 
136.55999917 -0.4989776 
136.59999917 -0.4989776 
136.63999917 -0.4989776 
136.67999917 -0.4989776 
136.75999917 -0.4989776 
136.79999917 -1.825007 
136.83999917 -0.4989776 
136.91999917 -0.941496 
136.95999917 -0.941496 
136.99999917 -0.4989776 
137.03999917 -0.4989776 
137.07999917 -0.941496 
137.11999917 -0.4989776 
137.15999917 -0.4989776 
137.19999917 -0.4989776 
137.23999917 -0.4989776 
137.27999917 -0.4989776 
137.31999917 -0.941496 
137.35999917 -0.4989776 
137.39999916 -0.4989776 
137.43999916 -0.4989776 
137.51999916 -0.4989776 
137.55999916 -0.4989776 
137.63999916 -0.4989776 
137.67999916 -0.4989776 
140.15999915 -0.4989776 
140.35999915 -0.4989776 
140.39999915 -0.4989776 
140.43999915 -0.4989776 
140.51999915 -0.4989776 
140.55999915 -0.4989776 
140.59999915 -0.4989776 
140.63999915 -0.4989776 
140.67999915 -0.4989776 
140.71999914 -0.4989776 
140.75999914 -0.4989776 
140.83999914 -0.941496 
140.87999914 -0.4989776 
140.91999914 -0.4989776 
140.95999914 -4.034547 
141.07999914 -1.825007 
141.11999914 -2.267525 
141.23999914 -1.825007 
141.43999914 -2.708518 
141.47999914 -3.593554 
141.59999914 -0.941496 
141.63999914 -0.941496 
141.71999914 -0.4989776 
141.75999914 -3.151036 
141.79999914 -0.4989776 
141.91999914 -0.941496 
141.95999914 -0.941496 
142.07999914 -0.4989776 
142.11999914 -0.941496 
142.23999914 -0.4989776 
142.27999914 -0.941496 
142.31999914 -0.4989776 
142.43999913 -0.4989776 
142.59999913 -0.4989776 
142.87999913 -0.4989776 
146.07999911 -0.4989776 
146.23999911 -0.4989776 
146.31999911 -0.4989776 
146.39999911 -0.4989776 
146.43999911 -0.4989776 
146.51999911 -0.4989776 
146.55999911 -0.4989776 
146.59999911 -0.4989776 
146.63999911 -0.4989776 
146.67999911 -0.4989776 
146.71999911 -0.4989776 
146.75999911 -0.4989776 
146.79999911 -0.4989776 
146.83999911 -0.4989776 
146.87999911 -0.4989776 
146.91999911 -0.4989776 
146.95999911 -0.4989776 
146.99999911 -0.4989776 
147.03999911 -0.941496 
147.07999911 -0.941496 
147.11999911 -0.4989776 
147.15999911 -0.941496 
147.19999911 -0.4989776 
147.23999911 -0.4989776 
147.2799991 -0.941496 
147.3199991 -0.4989776 
147.3599991 -0.941496 
147.3999991 -0.941496 
147.4399991 -0.941496 
147.4799991 -0.941496 
147.5599991 -0.941496 
147.5999991 -0.941496 
147.6399991 -0.941496 
147.6799991 -0.4989776 
147.7199991 -0.4989776 
147.7599991 -0.941496 
147.7999991 -0.4989776 
147.8399991 -0.941496 
147.8799991 -0.941496 
147.9199991 -0.941496 
147.9599991 -0.941496 
147.9999991 -0.4989776 
148.0399991 -0.4989776 
148.0799991 -0.941496 
148.1199991 -0.941496 
148.1599991 -0.4989776 
148.1999991 -0.941496 
148.2399991 -0.941496 
148.2799991 -0.4989776 
148.3199991 -0.4989776 
148.3599991 -0.941496 
148.3999991 -0.4989776 
148.4399991 -0.4989776 
148.4799991 -0.941496 
148.5199991 -0.941496 
148.5599991 -0.941496 
148.5999991 -0.941496 
148.6399991 -0.4989776 
148.6799991 -0.941496 
148.7199991 -0.941496 
148.7599991 -0.941496 
148.7999991 -0.941496 
148.8399991 -0.4989776 
148.8799991 -0.4989776 
148.91999909 -0.4989776 
148.95999909 -0.4989776 
148.99999909 -0.4989776 
149.03999909 -0.4989776 
149.07999909 -0.4989776 
149.11999909 -0.4989776 
149.15999909 -0.4989776 
149.19999909 -0.4989776 
149.23999909 -0.4989776 
149.27999909 -0.4989776 
149.31999909 -0.4989776 
149.35999909 -0.4989776 
149.39999909 -0.4989776 
149.43999909 -0.4989776 
149.47999909 -0.4989776 
149.51999909 -0.4989776 
149.55999909 -0.4989776 
149.59999909 -0.4989776 
149.67999909 -0.4989776 
149.79999909 -0.4989776 
149.83999909 -0.4989776 
149.87999909 -0.4989776 
149.91999909 -0.4989776 
149.95999909 -0.4989776 
150.11999909 -0.4989776 
150.27999909 -0.4989776 
150.31999909 -0.4989776 
150.67999908 -0.4989776 
150.83999908 -0.4989776 
150.91999908 -0.4989776 
151.11999908 -0.4989776 
151.15999908 -0.4989776 
151.51999908 -0.4989776 
151.55999908 -0.4989776 
151.75999908 -0.4989776 
151.83999908 -0.4989776 
151.87999908 -0.4989776 
151.91999908 -0.4989776 
151.99999908 -0.4989776 
152.03999908 -0.4989776 
152.07999908 -0.4989776 
152.11999908 -0.4989776 
152.15999908 -0.4989776 
152.19999908 -0.4989776 
152.23999907 -0.4989776 
152.27999907 -0.941496 
152.31999907 -0.941496 
152.35999907 -0.4989776 
152.39999907 -0.4989776 
152.43999907 -0.4989776 
152.47999907 -0.4989776 
152.51999907 -0.4989776 
152.55999907 -0.4989776 
152.63999907 -0.4989776 
152.67999907 -0.4989776 
152.71999907 -0.4989776 
152.75999907 -0.4989776 
152.79999907 -0.4989776 
152.83999907 -0.4989776 
152.87999907 -0.4989776 
152.91999907 -0.4989776 
152.99999907 -0.4989776 
153.03999907 -0.4989776 
153.07999907 -0.4989776 
153.15999907 -0.4989776 
153.27999907 -0.4989776 
162.55999901 -0.4989776 
162.71999901 -0.4989776 
162.83999901 -0.4989776 
162.95999901 -0.4989776 
163.11999901 -0.4989776 
163.15999901 -0.4989776 
163.51999901 -0.4989776 
163.67999901 -0.4989776 
163.719999 -0.941496 
163.839999 -0.4989776 
163.879999 -0.4989776 
163.999999 -0.4989776 
167.83999898 -0.4989776 
167.87999898 -1.825007 
167.99999898 -1.382488 
168.03999898 -0.941496 
168.15999898 -0.4989776 
168.35999898 -2.708518 
168.39999898 -2.267525 
168.51999898 -0.941496 
168.63999898 -0.4989776 
168.67999897 -1.825007 
168.83999897 -0.4989776 
168.99999897 -0.4989776 
169.19999897 -0.4989776 
171.07999896 -0.4989776 
171.51999896 -0.4989776 
171.95999895 -0.4989776 
172.11999895 -0.4989776 
172.39999895 -0.4989776 
172.43999895 -0.4989776 
172.47999895 -0.4989776 
172.51999895 -0.4989776 
172.55999895 -0.4989776 
172.59999895 -0.4989776 
172.63999895 -0.4989776 
172.67999895 -0.941496 
172.71999895 -0.941496 
172.75999895 -0.4989776 
172.79999895 -0.4989776 
172.83999895 -0.4989776 
172.87999895 -0.941496 
172.91999895 -0.941496 
172.95999895 -0.941496 
172.99999895 -0.941496 
173.03999895 -0.941496 
173.07999895 -0.941496 
173.11999895 -0.941496 
173.15999895 -0.941496 
173.19999895 -0.941496 
173.23999895 -0.941496 
173.27999895 -0.941496 
173.31999895 -0.941496 
173.35999895 -0.941496 
173.39999895 -0.941496 
173.43999895 -0.941496 
173.47999895 -0.941496 
173.51999895 -0.941496 
173.55999895 -0.941496 
173.59999894 -0.941496 
173.63999894 -0.941496 
173.67999894 -0.941496 
173.71999894 -0.941496 
173.75999894 -0.941496 
173.79999894 -1.382488 
173.83999894 -0.941496 
173.87999894 -0.941496 
173.91999894 -1.382488 
173.95999894 -0.941496 
173.99999894 -0.941496 
174.03999894 -0.941496 
174.07999894 -0.941496 
174.11999894 -0.941496 
174.15999894 -0.941496 
174.19999894 -0.941496 
174.23999894 -0.941496 
174.27999894 -1.382488 
174.31999894 -0.941496 
174.35999894 -0.941496 
174.39999894 -1.382488 
174.43999894 -1.825007 
174.47999894 -1.382488 
174.51999894 -0.941496 
174.55999894 -1.382488 
174.59999894 -0.941496 
174.63999894 -0.941496 
174.67999894 -0.941496 
174.71999894 -0.941496 
174.75999894 -0.941496 
174.79999894 -0.941496 
174.83999894 -0.941496 
174.87999894 -1.382488 
174.91999894 -0.941496 
174.95999894 -0.941496 
174.99999894 -0.941496 
175.03999894 -0.941496 
175.07999894 -0.941496 
175.11999894 -0.941496 
175.15999894 -0.941496 
175.19999894 -0.941496 
175.23999893 -0.4989776 
175.27999893 -0.941496 
175.31999893 -0.4989776 
175.35999893 -0.941496 
175.39999893 -0.941496 
175.43999893 -0.941496 
175.47999893 -0.941496 
175.51999893 -0.941496 
175.55999893 -0.4989776 
175.59999893 -0.4989776 
175.63999893 -0.4989776 
175.67999893 -0.4989776 
175.71999893 -0.4989776 
175.75999893 -0.941496 
175.79999893 -0.4989776 
175.83999893 -0.4989776 
175.87999893 -0.4989776 
175.91999893 -0.4989776 
175.95999893 -0.4989776 
175.99999893 -0.941496 
176.23999893 -0.4989776 
185.03999888 -0.4989776 
185.51999887 -0.4989776 
185.55999887 -0.4989776 
185.59999887 -0.4989776 
185.71999887 -0.4989776 
185.75999887 -0.4989776 
185.83999887 -0.4989776 
185.87999887 -0.4989776 
185.95999887 -0.4989776 
186.03999887 -0.4989776 
186.07999887 -0.4989776 
186.27999887 -0.4989776 
190.59999884 -0.941496 
190.71999884 -0.4989776 
194.71999882 -2.708518 
194.87999882 -1.382488 
194.99999881 -0.4989776 
195.19999881 -0.941496 
195.23999881 -3.593554 
195.27999881 -0.941496 
195.39999881 -0.941496 
195.51999881 -2.267525 
195.55999881 -0.941496 
195.67999881 -0.941496 
195.71999881 -0.4989776 
195.87999881 -0.4989776 
196.03999881 -0.941496 
196.07999881 -0.941496 
196.19999881 -0.4989776 
196.23999881 -0.4989776 
196.31999881 -0.4989776 
196.35999881 -0.941496 
196.39999881 -0.4989776 
196.43999881 -0.4989776 
196.51999881 -0.4989776 
196.55999881 -0.941496 
196.59999881 -0.4989776 
196.6399988 -0.4989776 
196.6799988 -0.4989776 
196.7199988 -0.941496 
196.7599988 -0.941496 
196.7999988 -0.4989776 
196.8399988 -0.941496 
196.8799988 -0.941496 
196.9199988 -0.4989776 
196.9599988 -0.4989776 
196.9999988 -0.941496 
197.0399988 -0.941496 
197.0799988 -0.941496 
197.1199988 -0.941496 
197.1599988 -0.941496 
197.2399988 -1.825007 
197.2799988 -0.941496 
197.3199988 -0.4989776 
197.3599988 -0.941496 
197.3999988 -0.941496 
197.4399988 -0.941496 
197.4799988 -0.941496 
197.5199988 -0.941496 
197.5599988 -0.941496 
197.5999988 -0.941496 
197.6399988 -0.4989776 
197.6799988 -0.941496 
197.7199988 -0.941496 
197.7599988 -0.941496 
197.7999988 -0.941496 
197.8399988 -0.4989776 
197.8799988 -0.941496 
197.9199988 -0.941496 
197.9599988 -0.941496 
197.9999988 -0.941496 
198.0399988 -0.941496 
198.0799988 -0.941496 
198.1199988 -0.941496 
198.1599988 -0.941496 
198.1999988 -0.941496 
198.2399988 -0.941496 
198.27999879 -0.941496 
198.31999879 -0.941496 
198.35999879 -0.941496 
198.39999879 -0.941496 
198.43999879 -0.941496 
198.47999879 -0.941496 
198.51999879 -0.941496 
198.55999879 -0.941496 
198.59999879 -0.4989776 
198.63999879 -0.4989776 
198.67999879 -0.4989776 
198.71999879 -0.941496 
198.75999879 -0.941496 
198.79999879 -0.941496 
198.83999879 -0.4989776 
198.87999879 -0.4989776 
198.91999879 -0.941496 
198.95999879 -0.4989776 
198.99999879 -0.941496 
199.03999879 -0.4989776 
199.07999879 -0.941496 
199.11999879 -0.941496 
199.15999879 -0.941496 
199.19999879 -0.941496 
199.23999879 -0.4989776 
199.27999879 -0.941496 
199.31999879 -0.4989776 
199.35999879 -0.4989776 
199.39999879 -0.4989776 
199.43999879 -0.4989776 
199.47999879 -0.4989776 
199.51999879 -0.941496 
199.55999879 -0.941496 
199.59999879 -0.4989776 
199.63999879 -0.941496 
199.67999879 -0.941496 
199.71999879 -0.941496 
199.75999879 -0.4989776 
199.79999879 -0.4989776 
199.83999879 -0.941496 
199.87999879 -0.4989776 
199.91999878 -0.941496 
199.95999878 -0.941496 
199.99999878 -0.941496 
200.03999878 -0.4989776 
200.07999878 -0.4989776 
200.11999878 -0.941496 
0 0 
