1.91999999 -1.770074 
1.95999999 -1.770074 
6.51999996 -7.043672 
9.87999994 -1.770074 
10.15999994 -1.770074 
10.31999994 -1.770074 
10.35999994 -1.770074 
10.43999994 -1.770074 
10.55999994 -1.770074 
10.59999994 -1.770074 
10.79999993 -1.770074 
10.83999993 -1.770074 
10.87999993 -1.770074 
11.03999993 -1.770074 
11.27999993 -1.770074 
12.43999992 -1.770074 
12.47999992 -1.770074 
12.59999992 -1.770074 
14.87999991 -1.770074 
16.5199999 -1.770074 
25.23999985 -1.770074 
26.19999984 -1.770074 
26.35999984 -1.770074 
30.75999981 -3.52794 
31.19999981 -3.52794 
31.47999981 -1.770074 
32.7199998 -1.770074 
32.7599998 -3.52794 
37.15999977 -1.770074 
37.39999977 -1.770074 
38.59999977 -1.770074 
38.63999977 -3.52794 
45.63999972 -1.770074 
48.35999971 -1.770074 
50.63999969 -1.770074 
50.67999969 -7.043672 
51.35999969 -1.770074 
51.39999969 -1.770074 
55.19999966 -3.52794 
55.23999966 -7.043672 
55.63999966 -1.770074 
55.91999966 -1.770074 
59.03999964 -3.52794 
59.19999964 -1.770074 
64.75999961 -1.770074 
64.79999961 -1.770074 
70.99999957 -1.770074 
71.03999957 -1.770074 
71.07999957 -1.770074 
71.59999956 -1.770074 
71.91999956 -3.52794 
71.95999956 -1.770074 
72.11999956 -1.770074 
72.15999956 -1.770074 
75.03999954 -1.770074 
75.07999954 -5.285806 
75.31999954 -1.770074 
77.55999953 -1.770074 
79.51999952 -1.770074 
85.47999948 -1.770074 
87.35999947 -1.770074 
90.79999945 -1.770074 
98.2399994 -1.770074 
99.0399994 -1.770074 
99.67999939 -3.52794 
99.71999939 -1.770074 
103.55999937 -1.770074 
104.07999937 -1.770074 
104.15999937 -3.52794 
104.19999937 -8.795434 
104.39999937 -1.770074 
104.59999936 -1.770074 
104.87999936 -1.770074 
111.75999932 -3.52794 
116.95999929 -1.770074 
120.79999927 -1.770074 
120.99999926 -1.770074 
121.03999926 -1.770074 
121.23999926 -1.770074 
123.03999925 -1.770074 
124.11999925 -3.52794 
124.15999925 -3.52794 
124.35999924 -1.770074 
124.39999924 -1.770074 
128.55999922 -1.770074 
128.63999922 -3.52794 
129.07999922 -1.770074 
129.35999921 -1.770074 
129.71999921 -3.52794 
131.4399992 -1.770074 
138.03999916 -1.770074 
143.11999913 -1.770074 
147.9199991 -1.770074 
148.0799991 -1.770074 
148.1199991 -1.770074 
148.2799991 -1.770074 
148.6399991 -3.52794 
148.6799991 -7.043672 
148.8399991 -1.770074 
148.8799991 -1.770074 
148.91999909 -1.770074 
149.07999909 -1.770074 
150.95999908 -1.770074 
153.15999907 -3.52794 
153.19999907 -1.770074 
153.35999907 -3.52794 
153.39999907 -1.770074 
153.63999907 -3.52794 
153.79999907 -1.770074 
153.91999906 -1.770074 
154.07999906 -1.770074 
155.87999905 -1.770074 
164.359999 -1.770074 
169.11999897 -3.52794 
169.27999897 -1.770074 
170.11999897 -1.770074 
173.35999895 -3.52794 
173.39999895 -3.52794 
177.23999892 -1.770074 
177.83999892 -5.285806 
177.87999892 -1.770074 
178.03999892 -1.770074 
178.27999892 -3.52794 
178.31999892 -1.770074 
178.55999891 -1.770074 
178.71999891 -1.770074 
181.87999889 -5.285806 
182.03999889 -1.770074 
182.07999889 -1.770074 
183.23999889 -1.770074 
195.23999881 -1.770074 
195.27999881 -1.770074 
198.0399988 -1.770074 
198.0799988 -3.52794 
0 0 
