148.91999909 -0.3503525 
149.11999909 -0.3503525 
149.23999909 -0.3503525 
150.31999909 -0.3503525 
150.47999909 -0.3503525 
150.55999908 -0.3503525 
150.59999908 -0.3503525 
150.63999908 -0.3503525 
150.99999908 -0.3503525 
151.03999908 -0.3503525 
151.31999908 -0.3503525 
151.39999908 -0.3503525 
151.43999908 -0.3503525 
151.67999908 -0.3503525 
151.71999908 -0.3503525 
151.75999908 -0.3503525 
151.79999908 -0.3503525 
151.87999908 -0.3503525 
151.91999908 -0.3503525 
151.95999908 -0.3503525 
151.99999908 -0.3503525 
152.11999908 -0.3503525 
152.19999908 -0.3503525 
152.23999907 -0.3503525 
152.27999907 -0.3503525 
152.31999907 -0.3503525 
152.35999907 -0.3503525 
152.47999907 -0.3503525 
152.51999907 -0.3503525 
152.59999907 -0.3503525 
152.63999907 -0.3503525 
152.67999907 -0.3503525 
152.71999907 -0.3503525 
152.75999907 -0.3503525 
152.79999907 -0.3503525 
152.83999907 -0.3503525 
152.87999907 -0.3503525 
152.99999907 -0.3503525 
153.07999907 -0.3503525 
153.11999907 -0.3503525 
153.15999907 -0.3503525 
153.19999907 -0.3503525 
153.23999907 -0.3503525 
153.27999907 -0.3503525 
153.35999907 -0.3503525 
153.39999907 -0.3503525 
153.43999907 -0.3503525 
153.47999907 -0.3503525 
153.51999907 -0.3503525 
153.55999907 -0.3503525 
153.59999907 -0.3503525 
153.63999907 -0.3503525 
153.67999907 -0.3503525 
153.71999907 -0.3503525 
153.75999907 -0.3503525 
153.79999907 -0.3503525 
153.83999907 -0.3503525 
153.87999906 -0.3503525 
153.91999906 -0.3503525 
153.95999906 -0.3503525 
153.99999906 -0.3503525 
154.03999906 -0.3503525 
154.07999906 -0.3503525 
154.11999906 -0.3503525 
154.15999906 -0.3503525 
154.19999906 -0.3503525 
154.23999906 -0.3503525 
154.27999906 -0.3503525 
154.31999906 -0.3503525 
154.35999906 -0.3503525 
154.39999906 -0.3503525 
154.43999906 -0.3503525 
154.47999906 -0.3503525 
154.51999906 -0.3503525 
154.55999906 -0.3503525 
154.59999906 -0.3503525 
154.63999906 -0.3503525 
154.67999906 -0.3503525 
154.71999906 -0.3503525 
154.75999906 -0.3503525 
154.79999906 -0.3503525 
154.83999906 -0.3503525 
154.87999906 -0.3503525 
154.91999906 -0.3503525 
154.95999906 -0.3503525 
154.99999906 -0.3503525 
155.03999906 -0.3503525 
155.07999906 -0.3503525 
155.11999906 -0.3503525 
155.15999906 -0.3503525 
155.19999906 -0.3503525 
155.23999906 -0.3503525 
155.27999906 -0.3503525 
155.31999906 -0.3503525 
155.35999906 -0.3503525 
155.39999906 -0.3503525 
155.43999906 -0.3503525 
155.47999906 -0.3503525 
155.51999905 -0.3503525 
155.55999905 -0.3503525 
155.59999905 -0.3503525 
155.63999905 -0.3503525 
155.67999905 -0.3503525 
155.71999905 -0.3503525 
155.75999905 -0.3503525 
155.79999905 -0.3503525 
155.83999905 -0.3503525 
155.87999905 -0.3503525 
155.91999905 -0.3503525 
155.95999905 -0.3503525 
155.99999905 -0.3503525 
156.03999905 -0.3503525 
156.07999905 -0.3503525 
156.11999905 -0.3503525 
156.15999905 -0.3503525 
156.19999905 -0.3503525 
156.23999905 -0.3503525 
156.27999905 -0.3503525 
156.31999905 -0.3503525 
156.35999905 -0.3503525 
156.39999905 -0.3503525 
156.43999905 -0.3503525 
156.47999905 -0.3503525 
156.51999905 -0.3503525 
156.55999905 -0.3503525 
156.59999905 -0.3503525 
156.63999905 -0.3503525 
156.67999905 -0.3503525 
156.71999905 -0.3503525 
156.75999905 -0.3503525 
156.79999905 -0.3503525 
156.83999905 -0.3503525 
156.87999905 -0.3503525 
156.91999905 -0.3503525 
156.95999905 -0.3503525 
156.99999905 -0.3503525 
157.03999905 -0.3503525 
157.07999905 -0.3503525 
157.11999905 -0.3503525 
157.15999904 -0.3503525 
157.19999904 -0.3503525 
157.23999904 -0.3503525 
157.27999904 -0.3503525 
157.31999904 -0.3503525 
157.35999904 -0.3503525 
157.39999904 -0.3503525 
157.43999904 -0.3503525 
157.47999904 -0.3503525 
157.51999904 -0.3503525 
157.55999904 -0.3503525 
157.59999904 -0.3503525 
157.63999904 -0.3503525 
157.67999904 -0.3503525 
157.71999904 -0.3503525 
157.75999904 -0.3503525 
157.79999904 -0.3503525 
157.83999904 -0.3503525 
157.87999904 -0.3503525 
157.91999904 -0.3503525 
157.95999904 -0.3503525 
157.99999904 -0.3503525 
158.03999904 -0.3503525 
158.07999904 -0.3503525 
158.11999904 -0.3503525 
158.15999904 -0.3503525 
158.19999904 -0.3503525 
158.23999904 -0.3503525 
158.27999904 -0.3503525 
158.31999904 -0.3503525 
158.35999904 -0.3503525 
158.39999904 -0.3503525 
158.43999904 -0.3503525 
158.47999904 -0.3503525 
158.51999904 -0.3503525 
158.55999904 -0.3503525 
158.59999904 -0.3503525 
158.63999904 -0.3503525 
158.67999904 -0.3503525 
158.71999904 -0.3503525 
158.75999904 -0.3503525 
158.79999903 -0.3503525 
158.83999903 -0.3503525 
158.87999903 -0.3503525 
158.91999903 -0.3503525 
158.95999903 -0.3503525 
158.99999903 -0.3503525 
159.03999903 -0.3503525 
159.07999903 -0.3503525 
159.11999903 -0.3503525 
159.15999903 -0.3503525 
159.19999903 -0.3503525 
159.23999903 -0.3503525 
159.27999903 -0.3503525 
159.31999903 -0.3503525 
159.35999903 -0.3503525 
159.39999903 -0.3503525 
159.43999903 -0.3503525 
159.47999903 -0.3503525 
159.51999903 -0.3503525 
159.55999903 -0.3503525 
159.59999903 -0.3503525 
159.63999903 -0.3503525 
159.67999903 -0.3503525 
159.71999903 -0.3503525 
159.75999903 -0.3503525 
159.79999903 -0.3503525 
159.83999903 -0.3503525 
159.87999903 -0.3503525 
159.91999903 -0.3503525 
159.95999903 -0.3503525 
159.99999903 -0.3503525 
160.03999903 -0.3503525 
160.07999903 -0.3503525 
160.11999903 -0.3503525 
160.15999903 -0.3503525 
160.19999903 -0.3503525 
160.23999903 -0.3503525 
160.27999903 -0.3503525 
160.31999903 -0.3503525 
160.35999903 -0.3503525 
160.39999903 -0.3503525 
160.43999902 -0.3503525 
160.47999902 -0.3503525 
160.51999902 -0.3503525 
160.55999902 -0.3503525 
160.59999902 -0.3503525 
160.63999902 -0.3503525 
160.67999902 -0.3503525 
160.71999902 -0.3503525 
160.75999902 -0.3503525 
160.79999902 -0.3503525 
160.83999902 -0.3503525 
160.87999902 -0.3503525 
160.91999902 -0.3503525 
160.95999902 -0.3503525 
160.99999902 -0.3503525 
161.03999902 -0.3503525 
161.07999902 -0.3503525 
161.11999902 -0.3503525 
161.15999902 -0.3503525 
161.19999902 -0.3503525 
161.23999902 -0.3503525 
161.27999902 -0.3503525 
161.31999902 -0.3503525 
161.35999902 -0.3503525 
161.39999902 -0.3503525 
161.43999902 -0.3503525 
161.47999902 -0.3503525 
161.51999902 -0.3503525 
161.55999902 -0.3503525 
161.59999902 -0.3503525 
161.63999902 -0.3503525 
161.67999902 -0.3503525 
161.71999902 -0.3503525 
161.75999902 -0.3503525 
161.79999902 -0.3503525 
161.83999902 -0.3503525 
161.87999902 -0.3503525 
161.91999902 -0.3503525 
161.95999902 -0.3503525 
161.99999902 -0.3503525 
162.03999902 -0.3503525 
162.07999901 -0.3503525 
162.11999901 -0.3503525 
162.15999901 -0.3503525 
162.19999901 -0.3503525 
162.23999901 -0.3503525 
162.27999901 -0.3503525 
162.31999901 -0.3503525 
162.35999901 -0.3503525 
162.39999901 -0.3503525 
162.43999901 -0.3503525 
162.47999901 -0.3503525 
162.51999901 -0.3503525 
162.55999901 -0.3503525 
162.59999901 -0.3503525 
162.63999901 -0.3503525 
162.67999901 -0.3503525 
162.71999901 -0.3503525 
162.75999901 -0.3503525 
162.79999901 -0.3503525 
162.83999901 -0.3503525 
162.87999901 -0.3503525 
162.91999901 -0.3503525 
162.95999901 -0.3503525 
162.99999901 -0.3503525 
163.03999901 -0.3503525 
163.07999901 -0.3503525 
163.11999901 -0.3503525 
163.15999901 -0.3503525 
163.19999901 -0.3503525 
163.23999901 -0.3503525 
163.27999901 -0.3503525 
163.31999901 -0.3503525 
163.35999901 -0.3503525 
163.39999901 -0.3503525 
163.43999901 -0.3503525 
163.47999901 -0.3503525 
163.51999901 -0.3503525 
163.55999901 -0.3503525 
163.59999901 -0.3503525 
163.63999901 -0.3503525 
163.67999901 -0.3503525 
163.719999 -0.3503525 
163.759999 -0.3503525 
163.799999 -0.3503525 
163.839999 -0.3503525 
163.879999 -0.3503525 
163.919999 -0.3503525 
163.959999 -0.3503525 
163.999999 -0.3503525 
164.039999 -0.3503525 
164.079999 -0.3503525 
164.119999 -0.3503525 
164.159999 -0.3503525 
164.199999 -0.3503525 
164.239999 -0.3503525 
164.279999 -0.3503525 
164.319999 -0.3503525 
164.359999 -0.3503525 
164.399999 -0.3503525 
164.439999 -0.3503525 
164.479999 -0.3503525 
164.519999 -0.3503525 
164.559999 -0.3503525 
164.599999 -0.3503525 
164.639999 -0.3503525 
164.679999 -0.3503525 
164.719999 -0.3503525 
164.759999 -0.3503525 
164.799999 -0.3503525 
164.839999 -0.3503525 
164.879999 -0.3503525 
164.919999 -0.3503525 
164.959999 -0.3503525 
164.999999 -0.3503525 
165.039999 -0.3503525 
165.079999 -0.3503525 
165.119999 -0.3503525 
165.159999 -0.3503525 
165.199999 -0.3503525 
165.239999 -0.3503525 
165.279999 -0.3503525 
165.319999 -0.3503525 
165.359999 -0.3503525 
165.39999899 -0.3503525 
165.43999899 -0.3503525 
165.47999899 -0.3503525 
165.51999899 -0.3503525 
165.55999899 -0.3503525 
165.59999899 -0.524308 
165.63999899 -0.3503525 
165.67999899 -0.3503525 
165.71999899 -0.3503525 
165.75999899 -0.3503525 
165.79999899 -0.3503525 
165.83999899 -0.3503525 
165.87999899 -0.3503525 
165.91999899 -0.3503525 
165.95999899 -0.3503525 
165.99999899 -0.3503525 
166.03999899 -0.3503525 
166.07999899 -0.3503525 
166.11999899 -0.3503525 
166.15999899 -0.3503525 
166.19999899 -0.3503525 
166.23999899 -0.3503525 
166.27999899 -0.3503525 
166.31999899 -0.3503525 
166.35999899 -0.3503525 
166.39999899 -0.3503525 
166.43999899 -0.3503525 
166.47999899 -0.3503525 
166.51999899 -0.3503525 
166.55999899 -0.3503525 
166.59999899 -0.3503525 
166.63999899 -0.3503525 
166.67999899 -0.3503525 
166.71999899 -0.3503525 
166.75999899 -0.3503525 
166.79999899 -0.3503525 
166.83999899 -0.3503525 
166.87999899 -0.3503525 
166.91999899 -0.3503525 
166.95999899 -0.3503525 
166.99999899 -0.3503525 
167.03999898 -0.3503525 
167.07999898 -0.3503525 
167.11999898 -0.3503525 
167.15999898 -0.3503525 
167.19999898 -0.3503525 
167.23999898 -0.3503525 
167.27999898 -0.3503525 
167.31999898 -0.3503525 
167.35999898 -0.3503525 
167.39999898 -0.3503525 
167.43999898 -0.3503525 
167.47999898 -0.3503525 
167.51999898 -0.3503525 
167.55999898 -0.3503525 
167.59999898 -0.3503525 
167.63999898 -0.3503525 
167.67999898 -0.3503525 
167.71999898 -0.3503525 
167.75999898 -0.3503525 
167.79999898 -0.3503525 
167.83999898 -0.3503525 
167.87999898 -0.3503525 
167.91999898 -0.3503525 
167.95999898 -0.3503525 
167.99999898 -0.3503525 
168.03999898 -0.3503525 
168.07999898 -0.3503525 
168.11999898 -0.3503525 
168.15999898 -0.3503525 
168.19999898 -0.3503525 
168.23999898 -0.3503525 
168.27999898 -0.3503525 
168.31999898 -0.3503525 
168.35999898 -0.3503525 
168.39999898 -0.3503525 
168.43999898 -0.3503525 
168.47999898 -0.3503525 
168.51999898 -0.3503525 
168.55999898 -0.3503525 
168.59999898 -0.3503525 
168.63999898 -0.3503525 
168.67999897 -0.3503525 
168.71999897 -0.3503525 
168.75999897 -0.3503525 
168.79999897 -0.3503525 
168.83999897 -0.3503525 
168.87999897 -0.3503525 
168.91999897 -0.3503525 
168.95999897 -0.3503525 
168.99999897 -0.3503525 
169.03999897 -0.3503525 
169.07999897 -0.3503525 
169.11999897 -0.3503525 
169.15999897 -0.3503525 
169.19999897 -0.3503525 
169.23999897 -0.3503525 
169.27999897 -0.3503525 
169.31999897 -0.3503525 
169.35999897 -0.3503525 
169.39999897 -0.3503525 
169.43999897 -0.3503525 
169.47999897 -0.3503525 
169.51999897 -0.3503525 
169.55999897 -0.3503525 
169.59999897 -0.3503525 
169.63999897 -0.3503525 
169.67999897 -0.3503525 
169.71999897 -0.3503525 
169.75999897 -0.3503525 
169.79999897 -0.3503525 
169.83999897 -0.3503525 
169.87999897 -0.3503525 
169.91999897 -0.3503525 
169.95999897 -0.3503525 
169.99999897 -0.3503525 
170.03999897 -0.3503525 
170.07999897 -0.3503525 
170.11999897 -0.3503525 
170.15999897 -0.3503525 
170.19999897 -0.3503525 
170.23999897 -0.3503525 
170.27999897 -0.3503525 
170.31999896 -0.3503525 
170.35999896 -0.3503525 
170.39999896 -0.3503525 
170.43999896 -0.3503525 
170.47999896 -0.3503525 
170.51999896 -0.3503525 
170.55999896 -0.3503525 
170.59999896 -0.3503525 
170.63999896 -0.3503525 
170.67999896 -0.3503525 
170.71999896 -0.3503525 
170.75999896 -0.3503525 
170.79999896 -0.3503525 
170.83999896 -0.3503525 
170.87999896 -0.3503525 
170.91999896 -0.3503525 
170.95999896 -0.3503525 
170.99999896 -0.3503525 
171.03999896 -0.3503525 
171.07999896 -0.3503525 
171.11999896 -0.3503525 
171.15999896 -0.3503525 
171.19999896 -0.3503525 
171.23999896 -0.3503525 
171.27999896 -0.3503525 
171.31999896 -0.3503525 
171.35999896 -0.3503525 
171.39999896 -0.3503525 
171.43999896 -0.3503525 
171.47999896 -0.3503525 
171.51999896 -0.3503525 
171.55999896 -0.3503525 
171.59999896 -0.3503525 
171.63999896 -0.3503525 
171.67999896 -0.3503525 
171.71999896 -0.3503525 
171.75999896 -0.3503525 
171.79999896 -0.3503525 
171.83999896 -0.3503525 
171.87999896 -0.3503525 
171.91999896 -0.3503525 
171.95999895 -0.3503525 
171.99999895 -0.3503525 
172.03999895 -0.3503525 
172.07999895 -0.3503525 
172.11999895 -0.3503525 
172.15999895 -0.3503525 
172.19999895 -0.3503525 
172.23999895 -0.3503525 
172.27999895 -0.3503525 
172.31999895 -0.3503525 
172.35999895 -0.3503525 
172.39999895 -0.3503525 
172.43999895 -0.3503525 
172.47999895 -0.3503525 
172.51999895 -0.524308 
172.55999895 -0.3503525 
172.59999895 -0.524308 
172.63999895 -0.3503525 
172.67999895 -0.3503525 
172.71999895 -0.3503525 
172.75999895 -0.3503525 
172.79999895 -0.3503525 
172.83999895 -0.3503525 
172.87999895 -0.3503525 
172.91999895 -0.524308 
172.95999895 -0.3503525 
172.99999895 -0.3503525 
173.03999895 -0.3503525 
173.07999895 -0.3503525 
173.11999895 -0.3503525 
173.15999895 -0.3503525 
173.19999895 -0.3503525 
173.23999895 -0.3503525 
173.27999895 -0.3503525 
173.31999895 -0.3503525 
173.35999895 -0.524308 
173.39999895 -0.3503525 
173.43999895 -0.524308 
173.47999895 -0.3503525 
173.51999895 -0.3503525 
173.55999895 -0.524308 
173.59999894 -0.524308 
173.63999894 -0.524308 
173.67999894 -0.3503525 
173.71999894 -0.3503525 
173.75999894 -0.3503525 
173.79999894 -0.524308 
173.83999894 -0.3503525 
173.87999894 -0.3503525 
173.91999894 -0.3503525 
173.95999894 -0.3503525 
173.99999894 -0.3503525 
174.03999894 -0.524308 
174.07999894 -0.3503525 
174.11999894 -0.3503525 
174.15999894 -0.3503525 
174.19999894 -0.3503525 
174.23999894 -0.3503525 
174.27999894 -0.3503525 
174.31999894 -0.3503525 
174.35999894 -0.3503525 
174.39999894 -0.3503525 
174.43999894 -0.3503525 
174.47999894 -0.3503525 
174.51999894 -0.3503525 
174.55999894 -0.3503525 
174.59999894 -0.3503525 
174.63999894 -0.3503525 
174.67999894 -0.3503525 
174.71999894 -0.3503525 
174.75999894 -0.3503525 
174.79999894 -0.3503525 
174.83999894 -0.3503525 
174.87999894 -0.524308 
174.91999894 -0.3503525 
174.95999894 -0.3503525 
174.99999894 -0.3503525 
175.03999894 -0.3503525 
175.07999894 -0.3503525 
175.11999894 -0.3503525 
175.15999894 -0.3503525 
175.19999894 -0.3503525 
175.23999893 -0.3503525 
175.27999893 -0.3503525 
175.31999893 -0.3503525 
175.35999893 -0.3503525 
175.39999893 -0.3503525 
175.43999893 -0.3503525 
175.47999893 -0.3503525 
175.51999893 -0.3503525 
175.55999893 -0.3503525 
175.59999893 -0.3503525 
175.63999893 -0.3503525 
175.67999893 -0.3503525 
175.71999893 -0.3503525 
175.75999893 -0.3503525 
175.79999893 -0.3503525 
175.83999893 -0.3503525 
175.87999893 -0.3503525 
175.91999893 -0.3503525 
175.95999893 -0.3503525 
175.99999893 -0.3503525 
176.03999893 -0.3503525 
176.07999893 -0.3503525 
176.11999893 -0.3503525 
176.15999893 -0.3503525 
176.19999893 -0.3503525 
176.23999893 -0.3503525 
176.27999893 -0.3503525 
176.31999893 -0.3503525 
176.35999893 -0.3503525 
176.39999893 -0.3503525 
176.43999893 -0.3503525 
176.47999893 -0.3503525 
176.51999893 -0.3503525 
176.55999893 -0.3503525 
176.59999893 -0.3503525 
176.63999893 -0.3503525 
176.67999893 -0.3503525 
176.71999893 -0.3503525 
176.75999893 -0.3503525 
176.79999893 -0.3503525 
176.83999893 -0.3503525 
176.87999893 -0.3503525 
176.91999892 -0.3503525 
176.95999892 -0.3503525 
176.99999892 -0.3503525 
177.03999892 -0.3503525 
177.07999892 -0.3503525 
177.11999892 -0.3503525 
177.15999892 -0.3503525 
177.19999892 -0.3503525 
177.23999892 -0.3503525 
177.27999892 -0.3503525 
177.31999892 -0.3503525 
177.35999892 -0.3503525 
177.39999892 -0.3503525 
177.43999892 -0.3503525 
177.47999892 -0.3503525 
177.51999892 -0.3503525 
177.55999892 -0.3503525 
177.59999892 -0.3503525 
177.63999892 -0.3503525 
177.67999892 -0.3503525 
177.71999892 -0.3503525 
177.75999892 -0.3503525 
177.79999892 -0.3503525 
177.83999892 -0.3503525 
177.87999892 -0.3503525 
177.91999892 -0.3503525 
177.95999892 -0.3503525 
177.99999892 -0.3503525 
178.03999892 -0.3503525 
178.07999892 -0.3503525 
178.11999892 -0.3503525 
178.15999892 -0.3503525 
178.19999892 -0.3503525 
178.23999892 -0.3503525 
178.27999892 -0.3503525 
178.31999892 -0.3503525 
178.35999892 -0.3503525 
178.39999892 -0.3503525 
178.43999892 -0.524308 
178.47999892 -0.3503525 
178.51999892 -0.3503525 
178.55999891 -0.3503525 
178.59999891 -0.3503525 
178.63999891 -0.3503525 
178.67999891 -0.3503525 
178.71999891 -0.3503525 
178.75999891 -0.3503525 
178.79999891 -0.3503525 
178.83999891 -0.3503525 
178.87999891 -0.3503525 
178.91999891 -0.3503525 
178.95999891 -0.3503525 
178.99999891 -0.3503525 
179.03999891 -0.3503525 
179.07999891 -0.3503525 
179.11999891 -0.3503525 
179.15999891 -0.3503525 
179.19999891 -0.3503525 
179.23999891 -0.3503525 
179.27999891 -0.524308 
179.31999891 -0.524308 
179.35999891 -0.3503525 
179.39999891 -0.524308 
179.43999891 -0.3503525 
179.47999891 -0.3503525 
179.51999891 -0.3503525 
179.55999891 -0.524308 
179.59999891 -0.3503525 
179.63999891 -0.3503525 
179.67999891 -0.524308 
179.71999891 -0.3503525 
179.75999891 -0.3503525 
179.79999891 -0.3503525 
179.83999891 -0.3503525 
179.87999891 -0.3503525 
179.91999891 -0.3503525 
179.95999891 -0.3503525 
179.99999891 -0.3503525 
180.03999891 -0.3503525 
180.07999891 -0.3503525 
180.11999891 -0.524308 
180.15999891 -0.3503525 
180.1999989 -0.3503525 
180.2399989 -0.3503525 
180.2799989 -0.3503525 
180.3199989 -0.3503525 
180.3599989 -0.3503525 
180.3999989 -0.3503525 
180.4399989 -0.3503525 
180.4799989 -0.3503525 
180.5199989 -0.524308 
180.5599989 -0.3503525 
180.5999989 -0.3503525 
180.6399989 -0.3503525 
180.6799989 -0.3503525 
180.7199989 -0.3503525 
180.7599989 -0.3503525 
180.7999989 -0.524308 
180.8399989 -0.3503525 
180.8799989 -0.524308 
180.9199989 -0.3503525 
180.9599989 -0.3503525 
180.9999989 -0.3503525 
181.0399989 -0.524308 
181.0799989 -0.3503525 
181.1199989 -0.3503525 
181.1599989 -0.524308 
181.1999989 -0.3503525 
181.2399989 -0.524308 
181.2799989 -0.3503525 
181.3199989 -0.3503525 
181.3599989 -0.524308 
181.3999989 -0.524308 
181.4399989 -0.3503525 
181.4799989 -0.3503525 
181.5199989 -0.524308 
181.5599989 -0.3503525 
181.5999989 -0.3503525 
181.6399989 -0.524308 
181.6799989 -0.524308 
181.7199989 -0.3503525 
181.7599989 -0.524308 
181.7999989 -0.3503525 
181.83999889 -0.3503525 
181.87999889 -0.524308 
181.91999889 -0.524308 
181.95999889 -0.524308 
181.99999889 -0.3503525 
182.03999889 -0.524308 
182.07999889 -0.3503525 
182.11999889 -0.524308 
182.15999889 -0.524308 
182.19999889 -0.524308 
182.23999889 -0.3503525 
182.27999889 -0.524308 
182.31999889 -0.3503525 
182.35999889 -0.524308 
182.39999889 -0.524308 
182.43999889 -0.3503525 
182.47999889 -0.524308 
182.51999889 -0.524308 
182.55999889 -0.524308 
182.59999889 -0.524308 
182.63999889 -0.3503525 
182.67999889 -0.3503525 
182.71999889 -0.524308 
182.75999889 -0.3503525 
182.79999889 -0.524308 
182.83999889 -0.3503525 
182.87999889 -0.524308 
182.91999889 -0.3503525 
182.95999889 -0.3503525 
182.99999889 -0.524308 
183.03999889 -0.524308 
183.07999889 -0.524308 
183.11999889 -0.524308 
183.15999889 -0.524308 
183.19999889 -0.524308 
183.23999889 -0.6988739 
183.27999889 -0.3503525 
183.31999889 -0.3503525 
183.35999889 -0.3503525 
183.39999889 -0.524308 
183.43999889 -0.524308 
183.47999888 -0.3503525 
183.51999888 -0.3503525 
183.55999888 -0.3503525 
183.59999888 -0.524308 
183.63999888 -0.3503525 
183.67999888 -0.3503525 
183.71999888 -0.524308 
183.75999888 -0.524308 
183.79999888 -0.524308 
183.83999888 -0.524308 
183.87999888 -0.524308 
183.91999888 -0.524308 
183.95999888 -0.524308 
183.99999888 -0.524308 
184.03999888 -0.524308 
184.07999888 -0.524308 
184.11999888 -0.3503525 
184.15999888 -0.524308 
184.19999888 -0.3503525 
184.23999888 -0.524308 
184.27999888 -0.524308 
184.31999888 -0.3503525 
184.35999888 -0.524308 
184.39999888 -0.3503525 
184.43999888 -0.3503525 
184.47999888 -0.524308 
184.51999888 -0.524308 
184.55999888 -0.524308 
184.59999888 -0.3503525 
184.63999888 -0.524308 
184.67999888 -0.524308 
184.71999888 -0.524308 
184.75999888 -0.524308 
184.79999888 -0.524308 
184.83999888 -0.524308 
184.87999888 -0.524308 
184.91999888 -0.524308 
184.95999888 -0.3503525 
184.99999888 -0.524308 
185.03999888 -0.524308 
185.07999888 -0.524308 
185.11999887 -0.524308 
185.15999887 -0.524308 
185.19999887 -0.524308 
185.23999887 -0.524308 
185.27999887 -0.524308 
185.31999887 -0.3503525 
185.35999887 -0.524308 
185.39999887 -0.524308 
185.43999887 -0.6988739 
185.47999887 -0.3503525 
185.51999887 -0.524308 
185.55999887 -0.3503525 
185.59999887 -0.3503525 
185.63999887 -0.524308 
185.67999887 -0.524308 
185.71999887 -0.524308 
185.75999887 -0.524308 
185.79999887 -0.524308 
185.83999887 -0.524308 
185.87999887 -0.6988739 
185.91999887 -0.524308 
185.95999887 -0.3503525 
185.99999887 -0.524308 
186.03999887 -0.524308 
186.07999887 -0.524308 
186.11999887 -0.3503525 
186.15999887 -0.524308 
186.19999887 -0.524308 
186.23999887 -0.524308 
186.27999887 -0.524308 
186.31999887 -0.6988739 
186.35999887 -0.524308 
186.39999887 -0.524308 
186.43999887 -0.3503525 
186.47999887 -0.524308 
186.51999887 -0.524308 
186.55999887 -0.524308 
186.59999887 -0.3503525 
186.63999887 -0.524308 
186.67999887 -0.524308 
186.71999887 -0.524308 
186.75999886 -0.6988739 
186.79999886 -0.524308 
186.83999886 -0.524308 
186.87999886 -0.524308 
186.91999886 -0.3503525 
186.95999886 -0.524308 
186.99999886 -0.3503525 
187.03999886 -0.524308 
187.07999886 -0.524308 
187.11999886 -0.524308 
187.15999886 -0.6988739 
187.19999886 -0.3503525 
187.23999886 -0.3503525 
187.27999886 -0.524308 
187.31999886 -0.3503525 
187.35999886 -0.524308 
187.39999886 -0.6988739 
187.43999886 -0.524308 
187.47999886 -0.3503525 
187.51999886 -0.524308 
187.55999886 -0.524308 
187.59999886 -0.524308 
187.63999886 -0.524308 
187.67999886 -0.524308 
187.71999886 -0.3503525 
187.75999886 -0.524308 
187.79999886 -0.524308 
187.83999886 -0.3503525 
187.87999886 -0.3503525 
187.91999886 -0.524308 
187.95999886 -0.6988739 
187.99999886 -0.524308 
188.03999886 -0.524308 
188.07999886 -0.6988739 
188.11999886 -0.524308 
188.15999886 -0.524308 
188.19999886 -0.524308 
188.23999886 -0.524308 
188.27999886 -0.524308 
188.31999886 -0.524308 
188.35999886 -0.524308 
188.39999886 -0.524308 
188.43999885 -0.524308 
188.47999885 -0.6988739 
188.51999885 -0.6988739 
188.55999885 -0.524308 
188.59999885 -0.524308 
188.63999885 -0.524308 
188.67999885 -0.6988739 
188.71999885 -0.524308 
188.75999885 -0.524308 
188.79999885 -0.524308 
188.83999885 -0.524308 
188.87999885 -0.6988739 
188.91999885 -0.6988739 
188.95999885 -0.524308 
188.99999885 -0.524308 
189.03999885 -0.524308 
189.07999885 -0.6988739 
189.11999885 -0.524308 
189.15999885 -0.524308 
189.19999885 -0.524308 
189.23999885 -0.524308 
189.27999885 -0.6988739 
189.31999885 -0.524308 
189.35999885 -0.6988739 
189.39999885 -0.524308 
189.43999885 -0.524308 
189.47999885 -0.6988739 
189.51999885 -0.524308 
189.55999885 -0.524308 
189.59999885 -0.524308 
189.63999885 -0.524308 
189.67999885 -0.524308 
189.71999885 -0.524308 
189.75999885 -0.524308 
189.79999885 -0.6988739 
189.83999885 -0.6988739 
189.87999885 -0.6988739 
189.91999885 -0.3503525 
189.95999885 -0.524308 
189.99999885 -0.524308 
190.03999885 -0.524308 
190.07999884 -0.6988739 
190.11999884 -0.524308 
190.15999884 -0.3503525 
190.19999884 -0.524308 
190.23999884 -0.524308 
190.27999884 -0.524308 
190.31999884 -0.524308 
190.35999884 -0.6988739 
190.39999884 -0.524308 
190.43999884 -0.524308 
190.47999884 -0.6988739 
190.51999884 -0.6988739 
190.55999884 -0.524308 
190.59999884 -0.524308 
190.63999884 -0.6988739 
190.67999884 -0.524308 
190.71999884 -0.524308 
190.75999884 -0.6988739 
190.79999884 -0.524308 
190.83999884 -0.524308 
190.87999884 -0.524308 
190.91999884 -0.6988739 
190.95999884 -0.6988739 
190.99999884 -0.524308 
191.03999884 -0.524308 
191.07999884 -0.6988739 
191.11999884 -0.6988739 
191.15999884 -0.6988739 
191.19999884 -0.6988739 
191.23999884 -0.524308 
191.27999884 -0.524308 
191.31999884 -0.6988739 
191.35999884 -0.6988739 
191.39999884 -0.524308 
191.43999884 -0.524308 
191.47999884 -0.6988739 
191.51999884 -0.6988739 
191.55999884 -0.6988739 
191.59999884 -0.6988739 
191.63999884 -0.524308 
191.67999884 -0.524308 
191.71999883 -0.6988739 
191.75999883 -0.524308 
191.79999883 -0.6988739 
191.83999883 -0.524308 
191.87999883 -0.6988739 
191.91999883 -0.6988739 
191.95999883 -0.524308 
191.99999883 -0.6988739 
192.03999883 -0.6988739 
192.07999883 -0.524308 
192.11999883 -0.6988739 
192.15999883 -0.6988739 
192.19999883 -0.524308 
192.23999883 -0.524308 
192.27999883 -0.524308 
192.31999883 -0.6988739 
192.35999883 -0.6988739 
192.39999883 -0.6988739 
192.43999883 -0.524308 
192.47999883 -0.524308 
192.51999883 -0.6988739 
192.55999883 -0.524308 
192.59999883 -0.6988739 
192.63999883 -0.6988739 
192.67999883 -0.6988739 
192.71999883 -0.6988739 
192.75999883 -0.524308 
192.79999883 -0.6988739 
192.83999883 -0.6988739 
192.87999883 -0.6988739 
192.91999883 -0.6988739 
192.95999883 -0.524308 
192.99999883 -0.6988739 
193.03999883 -0.6988739 
193.07999883 -0.6988739 
193.11999883 -0.524308 
193.15999883 -0.6988739 
193.19999883 -0.524308 
193.23999883 -0.6988739 
193.27999883 -0.524308 
193.31999883 -0.3503525 
193.35999882 -0.6988739 
193.39999882 -0.524308 
193.43999882 -0.524308 
193.47999882 -0.6988739 
193.51999882 -0.6988739 
193.55999882 -0.524308 
193.59999882 -0.524308 
193.63999882 -0.6988739 
193.67999882 -0.524308 
193.71999882 -0.6988739 
193.75999882 -0.6988739 
193.79999882 -0.524308 
193.83999882 -0.6988739 
193.87999882 -0.524308 
193.91999882 -0.6988739 
193.95999882 -0.524308 
193.99999882 -0.6988739 
194.03999882 -0.6988739 
194.07999882 -0.524308 
194.11999882 -0.6988739 
194.15999882 -0.6988739 
194.19999882 -0.6988739 
194.23999882 -0.6988739 
194.27999882 -0.6988739 
194.31999882 -0.524308 
194.35999882 -0.6988739 
194.39999882 -0.524308 
194.43999882 -0.6988739 
194.47999882 -0.6988739 
194.51999882 -0.6988739 
194.55999882 -0.6988739 
194.59999882 -0.6988739 
194.63999882 -0.6988739 
194.67999882 -0.6988739 
194.71999882 -0.524308 
194.75999882 -0.6988739 
194.79999882 -0.524308 
194.83999882 -0.6988739 
194.87999882 -0.524308 
194.91999882 -0.6988739 
194.95999882 -0.6988739 
194.99999881 -0.6988739 
195.03999881 -0.6988739 
195.07999881 -0.6988739 
195.11999881 -0.6988739 
195.15999881 -0.6988739 
195.19999881 -0.6988739 
195.23999881 -0.6988739 
195.27999881 -0.6988739 
195.31999881 -0.6988739 
195.35999881 -0.524308 
195.39999881 -0.6988739 
195.43999881 -0.6988739 
195.47999881 -0.524308 
195.51999881 -0.6988739 
195.55999881 -0.6988739 
195.59999881 -0.6988739 
195.63999881 -0.524308 
195.67999881 -0.524308 
195.71999881 -0.6988739 
195.75999881 -0.524308 
195.79999881 -0.524308 
195.83999881 -0.6988739 
195.87999881 -0.524308 
195.91999881 -0.6988739 
195.95999881 -0.6988739 
195.99999881 -0.524308 
196.03999881 -0.6988739 
196.07999881 -0.6988739 
196.11999881 -0.6988739 
196.15999881 -0.6988739 
196.19999881 -0.524308 
196.23999881 -0.6988739 
196.27999881 -0.6988739 
196.31999881 -0.6988739 
196.35999881 -0.6988739 
196.39999881 -0.6988739 
196.43999881 -0.6988739 
196.47999881 -0.6988739 
196.51999881 -0.524308 
196.55999881 -0.6988739 
196.59999881 -0.6988739 
196.6399988 -0.6988739 
196.6799988 -0.524308 
196.7199988 -0.6988739 
196.7599988 -0.6988739 
196.7999988 -0.6988739 
196.8399988 -0.524308 
196.8799988 -0.6988739 
196.9199988 -0.6988739 
196.9599988 -0.6988739 
196.9999988 -0.6988739 
197.0399988 -0.6988739 
197.0799988 -0.524308 
197.1199988 -0.6988739 
197.1599988 -0.6988739 
197.1999988 -0.6988739 
197.2399988 -0.6988739 
197.2799988 -0.524308 
197.3199988 -0.6988739 
197.3599988 -0.6988739 
197.3999988 -0.524308 
197.4399988 -0.6988739 
197.4799988 -0.6988739 
197.5199988 -0.6988739 
197.5599988 -0.6988739 
197.5999988 -0.524308 
197.6399988 -0.6988739 
197.6799988 -0.6988739 
197.7199988 -0.6988739 
197.7599988 -0.6988739 
197.7999988 -0.6988739 
197.8399988 -0.6988739 
197.8799988 -0.6988739 
197.9199988 -0.6988739 
197.9599988 -0.6988739 
197.9999988 -0.6988739 
198.0399988 -0.6988739 
198.0799988 -0.6988739 
198.1199988 -0.6988739 
198.1599988 -0.6988739 
198.1999988 -0.6988739 
198.2399988 -0.6988739 
198.27999879 -0.6988739 
198.31999879 -0.6988739 
198.35999879 -0.6988739 
198.39999879 -0.6988739 
198.43999879 -0.6988739 
198.47999879 -0.6988739 
198.51999879 -0.6988739 
198.55999879 -0.6988739 
198.59999879 -0.6988739 
198.63999879 -0.6988739 
198.67999879 -0.524308 
198.71999879 -0.6988739 
198.75999879 -0.6988739 
198.79999879 -0.6988739 
198.83999879 -0.6988739 
198.87999879 -0.6988739 
198.91999879 -0.524308 
198.95999879 -0.6988739 
198.99999879 -0.6988739 
199.03999879 -0.6988739 
199.07999879 -0.6988739 
199.11999879 -0.6988739 
199.15999879 -0.6988739 
199.19999879 -0.6988739 
199.23999879 -0.6988739 
199.27999879 -0.6988739 
199.31999879 -0.524308 
199.35999879 -0.6988739 
199.39999879 -0.6988739 
199.43999879 -0.6988739 
199.47999879 -0.6988739 
199.51999879 -0.6988739 
199.55999879 -0.6988739 
199.59999879 -0.6988739 
199.63999879 -0.524308 
199.67999879 -0.6988739 
199.71999879 -0.524308 
199.75999879 -0.6988739 
199.79999879 -0.6988739 
199.83999879 -0.524308 
199.87999879 -0.6988739 
199.91999878 -0.6988739 
199.95999878 -0.524308 
199.99999878 -0.6988739 
200.03999878 -0.6988739 
200.07999878 -0.6988739 
200.11999878 -0.6988739 
0 0 
