11.95999993 -1.770074 
12.43999992 -1.770074 
12.47999992 -1.770074 
13.51999992 -1.770074 
17.43999989 -1.770074 
17.55999989 -5.285806 
17.59999989 -3.52794 
17.71999989 -1.770074 
17.95999989 -1.770074 
17.99999989 -1.770074 
18.11999989 -1.770074 
25.55999984 -3.52794 
25.87999984 -1.770074 
32.5199998 -1.770074 
32.5599998 -1.770074 
33.3999998 -1.770074 
33.75999979 -1.770074 
33.91999979 -1.770074 
38.31999977 -1.770074 
38.75999976 -3.52794 
46.99999971 -1.770074 
47.03999971 -1.770074 
47.47999971 -1.770074 
47.51999971 -1.770074 
47.63999971 -1.770074 
47.79999971 -1.770074 
47.95999971 -1.770074 
48.35999971 -1.770074 
55.63999966 -1.770074 
56.07999966 -1.770074 
60.03999964 -1.770074 
60.19999963 -1.770074 
60.39999963 -1.770074 
60.43999963 -1.770074 
60.59999963 -1.770074 
60.63999963 -1.770074 
65.0799996 -1.770074 
75.79999954 -1.770074 
75.91999954 -7.043672 
75.95999954 -3.52794 
76.07999954 -1.770074 
76.31999954 -3.52794 
76.35999954 -1.770074 
76.47999954 -1.770074 
77.75999953 -1.770074 
77.79999953 -1.770074 
80.79999951 -1.770074 
80.83999951 -1.770074 
81.5199995 -1.770074 
90.51999945 -1.770074 
93.75999943 -1.770074 
103.91999937 -1.770074 
104.35999937 -3.52794 
104.47999937 -7.043672 
104.51999936 -3.52794 
104.63999936 -3.52794 
104.87999936 -3.52794 
104.91999936 -3.52794 
105.03999936 -1.770074 
105.15999936 -1.770074 
105.19999936 -1.770074 
109.87999933 -1.770074 
111.11999932 -1.770074 
117.79999928 -1.770074 
117.83999928 -1.770074 
120.07999927 -1.770074 
120.83999927 -1.770074 
121.23999926 -1.770074 
121.27999926 -1.770074 
121.31999926 -1.770074 
128.59999922 -1.770074 
128.63999922 -1.770074 
129.95999921 -3.52794 
131.1999992 -1.770074 
131.3599992 -1.770074 
132.63999919 -1.770074 
132.71999919 -1.770074 
132.75999919 -7.043672 
132.79999919 -1.770074 
132.87999919 -1.770074 
132.91999919 -1.770074 
133.15999919 -3.52794 
133.19999919 -1.770074 
133.31999919 -1.770074 
133.43999919 -1.770074 
133.47999919 -1.770074 
142.15999914 -1.770074 
142.31999914 -1.770074 
142.67999913 -1.770074 
142.71999913 -1.770074 
142.87999913 -1.770074 
143.83999913 -1.770074 
143.87999913 -1.770074 
144.07999912 -1.770074 
144.11999912 -1.770074 
144.23999912 -1.770074 
144.27999912 -1.770074 
156.11999905 -1.770074 
156.15999905 -1.770074 
156.91999905 -1.770074 
157.51999904 -1.770074 
157.63999904 -1.770074 
157.79999904 -1.770074 
158.47999904 -1.770074 
160.95999902 -3.52794 
161.07999902 -7.043672 
161.11999902 -3.52794 
161.23999902 -3.52794 
161.47999902 -3.52794 
161.63999902 -1.770074 
161.75999902 -1.770074 
168.87999897 -1.770074 
169.83999897 -1.770074 
170.35999896 -1.770074 
170.39999896 -1.770074 
170.55999896 -1.770074 
181.83999889 -1.770074 
181.99999889 -1.770074 
182.03999889 -1.770074 
182.15999889 -3.52794 
182.19999889 -1.770074 
189.23999885 -3.52794 
189.35999885 -5.285806 
189.39999885 -3.52794 
189.51999885 -1.770074 
189.75999885 -3.52794 
189.79999885 -1.770074 
190.03999885 -1.770074 
194.07999882 -1.770074 
194.91999882 -1.770074 
195.27999881 -1.770074 
196.8399988 -1.770074 
0 0 
