43.75999973 -8.881496 
43.87999973 -8.881496 
44.03999973 -8.881496 
44.07999973 -8.881496 
44.15999973 -8.881496 
44.27999973 -8.707541 
44.31999973 -8.707541 
44.39999973 -8.881496 
44.43999973 -8.881496 
44.47999973 -8.707541 
44.51999973 -8.881496 
44.55999973 -8.707541 
44.59999973 -8.707541 
44.63999973 -8.881496 
44.67999973 -8.881496 
44.71999973 -8.881496 
44.75999973 -8.881496 
44.79999973 -8.881496 
44.83999973 -8.707541 
44.87999973 -8.881496 
44.91999973 -8.707541 
44.95999973 -8.881496 
44.99999973 -8.881496 
45.03999973 -8.881496 
45.07999973 -8.707541 
45.11999973 -8.707541 
45.15999973 -8.881496 
45.19999973 -8.707541 
45.23999973 -8.707541 
45.27999972 -8.707541 
45.31999972 -8.881496 
45.35999972 -8.707541 
45.39999972 -8.707541 
45.43999972 -8.707541 
45.47999972 -8.707541 
45.51999972 -8.707541 
45.55999972 -8.707541 
45.59999972 -8.707541 
45.63999972 -8.707541 
45.67999972 -8.707541 
45.71999972 -8.707541 
45.75999972 -8.707541 
45.79999972 -8.707541 
45.83999972 -8.707541 
45.87999972 -8.707541 
45.91999972 -8.707541 
45.95999972 -8.707541 
45.99999972 -8.707541 
46.03999972 -8.707541 
46.07999972 -8.707541 
46.11999972 -8.707541 
46.15999972 -8.707541 
46.19999972 -8.707541 
46.23999972 -8.707541 
46.27999972 -8.707541 
46.31999972 -8.707541 
46.35999972 -8.707541 
46.39999972 -8.707541 
46.43999972 -8.707541 
46.47999972 -8.707541 
46.51999972 -8.707541 
46.55999972 -8.707541 
46.59999972 -8.707541 
46.63999972 -8.707541 
46.67999972 -8.707541 
46.71999972 -8.707541 
46.75999972 -8.707541 
46.79999972 -8.707541 
46.83999972 -8.707541 
46.87999972 -8.707541 
46.91999971 -8.707541 
46.95999971 -8.707541 
46.99999971 -8.707541 
47.03999971 -8.707541 
47.07999971 -8.707541 
47.11999971 -8.707541 
47.15999971 -8.707541 
47.19999971 -8.707541 
47.23999971 -8.707541 
47.27999971 -8.707541 
47.31999971 -8.707541 
47.35999971 -8.707541 
47.39999971 -8.707541 
47.43999971 -8.707541 
47.47999971 -8.707541 
47.51999971 -8.707541 
47.55999971 -8.707541 
47.59999971 -8.707541 
47.63999971 -8.707541 
47.67999971 -8.707541 
47.71999971 -8.707541 
47.75999971 -8.707541 
47.79999971 -8.707541 
47.83999971 -8.707541 
47.87999971 -8.533586 
47.91999971 -8.533586 
47.95999971 -8.533586 
47.99999971 -8.707541 
48.03999971 -8.707541 
48.07999971 -8.707541 
48.11999971 -8.533586 
48.15999971 -8.707541 
48.19999971 -8.707541 
48.23999971 -8.707541 
48.27999971 -8.707541 
48.31999971 -8.707541 
48.35999971 -8.707541 
48.39999971 -8.533586 
48.43999971 -8.533586 
48.47999971 -8.533586 
48.51999971 -8.533586 
48.5599997 -8.533586 
48.5999997 -8.533586 
48.6399997 -8.533586 
48.6799997 -8.533586 
48.7199997 -8.533586 
48.7599997 -8.533586 
48.7999997 -8.533586 
48.8399997 -8.533586 
48.8799997 -8.533586 
48.9199997 -8.533586 
48.9599997 -8.533586 
48.9999997 -8.533586 
49.0399997 -8.533586 
49.0799997 -8.533586 
49.1199997 -8.533586 
49.1599997 -8.533586 
49.1999997 -8.533586 
49.2399997 -8.533586 
49.2799997 -8.533586 
49.3199997 -8.533586 
49.3599997 -8.533586 
49.3999997 -8.533586 
49.4399997 -8.533586 
49.4799997 -8.359631 
49.5199997 -8.533586 
49.5599997 -8.533586 
49.5999997 -8.533586 
49.6399997 -8.533586 
49.6799997 -8.359631 
49.7199997 -8.533586 
49.7599997 -8.359631 
49.7999997 -8.359631 
49.8399997 -8.533586 
49.8799997 -8.359631 
49.9199997 -8.359631 
49.9599997 -8.359631 
49.9999997 -8.359631 
50.0399997 -8.359631 
50.0799997 -8.359631 
50.1199997 -8.359631 
50.1599997 -8.359631 
50.19999969 -8.359631 
50.23999969 -8.359631 
50.27999969 -8.359631 
50.31999969 -8.359631 
50.35999969 -8.359631 
50.39999969 -8.359631 
50.43999969 -8.359631 
50.47999969 -8.359631 
50.51999969 -8.359631 
50.55999969 -8.359631 
50.59999969 -8.359631 
50.63999969 -8.359631 
50.67999969 -8.359631 
50.71999969 -8.359631 
50.75999969 -8.359631 
50.79999969 -8.359631 
50.83999969 -8.359631 
50.87999969 -8.359631 
50.91999969 -8.185064 
50.95999969 -8.359631 
50.99999969 -8.185064 
51.03999969 -8.359631 
51.07999969 -8.359631 
51.11999969 -8.185064 
51.15999969 -8.359631 
51.19999969 -8.359631 
51.23999969 -8.185064 
51.27999969 -8.185064 
51.31999969 -8.359631 
51.35999969 -8.185064 
51.39999969 -8.359631 
51.43999969 -8.185064 
51.47999969 -8.185064 
51.51999969 -8.185064 
51.55999969 -8.185064 
51.59999969 -8.185064 
51.63999969 -8.185064 
51.67999969 -8.011108 
51.71999969 -8.185064 
51.75999969 -8.185064 
51.79999969 -8.185064 
51.83999968 -8.185064 
51.87999968 -8.185064 
51.91999968 -8.185064 
51.95999968 -8.185064 
51.99999968 -8.185064 
52.03999968 -8.185064 
52.07999968 -8.011108 
52.11999968 -8.185064 
52.15999968 -8.185064 
52.19999968 -8.185064 
52.23999968 -8.185064 
52.27999968 -8.011108 
52.31999968 -8.011108 
52.35999968 -8.185064 
52.39999968 -8.011108 
52.43999968 -8.011108 
52.47999968 -8.011108 
52.51999968 -8.011108 
52.55999968 -8.011108 
52.59999968 -8.011108 
52.63999968 -8.011108 
52.67999968 -8.011108 
52.71999968 -8.011108 
52.75999968 -8.011108 
52.79999968 -7.837153 
52.83999968 -8.011108 
52.87999968 -7.837153 
52.91999968 -8.011108 
52.95999968 -7.837153 
52.99999968 -7.837153 
53.03999968 -7.837153 
53.07999968 -7.837153 
53.11999968 -7.837153 
53.15999968 -7.837153 
53.19999968 -7.837153 
53.23999968 -7.837153 
53.27999968 -8.011108 
53.31999968 -7.837153 
53.35999968 -7.837153 
53.39999968 -7.837153 
53.43999968 -7.837153 
53.47999967 -7.837153 
53.51999967 -7.837153 
53.55999967 -7.837153 
53.59999967 -7.837153 
53.63999967 -7.837153 
53.67999967 -7.837153 
53.71999967 -7.837153 
53.75999967 -7.837153 
53.79999967 -7.663198 
53.83999967 -7.663198 
53.87999967 -7.837153 
53.91999967 -7.837153 
53.95999967 -7.663198 
53.99999967 -7.663198 
54.03999967 -7.663198 
54.07999967 -7.663198 
54.11999967 -7.663198 
54.15999967 -7.663198 
54.19999967 -7.663198 
54.23999967 -7.663198 
54.27999967 -7.663198 
54.31999967 -7.663198 
54.35999967 -7.663198 
54.39999967 -7.663198 
54.43999967 -7.663198 
54.47999967 -7.663198 
54.51999967 -7.663198 
54.55999967 -7.663198 
54.59999967 -7.663198 
54.63999967 -7.663198 
54.67999967 -7.663198 
54.71999967 -7.663198 
54.75999967 -7.663198 
54.79999967 -7.663198 
54.83999967 -7.663198 
54.87999967 -7.663198 
54.91999967 -7.663198 
54.95999967 -7.663198 
54.99999967 -7.488632 
55.03999967 -7.663198 
55.07999967 -7.488632 
55.11999967 -7.488632 
55.15999966 -7.663198 
55.19999966 -7.488632 
55.23999966 -7.488632 
55.27999966 -7.488632 
55.31999966 -7.488632 
55.35999966 -7.488632 
55.39999966 -7.488632 
55.43999966 -7.488632 
55.47999966 -7.488632 
55.51999966 -7.488632 
55.55999966 -7.488632 
55.59999966 -7.314676 
55.63999966 -7.314676 
55.67999966 -7.314676 
55.71999966 -7.314676 
55.75999966 -7.314676 
55.79999966 -7.314676 
55.83999966 -7.314676 
55.87999966 -7.314676 
55.91999966 -7.314676 
55.95999966 -7.314676 
55.99999966 -7.314676 
56.03999966 -7.314676 
56.07999966 -7.314676 
56.11999966 -7.314676 
56.15999966 -7.314676 
56.19999966 -7.314676 
56.23999966 -7.314676 
56.27999966 -7.314676 
56.31999966 -7.314676 
56.35999966 -7.314676 
56.39999966 -7.314676 
56.43999966 -7.314676 
56.47999966 -7.314676 
56.51999966 -7.314676 
56.55999966 -7.314676 
56.59999966 -7.314676 
56.63999966 -7.140721 
56.67999966 -7.314676 
56.71999966 -7.314676 
56.75999966 -7.314676 
56.79999965 -7.140721 
56.83999965 -7.140721 
56.87999965 -7.314676 
56.91999965 -7.140721 
56.95999965 -7.140721 
56.99999965 -7.140721 
57.03999965 -7.140721 
57.07999965 -7.140721 
57.11999965 -7.140721 
57.15999965 -7.140721 
57.19999965 -7.140721 
57.23999965 -7.140721 
57.27999965 -7.140721 
57.31999965 -7.140721 
57.35999965 -7.140721 
57.39999965 -7.140721 
57.43999965 -7.140721 
57.47999965 -7.140721 
57.51999965 -7.140721 
57.55999965 -7.140721 
57.59999965 -7.140721 
57.63999965 -7.140721 
57.67999965 -7.140721 
57.71999965 -6.966765 
57.75999965 -7.140721 
57.79999965 -7.140721 
57.83999965 -7.140721 
57.87999965 -7.140721 
57.91999965 -6.966765 
57.95999965 -7.140721 
57.99999965 -6.966765 
58.03999965 -6.966765 
58.07999965 -6.966765 
58.11999965 -6.966765 
58.15999965 -6.966765 
58.19999965 -6.966765 
58.23999965 -6.966765 
58.27999965 -6.966765 
58.31999965 -6.966765 
58.35999965 -6.966765 
58.39999965 -6.966765 
58.43999964 -6.966765 
58.47999964 -6.966765 
58.51999964 -6.966765 
58.55999964 -6.966765 
58.59999964 -6.7922 
58.63999964 -6.966765 
58.67999964 -6.966765 
58.71999964 -6.966765 
58.75999964 -6.966765 
58.79999964 -6.966765 
58.83999964 -6.966765 
58.87999964 -6.7922 
58.91999964 -6.966765 
58.95999964 -6.7922 
58.99999964 -6.7922 
59.03999964 -6.618244 
59.07999964 -6.966765 
59.11999964 -6.966765 
59.15999964 -6.966765 
59.19999964 -6.7922 
59.23999964 -6.7922 
59.27999964 -6.618244 
59.31999964 -6.7922 
59.35999964 -6.7922 
59.39999964 -6.7922 
59.43999964 -6.618244 
59.47999964 -6.7922 
59.51999964 -6.7922 
59.55999964 -6.7922 
59.59999964 -6.7922 
59.63999964 -6.7922 
59.67999964 -6.7922 
59.71999964 -6.7922 
59.75999964 -6.7922 
59.79999964 -6.7922 
59.83999964 -6.7922 
59.87999964 -6.618244 
59.91999964 -6.618244 
59.95999964 -6.618244 
59.99999964 -6.618244 
60.03999964 -6.618244 
60.07999963 -6.618244 
60.11999963 -6.618244 
60.15999963 -6.618244 
60.19999963 -6.618244 
60.23999963 -6.618244 
60.27999963 -6.618244 
60.31999963 -6.618244 
60.35999963 -6.618244 
60.39999963 -6.618244 
60.43999963 -6.444288 
60.47999963 -6.618244 
60.51999963 -6.618244 
60.55999963 -6.444288 
60.59999963 -6.618244 
60.63999963 -6.618244 
60.67999963 -6.618244 
60.71999963 -6.444288 
60.75999963 -6.444288 
60.79999963 -6.444288 
60.83999963 -6.444288 
60.87999963 -6.444288 
60.91999963 -6.444288 
60.95999963 -6.444288 
60.99999963 -6.444288 
61.03999963 -6.444288 
61.07999963 -6.444288 
61.11999963 -6.444288 
61.15999963 -6.444288 
61.19999963 -6.444288 
61.23999963 -6.444288 
61.27999963 -6.444288 
61.31999963 -6.444288 
61.35999963 -6.444288 
61.39999963 -6.444288 
61.43999963 -6.444288 
61.47999963 -6.270333 
61.51999963 -6.270333 
61.55999963 -6.444288 
61.59999963 -6.444288 
61.63999963 -6.270333 
61.67999963 -6.270333 
61.71999962 -6.270333 
61.75999962 -6.444288 
61.79999962 -6.270333 
61.83999962 -6.270333 
61.87999962 -6.270333 
61.91999962 -6.270333 
61.95999962 -6.270333 
61.99999962 -6.270333 
62.03999962 -6.270333 
62.07999962 -6.270333 
62.11999962 -6.270333 
62.15999962 -6.270333 
62.19999962 -6.270333 
62.23999962 -6.270333 
62.27999962 -6.270333 
62.31999962 -6.270333 
62.35999962 -6.270333 
62.39999962 -6.270333 
62.43999962 -6.270333 
62.47999962 -6.095767 
62.51999962 -6.270333 
62.55999962 -6.270333 
62.59999962 -6.270333 
62.63999962 -6.270333 
62.67999962 -6.270333 
62.71999962 -6.270333 
62.75999962 -6.095767 
62.79999962 -6.095767 
62.83999962 -6.270333 
62.87999962 -6.095767 
62.91999962 -6.270333 
62.95999962 -6.095767 
62.99999962 -6.095767 
63.03999962 -5.921812 
63.07999962 -6.095767 
63.11999962 -5.921812 
63.15999962 -6.095767 
63.19999962 -5.921812 
63.23999962 -5.921812 
63.27999962 -5.921812 
63.31999962 -5.921812 
63.35999961 -5.921812 
63.39999961 -5.921812 
63.43999961 -5.921812 
63.47999961 -5.921812 
63.51999961 -5.921812 
63.55999961 -5.921812 
63.59999961 -5.921812 
63.63999961 -5.921812 
63.67999961 -5.921812 
63.71999961 -5.921812 
63.75999961 -5.921812 
63.79999961 -5.921812 
63.83999961 -5.921812 
63.87999961 -5.921812 
63.91999961 -5.921812 
63.95999961 -5.921812 
63.99999961 -5.921812 
64.03999961 -5.921812 
64.07999961 -5.921812 
64.11999961 -5.921812 
64.15999961 -5.921812 
64.19999961 -5.921812 
64.23999961 -5.921812 
64.27999961 -5.921812 
64.31999961 -5.921812 
64.35999961 -5.747856 
64.39999961 -5.921812 
64.43999961 -5.747856 
64.47999961 -5.921812 
64.51999961 -5.747856 
64.55999961 -5.747856 
64.59999961 -5.747856 
64.63999961 -5.747856 
64.67999961 -5.747856 
64.71999961 -5.747856 
64.75999961 -5.747856 
64.79999961 -5.747856 
64.83999961 -5.747856 
64.87999961 -5.747856 
64.91999961 -5.747856 
64.95999961 -5.747856 
64.9999996 -5.747856 
65.0399996 -5.747856 
65.0799996 -5.747856 
65.1199996 -5.747856 
65.1599996 -5.747856 
65.1999996 -5.747856 
65.2399996 -5.747856 
65.2799996 -5.747856 
65.3199996 -5.747856 
65.3599996 -5.747856 
65.3999996 -5.573901 
65.4399996 -5.747856 
65.4799996 -5.573901 
65.5199996 -5.747856 
65.5599996 -5.747856 
65.5999996 -5.573901 
65.6399996 -5.573901 
65.6799996 -5.573901 
65.7199996 -5.573901 
65.7599996 -5.573901 
65.7999996 -5.573901 
65.8399996 -5.573901 
65.8799996 -5.573901 
65.9199996 -5.573901 
65.9599996 -5.573901 
65.9999996 -5.573901 
66.0399996 -5.573901 
66.0799996 -5.573901 
66.1199996 -5.573901 
66.1599996 -5.573901 
66.1999996 -5.399335 
66.2399996 -5.573901 
66.2799996 -5.573901 
66.3199996 -5.573901 
66.3599996 -5.573901 
66.3999996 -5.573901 
66.4399996 -5.399335 
66.4799996 -5.399335 
66.5199996 -5.399335 
66.5599996 -5.399335 
66.5999996 -5.399335 
66.63999959 -5.573901 
66.67999959 -5.399335 
66.71999959 -5.399335 
66.75999959 -5.399335 
66.79999959 -5.399335 
66.83999959 -5.399335 
66.87999959 -5.399335 
66.91999959 -5.399335 
66.95999959 -5.399335 
66.99999959 -5.225379 
67.03999959 -5.225379 
67.07999959 -5.399335 
67.11999959 -5.399335 
67.15999959 -5.399335 
67.19999959 -5.399335 
67.23999959 -5.399335 
67.27999959 -5.399335 
67.31999959 -5.399335 
67.35999959 -5.399335 
67.39999959 -5.399335 
67.43999959 -5.399335 
67.47999959 -5.225379 
67.51999959 -5.225379 
67.55999959 -5.225379 
67.59999959 -5.225379 
67.63999959 -5.399335 
67.67999959 -5.225379 
67.71999959 -5.225379 
67.75999959 -5.399335 
67.79999959 -5.225379 
67.83999959 -5.225379 
67.87999959 -5.225379 
67.91999959 -5.225379 
67.95999959 -5.225379 
67.99999959 -5.225379 
68.03999959 -5.051424 
68.07999959 -5.051424 
68.11999959 -5.225379 
68.15999959 -5.051424 
68.19999959 -5.051424 
68.23999959 -5.051424 
68.27999959 -5.051424 
68.31999958 -5.051424 
68.35999958 -5.051424 
68.39999958 -5.051424 
68.43999958 -5.051424 
68.47999958 -5.051424 
68.51999958 -5.051424 
68.55999958 -5.051424 
68.59999958 -5.051424 
68.63999958 -5.051424 
68.67999958 -5.051424 
68.71999958 -5.051424 
68.75999958 -5.051424 
68.79999958 -5.051424 
68.83999958 -5.051424 
68.87999958 -5.051424 
68.91999958 -5.051424 
68.95999958 -5.051424 
68.99999958 -5.051424 
69.03999958 -4.877468 
69.07999958 -5.051424 
69.11999958 -5.051424 
69.15999958 -4.877468 
69.19999958 -5.051424 
69.23999958 -5.051424 
69.27999958 -5.051424 
69.31999958 -4.877468 
69.35999958 -4.877468 
69.39999958 -4.877468 
69.43999958 -5.051424 
69.47999958 -4.877468 
69.51999958 -4.877468 
69.55999958 -4.877468 
69.59999958 -4.877468 
69.63999958 -4.877468 
69.67999958 -4.877468 
69.71999958 -4.877468 
69.75999958 -4.877468 
69.79999958 -4.877468 
69.83999958 -4.877468 
69.87999958 -4.877468 
69.91999958 -4.877468 
69.95999957 -4.877468 
69.99999957 -4.877468 
70.03999957 -4.877468 
70.07999957 -4.877468 
70.11999957 -4.702902 
70.15999957 -4.877468 
70.19999957 -4.877468 
70.23999957 -4.702902 
70.27999957 -4.702902 
70.31999957 -4.702902 
70.35999957 -4.877468 
70.39999957 -4.528947 
70.43999957 -4.702902 
70.47999957 -4.528947 
70.51999957 -4.528947 
70.55999957 -4.702902 
70.59999957 -4.702902 
70.63999957 -4.702902 
70.67999957 -4.528947 
70.71999957 -4.528947 
70.75999957 -4.702902 
70.79999957 -4.528947 
70.83999957 -4.702902 
70.87999957 -4.528947 
70.91999957 -4.702902 
70.95999957 -4.528947 
70.99999957 -4.528947 
71.03999957 -4.528947 
71.07999957 -4.528947 
71.11999957 -4.528947 
71.15999957 -4.528947 
71.19999957 -4.528947 
71.23999957 -4.528947 
71.27999957 -4.528947 
71.31999957 -4.528947 
71.35999957 -4.528947 
71.39999957 -4.528947 
71.43999957 -4.528947 
71.47999957 -4.528947 
71.51999957 -4.528947 
71.55999957 -4.528947 
71.59999956 -4.528947 
71.63999956 -4.528947 
71.67999956 -4.528947 
71.71999956 -4.528947 
71.75999956 -4.528947 
71.79999956 -4.354991 
71.83999956 -4.354991 
71.87999956 -4.528947 
71.91999956 -4.528947 
71.95999956 -4.354991 
71.99999956 -4.354991 
72.03999956 -4.528947 
72.07999956 -4.528947 
72.11999956 -4.354991 
72.15999956 -4.354991 
72.19999956 -4.354991 
72.23999956 -4.354991 
72.27999956 -4.354991 
72.31999956 -4.354991 
72.35999956 -4.354991 
72.39999956 -4.354991 
72.43999956 -4.354991 
72.47999956 -4.354991 
72.51999956 -4.354991 
72.55999956 -4.354991 
72.59999956 -4.354991 
72.63999956 -4.354991 
72.67999956 -4.181036 
72.71999956 -4.354991 
72.75999956 -4.181036 
72.79999956 -4.354991 
72.83999956 -4.354991 
72.87999956 -4.181036 
72.91999956 -4.354991 
72.95999956 -4.181036 
72.99999956 -4.181036 
73.03999956 -4.181036 
73.07999956 -4.181036 
73.11999956 -4.181036 
73.15999956 -4.181036 
73.19999956 -4.181036 
73.23999955 -4.181036 
73.27999955 -4.181036 
73.31999955 -4.181036 
73.35999955 -4.181036 
73.39999955 -4.181036 
73.43999955 -4.181036 
73.47999955 -4.181036 
73.51999955 -4.181036 
73.55999955 -4.181036 
73.59999955 -4.181036 
73.63999955 -4.181036 
73.67999955 -4.181036 
73.71999955 -4.00647 
73.75999955 -4.181036 
73.79999955 -4.181036 
73.83999955 -4.181036 
73.87999955 -4.00647 
73.91999955 -4.00647 
73.95999955 -4.00647 
73.99999955 -4.00647 
74.03999955 -4.00647 
74.07999955 -4.00647 
74.11999955 -4.181036 
74.15999955 -4.00647 
74.19999955 -4.00647 
74.23999955 -4.00647 
74.27999955 -4.00647 
74.31999955 -3.832515 
74.35999955 -4.00647 
74.39999955 -4.00647 
74.43999955 -4.00647 
74.47999955 -4.00647 
74.51999955 -3.832515 
74.55999955 -4.00647 
74.59999955 -4.00647 
74.63999955 -4.00647 
74.67999955 -4.00647 
74.71999955 -3.832515 
74.75999955 -4.00647 
74.79999955 -4.00647 
74.83999955 -3.832515 
74.87999954 -4.00647 
74.91999954 -4.00647 
74.95999954 -3.832515 
74.99999954 -3.832515 
75.03999954 -3.832515 
75.07999954 -3.832515 
75.11999954 -3.832515 
75.15999954 -3.832515 
75.19999954 -3.832515 
75.23999954 -3.832515 
75.27999954 -3.832515 
75.31999954 -3.832515 
75.35999954 -3.832515 
75.39999954 -3.658559 
75.43999954 -3.832515 
75.47999954 -3.832515 
75.51999954 -3.658559 
75.55999954 -3.832515 
75.59999954 -3.658559 
75.63999954 -3.832515 
75.67999954 -3.658559 
75.71999954 -3.658559 
75.75999954 -3.658559 
75.79999954 -3.658559 
75.83999954 -3.832515 
75.87999954 -3.658559 
75.91999954 -3.658559 
75.95999954 -3.658559 
75.99999954 -3.658559 
76.03999954 -3.658559 
76.07999954 -3.658559 
76.11999954 -3.658559 
76.15999954 -3.658559 
76.19999954 -3.658559 
76.23999954 -3.658559 
76.27999954 -3.658559 
76.31999954 -3.658559 
76.35999954 -3.658559 
76.39999954 -3.658559 
76.43999954 -3.658559 
76.47999954 -3.658559 
76.51999953 -3.658559 
76.55999953 -3.658559 
76.59999953 -3.658559 
76.63999953 -3.658559 
76.67999953 -3.658559 
76.71999953 -3.658559 
76.75999953 -3.484603 
76.79999953 -3.484603 
76.83999953 -3.484603 
76.87999953 -3.484603 
76.91999953 -3.484603 
76.95999953 -3.484603 
76.99999953 -3.484603 
77.03999953 -3.484603 
77.07999953 -3.484603 
77.11999953 -3.484603 
77.15999953 -3.484603 
77.19999953 -3.484603 
77.23999953 -3.484603 
77.27999953 -3.484603 
77.31999953 -3.484603 
77.35999953 -3.484603 
77.39999953 -3.484603 
77.43999953 -3.484603 
77.47999953 -3.484603 
77.51999953 -3.484603 
77.55999953 -3.484603 
77.59999953 -3.484603 
77.63999953 -3.484603 
77.67999953 -3.484603 
77.71999953 -3.484603 
77.75999953 -3.484603 
77.79999953 -3.484603 
77.83999953 -3.310038 
77.87999953 -3.484603 
77.91999953 -3.136082 
77.95999953 -3.484603 
77.99999953 -3.310038 
78.03999953 -3.484603 
78.07999953 -3.136082 
78.11999953 -3.310038 
78.15999952 -3.310038 
78.19999952 -3.310038 
78.23999952 -3.136082 
78.27999952 -3.136082 
78.31999952 -3.136082 
78.35999952 -3.310038 
78.39999952 -3.136082 
78.43999952 -3.136082 
78.47999952 -3.136082 
78.51999952 -3.310038 
78.55999952 -3.136082 
78.59999952 -3.136082 
78.63999952 -3.136082 
78.67999952 -3.136082 
78.71999952 -3.136082 
78.75999952 -3.136082 
78.79999952 -3.136082 
78.83999952 -3.136082 
78.87999952 -3.136082 
78.91999952 -3.136082 
78.95999952 -3.136082 
78.99999952 -3.136082 
79.03999952 -3.136082 
79.07999952 -3.136082 
79.11999952 -3.136082 
79.15999952 -3.136082 
79.19999952 -3.136082 
79.23999952 -3.136082 
79.27999952 -3.136082 
79.31999952 -3.136082 
79.35999952 -2.962126 
79.39999952 -3.136082 
79.43999952 -3.136082 
79.47999952 -2.962126 
79.51999952 -2.962126 
79.55999952 -3.136082 
79.59999952 -3.136082 
79.63999952 -2.962126 
79.67999952 -3.136082 
79.71999952 -2.962126 
79.75999952 -3.136082 
79.79999952 -2.962126 
79.83999951 -2.962126 
79.87999951 -2.962126 
79.91999951 -2.962126 
79.95999951 -2.962126 
79.99999951 -2.962126 
80.03999951 -2.962126 
80.07999951 -2.962126 
80.11999951 -2.962126 
80.15999951 -2.962126 
80.19999951 -2.962126 
80.23999951 -2.962126 
80.27999951 -2.962126 
80.31999951 -2.962126 
80.35999951 -2.962126 
80.39999951 -2.962126 
80.43999951 -2.962126 
80.47999951 -2.962126 
80.51999951 -2.962126 
80.55999951 -2.788171 
80.59999951 -2.788171 
80.63999951 -2.788171 
80.67999951 -2.788171 
80.71999951 -2.962126 
80.75999951 -2.788171 
80.79999951 -2.788171 
80.83999951 -2.788171 
80.87999951 -2.788171 
80.91999951 -2.788171 
80.95999951 -2.788171 
80.99999951 -2.788171 
81.03999951 -2.788171 
81.07999951 -2.788171 
81.11999951 -2.788171 
81.15999951 -2.788171 
81.19999951 -2.788171 
81.23999951 -2.788171 
81.27999951 -2.788171 
81.31999951 -2.788171 
81.35999951 -2.788171 
81.39999951 -2.788171 
81.43999951 -2.788171 
81.4799995 -2.788171 
81.5199995 -2.613605 
81.5599995 -2.613605 
81.5999995 -2.613605 
81.6399995 -2.788171 
81.6799995 -2.613605 
81.7199995 -2.613605 
81.7599995 -2.613605 
81.7999995 -2.613605 
81.8399995 -2.613605 
81.8799995 -2.613605 
81.9199995 -2.613605 
81.9599995 -2.613605 
81.9999995 -2.613605 
82.0399995 -2.613605 
82.0799995 -2.613605 
82.1199995 -2.613605 
82.1599995 -2.43965 
82.1999995 -2.613605 
82.2399995 -2.43965 
82.2799995 -2.613605 
82.3199995 -2.43965 
82.3599995 -2.613605 
82.3999995 -2.613605 
82.4399995 -2.43965 
82.4799995 -2.43965 
82.5199995 -2.43965 
82.5599995 -2.613605 
82.5999995 -2.43965 
82.6399995 -2.43965 
82.6799995 -2.613605 
82.7199995 -2.43965 
82.7599995 -2.613605 
82.7999995 -2.613605 
82.8399995 -2.43965 
82.8799995 -2.43965 
82.9199995 -2.43965 
82.9599995 -2.43965 
82.9999995 -2.43965 
83.0399995 -2.43965 
83.0799995 -2.43965 
83.11999949 -2.265694 
83.15999949 -2.43965 
83.19999949 -2.265694 
83.23999949 -2.265694 
83.27999949 -2.265694 
83.31999949 -2.43965 
83.35999949 -2.265694 
83.39999949 -2.265694 
83.43999949 -2.265694 
83.47999949 -2.265694 
83.51999949 -2.265694 
83.55999949 -2.265694 
83.59999949 -2.265694 
83.63999949 -2.265694 
83.67999949 -2.265694 
83.71999949 -2.265694 
83.75999949 -2.265694 
83.79999949 -2.265694 
83.83999949 -2.265694 
83.87999949 -2.265694 
83.91999949 -2.265694 
83.95999949 -2.265694 
83.99999949 -2.265694 
84.03999949 -2.265694 
84.07999949 -2.265694 
84.11999949 -2.265694 
84.15999949 -2.265694 
84.19999949 -2.265694 
84.23999949 -2.265694 
84.27999949 -2.091739 
84.31999949 -2.091739 
84.35999949 -2.091739 
84.39999949 -2.091739 
84.43999949 -2.091739 
84.47999949 -2.091739 
84.51999949 -2.091739 
84.55999949 -2.091739 
84.59999949 -2.091739 
84.63999949 -2.091739 
84.67999949 -2.091739 
84.71999949 -2.091739 
84.75999948 -2.091739 
84.79999948 -2.091739 
84.83999948 -2.091739 
84.87999948 -2.091739 
84.91999948 -2.091739 
84.95999948 -2.091739 
84.99999948 -1.917173 
85.03999948 -2.091739 
85.07999948 -2.091739 
85.11999948 -2.091739 
85.15999948 -1.917173 
85.19999948 -2.091739 
85.23999948 -1.917173 
85.27999948 -2.091739 
85.31999948 -2.091739 
85.35999948 -1.917173 
85.39999948 -1.917173 
85.43999948 -1.917173 
85.47999948 -1.917173 
85.51999948 -1.917173 
85.55999948 -1.917173 
85.59999948 -1.917173 
85.63999948 -1.917173 
85.67999948 -1.743217 
85.71999948 -1.743217 
85.75999948 -1.917173 
85.79999948 -1.917173 
85.83999948 -1.743217 
85.87999948 -1.743217 
85.91999948 -1.917173 
85.95999948 -1.743217 
85.99999948 -1.743217 
86.03999948 -1.743217 
86.07999948 -1.743217 
86.11999948 -1.743217 
86.15999948 -1.743217 
86.19999948 -1.743217 
86.23999948 -1.743217 
86.27999948 -1.743217 
86.31999948 -1.743217 
86.35999948 -1.743217 
86.39999947 -1.743217 
86.43999947 -1.743217 
86.47999947 -1.743217 
86.51999947 -1.743217 
86.55999947 -1.743217 
86.59999947 -1.743217 
86.63999947 -1.743217 
86.67999947 -1.743217 
86.71999947 -1.743217 
86.75999947 -1.743217 
86.79999947 -1.743217 
86.83999947 -1.743217 
86.87999947 -1.743217 
86.91999947 -1.743217 
86.95999947 -1.569262 
86.99999947 -1.569262 
87.03999947 -1.743217 
87.07999947 -1.569262 
87.11999947 -1.743217 
87.15999947 -1.743217 
87.19999947 -1.569262 
87.23999947 -1.743217 
87.27999947 -1.569262 
87.31999947 -1.569262 
87.35999947 -1.569262 
87.39999947 -1.569262 
87.43999947 -1.569262 
87.47999947 -1.569262 
87.51999947 -1.569262 
87.55999947 -1.569262 
87.59999947 -1.569262 
87.63999947 -1.569262 
87.67999947 -1.569262 
87.71999947 -1.569262 
87.75999947 -1.569262 
87.79999947 -1.569262 
87.83999947 -1.569262 
87.87999947 -1.569262 
87.91999947 -1.569262 
87.95999947 -1.395306 
87.99999947 -1.569262 
88.03999946 -1.569262 
88.07999946 -1.395306 
88.11999946 -1.395306 
88.15999946 -1.395306 
88.19999946 -1.395306 
88.23999946 -1.395306 
88.27999946 -1.395306 
88.31999946 -1.395306 
88.35999946 -1.395306 
88.39999946 -1.395306 
88.43999946 -1.395306 
88.47999946 -1.395306 
88.51999946 -1.395306 
88.55999946 -1.395306 
88.59999946 -1.395306 
88.63999946 -1.395306 
88.67999946 -1.395306 
88.71999946 -1.395306 
88.75999946 -1.395306 
88.79999946 -1.395306 
88.83999946 -1.395306 
88.87999946 -1.22074 
88.91999946 -1.22074 
88.95999946 -1.395306 
88.99999946 -1.395306 
89.03999946 -1.22074 
89.07999946 -1.395306 
89.11999946 -1.22074 
89.15999946 -1.395306 
89.19999946 -1.22074 
89.23999946 -1.395306 
89.27999946 -1.395306 
89.31999946 -1.046785 
89.35999946 -1.22074 
89.39999946 -1.22074 
89.43999946 -1.22074 
89.47999946 -1.22074 
89.51999946 -1.22074 
89.55999946 -1.22074 
89.59999946 -1.22074 
89.63999946 -1.22074 
89.67999945 -1.22074 
89.71999945 -1.22074 
89.75999945 -1.22074 
89.79999945 -1.22074 
89.83999945 -1.22074 
89.87999945 -1.046785 
89.91999945 -1.22074 
89.95999945 -1.046785 
89.99999945 -1.22074 
90.03999945 -1.046785 
90.07999945 -1.046785 
90.11999945 -1.046785 
90.15999945 -1.046785 
90.19999945 -1.046785 
90.23999945 -1.046785 
90.27999945 -1.046785 
90.31999945 -1.046785 
90.35999945 -1.046785 
90.39999945 -1.046785 
90.43999945 -1.046785 
90.47999945 -1.046785 
90.51999945 -1.046785 
90.55999945 -1.046785 
90.59999945 -1.046785 
90.63999945 -1.046785 
90.67999945 -0.8728294 
90.71999945 -0.8728294 
90.75999945 -0.8728294 
90.79999945 -1.046785 
90.83999945 -0.8728294 
90.87999945 -0.8728294 
90.91999945 -0.8728294 
90.95999945 -0.8728294 
90.99999945 -0.8728294 
91.03999945 -0.8728294 
91.07999945 -0.8728294 
91.11999945 -0.8728294 
91.15999945 -0.8728294 
91.19999945 -0.8728294 
91.23999945 -0.8728294 
91.27999945 -0.8728294 
91.31999945 -0.8728294 
91.35999944 -0.8728294 
91.39999944 -0.8728294 
91.43999944 -0.8728294 
91.47999944 -0.8728294 
91.51999944 -0.8728294 
91.55999944 -0.8728294 
91.59999944 -0.6988739 
91.63999944 -0.8728294 
91.67999944 -0.8728294 
91.71999944 -0.6988739 
91.75999944 -0.8728294 
91.79999944 -0.8728294 
91.83999944 -0.8728294 
91.87999944 -0.8728294 
91.91999944 -0.6988739 
91.95999944 -0.6988739 
91.99999944 -0.6988739 
92.03999944 -0.6988739 
92.07999944 -0.6988739 
92.11999944 -0.6988739 
92.15999944 -0.6988739 
92.19999944 -0.6988739 
92.23999944 -0.6988739 
92.27999944 -0.6988739 
92.31999944 -0.6988739 
92.35999944 -0.6988739 
92.39999944 -0.6988739 
92.43999944 -0.6988739 
92.47999944 -0.6988739 
92.51999944 -0.6988739 
92.55999944 -0.524308 
92.59999944 -0.6988739 
92.63999944 -0.6988739 
92.67999944 -0.524308 
92.71999944 -0.524308 
92.75999944 -0.6988739 
92.79999944 -0.524308 
92.83999944 -0.524308 
92.87999944 -0.6988739 
92.91999944 -0.6988739 
92.95999944 -0.524308 
92.99999943 -0.524308 
93.03999943 -0.524308 
93.07999943 -0.524308 
93.11999943 -0.524308 
93.15999943 -0.524308 
93.19999943 -0.524308 
93.23999943 -0.3503525 
93.27999943 -0.524308 
93.31999943 -0.3503525 
93.35999943 -0.3503525 
93.39999943 -0.3503525 
93.43999943 -0.3503525 
93.47999943 -0.3503525 
93.51999943 -0.3503525 
93.55999943 -0.3503525 
93.59999943 -0.3503525 
93.63999943 -0.3503525 
93.67999943 -0.3503525 
93.71999943 -0.3503525 
93.75999943 -0.3503525 
93.79999943 -0.3503525 
93.83999943 -0.3503525 
93.87999943 -0.3503525 
93.91999943 -0.3503525 
93.95999943 -0.3503525 
93.99999943 -0.3503525 
94.03999943 -0.3503525 
94.07999943 -0.3503525 
94.11999943 -0.3503525 
94.15999943 -0.3503525 
94.19999943 -0.3503525 
94.23999943 -0.3503525 
94.27999943 -0.3503525 
94.31999943 -0.3503525 
94.35999943 -0.3503525 
94.39999943 -0.3503525 
94.43999943 -0.3503525 
94.47999943 -0.3503525 
94.51999943 -0.3503525 
94.55999943 -0.3503525 
94.59999943 -0.3503525 
94.67999942 -0.3503525 
94.71999942 -0.3503525 
94.95999942 -0.3503525 
0 0 
