111.23999932 -8.881496 
113.11999931 -8.881496 
113.31999931 -8.881496 
114.23999931 -8.881496 
115.9199993 -8.881496 
116.15999929 -8.881496 
118.19999928 -8.881496 
119.39999927 -8.881496 
119.83999927 -8.881496 
120.15999927 -8.881496 
120.35999927 -8.881496 
120.59999927 -8.881496 
121.19999926 -8.881496 
122.03999926 -8.881496 
123.51999925 -8.881496 
123.71999925 -8.881496 
124.43999924 -8.881496 
124.47999924 -8.881496 
124.55999924 -8.881496 
124.67999924 -8.881496 
124.75999924 -8.881496 
125.87999923 -8.881496 
128.43999922 -8.881496 
128.51999922 -8.881496 
128.55999922 -8.881496 
128.75999922 -8.881496 
128.83999922 -8.881496 
128.87999922 -8.881496 
129.11999922 -8.881496 
129.39999921 -8.881496 
129.79999921 -8.881496 
129.99999921 -8.881496 
130.07999921 -8.881496 
130.39999921 -8.881496 
130.51999921 -8.881496 
130.75999921 -8.881496 
130.8399992 -8.707541 
131.1999992 -8.881496 
132.0399992 -8.881496 
132.1999992 -8.881496 
132.2799992 -8.881496 
132.55999919 -8.881496 
132.79999919 -8.881496 
132.91999919 -8.881496 
133.67999919 -8.881496 
134.67999918 -8.881496 
134.91999918 -8.881496 
134.95999918 -8.881496 
135.27999918 -8.881496 
135.39999918 -8.881496 
135.43999918 -8.881496 
135.47999918 -8.881496 
135.79999917 -8.881496 
136.03999917 -8.881496 
136.35999917 -8.881496 
136.43999917 -8.881496 
136.55999917 -8.881496 
136.91999917 -8.881496 
137.07999917 -8.881496 
137.19999917 -8.881496 
137.23999917 -8.881496 
137.35999917 -8.881496 
137.91999916 -8.881496 
138.07999916 -8.881496 
138.15999916 -8.881496 
138.19999916 -8.881496 
138.23999916 -8.881496 
138.31999916 -8.881496 
138.35999916 -8.881496 
138.95999916 -8.881496 
139.11999915 -8.881496 
139.35999915 -8.881496 
139.67999915 -8.881496 
140.11999915 -8.881496 
140.23999915 -8.881496 
140.43999915 -8.881496 
140.55999915 -8.881496 
140.75999914 -8.881496 
140.95999914 -8.881496 
140.99999914 -8.881496 
141.03999914 -8.881496 
141.07999914 -8.881496 
141.19999914 -8.881496 
141.27999914 -8.881496 
141.43999914 -8.881496 
141.47999914 -8.881496 
141.75999914 -8.881496 
142.11999914 -8.881496 
142.31999914 -8.881496 
142.39999913 -8.881496 
142.43999913 -8.881496 
142.63999913 -8.881496 
142.67999913 -8.881496 
142.79999913 -8.881496 
143.03999913 -8.881496 
143.07999913 -8.881496 
143.15999913 -8.881496 
143.19999913 -8.881496 
143.23999913 -8.881496 
143.31999913 -8.881496 
143.39999913 -8.707541 
143.55999913 -8.881496 
143.67999913 -8.881496 
143.87999913 -8.881496 
143.95999913 -8.881496 
143.99999912 -8.881496 
144.11999912 -8.881496 
144.27999912 -8.881496 
144.35999912 -8.881496 
144.43999912 -8.881496 
144.67999912 -8.881496 
144.71999912 -8.881496 
144.79999912 -8.881496 
145.51999912 -8.881496 
145.71999911 -8.881496 
145.91999911 -8.881496 
146.31999911 -8.881496 
146.67999911 -8.881496 
146.71999911 -8.881496 
146.75999911 -8.881496 
146.83999911 -8.881496 
146.87999911 -8.881496 
146.91999911 -8.881496 
147.03999911 -8.881496 
147.15999911 -8.881496 
147.23999911 -8.881496 
147.2799991 -8.881496 
147.3599991 -8.881496 
147.3999991 -8.881496 
147.5599991 -8.881496 
147.6399991 -8.881496 
147.7599991 -8.881496 
147.7999991 -8.881496 
147.8799991 -8.881496 
148.0399991 -8.881496 
148.1599991 -8.881496 
148.2399991 -8.881496 
148.3999991 -8.881496 
148.4399991 -8.881496 
148.4799991 -8.881496 
148.5199991 -8.881496 
148.5999991 -8.881496 
148.8399991 -8.881496 
148.8799991 -8.881496 
148.95999909 -8.881496 
148.99999909 -8.881496 
149.03999909 -8.881496 
149.07999909 -8.881496 
149.15999909 -8.881496 
149.23999909 -8.881496 
149.27999909 -8.881496 
149.35999909 -8.881496 
149.43999909 -8.881496 
149.63999909 -8.881496 
149.67999909 -8.881496 
149.83999909 -8.881496 
149.87999909 -8.881496 
149.99999909 -8.881496 
150.03999909 -8.881496 
150.11999909 -8.881496 
150.19999909 -8.881496 
150.23999909 -8.881496 
150.27999909 -8.881496 
150.31999909 -8.881496 
150.47999909 -8.881496 
150.51999909 -8.881496 
150.67999908 -8.881496 
150.75999908 -8.881496 
150.79999908 -8.881496 
150.83999908 -8.881496 
150.95999908 -8.881496 
150.99999908 -8.881496 
151.27999908 -8.881496 
151.31999908 -8.881496 
151.35999908 -8.881496 
151.59999908 -8.881496 
151.63999908 -8.881496 
151.67999908 -8.881496 
151.71999908 -8.881496 
151.83999908 -8.881496 
151.91999908 -8.881496 
151.99999908 -8.881496 
152.03999908 -8.881496 
152.11999908 -8.881496 
152.15999908 -8.881496 
152.19999908 -8.881496 
152.47999907 -8.881496 
152.63999907 -8.881496 
152.67999907 -8.881496 
152.83999907 -8.881496 
152.87999907 -8.881496 
152.95999907 -8.881496 
152.99999907 -8.881496 
153.03999907 -8.881496 
153.07999907 -8.881496 
153.11999907 -8.881496 
153.15999907 -8.881496 
153.19999907 -8.881496 
153.35999907 -8.881496 
153.39999907 -8.881496 
153.43999907 -8.881496 
153.47999907 -8.881496 
153.51999907 -8.881496 
153.63999907 -8.881496 
153.67999907 -8.881496 
153.75999907 -8.881496 
153.79999907 -8.881496 
153.83999907 -8.881496 
153.91999906 -8.881496 
153.95999906 -8.881496 
154.07999906 -8.881496 
154.11999906 -8.881496 
154.15999906 -8.881496 
154.19999906 -8.881496 
154.23999906 -8.707541 
154.31999906 -8.881496 
154.35999906 -8.881496 
154.39999906 -8.881496 
154.47999906 -8.881496 
154.55999906 -8.881496 
154.63999906 -8.881496 
154.75999906 -8.881496 
154.79999906 -8.707541 
154.87999906 -8.881496 
154.95999906 -8.881496 
155.03999906 -8.881496 
155.11999906 -8.881496 
155.15999906 -8.881496 
155.27999906 -8.881496 
155.35999906 -8.881496 
155.39999906 -8.881496 
155.43999906 -8.881496 
155.47999906 -8.881496 
155.55999905 -8.881496 
155.63999905 -8.881496 
155.67999905 -8.881496 
155.91999905 -8.881496 
156.03999905 -8.881496 
156.11999905 -8.881496 
156.19999905 -8.881496 
156.23999905 -8.881496 
156.31999905 -8.707541 
156.35999905 -8.881496 
156.39999905 -8.881496 
156.55999905 -8.881496 
156.59999905 -8.881496 
156.63999905 -8.881496 
156.67999905 -8.881496 
156.71999905 -8.881496 
156.75999905 -8.881496 
156.79999905 -8.881496 
156.83999905 -8.881496 
156.91999905 -8.707541 
156.95999905 -8.881496 
156.99999905 -8.881496 
157.11999905 -8.707541 
157.23999904 -8.881496 
157.27999904 -8.881496 
157.31999904 -8.881496 
157.35999904 -8.881496 
157.43999904 -8.881496 
157.47999904 -8.881496 
157.55999904 -8.881496 
157.63999904 -8.881496 
157.67999904 -8.881496 
157.79999904 -8.881496 
157.83999904 -8.707541 
157.87999904 -8.881496 
157.99999904 -8.881496 
158.07999904 -8.881496 
158.11999904 -8.881496 
158.15999904 -8.881496 
158.27999904 -8.881496 
158.39999904 -8.707541 
158.47999904 -8.881496 
158.51999904 -8.881496 
158.59999904 -8.881496 
158.63999904 -8.881496 
158.71999904 -8.881496 
158.79999903 -8.881496 
158.87999903 -8.881496 
158.91999903 -8.881496 
158.99999903 -8.881496 
159.03999903 -8.881496 
159.07999903 -8.881496 
159.11999903 -8.881496 
159.27999903 -8.881496 
159.31999903 -8.881496 
159.35999903 -8.881496 
159.39999903 -8.881496 
159.43999903 -8.881496 
159.47999903 -8.881496 
159.51999903 -8.881496 
159.55999903 -8.881496 
159.63999903 -8.881496 
159.67999903 -8.881496 
159.71999903 -8.881496 
159.75999903 -8.881496 
159.79999903 -8.881496 
159.83999903 -8.881496 
159.87999903 -8.881496 
160.11999903 -8.881496 
160.15999903 -8.881496 
160.19999903 -8.881496 
160.23999903 -8.881496 
160.31999903 -8.881496 
160.39999903 -8.881496 
160.51999902 -8.881496 
160.55999902 -8.881496 
160.71999902 -8.881496 
160.75999902 -8.881496 
160.83999902 -8.881496 
160.87999902 -8.881496 
160.91999902 -8.881496 
161.03999902 -8.881496 
161.19999902 -8.707541 
161.23999902 -8.881496 
161.27999902 -8.707541 
161.35999902 -8.881496 
161.39999902 -8.881496 
161.43999902 -8.881496 
161.47999902 -8.881496 
161.51999902 -8.881496 
161.55999902 -8.881496 
161.67999902 -8.881496 
161.71999902 -8.881496 
161.75999902 -8.881496 
161.83999902 -8.881496 
161.87999902 -8.881496 
161.91999902 -8.881496 
161.99999902 -8.881496 
162.03999902 -8.881496 
162.07999901 -8.881496 
162.11999901 -8.881496 
162.15999901 -8.881496 
162.19999901 -8.881496 
162.23999901 -8.881496 
162.27999901 -8.881496 
162.31999901 -8.881496 
162.35999901 -8.881496 
162.39999901 -8.881496 
162.43999901 -8.881496 
162.47999901 -8.881496 
162.51999901 -8.707541 
162.55999901 -8.881496 
162.59999901 -8.707541 
162.63999901 -8.881496 
162.71999901 -8.881496 
162.75999901 -8.881496 
162.79999901 -8.881496 
162.91999901 -8.881496 
162.99999901 -8.881496 
163.03999901 -8.881496 
163.07999901 -8.881496 
163.11999901 -8.881496 
163.15999901 -8.881496 
163.19999901 -8.881496 
163.23999901 -8.881496 
163.27999901 -8.881496 
163.31999901 -8.707541 
163.35999901 -8.881496 
163.39999901 -8.881496 
163.51999901 -8.881496 
163.59999901 -8.881496 
163.63999901 -8.881496 
163.67999901 -8.881496 
163.719999 -8.881496 
163.759999 -8.881496 
163.799999 -8.881496 
163.879999 -8.881496 
163.919999 -8.881496 
163.999999 -8.881496 
164.119999 -8.881496 
164.159999 -8.881496 
164.239999 -8.881496 
164.319999 -8.881496 
164.359999 -8.881496 
164.399999 -8.707541 
164.439999 -8.881496 
164.479999 -8.881496 
164.519999 -8.881496 
164.559999 -8.881496 
164.639999 -8.881496 
164.679999 -8.881496 
164.719999 -8.881496 
164.759999 -8.881496 
164.799999 -8.881496 
164.839999 -8.881496 
164.879999 -8.881496 
164.919999 -8.707541 
164.959999 -8.881496 
164.999999 -8.881496 
165.039999 -8.881496 
165.079999 -8.707541 
165.119999 -8.881496 
165.159999 -8.881496 
165.199999 -8.881496 
165.239999 -8.881496 
165.279999 -8.707541 
165.319999 -8.881496 
165.43999899 -8.707541 
165.47999899 -8.881496 
165.51999899 -8.881496 
165.55999899 -8.881496 
165.59999899 -8.707541 
165.63999899 -8.881496 
165.67999899 -8.881496 
165.71999899 -8.881496 
165.75999899 -8.881496 
165.79999899 -8.881496 
165.87999899 -8.881496 
165.91999899 -8.881496 
165.95999899 -8.881496 
166.03999899 -8.881496 
166.07999899 -8.881496 
166.15999899 -8.881496 
166.19999899 -8.881496 
166.23999899 -8.707541 
166.31999899 -8.881496 
166.35999899 -8.707541 
166.39999899 -8.881496 
166.43999899 -8.881496 
166.47999899 -8.881496 
166.55999899 -8.881496 
166.59999899 -8.881496 
166.63999899 -8.881496 
166.67999899 -8.881496 
166.71999899 -8.881496 
166.75999899 -8.881496 
166.79999899 -8.881496 
166.87999899 -8.881496 
166.91999899 -8.881496 
166.95999899 -8.881496 
166.99999899 -8.881496 
167.03999898 -8.881496 
167.07999898 -8.707541 
167.19999898 -8.881496 
167.23999898 -8.881496 
167.31999898 -8.707541 
167.47999898 -8.881496 
167.51999898 -8.881496 
167.55999898 -8.881496 
167.59999898 -8.881496 
167.63999898 -8.881496 
167.67999898 -8.881496 
167.71999898 -8.881496 
167.75999898 -8.881496 
167.79999898 -8.881496 
167.83999898 -8.881496 
167.87999898 -8.707541 
167.91999898 -8.707541 
167.95999898 -8.881496 
167.99999898 -8.881496 
168.03999898 -8.881496 
168.07999898 -8.881496 
168.15999898 -8.707541 
168.23999898 -8.881496 
168.31999898 -8.707541 
168.35999898 -8.881496 
168.39999898 -8.881496 
168.43999898 -8.881496 
168.47999898 -8.881496 
168.51999898 -8.881496 
168.55999898 -8.881496 
168.59999898 -8.881496 
168.63999898 -8.881496 
168.67999897 -8.707541 
168.71999897 -8.881496 
168.75999897 -8.881496 
168.79999897 -8.881496 
168.83999897 -8.881496 
168.87999897 -8.707541 
168.91999897 -8.881496 
168.95999897 -8.881496 
168.99999897 -8.881496 
169.03999897 -8.881496 
169.07999897 -8.881496 
169.11999897 -8.707541 
169.19999897 -8.881496 
169.23999897 -8.881496 
169.27999897 -8.707541 
169.35999897 -8.881496 
169.43999897 -8.881496 
169.47999897 -8.707541 
169.51999897 -8.881496 
169.55999897 -8.881496 
169.59999897 -8.881496 
169.63999897 -8.881496 
169.67999897 -8.881496 
169.75999897 -8.881496 
169.79999897 -8.881496 
169.83999897 -8.881496 
169.87999897 -8.881496 
169.91999897 -8.881496 
169.95999897 -8.881496 
170.07999897 -8.881496 
170.11999897 -8.881496 
170.15999897 -8.881496 
170.19999897 -8.881496 
170.23999897 -8.881496 
170.27999897 -8.707541 
170.31999896 -8.881496 
170.39999896 -8.881496 
170.47999896 -8.707541 
170.51999896 -8.707541 
170.55999896 -8.881496 
170.59999896 -8.881496 
170.63999896 -8.881496 
170.67999896 -8.881496 
170.71999896 -8.881496 
170.75999896 -8.881496 
170.79999896 -8.881496 
170.83999896 -8.881496 
170.87999896 -8.881496 
170.91999896 -8.881496 
170.95999896 -8.881496 
170.99999896 -8.881496 
171.03999896 -8.707541 
171.07999896 -8.881496 
171.11999896 -8.881496 
171.19999896 -8.881496 
171.23999896 -8.881496 
171.27999896 -8.881496 
171.35999896 -8.707541 
171.43999896 -8.881496 
171.47999896 -8.881496 
171.51999896 -8.881496 
171.55999896 -8.707541 
171.59999896 -8.881496 
171.63999896 -8.881496 
171.71999896 -8.881496 
171.75999896 -8.881496 
171.79999896 -8.707541 
171.83999896 -8.881496 
171.91999896 -8.881496 
171.95999895 -8.707541 
171.99999895 -8.707541 
172.03999895 -8.881496 
172.07999895 -8.881496 
172.11999895 -8.881496 
172.15999895 -8.707541 
172.19999895 -8.881496 
172.23999895 -8.881496 
172.27999895 -8.881496 
172.31999895 -8.881496 
172.39999895 -8.881496 
172.43999895 -8.881496 
172.47999895 -8.881496 
172.51999895 -8.881496 
172.55999895 -8.881496 
172.59999895 -8.881496 
172.63999895 -8.707541 
172.67999895 -8.881496 
172.71999895 -8.707541 
172.75999895 -8.881496 
172.79999895 -8.881496 
172.83999895 -8.881496 
172.87999895 -8.881496 
172.91999895 -8.707541 
172.95999895 -8.707541 
172.99999895 -8.881496 
173.03999895 -8.881496 
173.07999895 -8.881496 
173.11999895 -8.881496 
173.15999895 -8.881496 
173.19999895 -8.881496 
173.23999895 -8.881496 
173.27999895 -8.881496 
173.31999895 -8.707541 
173.35999895 -8.881496 
173.39999895 -8.881496 
173.47999895 -8.881496 
173.51999895 -8.707541 
173.59999894 -8.881496 
173.63999894 -8.881496 
173.67999894 -8.707541 
173.71999894 -8.881496 
173.75999894 -8.881496 
173.79999894 -8.881496 
173.83999894 -8.881496 
173.87999894 -8.707541 
173.91999894 -8.707541 
173.95999894 -8.881496 
173.99999894 -8.881496 
174.03999894 -8.707541 
174.11999894 -8.707541 
174.15999894 -8.881496 
174.19999894 -8.881496 
174.23999894 -8.881496 
174.39999894 -8.881496 
174.43999894 -8.881496 
174.51999894 -8.881496 
174.55999894 -8.881496 
174.59999894 -8.707541 
174.63999894 -8.881496 
174.67999894 -8.881496 
174.71999894 -8.881496 
174.75999894 -8.881496 
174.79999894 -8.707541 
174.83999894 -8.881496 
174.87999894 -8.881496 
174.95999894 -8.881496 
174.99999894 -8.881496 
175.03999894 -8.707541 
175.07999894 -8.707541 
175.11999894 -8.881496 
175.15999894 -8.881496 
175.19999894 -8.707541 
175.23999893 -8.881496 
175.27999893 -8.881496 
175.31999893 -8.881496 
175.35999893 -8.707541 
175.39999893 -8.881496 
175.43999893 -8.881496 
175.47999893 -8.707541 
175.51999893 -8.881496 
175.55999893 -8.881496 
175.59999893 -8.881496 
175.63999893 -8.881496 
175.71999893 -8.707541 
175.75999893 -8.707541 
175.79999893 -8.881496 
175.83999893 -8.881496 
175.87999893 -8.881496 
175.91999893 -8.881496 
175.95999893 -8.707541 
175.99999893 -8.707541 
176.03999893 -8.881496 
176.07999893 -8.881496 
176.11999893 -8.881496 
176.15999893 -8.881496 
176.19999893 -8.881496 
176.27999893 -8.881496 
176.31999893 -8.881496 
176.35999893 -8.707541 
176.39999893 -8.707541 
176.43999893 -8.881496 
176.47999893 -8.881496 
176.51999893 -8.881496 
176.55999893 -8.707541 
176.59999893 -8.707541 
176.63999893 -8.881496 
176.67999893 -8.881496 
176.71999893 -8.881496 
176.75999893 -8.881496 
176.79999893 -8.707541 
176.83999893 -8.707541 
176.87999893 -8.881496 
176.91999892 -8.707541 
176.95999892 -8.707541 
176.99999892 -8.881496 
177.03999892 -8.881496 
177.07999892 -8.881496 
177.11999892 -8.881496 
177.15999892 -8.707541 
177.19999892 -8.881496 
177.23999892 -8.881496 
177.27999892 -8.707541 
177.31999892 -8.707541 
177.35999892 -8.707541 
177.39999892 -8.707541 
177.43999892 -8.707541 
177.47999892 -8.707541 
177.51999892 -8.707541 
177.55999892 -8.707541 
177.59999892 -8.881496 
177.63999892 -8.707541 
177.67999892 -8.881496 
177.71999892 -8.707541 
177.75999892 -8.707541 
177.79999892 -8.881496 
177.83999892 -8.707541 
177.87999892 -8.881496 
177.91999892 -8.881496 
177.95999892 -8.881496 
177.99999892 -8.707541 
178.03999892 -8.707541 
178.07999892 -8.707541 
178.11999892 -8.881496 
178.15999892 -8.881496 
178.19999892 -8.707541 
178.23999892 -8.881496 
178.27999892 -8.881496 
178.31999892 -8.881496 
178.35999892 -8.881496 
178.39999892 -8.881496 
178.43999892 -8.707541 
178.47999892 -8.881496 
178.55999891 -8.881496 
178.59999891 -8.881496 
178.63999891 -8.881496 
178.67999891 -8.881496 
178.71999891 -8.881496 
178.75999891 -8.707541 
178.79999891 -8.707541 
178.83999891 -8.707541 
178.87999891 -8.881496 
178.91999891 -8.881496 
178.95999891 -8.881496 
178.99999891 -8.881496 
179.03999891 -8.881496 
179.07999891 -8.881496 
179.11999891 -8.881496 
179.15999891 -8.881496 
179.19999891 -8.881496 
179.23999891 -8.881496 
179.27999891 -8.881496 
179.31999891 -8.881496 
179.35999891 -8.881496 
179.39999891 -8.707541 
179.43999891 -8.707541 
179.47999891 -8.707541 
179.51999891 -8.881496 
179.55999891 -8.881496 
179.59999891 -8.707541 
179.67999891 -8.881496 
179.71999891 -8.707541 
179.75999891 -8.881496 
179.79999891 -8.707541 
179.83999891 -8.707541 
179.87999891 -8.707541 
179.91999891 -8.707541 
179.95999891 -8.707541 
179.99999891 -8.707541 
180.03999891 -8.881496 
180.07999891 -8.881496 
180.11999891 -8.881496 
180.15999891 -8.707541 
180.1999989 -8.707541 
180.2399989 -8.881496 
180.2799989 -8.881496 
180.3199989 -8.707541 
180.3599989 -8.707541 
180.3999989 -8.707541 
180.4399989 -8.707541 
180.4799989 -8.881496 
180.5199989 -8.707541 
180.5599989 -8.707541 
180.5999989 -8.881496 
180.6399989 -8.707541 
180.6799989 -8.881496 
180.7199989 -8.707541 
180.7599989 -8.707541 
180.7999989 -8.881496 
180.8399989 -8.707541 
180.8799989 -8.881496 
180.9199989 -8.707541 
180.9999989 -8.881496 
181.0399989 -8.707541 
181.0799989 -8.881496 
181.1199989 -8.881496 
181.1599989 -8.707541 
181.1999989 -8.707541 
181.2399989 -8.881496 
181.2799989 -8.707541 
181.3199989 -8.707541 
181.3599989 -8.881496 
181.3999989 -8.707541 
181.4399989 -8.707541 
181.4799989 -8.707541 
181.5199989 -8.707541 
181.5599989 -8.707541 
181.5999989 -8.881496 
181.6399989 -8.707541 
181.6799989 -8.707541 
181.7199989 -8.707541 
181.7599989 -8.707541 
181.7999989 -8.881496 
181.83999889 -8.881496 
181.87999889 -8.881496 
181.91999889 -8.707541 
181.95999889 -8.881496 
181.99999889 -8.707541 
182.03999889 -8.881496 
182.07999889 -8.707541 
182.11999889 -8.881496 
182.15999889 -8.707541 
182.19999889 -8.707541 
182.23999889 -8.707541 
182.27999889 -8.707541 
182.31999889 -8.707541 
182.35999889 -8.881496 
182.39999889 -8.881496 
182.43999889 -8.707541 
182.47999889 -8.881496 
182.51999889 -8.707541 
182.55999889 -8.881496 
182.59999889 -8.707541 
182.63999889 -8.881496 
182.67999889 -8.707541 
182.71999889 -8.881496 
182.75999889 -8.881496 
182.79999889 -8.707541 
182.83999889 -8.881496 
182.87999889 -8.881496 
182.91999889 -8.707541 
182.95999889 -8.881496 
182.99999889 -8.881496 
183.03999889 -8.707541 
183.07999889 -8.707541 
183.15999889 -8.707541 
183.19999889 -8.881496 
183.23999889 -8.881496 
183.27999889 -8.881496 
183.31999889 -8.881496 
183.35999889 -8.707541 
183.39999889 -8.707541 
183.43999889 -8.707541 
183.47999888 -8.881496 
183.51999888 -8.707541 
183.55999888 -8.881496 
183.59999888 -8.707541 
183.63999888 -8.707541 
183.67999888 -8.881496 
183.71999888 -8.707541 
183.75999888 -8.881496 
183.79999888 -8.707541 
183.83999888 -8.707541 
183.87999888 -8.881496 
183.91999888 -8.881496 
183.95999888 -8.881496 
183.99999888 -8.707541 
184.03999888 -8.707541 
184.07999888 -8.881496 
184.11999888 -8.881496 
184.15999888 -8.881496 
184.19999888 -8.707541 
184.23999888 -8.707541 
184.27999888 -8.881496 
184.31999888 -8.707541 
184.35999888 -8.881496 
184.39999888 -8.881496 
184.43999888 -8.881496 
184.47999888 -8.881496 
184.51999888 -8.707541 
184.55999888 -8.707541 
184.59999888 -8.707541 
184.63999888 -8.707541 
184.67999888 -8.881496 
184.71999888 -8.881496 
184.75999888 -8.881496 
184.79999888 -8.707541 
184.83999888 -8.881496 
184.87999888 -8.881496 
184.91999888 -8.881496 
184.95999888 -8.707541 
184.99999888 -8.707541 
185.03999888 -8.707541 
185.07999888 -8.881496 
185.11999887 -8.881496 
185.15999887 -8.707541 
185.19999887 -8.707541 
185.23999887 -8.881496 
185.27999887 -8.707541 
185.31999887 -8.881496 
185.35999887 -8.707541 
185.39999887 -8.881496 
185.43999887 -8.881496 
185.47999887 -8.881496 
185.51999887 -8.707541 
185.55999887 -8.707541 
185.59999887 -8.707541 
185.63999887 -8.707541 
185.67999887 -8.707541 
185.71999887 -8.707541 
185.75999887 -8.707541 
185.79999887 -8.707541 
185.83999887 -8.707541 
185.87999887 -8.707541 
185.91999887 -8.707541 
185.95999887 -8.707541 
185.99999887 -8.881496 
186.03999887 -8.881496 
186.07999887 -8.707541 
186.11999887 -8.707541 
186.15999887 -8.881496 
186.19999887 -8.881496 
186.23999887 -8.707541 
186.27999887 -8.707541 
186.31999887 -8.707541 
186.35999887 -8.707541 
186.39999887 -8.707541 
186.43999887 -8.881496 
186.47999887 -8.707541 
186.51999887 -8.707541 
186.55999887 -8.707541 
186.59999887 -8.707541 
186.63999887 -8.881496 
186.67999887 -8.881496 
186.71999887 -8.881496 
186.75999886 -8.881496 
186.79999886 -8.881496 
186.83999886 -8.881496 
186.87999886 -8.707541 
186.91999886 -8.707541 
186.95999886 -8.707541 
186.99999886 -8.707541 
187.03999886 -8.707541 
187.07999886 -8.707541 
187.11999886 -8.881496 
187.15999886 -8.881496 
187.19999886 -8.881496 
187.23999886 -8.881496 
187.27999886 -8.707541 
187.31999886 -8.707541 
187.35999886 -8.707541 
187.39999886 -8.881496 
187.43999886 -8.707541 
187.47999886 -8.707541 
187.51999886 -8.707541 
187.55999886 -8.707541 
187.63999886 -8.707541 
187.67999886 -8.707541 
187.71999886 -8.707541 
187.75999886 -8.707541 
187.79999886 -8.707541 
187.83999886 -8.707541 
187.87999886 -8.707541 
187.91999886 -8.707541 
187.95999886 -8.707541 
187.99999886 -8.707541 
188.03999886 -8.881496 
188.07999886 -8.881496 
188.11999886 -8.707541 
188.15999886 -8.707541 
188.19999886 -8.707541 
188.23999886 -8.707541 
188.27999886 -8.881496 
188.31999886 -8.707541 
188.35999886 -8.881496 
188.39999886 -8.707541 
188.43999885 -8.707541 
188.47999885 -8.707541 
188.51999885 -8.707541 
188.55999885 -8.881496 
188.59999885 -8.881496 
188.63999885 -8.707541 
188.67999885 -8.881496 
188.71999885 -8.707541 
188.75999885 -8.707541 
188.79999885 -8.881496 
188.83999885 -8.881496 
188.87999885 -8.881496 
188.91999885 -8.707541 
188.95999885 -8.707541 
188.99999885 -8.881496 
189.03999885 -8.707541 
189.07999885 -8.707541 
189.11999885 -8.707541 
189.15999885 -8.707541 
189.19999885 -8.707541 
189.23999885 -8.881496 
189.27999885 -8.707541 
189.31999885 -8.707541 
189.35999885 -8.881496 
189.39999885 -8.881496 
189.43999885 -8.881496 
189.47999885 -8.707541 
189.51999885 -8.707541 
189.55999885 -8.707541 
189.59999885 -8.707541 
189.63999885 -8.707541 
189.67999885 -8.707541 
189.71999885 -8.881496 
189.75999885 -8.707541 
189.79999885 -8.707541 
189.83999885 -8.707541 
189.87999885 -8.881496 
189.91999885 -8.707541 
189.95999885 -8.881496 
189.99999885 -8.707541 
190.03999885 -8.881496 
190.07999884 -8.707541 
190.11999884 -8.707541 
190.15999884 -8.881496 
190.19999884 -8.707541 
190.23999884 -8.707541 
190.27999884 -8.707541 
190.31999884 -8.707541 
190.35999884 -8.707541 
190.39999884 -8.707541 
190.43999884 -8.707541 
190.47999884 -8.707541 
190.51999884 -8.707541 
190.55999884 -8.707541 
190.59999884 -8.707541 
190.63999884 -8.707541 
190.67999884 -8.881496 
190.71999884 -8.881496 
190.75999884 -8.881496 
190.79999884 -8.707541 
190.83999884 -8.881496 
190.87999884 -8.707541 
190.91999884 -8.707541 
190.95999884 -8.881496 
190.99999884 -8.707541 
191.03999884 -8.881496 
191.07999884 -8.881496 
191.11999884 -8.707541 
191.15999884 -8.707541 
191.19999884 -8.707541 
191.23999884 -8.707541 
191.27999884 -8.707541 
191.31999884 -8.881496 
191.35999884 -8.881496 
191.39999884 -8.707541 
191.43999884 -8.707541 
191.47999884 -8.707541 
191.51999884 -8.881496 
191.55999884 -8.707541 
191.59999884 -8.881496 
191.63999884 -8.881496 
191.67999884 -8.707541 
191.71999883 -8.707541 
191.75999883 -8.707541 
191.79999883 -8.707541 
191.83999883 -8.707541 
191.87999883 -8.707541 
191.91999883 -8.881496 
191.95999883 -8.707541 
191.99999883 -8.881496 
192.03999883 -8.707541 
192.07999883 -8.707541 
192.11999883 -8.707541 
192.15999883 -8.707541 
192.19999883 -8.707541 
192.23999883 -8.707541 
192.27999883 -8.881496 
192.31999883 -8.707541 
192.35999883 -8.707541 
192.39999883 -8.707541 
192.43999883 -8.881496 
192.47999883 -8.881496 
192.51999883 -8.881496 
192.55999883 -8.707541 
192.59999883 -8.881496 
192.63999883 -8.881496 
192.67999883 -8.707541 
192.71999883 -8.707541 
192.75999883 -8.707541 
192.79999883 -8.707541 
192.83999883 -8.707541 
192.87999883 -8.707541 
192.91999883 -8.707541 
192.95999883 -8.707541 
192.99999883 -8.707541 
193.03999883 -8.707541 
193.07999883 -8.707541 
193.11999883 -8.707541 
193.15999883 -8.707541 
193.19999883 -8.707541 
193.23999883 -8.707541 
193.27999883 -8.707541 
193.31999883 -8.707541 
193.35999882 -8.707541 
193.39999882 -8.881496 
193.43999882 -8.707541 
193.47999882 -8.707541 
193.51999882 -8.707541 
193.55999882 -8.707541 
193.59999882 -8.707541 
193.63999882 -8.707541 
193.67999882 -8.707541 
193.71999882 -8.707541 
193.75999882 -8.707541 
193.79999882 -8.881496 
193.83999882 -8.707541 
193.87999882 -8.707541 
193.91999882 -8.707541 
193.95999882 -8.707541 
193.99999882 -8.707541 
194.03999882 -8.707541 
194.07999882 -8.707541 
194.11999882 -8.707541 
194.15999882 -8.707541 
194.19999882 -8.707541 
194.23999882 -8.707541 
194.27999882 -8.707541 
194.31999882 -8.707541 
194.35999882 -8.881496 
194.39999882 -8.881496 
194.43999882 -8.707541 
194.47999882 -8.707541 
194.51999882 -8.707541 
194.55999882 -8.707541 
194.59999882 -8.707541 
194.63999882 -8.707541 
194.67999882 -8.707541 
194.71999882 -8.707541 
194.75999882 -8.707541 
194.79999882 -8.707541 
194.83999882 -8.707541 
194.87999882 -8.707541 
194.91999882 -8.707541 
194.95999882 -8.707541 
194.99999881 -8.707541 
195.03999881 -8.881496 
195.07999881 -8.707541 
195.11999881 -8.881496 
195.15999881 -8.707541 
195.19999881 -8.881496 
195.23999881 -8.707541 
195.27999881 -8.707541 
195.31999881 -8.881496 
195.35999881 -8.881496 
195.39999881 -8.707541 
195.43999881 -8.707541 
195.47999881 -8.707541 
195.51999881 -8.707541 
195.55999881 -8.881496 
195.59999881 -8.707541 
195.63999881 -8.881496 
195.67999881 -8.881496 
195.71999881 -8.707541 
195.75999881 -8.881496 
195.79999881 -8.707541 
195.83999881 -8.707541 
195.87999881 -8.707541 
195.91999881 -8.707541 
195.95999881 -8.707541 
195.99999881 -8.707541 
196.03999881 -8.707541 
196.07999881 -8.707541 
196.11999881 -8.707541 
196.15999881 -8.707541 
196.19999881 -8.707541 
196.23999881 -8.707541 
196.27999881 -8.707541 
196.31999881 -8.707541 
196.35999881 -8.881496 
196.39999881 -8.707541 
196.43999881 -8.707541 
196.47999881 -8.707541 
196.51999881 -8.707541 
196.55999881 -8.707541 
196.59999881 -8.707541 
196.6399988 -8.707541 
196.6799988 -8.707541 
196.7199988 -8.707541 
196.7599988 -8.707541 
196.7999988 -8.707541 
196.8399988 -8.707541 
196.8799988 -8.707541 
196.9199988 -8.881496 
196.9599988 -8.707541 
196.9999988 -8.707541 
197.0399988 -8.707541 
197.0799988 -8.707541 
197.1199988 -8.707541 
197.1599988 -8.707541 
197.1999988 -8.707541 
197.2399988 -8.707541 
197.2799988 -8.707541 
197.3199988 -8.881496 
197.3599988 -8.707541 
197.3999988 -8.707541 
197.4399988 -8.707541 
197.4799988 -8.707541 
197.5199988 -8.707541 
197.5599988 -8.707541 
197.5999988 -8.707541 
197.6399988 -8.707541 
197.6799988 -8.707541 
197.7199988 -8.707541 
197.7599988 -8.707541 
197.7999988 -8.707541 
197.8399988 -8.707541 
197.8799988 -8.881496 
197.9199988 -8.707541 
197.9599988 -8.707541 
197.9999988 -8.707541 
198.0399988 -8.707541 
198.0799988 -8.707541 
198.1199988 -8.707541 
198.1599988 -8.707541 
198.1999988 -8.881496 
198.2399988 -8.707541 
198.27999879 -8.707541 
198.31999879 -8.707541 
198.35999879 -8.707541 
198.39999879 -8.707541 
198.43999879 -8.707541 
198.47999879 -8.707541 
198.51999879 -8.707541 
198.55999879 -8.707541 
198.59999879 -8.707541 
198.63999879 -8.707541 
198.67999879 -8.707541 
198.71999879 -8.707541 
198.75999879 -8.707541 
198.79999879 -8.707541 
198.83999879 -8.707541 
198.87999879 -8.707541 
198.91999879 -8.707541 
198.95999879 -8.707541 
198.99999879 -8.707541 
199.03999879 -8.707541 
199.07999879 -8.707541 
199.11999879 -8.707541 
199.15999879 -8.707541 
199.19999879 -8.707541 
199.23999879 -8.707541 
199.27999879 -8.707541 
199.31999879 -8.707541 
199.35999879 -8.707541 
199.39999879 -8.881496 
199.43999879 -8.881496 
199.47999879 -8.707541 
199.51999879 -8.707541 
199.55999879 -8.707541 
199.59999879 -8.707541 
199.63999879 -8.707541 
199.67999879 -8.707541 
199.71999879 -8.707541 
199.75999879 -8.707541 
199.79999879 -8.707541 
199.83999879 -8.707541 
199.87999879 -8.707541 
199.91999878 -8.707541 
199.95999878 -8.707541 
199.99999878 -8.707541 
200.03999878 -8.707541 
200.07999878 -8.707541 
200.11999878 -8.707541 
0 0 
