4.43999997 -0.4989776 
4.47999997 -0.4989776 
4.51999997 -0.4989776 
4.55999997 -0.4989776 
4.63999997 -0.4989776 
4.67999997 -0.4989776 
4.71999997 -0.4989776 
4.75999997 -0.4989776 
4.79999997 -0.4989776 
4.83999997 -0.4989776 
4.87999997 -0.4989776 
4.91999997 -0.4989776 
4.95999997 -0.4989776 
4.99999997 -0.4989776 
5.03999997 -0.4989776 
5.07999997 -0.4989776 
5.11999997 -0.4989776 
5.15999997 -0.941496 
5.19999997 -0.4989776 
5.23999997 -0.4989776 
5.27999997 -0.4989776 
5.31999997 -0.4989776 
5.35999997 -0.4989776 
5.39999997 -0.4989776 
5.43999997 -0.4989776 
5.47999997 -0.4989776 
5.51999997 -0.4989776 
5.55999997 -0.4989776 
5.59999997 -0.4989776 
6.79999996 -0.4989776 
7.31999996 -0.4989776 
16.1999999 -0.4989776 
16.2399999 -0.4989776 
16.2799999 -0.4989776 
16.3199999 -0.4989776 
16.3599999 -0.4989776 
16.3999999 -0.4989776 
16.4399999 -0.4989776 
16.4799999 -0.4989776 
16.5199999 -0.4989776 
16.5599999 -0.4989776 
16.5999999 -0.4989776 
16.6399999 -0.4989776 
16.6799999 -0.4989776 
16.7199999 -0.941496 
16.7599999 -0.4989776 
16.7999999 -0.4989776 
16.8399999 -0.4989776 
16.8799999 -0.941496 
16.9199999 -0.941496 
16.9599999 -0.4989776 
16.9999999 -0.4989776 
17.0399999 -0.941496 
17.0799999 -0.4989776 
17.1199999 -0.4989776 
17.1599999 -0.4989776 
17.1999999 -0.941496 
17.2399999 -0.941496 
17.27999989 -0.4989776 
17.31999989 -0.4989776 
17.35999989 -0.4989776 
17.39999989 -0.4989776 
17.43999989 -0.4989776 
17.47999989 -0.4989776 
17.51999989 -0.4989776 
17.55999989 -0.4989776 
17.59999989 -0.4989776 
17.63999989 -0.4989776 
17.67999989 -0.4989776 
17.71999989 -0.4989776 
17.75999989 -0.4989776 
17.79999989 -0.4989776 
17.87999989 -0.4989776 
17.91999989 -0.4989776 
17.95999989 -0.4989776 
17.99999989 -0.4989776 
18.47999989 -0.4989776 
25.43999985 -0.4989776 
25.47999985 -0.4989776 
25.51999984 -0.4989776 
25.55999984 -0.4989776 
25.59999984 -0.4989776 
25.63999984 -0.4989776 
25.67999984 -0.4989776 
25.71999984 -0.4989776 
25.75999984 -0.4989776 
25.79999984 -0.4989776 
25.83999984 -0.4989776 
25.87999984 -0.941496 
25.91999984 -0.4989776 
25.95999984 -0.4989776 
25.99999984 -0.4989776 
26.03999984 -0.4989776 
26.07999984 -0.941496 
26.11999984 -0.941496 
26.15999984 -0.941496 
26.19999984 -0.4989776 
26.23999984 -0.941496 
26.27999984 -0.941496 
26.31999984 -0.941496 
26.35999984 -0.941496 
26.39999984 -0.4989776 
26.43999984 -0.941496 
26.47999984 -0.941496 
26.51999984 -0.4989776 
26.55999984 -0.4989776 
26.59999984 -0.941496 
26.63999984 -0.941496 
26.67999984 -0.4989776 
26.71999984 -0.941496 
26.75999984 -0.4989776 
26.79999984 -0.4989776 
26.83999984 -0.4989776 
26.87999984 -0.4989776 
26.99999984 -0.4989776 
29.83999982 -0.4989776 
29.95999982 -0.4989776 
30.07999982 -0.4989776 
30.11999982 -0.4989776 
30.15999982 -0.4989776 
30.19999982 -0.4989776 
30.23999982 -0.4989776 
30.27999982 -0.4989776 
30.31999982 -0.941496 
30.35999982 -0.4989776 
30.39999982 -0.941496 
30.43999982 -0.941496 
30.47999981 -0.941496 
30.51999981 -0.941496 
30.55999981 -0.941496 
30.59999981 -0.941496 
30.63999981 -0.941496 
30.67999981 -0.941496 
30.71999981 -0.941496 
30.75999981 -0.941496 
30.79999981 -0.4989776 
30.83999981 -0.941496 
30.87999981 -0.941496 
30.91999981 -0.941496 
30.95999981 -0.941496 
30.99999981 -0.941496 
31.03999981 -0.941496 
31.07999981 -0.941496 
31.11999981 -0.941496 
31.15999981 -0.941496 
31.19999981 -0.941496 
31.23999981 -0.941496 
31.27999981 -0.941496 
31.31999981 -0.941496 
31.35999981 -0.941496 
31.39999981 -0.941496 
31.43999981 -0.941496 
31.47999981 -0.941496 
31.51999981 -0.941496 
31.55999981 -0.941496 
31.59999981 -0.941496 
31.63999981 -0.941496 
31.67999981 -0.941496 
31.71999981 -0.941496 
31.75999981 -0.941496 
31.79999981 -0.941496 
31.83999981 -0.941496 
31.87999981 -0.941496 
31.91999981 -0.941496 
31.95999981 -0.941496 
31.99999981 -0.941496 
32.03999981 -0.941496 
32.07999981 -0.941496 
32.1199998 -0.941496 
32.1599998 -0.941496 
32.1999998 -0.4989776 
32.2399998 -0.4989776 
32.2799998 -0.4989776 
32.3199998 -0.4989776 
32.3599998 -0.941496 
32.3999998 -0.941496 
32.4399998 -0.4989776 
32.4799998 -0.4989776 
32.5199998 -0.4989776 
32.5599998 -0.4989776 
32.5999998 -0.4989776 
32.6399998 -0.4989776 
32.6799998 -0.4989776 
32.7199998 -0.4989776 
32.8399998 -0.4989776 
32.8799998 -0.4989776 
32.9199998 -0.941496 
33.0399998 -0.941496 
33.0799998 -0.4989776 
33.1599998 -0.4989776 
33.1999998 -0.4989776 
33.3999998 -0.941496 
33.4399998 -0.941496 
41.23999975 -0.4989776 
41.31999975 -0.4989776 
41.35999975 -0.4989776 
41.39999975 -0.4989776 
41.43999975 -0.4989776 
41.47999975 -0.4989776 
41.51999975 -0.941496 
41.55999975 -0.941496 
41.59999975 -0.4989776 
41.63999975 -0.941496 
41.67999975 -0.941496 
41.71999975 -0.941496 
41.75999975 -0.941496 
41.79999975 -0.941496 
41.83999975 -0.941496 
41.87999975 -1.382488 
41.91999975 -1.825007 
41.95999974 -0.941496 
41.99999974 -0.941496 
42.03999974 -0.941496 
42.07999974 -1.382488 
42.11999974 -1.825007 
42.15999974 -1.825007 
42.19999974 -1.825007 
42.23999974 -1.825007 
42.27999974 -1.825007 
42.31999974 -1.382488 
42.35999974 -1.825007 
42.39999974 -1.382488 
42.43999974 -1.382488 
42.47999974 -1.825007 
42.51999974 -0.941496 
42.55999974 -1.825007 
42.59999974 -1.382488 
42.63999974 -1.825007 
42.67999974 -1.825007 
42.71999974 -1.382488 
42.75999974 -1.825007 
42.79999974 -1.825007 
42.83999974 -1.825007 
42.87999974 -1.382488 
42.91999974 -1.382488 
42.95999974 -0.941496 
42.99999974 -0.941496 
43.03999974 -0.941496 
43.07999974 -0.941496 
43.11999974 -1.382488 
43.15999974 -0.941496 
43.19999974 -0.941496 
43.23999974 -0.941496 
43.27999974 -0.941496 
43.31999974 -0.941496 
43.35999974 -0.941496 
43.39999974 -0.941496 
43.43999974 -0.941496 
43.47999974 -0.941496 
43.51999974 -0.4989776 
43.55999974 -0.4989776 
43.59999974 -0.4989776 
43.63999973 -0.4989776 
43.67999973 -0.4989776 
53.07999968 -0.4989776 
53.11999968 -0.4989776 
53.19999968 -0.4989776 
53.23999968 -0.4989776 
53.27999968 -0.4989776 
53.31999968 -0.4989776 
53.43999968 -0.4989776 
53.47999967 -0.4989776 
53.51999967 -0.4989776 
53.55999967 -0.4989776 
53.59999967 -0.4989776 
53.63999967 -0.941496 
53.67999967 -0.4989776 
53.71999967 -0.4989776 
53.75999967 -0.4989776 
53.79999967 -0.4989776 
53.83999967 -0.4989776 
53.87999967 -0.4989776 
53.91999967 -0.4989776 
53.95999967 -0.941496 
53.99999967 -0.4989776 
54.03999967 -0.4989776 
54.07999967 -0.4989776 
54.11999967 -0.4989776 
54.15999967 -0.4989776 
54.19999967 -0.4989776 
54.23999967 -0.4989776 
54.27999967 -0.4989776 
54.31999967 -0.941496 
54.35999967 -0.4989776 
54.39999967 -0.4989776 
54.43999967 -0.4989776 
54.47999967 -0.4989776 
54.51999967 -0.4989776 
54.59999967 -0.4989776 
54.63999967 -0.941496 
54.67999967 -0.4989776 
54.75999967 -0.4989776 
54.79999967 -0.4989776 
54.91999967 -0.4989776 
55.03999967 -0.4989776 
55.19999966 -0.4989776 
57.23999965 -0.4989776 
57.51999965 -0.4989776 
57.55999965 -0.4989776 
57.59999965 -0.4989776 
57.63999965 -0.941496 
57.67999965 -0.4989776 
57.71999965 -0.941496 
57.75999965 -0.4989776 
57.79999965 -0.941496 
57.83999965 -0.941496 
57.87999965 -0.941496 
57.91999965 -0.941496 
57.95999965 -0.941496 
57.99999965 -0.941496 
58.03999965 -0.941496 
58.07999965 -0.941496 
58.11999965 -0.941496 
58.15999965 -0.941496 
58.19999965 -0.941496 
58.23999965 -0.941496 
58.27999965 -0.941496 
58.31999965 -0.941496 
58.35999965 -0.941496 
58.39999965 -0.941496 
58.43999964 -0.941496 
58.47999964 -0.941496 
58.51999964 -0.4989776 
58.55999964 -0.941496 
58.59999964 -0.941496 
58.63999964 -0.941496 
58.67999964 -0.941496 
58.71999964 -0.941496 
58.75999964 -1.825007 
58.79999964 -0.941496 
58.87999964 -0.941496 
58.91999964 -1.382488 
58.95999964 -0.4989776 
58.99999964 -0.4989776 
59.03999964 -0.941496 
59.07999964 -0.4989776 
59.23999964 -0.4989776 
59.27999964 -1.825007 
59.31999964 -0.941496 
59.43999964 -0.4989776 
59.55999964 -0.4989776 
64.91999961 -0.4989776 
64.95999961 -0.4989776 
64.9999996 -0.4989776 
65.0399996 -0.4989776 
65.0799996 -0.4989776 
65.1199996 -0.4989776 
65.1599996 -0.4989776 
65.2799996 -0.941496 
65.3199996 -0.4989776 
65.3599996 -0.4989776 
65.3999996 -0.4989776 
65.4799996 -0.941496 
65.5199996 -0.941496 
65.5599996 -0.4989776 
65.5999996 -0.4989776 
65.6399996 -0.4989776 
65.6799996 -0.4989776 
65.7199996 -0.4989776 
65.7599996 -0.4989776 
65.7999996 -0.4989776 
65.8399996 -0.4989776 
65.8799996 -0.4989776 
65.9599996 -0.4989776 
65.9999996 -0.4989776 
66.0399996 -0.4989776 
66.0799996 -0.4989776 
66.75999959 -0.4989776 
75.03999954 -0.4989776 
75.11999954 -0.4989776 
75.15999954 -0.4989776 
75.23999954 -0.4989776 
75.27999954 -0.941496 
75.31999954 -0.4989776 
75.35999954 -0.4989776 
75.39999954 -0.4989776 
75.43999954 -0.941496 
75.47999954 -0.941496 
75.51999954 -0.941496 
75.55999954 -0.941496 
75.59999954 -0.941496 
75.63999954 -0.941496 
75.67999954 -0.4989776 
75.71999954 -0.4989776 
75.75999954 -0.941496 
75.79999954 -0.4989776 
75.83999954 -0.941496 
75.87999954 -0.941496 
75.91999954 -0.4989776 
75.95999954 -0.941496 
75.99999954 -0.941496 
76.03999954 -0.4989776 
76.07999954 -0.4989776 
76.11999954 -0.4989776 
76.15999954 -0.4989776 
76.19999954 -0.4989776 
76.23999954 -0.4989776 
76.27999954 -0.4989776 
76.31999954 -0.4989776 
76.35999954 -0.4989776 
76.39999954 -0.4989776 
79.87999951 -0.4989776 
79.91999951 -0.4989776 
79.95999951 -0.4989776 
79.99999951 -0.941496 
80.03999951 -0.4989776 
80.07999951 -0.4989776 
80.15999951 -0.941496 
80.19999951 -1.382488 
80.23999951 -0.941496 
80.27999951 -0.4989776 
80.31999951 -0.941496 
80.35999951 -0.941496 
80.39999951 -0.941496 
80.43999951 -0.941496 
80.47999951 -0.941496 
80.51999951 -0.941496 
80.55999951 -1.382488 
80.59999951 -0.941496 
80.63999951 -0.941496 
80.67999951 -0.941496 
80.71999951 -1.825007 
80.75999951 -1.825007 
80.79999951 -1.825007 
80.83999951 -1.825007 
80.87999951 -1.825007 
80.91999951 -1.825007 
80.95999951 -1.825007 
80.99999951 -1.825007 
81.03999951 -1.825007 
81.07999951 -1.825007 
81.11999951 -1.825007 
81.15999951 -1.825007 
81.19999951 -1.825007 
81.23999951 -1.825007 
81.27999951 -1.825007 
81.31999951 -1.825007 
81.35999951 -1.825007 
81.39999951 -1.825007 
81.43999951 -1.825007 
81.4799995 -1.825007 
81.5199995 -1.825007 
81.5599995 -1.825007 
81.5999995 -1.825007 
81.6399995 -1.825007 
81.6799995 -1.825007 
81.7199995 -1.825007 
81.7599995 -1.825007 
81.7999995 -1.382488 
81.8399995 -1.825007 
81.8799995 -1.825007 
81.9199995 -1.382488 
81.9599995 -1.382488 
81.9999995 -1.382488 
82.0399995 -1.382488 
82.0799995 -1.382488 
82.1199995 -1.382488 
82.1599995 -1.382488 
82.1999995 -0.941496 
82.2399995 -0.941496 
82.2799995 -0.941496 
82.3199995 -0.941496 
82.3599995 -0.941496 
82.3999995 -0.941496 
82.4399995 -0.941496 
82.4799995 -0.941496 
82.5199995 -0.941496 
82.5599995 -0.4989776 
82.5999995 -0.941496 
82.6399995 -0.941496 
82.6799995 -0.941496 
82.7199995 -0.4989776 
82.7599995 -0.4989776 
82.7999995 -0.941496 
82.8399995 -0.941496 
82.8799995 -0.4989776 
82.9199995 -0.4989776 
82.9599995 -0.4989776 
82.9999995 -0.4989776 
90.83999945 -0.4989776 
90.87999945 -0.4989776 
90.91999945 -0.4989776 
90.99999945 -0.4989776 
91.03999945 -0.941496 
91.07999945 -0.4989776 
91.11999945 -0.4989776 
91.15999945 -0.941496 
91.19999945 -0.941496 
91.23999945 -0.941496 
91.27999945 -0.941496 
91.31999945 -0.941496 
91.35999944 -0.941496 
91.39999944 -0.941496 
91.43999944 -0.941496 
91.47999944 -0.941496 
91.51999944 -0.941496 
91.55999944 -0.941496 
91.59999944 -0.941496 
91.63999944 -1.382488 
91.67999944 -1.825007 
91.71999944 -1.825007 
91.75999944 -0.941496 
91.79999944 -1.825007 
91.83999944 -1.825007 
91.87999944 -1.825007 
91.91999944 -1.825007 
91.95999944 -1.825007 
91.99999944 -2.267525 
92.03999944 -1.825007 
92.07999944 -1.825007 
92.11999944 -1.825007 
92.15999944 -1.825007 
92.19999944 -1.825007 
92.23999944 -2.267525 
92.27999944 -1.825007 
92.31999944 -1.825007 
92.35999944 -1.825007 
92.39999944 -2.267525 
92.43999944 -1.825007 
92.47999944 -1.825007 
92.51999944 -1.825007 
92.55999944 -1.825007 
92.59999944 -1.825007 
92.63999944 -1.825007 
92.67999944 -1.825007 
92.71999944 -1.825007 
92.75999944 -1.825007 
92.79999944 -1.825007 
92.83999944 -1.825007 
92.87999944 -1.825007 
92.91999944 -1.825007 
92.95999944 -1.825007 
92.99999943 -1.825007 
93.03999943 -0.941496 
93.07999943 -0.941496 
93.11999943 -0.941496 
93.15999943 -0.941496 
93.19999943 -0.941496 
93.23999943 -0.941496 
93.27999943 -0.941496 
93.31999943 -0.941496 
93.35999943 -0.941496 
93.39999943 -0.4989776 
93.43999943 -0.4989776 
93.47999943 -0.4989776 
93.51999943 -0.4989776 
93.55999943 -0.4989776 
93.59999943 -0.4989776 
103.19999937 -0.4989776 
103.23999937 -0.4989776 
103.27999937 -0.4989776 
103.31999937 -0.4989776 
103.35999937 -0.4989776 
103.39999937 -0.4989776 
103.43999937 -0.4989776 
103.47999937 -0.4989776 
103.51999937 -0.4989776 
103.55999937 -0.941496 
103.59999937 -0.4989776 
103.63999937 -0.941496 
103.67999937 -0.4989776 
103.71999937 -0.4989776 
103.75999937 -0.941496 
103.79999937 -0.941496 
103.83999937 -0.941496 
103.87999937 -0.4989776 
103.91999937 -0.941496 
103.95999937 -0.941496 
103.99999937 -0.941496 
104.03999937 -0.4989776 
104.07999937 -0.941496 
104.11999937 -0.941496 
104.15999937 -0.941496 
104.19999937 -0.941496 
104.23999937 -0.941496 
104.27999937 -0.941496 
104.31999937 -0.941496 
104.35999937 -0.941496 
104.39999937 -0.941496 
104.43999937 -0.941496 
104.47999937 -0.4989776 
104.51999936 -0.4989776 
104.55999936 -0.4989776 
104.59999936 -0.4989776 
104.63999936 -0.941496 
104.67999936 -0.4989776 
104.71999936 -0.941496 
104.75999936 -0.4989776 
104.79999936 -0.4989776 
104.83999936 -0.4989776 
104.87999936 -0.4989776 
104.91999936 -0.4989776 
104.95999936 -0.4989776 
104.99999936 -0.4989776 
105.07999936 -0.4989776 
105.11999936 -0.4989776 
105.27999936 -0.4989776 
105.35999936 -0.4989776 
107.99999934 -0.4989776 
108.07999934 -0.4989776 
108.11999934 -0.4989776 
108.15999934 -0.4989776 
108.19999934 -0.4989776 
108.23999934 -0.4989776 
108.31999934 -0.4989776 
108.35999934 -0.4989776 
108.39999934 -0.4989776 
108.43999934 -0.4989776 
108.47999934 -0.941496 
108.51999934 -0.4989776 
108.55999934 -0.4989776 
108.59999934 -0.4989776 
108.63999934 -0.4989776 
108.67999934 -0.4989776 
108.71999934 -0.4989776 
108.75999934 -0.4989776 
108.79999934 -0.4989776 
108.83999934 -0.4989776 
108.87999934 -0.4989776 
108.91999934 -0.4989776 
108.95999934 -0.4989776 
108.99999934 -0.4989776 
109.03999934 -0.4989776 
109.07999934 -0.4989776 
109.15999934 -0.4989776 
109.75999933 -0.4989776 
110.23999933 -0.4989776 
114.4399993 -0.4989776 
114.5199993 -0.4989776 
114.5599993 -0.4989776 
114.5999993 -0.4989776 
114.6399993 -0.4989776 
114.6799993 -0.4989776 
114.7199993 -0.941496 
114.7599993 -0.941496 
114.7999993 -0.941496 
114.8399993 -0.4989776 
114.8799993 -0.941496 
114.9199993 -0.4989776 
114.9599993 -0.941496 
114.9999993 -0.941496 
115.0399993 -0.941496 
115.0799993 -1.382488 
115.1599993 -0.941496 
115.1999993 -0.941496 
115.2399993 -0.941496 
115.2799993 -0.941496 
115.3199993 -1.382488 
115.3599993 -0.941496 
115.3999993 -0.941496 
115.4399993 -0.941496 
115.4799993 -0.941496 
115.5199993 -0.941496 
115.5599993 -0.941496 
115.5999993 -0.941496 
115.6399993 -0.941496 
115.6799993 -1.382488 
115.7199993 -0.941496 
115.7599993 -0.941496 
115.7999993 -0.941496 
115.8399993 -0.941496 
115.8799993 -0.941496 
115.9199993 -0.941496 
115.9599993 -0.941496 
115.9999993 -0.941496 
116.03999929 -0.941496 
116.07999929 -0.941496 
116.11999929 -0.4989776 
116.15999929 -0.941496 
116.19999929 -0.941496 
116.23999929 -0.941496 
116.27999929 -0.941496 
116.31999929 -0.941496 
116.35999929 -0.941496 
116.39999929 -0.941496 
116.43999929 -0.4989776 
116.47999929 -0.4989776 
116.51999929 -0.941496 
116.55999929 -0.941496 
116.59999929 -0.941496 
116.63999929 -0.4989776 
116.67999929 -0.4989776 
116.71999929 -0.4989776 
116.75999929 -0.941496 
116.79999929 -0.4989776 
116.83999929 -0.4989776 
116.87999929 -0.4989776 
116.91999929 -0.4989776 
116.99999929 -0.4989776 
117.03999929 -0.4989776 
117.07999929 -0.4989776 
117.15999929 -0.4989776 
117.23999929 -0.4989776 
117.31999929 -0.4989776 
129.87999921 -0.4989776 
129.91999921 -0.4989776 
129.95999921 -0.4989776 
130.03999921 -0.4989776 
130.07999921 -0.4989776 
130.11999921 -0.4989776 
130.15999921 -0.4989776 
130.19999921 -0.4989776 
130.23999921 -0.4989776 
130.27999921 -0.4989776 
130.31999921 -0.4989776 
130.35999921 -0.4989776 
130.39999921 -0.4989776 
130.43999921 -0.4989776 
130.47999921 -0.941496 
130.51999921 -0.4989776 
130.55999921 -0.4989776 
130.59999921 -0.4989776 
130.63999921 -0.4989776 
130.67999921 -0.4989776 
130.71999921 -0.941496 
130.75999921 -0.4989776 
130.79999921 -0.4989776 
130.8399992 -0.4989776 
130.8799992 -0.941496 
130.9199992 -0.4989776 
130.9599992 -0.4989776 
130.9999992 -0.4989776 
131.0399992 -0.941496 
131.0799992 -0.4989776 
131.1199992 -0.4989776 
131.1599992 -0.941496 
131.1999992 -0.4989776 
131.2399992 -0.4989776 
131.2799992 -0.4989776 
131.3199992 -0.4989776 
131.3599992 -0.4989776 
131.3999992 -0.4989776 
131.4399992 -0.4989776 
131.4799992 -0.4989776 
131.5199992 -0.4989776 
131.5599992 -0.4989776 
131.5999992 -0.4989776 
131.6399992 -0.4989776 
131.6799992 -0.4989776 
131.7199992 -0.4989776 
131.7599992 -0.4989776 
131.7999992 -0.4989776 
131.8399992 -0.4989776 
131.8799992 -0.4989776 
131.9199992 -0.4989776 
131.9599992 -0.4989776 
131.9999992 -0.4989776 
132.0399992 -0.4989776 
132.0799992 -0.4989776 
132.1199992 -0.4989776 
132.1599992 -0.4989776 
132.1999992 -0.4989776 
132.2799992 -0.4989776 
132.3199992 -0.4989776 
132.51999919 -0.4989776 
132.55999919 -0.4989776 
139.83999915 -0.4989776 
139.87999915 -0.4989776 
139.91999915 -0.4989776 
139.95999915 -0.4989776 
139.99999915 -0.4989776 
140.03999915 -0.4989776 
140.07999915 -0.4989776 
140.11999915 -0.941496 
140.15999915 -0.941496 
140.19999915 -0.941496 
140.23999915 -0.941496 
140.27999915 -0.941496 
140.31999915 -1.382488 
140.35999915 -1.382488 
140.39999915 -0.941496 
140.43999915 -0.941496 
140.47999915 -1.382488 
140.51999915 -1.825007 
140.55999915 -1.825007 
140.59999915 -1.825007 
140.63999915 -1.825007 
140.67999915 -1.825007 
140.71999914 -1.825007 
140.75999914 -1.825007 
140.79999914 -1.825007 
140.83999914 -1.825007 
140.87999914 -1.825007 
140.91999914 -1.825007 
140.95999914 -1.825007 
140.99999914 -2.267525 
141.03999914 -1.825007 
141.07999914 -2.267525 
141.11999914 -2.267525 
141.15999914 -2.267525 
141.19999914 -3.151036 
141.23999914 -3.151036 
141.27999914 -1.825007 
141.31999914 -2.267525 
141.35999914 -2.708518 
141.39999914 -2.267525 
141.43999914 -2.267525 
141.47999914 -2.267525 
141.51999914 -2.267525 
141.55999914 -2.267525 
141.59999914 -2.267525 
141.63999914 -2.267525 
141.67999914 -2.267525 
141.71999914 -2.267525 
141.75999914 -2.267525 
141.79999914 -2.267525 
141.83999914 -2.267525 
141.87999914 -2.267525 
141.91999914 -2.267525 
141.95999914 -2.708518 
141.99999914 -2.267525 
142.03999914 -1.825007 
142.07999914 -2.267525 
142.11999914 -2.267525 
142.15999914 -1.825007 
142.19999914 -1.825007 
142.23999914 -1.825007 
142.27999914 -1.825007 
142.31999914 -1.825007 
142.35999913 -1.825007 
142.39999913 -1.825007 
142.43999913 -1.825007 
142.47999913 -1.382488 
142.51999913 -1.382488 
142.55999913 -1.825007 
142.59999913 -1.825007 
142.63999913 -0.941496 
142.67999913 -0.941496 
142.71999913 -0.941496 
142.75999913 -0.941496 
142.79999913 -0.941496 
142.83999913 -0.941496 
142.87999913 -0.941496 
142.91999913 -0.941496 
142.95999913 -0.4989776 
142.99999913 -0.941496 
143.03999913 -0.4989776 
143.07999913 -0.4989776 
143.11999913 -0.4989776 
143.15999913 -0.4989776 
157.31999904 -0.4989776 
157.39999904 -0.4989776 
157.47999904 -0.4989776 
157.55999904 -0.4989776 
157.59999904 -0.4989776 
157.63999904 -0.4989776 
157.67999904 -0.4989776 
157.71999904 -0.4989776 
157.79999904 -0.4989776 
157.83999904 -0.4989776 
157.87999904 -0.4989776 
157.99999904 -0.4989776 
158.07999904 -0.4989776 
163.15999901 -0.4989776 
163.23999901 -0.4989776 
163.27999901 -0.4989776 
163.31999901 -0.4989776 
163.39999901 -0.4989776 
163.47999901 -0.4989776 
163.51999901 -0.4989776 
163.55999901 -0.4989776 
163.59999901 -0.941496 
163.63999901 -0.4989776 
163.67999901 -0.941496 
163.719999 -0.941496 
163.759999 -0.941496 
163.799999 -0.941496 
163.839999 -0.941496 
163.879999 -0.941496 
163.919999 -0.941496 
163.959999 -0.941496 
163.999999 -1.382488 
164.039999 -0.941496 
164.079999 -0.941496 
164.119999 -0.941496 
164.159999 -0.941496 
164.199999 -1.382488 
164.239999 -1.382488 
164.279999 -1.825007 
164.319999 -0.941496 
164.359999 -1.382488 
164.399999 -1.825007 
164.439999 -1.825007 
164.479999 -1.382488 
164.519999 -0.941496 
164.559999 -1.825007 
164.599999 -1.825007 
164.639999 -1.825007 
164.679999 -1.825007 
164.719999 -1.825007 
164.759999 -1.825007 
164.799999 -1.825007 
164.839999 -1.825007 
164.879999 -1.825007 
164.919999 -1.825007 
164.959999 -1.825007 
164.999999 -1.825007 
165.039999 -1.825007 
165.079999 -1.825007 
165.119999 -1.825007 
165.159999 -1.825007 
165.199999 -1.825007 
165.239999 -1.382488 
165.279999 -1.825007 
165.319999 -1.825007 
165.359999 -1.825007 
165.39999899 -1.382488 
165.43999899 -1.825007 
165.47999899 -1.382488 
165.51999899 -0.941496 
165.55999899 -0.941496 
165.59999899 -1.382488 
165.63999899 -1.382488 
165.67999899 -0.941496 
165.71999899 -0.941496 
165.75999899 -0.941496 
165.79999899 -0.941496 
165.83999899 -0.941496 
165.87999899 -0.941496 
165.91999899 -0.941496 
165.95999899 -0.941496 
165.99999899 -0.941496 
166.03999899 -0.941496 
166.07999899 -0.941496 
166.11999899 -0.941496 
166.15999899 -0.941496 
166.19999899 -0.941496 
166.23999899 -0.941496 
166.27999899 -0.4989776 
166.31999899 -0.4989776 
166.35999899 -0.4989776 
166.39999899 -0.4989776 
166.43999899 -0.4989776 
166.47999899 -0.4989776 
166.51999899 -0.4989776 
166.55999899 -0.941496 
166.59999899 -0.4989776 
166.63999899 -0.4989776 
166.71999899 -0.4989776 
166.75999899 -0.4989776 
166.95999899 -0.4989776 
181.1599989 -0.4989776 
181.5999989 -0.4989776 
189.27999885 -0.4989776 
189.35999885 -0.4989776 
189.39999885 -0.4989776 
189.43999885 -0.4989776 
189.47999885 -0.4989776 
189.51999885 -0.941496 
189.55999885 -0.4989776 
189.59999885 -0.941496 
189.63999885 -0.941496 
189.67999885 -0.941496 
189.71999885 -0.941496 
189.75999885 -1.382488 
189.79999885 -0.941496 
189.83999885 -0.941496 
189.87999885 -0.941496 
189.91999885 -1.382488 
189.95999885 -1.825007 
189.99999885 -1.825007 
190.03999885 -1.825007 
190.07999884 -1.382488 
190.11999884 -1.825007 
190.15999884 -1.825007 
190.19999884 -1.825007 
190.23999884 -1.825007 
190.27999884 -1.825007 
190.31999884 -1.825007 
190.35999884 -1.825007 
190.39999884 -1.825007 
190.43999884 -1.825007 
190.47999884 -2.267525 
190.51999884 -2.267525 
190.55999884 -2.267525 
190.59999884 -2.267525 
190.63999884 -1.825007 
190.67999884 -2.267525 
190.71999884 -2.267525 
190.75999884 -2.267525 
190.79999884 -1.825007 
190.83999884 -2.267525 
190.87999884 -2.267525 
190.91999884 -1.825007 
190.95999884 -2.267525 
190.99999884 -1.825007 
191.03999884 -1.825007 
191.07999884 -1.825007 
191.11999884 -2.267525 
191.15999884 -1.825007 
191.19999884 -2.267525 
191.23999884 -1.825007 
191.27999884 -1.825007 
191.31999884 -1.825007 
191.35999884 -1.825007 
191.39999884 -1.825007 
191.43999884 -1.825007 
191.47999884 -1.825007 
191.51999884 -1.825007 
191.55999884 -1.825007 
191.59999884 -1.825007 
191.63999884 -1.382488 
191.67999884 -1.382488 
191.71999883 -1.382488 
191.75999883 -1.825007 
191.79999883 -0.941496 
191.83999883 -0.941496 
191.87999883 -0.941496 
191.91999883 -0.941496 
191.95999883 -0.941496 
191.99999883 -0.941496 
192.03999883 -0.941496 
192.07999883 -0.941496 
192.11999883 -0.4989776 
192.15999883 -0.4989776 
192.19999883 -0.4989776 
192.23999883 -0.4989776 
192.27999883 -0.4989776 
192.43999883 -0.4989776 
197.3199988 -0.4989776 
197.3599988 -0.4989776 
197.3999988 -0.4989776 
0 0 
