0.68 -0.4989776 
0.83999999 -4.034547 
0.87999999 -4.034547 
1.07999999 -0.4989776 
1.11999999 -0.941496 
4.51999997 -0.4989776 
4.79999997 -0.4989776 
4.99999997 -1.825007 
5.03999997 -2.267525 
5.07999997 -0.4989776 
5.11999997 -4.477065 
5.15999997 -2.708518 
5.31999997 -2.267525 
5.35999997 -2.267525 
5.51999997 -4.034547 
5.55999997 -3.151036 
5.67999997 -0.941496 
5.79999996 -0.941496 
5.83999996 -2.267525 
6.15999996 -0.4989776 
6.19999996 -0.4989776 
6.31999996 -0.4989776 
6.35999996 -0.4989776 
6.55999996 -0.4989776 
6.71999996 -0.4989776 
6.75999996 -0.941496 
6.95999996 -0.4989776 
6.99999996 -0.4989776 
7.19999996 -0.4989776 
7.23999996 -0.941496 
7.27999996 -0.4989776 
7.47999995 -0.4989776 
7.51999995 -0.4989776 
7.71999995 -0.4989776 
7.75999995 -0.4989776 
7.83999995 -0.4989776 
7.87999995 -0.4989776 
7.99999995 -0.4989776 
8.03999995 -0.4989776 
8.11999995 -0.4989776 
8.15999995 -0.941496 
8.19999995 -0.941496 
8.31999995 -0.4989776 
8.35999995 -0.941496 
8.39999995 -1.825007 
8.43999995 -1.825007 
8.47999995 -4.034547 
8.59999995 -1.382488 
8.63999995 -4.034547 
8.67999995 -2.267525 
8.83999995 -0.4989776 
8.87999995 -2.267525 
8.91999995 -2.267525 
8.95999995 -0.4989776 
9.03999995 -0.4989776 
9.07999994 -0.941496 
9.11999994 -2.267525 
9.15999994 -0.941496 
9.19999994 -0.4989776 
9.23999994 -0.4989776 
9.27999994 -0.941496 
9.31999994 -0.941496 
9.35999994 -0.941496 
9.39999994 -0.941496 
9.43999994 -2.267525 
9.47999994 -3.593554 
9.51999994 -0.941496 
9.63999994 -1.825007 
9.67999994 -6.244087 
9.71999994 -3.593554 
9.83999994 -0.4989776 
9.87999994 -3.151036 
9.91999994 -3.593554 
9.95999994 -2.267525 
10.07999994 -4.477065 
10.11999994 -4.034547 
10.15999994 -0.4989776 
10.23999994 -0.941496 
10.27999994 -0.941496 
10.31999994 -0.941496 
10.35999994 -0.4989776 
10.39999994 -0.941496 
10.43999994 -0.941496 
10.47999994 -0.941496 
10.51999994 -0.941496 
10.55999994 -0.4989776 
10.59999994 -0.4989776 
10.63999994 -0.4989776 
10.67999994 -0.941496 
10.71999993 -0.941496 
10.75999993 -0.941496 
10.79999993 -1.382488 
10.83999993 -0.941496 
10.87999993 -0.941496 
10.91999993 -0.941496 
11.07999993 -0.941496 
11.11999993 -2.267525 
11.15999993 -2.267525 
11.19999993 -0.941496 
11.31999993 -0.4989776 
11.35999993 -0.941496 
11.39999993 -0.941496 
11.43999993 -0.941496 
11.47999993 -0.4989776 
11.55999993 -0.4989776 
11.59999993 -0.4989776 
11.67999993 -0.4989776 
11.71999993 -0.941496 
11.87999993 -0.4989776 
11.91999993 -0.4989776 
11.95999993 -0.4989776 
12.11999993 -0.4989776 
12.31999993 -0.4989776 
12.35999992 -0.4989776 
12.55999992 -0.4989776 
13.15999992 -0.4989776 
13.39999992 -0.4989776 
13.91999992 -0.4989776 
13.95999992 -0.941496 
14.43999991 -0.4989776 
14.71999991 -0.4989776 
14.75999991 -0.4989776 
14.91999991 -0.4989776 
14.95999991 -0.4989776 
15.07999991 -0.4989776 
15.11999991 -0.4989776 
15.15999991 -0.4989776 
15.31999991 -0.4989776 
15.35999991 -0.4989776 
15.39999991 -0.941496 
15.47999991 -0.4989776 
15.6399999 -0.4989776 
15.6799999 -0.941496 
15.7199999 -0.941496 
15.7599999 -0.4989776 
15.9199999 -0.941496 
15.9599999 -0.941496 
15.9999999 -0.4989776 
16.1599999 -0.4989776 
16.1999999 -0.4989776 
16.2399999 -0.4989776 
16.2799999 -0.4989776 
16.3999999 -0.4989776 
16.4399999 -0.941496 
16.4799999 -0.4989776 
16.5199999 -0.4989776 
16.6399999 -0.4989776 
16.6799999 -1.382488 
16.7199999 -0.4989776 
16.8799999 -1.825007 
16.9199999 -1.825007 
17.1199999 -0.4989776 
17.1599999 -0.941496 
17.1999999 -0.4989776 
17.39999989 -0.4989776 
17.43999989 -0.4989776 
17.75999989 -0.4989776 
18.11999989 -0.4989776 
18.15999989 -0.941496 
18.51999989 -0.4989776 
18.79999989 -0.4989776 
18.83999989 -0.4989776 
18.99999988 -0.941496 
19.03999988 -1.382488 
19.23999988 -0.941496 
19.27999988 -0.941496 
19.39999988 -0.4989776 
19.51999988 -0.941496 
19.55999988 -0.4989776 
19.63999988 -0.941496 
19.67999988 -2.267525 
19.71999988 -0.941496 
19.83999988 -0.4989776 
19.87999988 -5.803094 
19.91999988 -5.360576 
20.07999988 -3.151036 
20.11999988 -5.803094 
20.15999988 -3.151036 
20.31999988 -2.267525 
20.35999988 -2.267525 
20.39999988 -0.941496 
20.51999988 -0.941496 
20.55999988 -0.941496 
20.59999987 -0.941496 
20.63999987 -0.941496 
20.67999987 -0.941496 
20.71999987 -0.4989776 
20.75999987 -0.4989776 
20.79999987 -0.4989776 
20.83999987 -1.382488 
20.87999987 -1.825007 
20.91999987 -0.941496 
20.95999987 -0.941496 
20.99999987 -0.941496 
21.03999987 -1.825007 
21.07999987 -1.825007 
21.11999987 -0.941496 
21.27999987 -2.267525 
21.31999987 -3.593554 
21.35999987 -2.708518 
21.39999987 -0.941496 
21.51999987 -0.941496 
21.55999987 -2.267525 
21.59999987 -1.825007 
21.63999987 -0.941496 
21.71999987 -0.941496 
21.75999987 -0.941496 
21.83999987 -2.267525 
21.87999987 -4.034547 
21.91999987 -0.4989776 
22.03999987 -0.4989776 
22.11999987 -0.941496 
22.15999987 -0.941496 
22.19999987 -0.941496 
22.35999986 -0.4989776 
22.39999986 -0.4989776 
22.43999986 -0.4989776 
22.63999986 -0.4989776 
22.67999986 -0.4989776 
22.71999986 -0.4989776 
22.87999986 -3.593554 
22.91999986 -1.825007 
22.95999986 -0.941496 
23.11999986 -0.941496 
23.15999986 -0.941496 
26.03999984 -0.4989776 
26.07999984 -0.4989776 
27.15999983 -5.360576 
27.27999983 -3.593554 
27.35999983 -1.825007 
27.63999983 -2.267525 
27.79999983 -0.941496 
27.91999983 -1.825007 
28.07999983 -0.941496 
29.99999982 -2.267525 
30.03999982 -1.825007 
30.19999982 -1.825007 
30.23999982 -4.477065 
30.43999982 -3.151036 
30.47999981 -2.267525 
30.67999981 -0.941496 
30.91999981 -0.4989776 
30.95999981 -0.941496 
31.15999981 -0.4989776 
31.19999981 -0.941496 
31.23999981 -0.4989776 
31.43999981 -0.941496 
31.47999981 -1.825007 
31.51999981 -1.825007 
31.67999981 -0.941496 
31.71999981 -1.825007 
31.75999981 -1.825007 
31.79999981 -0.4989776 
31.87999981 -0.4989776 
31.91999981 -0.4989776 
31.95999981 -0.4989776 
31.99999981 -0.941496 
32.03999981 -0.4989776 
32.07999981 -0.941496 
32.1199998 -0.941496 
32.1599998 -0.941496 
32.1999998 -0.4989776 
32.2399998 -0.941496 
32.2799998 -0.941496 
32.3199998 -0.941496 
32.3599998 -0.941496 
32.3999998 -0.941496 
32.4399998 -0.4989776 
32.5199998 -0.4989776 
32.5599998 -0.941496 
32.5999998 -1.382488 
32.6399998 -0.941496 
32.6799998 -0.4989776 
32.7199998 -0.4989776 
32.7599998 -0.941496 
32.7999998 -0.941496 
32.8399998 -0.941496 
32.8799998 -0.4989776 
32.9599998 -0.4989776 
32.9999998 -0.941496 
33.0399998 -1.382488 
33.0799998 -0.941496 
33.1199998 -0.4989776 
33.2399998 -0.941496 
33.2799998 -0.4989776 
33.3199998 -0.4989776 
33.4799998 -0.941496 
33.5199998 -0.941496 
33.7199998 -0.4989776 
33.95999979 -0.4989776 
33.99999979 -0.4989776 
34.47999979 -0.4989776 
34.59999979 -0.4989776 
34.63999979 -4.034547 
35.35999979 -0.4989776 
36.03999978 -0.4989776 
36.27999978 -0.4989776 
36.35999978 -5.360576 
36.51999978 -1.825007 
36.55999978 -0.4989776 
36.63999978 -0.4989776 
36.67999978 -0.941496 
36.71999978 -1.825007 
36.87999978 -0.941496 
36.91999978 -1.825007 
36.95999978 -0.4989776 
37.03999977 -0.4989776 
37.07999977 -1.825007 
37.11999977 -0.941496 
37.27999977 -0.4989776 
37.31999977 -0.941496 
37.35999977 -1.382488 
37.39999977 -0.4989776 
37.55999977 -0.941496 
37.59999977 -0.4989776 
37.63999977 -0.941496 
37.67999977 -0.4989776 
37.83999977 -1.825007 
37.87999977 -2.267525 
38.03999977 -0.4989776 
38.07999977 -0.941496 
38.11999977 -0.941496 
38.23999977 -0.4989776 
38.27999977 -0.4989776 
38.47999977 -0.4989776 
38.51999977 -0.4989776 
38.55999977 -0.4989776 
39.03999976 -0.4989776 
39.23999976 -0.4989776 
39.43999976 -0.4989776 
39.47999976 -0.4989776 
39.75999976 -0.941496 
39.79999976 -0.4989776 
40.11999976 -1.382488 
40.15999976 -2.267525 
40.19999976 -0.4989776 
40.35999975 -1.382488 
40.39999975 -2.267525 
40.43999975 -0.941496 
40.59999975 -0.941496 
40.63999975 -0.941496 
40.75999975 -0.4989776 
40.79999975 -0.4989776 
40.83999975 -0.4989776 
40.87999975 -0.4989776 
41.03999975 -0.4989776 
41.07999975 -0.941496 
41.11999975 -0.4989776 
41.27999975 -0.4989776 
41.31999975 -0.4989776 
41.35999975 -0.4989776 
41.39999975 -0.4989776 
41.55999975 -0.941496 
41.59999975 -2.267525 
41.63999975 -2.267525 
41.79999975 -0.941496 
41.83999975 -2.708518 
41.87999975 -2.267525 
41.91999975 -0.4989776 
42.03999974 -0.941496 
42.07999974 -1.382488 
42.11999974 -0.941496 
42.15999974 -0.4989776 
42.23999974 -0.4989776 
42.27999974 -0.4989776 
42.31999974 -0.4989776 
42.35999974 -0.4989776 
42.39999974 -0.4989776 
42.43999974 -0.4989776 
42.47999974 -0.4989776 
42.55999974 -0.4989776 
42.59999974 -0.941496 
42.63999974 -0.941496 
42.71999974 -0.4989776 
42.75999974 -0.4989776 
42.79999974 -0.4989776 
42.83999974 -0.941496 
42.87999974 -0.941496 
42.91999974 -0.4989776 
42.95999974 -0.941496 
42.99999974 -0.4989776 
43.07999974 -0.4989776 
43.11999974 -0.941496 
43.15999974 -0.941496 
43.19999974 -0.4989776 
43.23999974 -0.4989776 
43.31999974 -0.4989776 
43.35999974 -0.941496 
43.39999974 -0.4989776 
43.43999974 -0.4989776 
43.47999974 -0.4989776 
43.51999974 -0.941496 
43.55999974 -0.941496 
43.59999974 -0.941496 
43.75999973 -0.4989776 
43.79999973 -0.941496 
43.83999973 -0.4989776 
43.95999973 -0.941496 
43.99999973 -0.941496 
44.03999973 -0.4989776 
44.15999973 -0.4989776 
44.19999973 -0.941496 
44.23999973 -0.4989776 
44.39999973 -0.4989776 
44.43999973 -0.941496 
44.47999973 -0.4989776 
44.51999973 -0.4989776 
44.59999973 -0.4989776 
44.63999973 -0.941496 
44.67999973 -0.4989776 
44.75999973 -0.4989776 
44.83999973 -0.4989776 
44.87999973 -0.941496 
44.99999973 -0.4989776 
45.03999973 -0.4989776 
45.11999973 -0.941496 
45.15999973 -7.129124 
45.19999973 -1.382488 
45.35999972 -0.941496 
45.39999972 -1.825007 
45.43999972 -0.941496 
45.55999972 -0.4989776 
45.63999972 -0.941496 
45.67999972 -0.941496 
45.79999972 -0.941496 
45.83999972 -1.382488 
46.07999972 -0.4989776 
46.11999972 -0.4989776 
46.15999972 -0.4989776 
46.19999972 -0.4989776 
46.35999972 -0.941496 
46.39999972 -0.941496 
46.59999972 -0.4989776 
46.71999972 -0.4989776 
46.83999972 -0.4989776 
46.87999972 -0.941496 
46.99999971 -0.941496 
47.03999971 -1.825007 
47.19999971 -1.382488 
47.23999971 -1.825007 
47.27999971 -0.4989776 
47.39999971 -0.4989776 
47.43999971 -0.4989776 
47.47999971 -0.941496 
47.51999971 -0.941496 
47.55999971 -0.4989776 
47.67999971 -0.4989776 
47.71999971 -0.941496 
47.75999971 -0.4989776 
47.87999971 -1.825007 
47.91999971 -0.4989776 
47.99999971 -0.4989776 
48.03999971 -2.267525 
48.07999971 -0.4989776 
48.11999971 -0.4989776 
48.15999971 -0.4989776 
48.19999971 -0.4989776 
48.27999971 -0.4989776 
48.31999971 -0.4989776 
48.35999971 -0.4989776 
48.39999971 -0.941496 
48.43999971 -0.941496 
48.51999971 -0.4989776 
48.5599997 -0.941496 
48.6399997 -0.4989776 
48.6799997 -0.941496 
48.7199997 -0.4989776 
48.7599997 -0.4989776 
48.7999997 -0.941496 
48.8399997 -0.4989776 
48.9199997 -0.4989776 
48.9599997 -0.4989776 
49.0799997 -0.941496 
49.1199997 -0.941496 
49.1599997 -0.4989776 
49.2399997 -1.825007 
49.2799997 -1.825007 
49.3999997 -0.4989776 
49.4399997 -5.803094 
49.5999997 -8.012634 
49.7999997 -1.382488 
49.9199997 -2.708518 
49.9599997 -0.941496 
50.0799997 -2.267525 
50.19999969 -1.825007 
50.23999969 -0.4989776 
50.47999969 -1.825007 
50.51999969 -0.941496 
50.71999969 -1.825007 
50.75999969 -0.4989776 
54.95999967 -0.4989776 
56.23999966 -0.941496 
56.47999966 -0.941496 
57.23999965 -0.4989776 
57.27999965 -0.4989776 
57.47999965 -0.4989776 
57.67999965 -0.4989776 
57.71999965 -0.4989776 
57.87999965 -0.4989776 
57.91999965 -0.941496 
57.95999965 -0.4989776 
58.11999965 -0.4989776 
58.15999965 -0.4989776 
58.19999965 -0.941496 
58.23999965 -0.941496 
58.27999965 -0.4989776 
58.39999965 -0.4989776 
58.43999964 -0.4989776 
58.47999964 -0.941496 
58.51999964 -0.941496 
58.55999964 -0.4989776 
58.59999964 -0.4989776 
58.63999964 -0.4989776 
58.67999964 -0.4989776 
58.71999964 -0.4989776 
58.75999964 -0.941496 
58.79999964 -0.941496 
58.83999964 -0.4989776 
58.87999964 -0.4989776 
58.91999964 -0.4989776 
58.95999964 -0.941496 
58.99999964 -0.941496 
59.03999964 -0.4989776 
59.11999964 -0.941496 
59.15999964 -0.941496 
59.19999964 -0.941496 
59.23999964 -0.4989776 
59.35999964 -0.4989776 
59.39999964 -0.4989776 
59.43999964 -0.941496 
59.47999964 -0.941496 
59.63999964 -0.4989776 
59.67999964 -0.941496 
59.71999964 -0.4989776 
59.79999964 -0.4989776 
59.83999964 -0.941496 
59.95999964 -0.4989776 
59.99999964 -0.4989776 
60.27999963 -0.4989776 
60.31999963 -0.4989776 
60.59999963 -0.941496 
60.63999963 -3.593554 
60.67999963 -2.267525 
60.79999963 -0.941496 
60.83999963 -1.825007 
60.87999963 -0.941496 
60.91999963 -0.4989776 
62.07999962 -2.267525 
62.11999962 -2.267525 
62.27999962 -0.941496 
62.31999962 -2.708518 
62.35999962 -0.4989776 
62.51999962 -0.4989776 
62.55999962 -0.4989776 
62.67999962 -0.4989776 
62.79999962 -1.825007 
62.83999962 -0.941496 
63.07999962 -0.4989776 
63.27999962 -0.4989776 
63.31999962 -0.941496 
64.51999961 -0.941496 
64.55999961 -0.4989776 
64.67999961 -0.941496 
64.71999961 -1.382488 
64.83999961 -0.4989776 
64.91999961 -0.4989776 
64.9999996 -0.4989776 
65.0399996 -0.941496 
65.0799996 -0.941496 
65.1999996 -0.4989776 
65.2399996 -0.4989776 
65.2799996 -0.4989776 
65.3599996 -0.941496 
65.3999996 -0.941496 
65.4399996 -0.4989776 
65.5199996 -0.941496 
65.5599996 -1.825007 
65.5999996 -0.941496 
65.7199996 -0.941496 
65.7599996 -0.4989776 
65.7999996 -0.4989776 
65.8399996 -0.941496 
65.8799996 -1.825007 
65.9199996 -0.941496 
65.9599996 -0.4989776 
66.0799996 -0.4989776 
66.1199996 -1.382488 
66.1599996 -0.941496 
66.1999996 -0.4989776 
66.2399996 -0.941496 
66.2799996 -0.941496 
66.3199996 -0.4989776 
66.3599996 -0.4989776 
66.3999996 -0.4989776 
66.4399996 -0.4989776 
66.4799996 -0.4989776 
66.5199996 -0.4989776 
66.5599996 -0.941496 
66.5999996 -0.4989776 
66.71999959 -0.4989776 
66.75999959 -0.4989776 
66.79999959 -0.4989776 
66.91999959 -0.4989776 
66.95999959 -0.4989776 
66.99999959 -0.4989776 
67.11999959 -0.4989776 
67.19999959 -0.4989776 
67.35999959 -0.941496 
67.39999959 -2.267525 
67.43999959 -0.4989776 
67.59999959 -1.825007 
67.71999959 -0.941496 
67.75999959 -3.151036 
67.79999959 -0.941496 
68.15999959 -0.4989776 
68.35999958 -0.4989776 
68.79999958 -0.4989776 
68.95999958 -0.4989776 
68.99999958 -0.941496 
69.11999958 -0.4989776 
69.15999958 -0.941496 
69.19999958 -0.4989776 
69.39999958 -0.4989776 
69.43999958 -0.941496 
69.47999958 -1.382488 
69.51999958 -0.4989776 
69.63999958 -0.4989776 
69.67999958 -0.941496 
69.71999958 -0.941496 
69.75999958 -0.4989776 
69.79999958 -0.4989776 
69.83999958 -0.4989776 
69.87999958 -0.4989776 
69.91999958 -0.941496 
69.95999957 -0.941496 
69.99999957 -0.941496 
70.07999957 -0.4989776 
70.11999957 -0.941496 
70.15999957 -0.941496 
70.19999957 -0.941496 
70.23999957 -0.4989776 
70.27999957 -0.941496 
70.31999957 -0.4989776 
70.35999957 -0.941496 
70.39999957 -0.941496 
70.43999957 -0.941496 
70.47999957 -0.941496 
70.51999957 -0.4989776 
70.55999957 -0.941496 
70.59999957 -0.941496 
70.63999957 -0.941496 
70.67999957 -0.941496 
70.71999957 -0.941496 
70.75999957 -0.941496 
70.79999957 -2.267525 
70.83999957 -2.708518 
70.87999957 -1.825007 
71.03999957 -3.151036 
71.07999957 -4.034547 
71.11999957 -2.267525 
71.27999957 -2.267525 
71.31999957 -3.593554 
71.35999957 -2.267525 
71.51999957 -1.382488 
71.55999957 -1.825007 
71.59999956 -1.382488 
71.63999956 -0.4989776 
71.67999956 -0.4989776 
71.71999956 -0.941496 
71.75999956 -1.382488 
71.79999956 -0.941496 
71.83999956 -0.4989776 
71.87999956 -1.382488 
71.91999956 -1.382488 
71.95999956 -1.825007 
71.99999956 -4.477065 
72.03999956 -4.477065 
72.19999956 -2.708518 
72.23999956 -4.477065 
72.27999956 -4.034547 
72.31999956 -0.4989776 
72.43999956 -0.941496 
72.47999956 -6.244087 
72.51999956 -6.686605 
72.55999956 -1.382488 
72.71999956 -3.593554 
72.75999956 -7.129124 
72.79999956 -1.825007 
72.91999956 -2.267525 
72.95999956 -2.267525 
72.99999956 -0.4989776 
73.15999956 -0.941496 
73.19999956 -0.4989776 
73.23999955 -0.941496 
73.27999955 -1.382488 
73.39999955 -0.941496 
73.43999955 -0.4989776 
73.55999955 -0.941496 
73.59999955 -0.941496 
73.63999955 -0.941496 
73.83999955 -0.4989776 
73.87999955 -0.4989776 
74.03999955 -4.477065 
74.07999955 -1.382488 
74.19999955 -1.825007 
74.23999955 -0.4989776 
74.43999955 -0.4989776 
74.51999955 -0.4989776 
74.55999955 -0.941496 
74.63999955 -0.4989776 
74.79999955 -0.4989776 
74.83999955 -0.4989776 
74.91999954 -0.4989776 
75.15999954 -0.941496 
75.27999954 -0.4989776 
75.31999954 -0.941496 
75.51999954 -0.941496 
75.55999954 -2.267525 
75.67999954 -0.941496 
75.83999954 -0.4989776 
76.39999954 -0.4989776 
77.51999953 -0.941496 
81.15999951 -1.825007 
81.19999951 -2.708518 
81.23999951 -0.4989776 
81.39999951 -1.825007 
81.43999951 -3.151036 
81.4799995 -0.941496 
81.6399995 -0.941496 
81.6799995 -0.941496 
81.7199995 -0.4989776 
81.9199995 -0.941496 
81.9599995 -0.941496 
81.9999995 -0.4989776 
82.0399995 -0.4989776 
82.2399995 -0.4989776 
82.2799995 -0.4989776 
82.5999995 -1.825007 
82.6399995 -2.267525 
82.7999995 -1.382488 
82.8399995 -3.151036 
82.8799995 -0.941496 
83.0399995 -2.267525 
83.0799995 -1.825007 
83.23999949 -0.4989776 
83.27999949 -1.825007 
83.47999949 -0.4989776 
83.51999949 -0.4989776 
86.79999947 -2.708518 
86.83999947 -2.708518 
89.07999946 -3.151036 
89.19999946 -0.941496 
90.07999945 -4.034547 
90.11999945 -6.244087 
90.27999945 -1.382488 
90.31999945 -0.941496 
90.35999945 -0.4989776 
90.51999945 -0.941496 
90.55999945 -0.4989776 
90.75999945 -0.4989776 
90.79999945 -0.4989776 
90.95999945 -0.4989776 
90.99999945 -0.4989776 
91.11999945 -0.941496 
91.23999945 -0.941496 
91.27999945 -0.4989776 
91.35999944 -0.941496 
91.39999944 -0.941496 
91.43999944 -0.4989776 
91.59999944 -1.825007 
91.63999944 -3.151036 
91.67999944 -2.267525 
91.83999944 -0.941496 
91.87999944 -1.825007 
91.91999944 -1.825007 
91.95999944 -0.4989776 
92.07999944 -0.941496 
92.11999944 -1.825007 
92.15999944 -0.941496 
92.19999944 -0.4989776 
92.27999944 -0.4989776 
92.31999944 -1.382488 
92.35999944 -0.941496 
92.39999944 -0.4989776 
92.51999944 -1.382488 
92.55999944 -2.267525 
92.59999944 -0.941496 
92.71999944 -0.941496 
92.75999944 -0.941496 
92.79999944 -1.382488 
92.83999944 -0.941496 
92.87999944 -1.825007 
92.91999944 -1.382488 
93.07999943 -1.825007 
93.11999943 -3.593554 
93.15999943 -1.382488 
93.27999943 -0.941496 
93.31999943 -1.382488 
93.35999943 -0.941496 
93.39999943 -0.4989776 
93.43999943 -0.4989776 
93.47999943 -0.4989776 
93.51999943 -0.4989776 
93.55999943 -0.941496 
93.59999943 -1.382488 
93.63999943 -0.941496 
93.67999943 -0.4989776 
93.79999943 -1.825007 
93.83999943 -1.825007 
93.95999943 -0.4989776 
93.99999943 -0.4989776 
94.03999943 -0.941496 
94.07999943 -0.4989776 
94.15999943 -0.941496 
94.19999943 -1.825007 
94.23999943 -0.941496 
94.31999943 -0.4989776 
94.43999943 -7.129124 
94.55999943 -5.360576 
94.63999942 -3.151036 
94.83999942 -1.825007 
94.87999942 -1.825007 
94.91999942 -4.477065 
94.95999942 -1.825007 
95.07999942 -3.593554 
95.11999942 -0.4989776 
95.19999942 -3.593554 
95.23999942 -1.382488 
95.31999942 -0.4989776 
95.35999942 -2.708518 
95.39999942 -1.382488 
95.51999942 -0.4989776 
95.55999942 -1.382488 
95.59999942 -1.382488 
95.71999942 -0.941496 
95.75999942 -0.941496 
95.79999942 -0.941496 
95.83999942 -0.941496 
95.87999942 -0.941496 
95.91999942 -0.4989776 
95.99999942 -0.4989776 
96.03999942 -1.825007 
96.07999942 -0.941496 
96.15999942 -0.4989776 
96.19999942 -1.382488 
96.23999942 -0.941496 
96.27999941 -0.4989776 
96.31999941 -0.4989776 
96.35999941 -0.4989776 
96.39999941 -0.941496 
96.43999941 -0.4989776 
96.47999941 -0.941496 
96.51999941 -0.941496 
96.55999941 -0.941496 
96.59999941 -0.941496 
96.63999941 -0.941496 
96.67999941 -0.4989776 
96.71999941 -0.941496 
96.75999941 -0.941496 
96.79999941 -0.4989776 
96.83999941 -0.4989776 
96.87999941 -0.941496 
96.91999941 -0.941496 
96.95999941 -0.941496 
96.99999941 -0.941496 
97.03999941 -0.4989776 
97.07999941 -0.4989776 
97.11999941 -0.4989776 
97.15999941 -0.941496 
97.19999941 -0.941496 
97.23999941 -0.941496 
97.27999941 -0.941496 
97.31999941 -0.941496 
97.35999941 -0.941496 
97.39999941 -0.941496 
97.43999941 -0.941496 
97.47999941 -0.941496 
97.51999941 -0.4989776 
97.55999941 -0.941496 
97.59999941 -0.941496 
97.63999941 -0.4989776 
97.71999941 -2.267525 
97.75999941 -2.708518 
97.79999941 -0.941496 
97.9199994 -0.941496 
97.9599994 -1.825007 
97.9999994 -1.825007 
98.0399994 -0.941496 
98.0799994 -0.941496 
98.1199994 -0.941496 
98.1599994 -0.941496 
98.2399994 -0.941496 
98.2799994 -2.267525 
98.3199994 -1.825007 
98.3599994 -0.941496 
98.3999994 -0.4989776 
98.4799994 -0.941496 
98.5199994 -1.825007 
98.5599994 -1.382488 
98.5999994 -0.941496 
98.6399994 -0.4989776 
98.7199994 -0.941496 
98.7599994 -0.941496 
98.7999994 -0.941496 
98.8399994 -0.4989776 
98.8799994 -0.4989776 
98.9199994 -0.941496 
98.9599994 -0.941496 
98.9999994 -0.941496 
99.0399994 -0.4989776 
99.1599994 -0.4989776 
99.1999994 -0.4989776 
99.2399994 -0.941496 
99.3599994 -0.4989776 
100.07999939 -0.4989776 
100.19999939 -1.825007 
100.23999939 -0.941496 
101.67999938 -0.4989776 
101.71999938 -0.4989776 
101.91999938 -0.4989776 
101.95999938 -2.708518 
101.99999938 -0.4989776 
102.15999938 -0.4989776 
102.67999938 -0.941496 
102.91999937 -0.4989776 
103.11999937 -0.4989776 
103.15999937 -1.382488 
103.19999937 -0.4989776 
103.35999937 -0.941496 
103.39999937 -0.941496 
103.43999937 -0.4989776 
103.67999937 -2.267525 
103.71999937 -2.267525 
103.87999937 -1.382488 
103.91999937 -1.825007 
104.31999937 -0.4989776 
106.27999935 -0.4989776 
107.83999934 -0.4989776 
107.87999934 -1.825007 
107.91999934 -0.941496 
108.07999934 -0.4989776 
108.11999934 -0.941496 
108.15999934 -0.4989776 
108.47999934 -0.4989776 
108.63999934 -0.4989776 
108.79999934 -0.4989776 
108.83999934 -0.4989776 
108.87999934 -0.4989776 
109.07999934 -0.4989776 
109.11999934 -0.4989776 
109.27999934 -0.4989776 
109.35999934 -0.4989776 
109.55999933 -0.4989776 
109.71999933 -0.4989776 
109.75999933 -0.941496 
109.79999933 -0.4989776 
110.15999933 -0.4989776 
110.19999933 -0.4989776 
110.39999933 -0.4989776 
110.43999933 -0.4989776 
111.91999932 -0.4989776 
112.15999932 -0.941496 
112.19999932 -1.825007 
112.43999932 -0.4989776 
112.51999932 -3.593554 
112.55999932 -4.034547 
112.71999931 -2.267525 
112.75999931 -0.4989776 
112.95999931 -2.708518 
112.99999931 -1.825007 
113.47999931 -0.941496 
113.67999931 -1.382488 
113.71999931 -1.382488 
113.91999931 -0.4989776 
113.95999931 -0.4989776 
114.5599993 -0.4989776 
114.6799993 -0.4989776 
114.7199993 -0.4989776 
115.1599993 -0.4989776 
115.1999993 -0.941496 
115.3599993 -5.360576 
115.3999993 -0.4989776 
115.5199993 -1.382488 
115.6799993 -0.4989776 
116.39999929 -0.4989776 
116.43999929 -0.4989776 
116.87999929 -5.360576 
116.99999929 -8.896146 
117.03999929 -8.896146 
117.23999929 -0.4989776 
117.35999929 -2.267525 
117.51999929 -3.593554 
117.63999929 -0.941496 
117.67999928 -0.4989776 
117.79999928 -0.941496 
117.99999928 -0.4989776 
118.03999928 -0.4989776 
118.35999928 -0.4989776 
118.47999928 -0.4989776 
118.63999928 -0.941496 
118.67999928 -0.941496 
118.71999928 -0.4989776 
118.87999928 -0.4989776 
118.91999928 -0.941496 
118.95999928 -0.4989776 
118.99999928 -0.4989776 
119.07999928 -0.4989776 
119.11999928 -0.941496 
119.15999928 -0.941496 
119.19999928 -0.941496 
119.23999928 -0.4989776 
119.27999928 -0.4989776 
119.31999927 -0.941496 
119.35999927 -0.941496 
119.39999927 -0.941496 
119.43999927 -0.4989776 
119.47999927 -0.4989776 
119.51999927 -0.4989776 
119.55999927 -0.941496 
119.59999927 -0.941496 
119.63999927 -0.4989776 
119.67999927 -0.941496 
119.71999927 -1.825007 
119.75999927 -1.825007 
119.79999927 -0.941496 
119.83999927 -0.4989776 
119.87999927 -0.941496 
119.91999927 -0.941496 
119.95999927 -1.382488 
119.99999927 -0.941496 
120.03999927 -1.382488 
120.07999927 -1.382488 
120.11999927 -0.941496 
120.15999927 -0.941496 
120.19999927 -0.941496 
120.23999927 -0.941496 
120.27999927 -1.825007 
120.31999927 -1.382488 
120.35999927 -0.941496 
120.39999927 -0.4989776 
120.43999927 -0.941496 
120.47999927 -0.941496 
120.51999927 -1.825007 
120.55999927 -1.382488 
120.59999927 -0.941496 
120.63999927 -0.4989776 
120.67999927 -0.941496 
120.71999927 -0.941496 
120.75999927 -0.941496 
120.79999927 -1.825007 
120.83999927 -0.941496 
120.87999927 -0.4989776 
120.91999927 -0.4989776 
120.95999926 -0.941496 
120.99999926 -0.941496 
121.03999926 -1.382488 
121.07999926 -0.941496 
121.11999926 -0.941496 
121.19999926 -0.941496 
121.23999926 -2.267525 
121.27999926 -1.382488 
121.43999926 -0.941496 
121.47999926 -0.941496 
121.51999926 -0.4989776 
121.59999926 -0.941496 
121.63999926 -0.941496 
121.67999926 -0.4989776 
121.71999926 -0.4989776 
121.75999926 -0.4989776 
121.95999926 -0.4989776 
121.99999926 -0.4989776 
122.03999926 -0.4989776 
122.07999926 -0.4989776 
122.15999926 -0.4989776 
122.19999926 -0.941496 
122.27999926 -0.4989776 
122.31999926 -2.708518 
122.35999926 -3.151036 
122.51999926 -1.825007 
122.55999926 -4.477065 
122.59999925 -3.593554 
122.75999925 -1.382488 
122.79999925 -2.708518 
122.83999925 -1.825007 
122.99999925 -0.4989776 
123.03999925 -0.4989776 
123.07999925 -0.941496 
123.11999925 -0.941496 
123.27999925 -0.941496 
123.31999925 -0.4989776 
123.47999925 -0.4989776 
123.71999925 -0.941496 
123.75999925 -1.825007 
123.79999925 -0.941496 
123.95999925 -1.382488 
123.99999925 -2.267525 
124.03999925 -0.941496 
124.19999925 -0.4989776 
124.23999924 -0.941496 
124.27999924 -0.4989776 
124.39999924 -0.4989776 
124.43999924 -0.4989776 
124.63999924 -0.4989776 
124.83999924 -0.941496 
124.87999924 -0.941496 
124.91999924 -0.4989776 
125.07999924 -0.4989776 
125.11999924 -0.4989776 
125.27999924 -0.4989776 
125.31999924 -0.4989776 
125.51999924 -0.941496 
125.55999924 -0.4989776 
125.75999924 -0.941496 
125.99999923 -0.4989776 
126.03999923 -0.4989776 
126.19999923 -0.941496 
126.23999923 -4.034547 
126.39999923 -0.941496 
126.43999923 -0.941496 
126.67999923 -0.4989776 
126.91999923 -0.941496 
127.35999923 -0.4989776 
128.03999922 -0.941496 
128.07999922 -0.4989776 
128.23999922 -1.825007 
128.27999922 -3.151036 
128.51999922 -0.941496 
128.55999922 -0.4989776 
128.75999922 -0.4989776 
128.95999922 -0.4989776 
129.47999921 -0.4989776 
129.51999921 -0.4989776 
129.55999921 -0.4989776 
129.87999921 -0.4989776 
129.95999921 -0.4989776 
129.99999921 -0.941496 
130.11999921 -0.4989776 
130.15999921 -0.4989776 
130.19999921 -0.4989776 
130.27999921 -0.4989776 
130.31999921 -0.4989776 
130.35999921 -0.941496 
130.39999921 -0.4989776 
130.51999921 -0.941496 
130.55999921 -2.267525 
130.59999921 -0.941496 
130.67999921 -0.4989776 
130.75999921 -0.941496 
130.79999921 -0.941496 
130.8399992 -0.4989776 
130.8799992 -0.4989776 
130.9199992 -0.941496 
130.9599992 -0.941496 
130.9999992 -0.941496 
131.0399992 -1.825007 
131.0799992 -0.4989776 
131.1599992 -0.4989776 
131.1999992 -0.941496 
131.2399992 -1.825007 
131.2799992 -1.825007 
131.3199992 -0.941496 
131.3999992 -0.4989776 
131.4399992 -0.941496 
131.4799992 -1.825007 
131.5199992 -1.825007 
131.5599992 -0.4989776 
131.6799992 -2.267525 
131.7199992 -1.825007 
131.7599992 -0.4989776 
131.7999992 -0.4989776 
131.9199992 -0.941496 
131.9599992 -0.941496 
131.9999992 -0.941496 
132.0399992 -1.825007 
132.0799992 -0.941496 
132.1999992 -0.941496 
132.2399992 -0.941496 
132.2799992 -0.941496 
132.3199992 -0.941496 
132.3599992 -0.4989776 
132.3999992 -0.4989776 
132.4399992 -0.4989776 
132.47999919 -0.4989776 
132.51999919 -0.4989776 
132.63999919 -0.941496 
132.67999919 -2.267525 
132.71999919 -2.267525 
132.87999919 -0.4989776 
132.91999919 -2.708518 
132.95999919 -2.708518 
133.15999919 -0.941496 
133.19999919 -0.941496 
133.59999919 -0.4989776 
134.19999918 -0.941496 
134.23999918 -0.941496 
134.43999918 -0.4989776 
134.47999918 -0.941496 
134.71999918 -0.4989776 
134.75999918 -0.4989776 
134.91999918 -2.267525 
134.95999918 -8.012634 
135.11999918 -0.4989776 
135.15999918 -0.4989776 
135.19999918 -0.941496 
135.23999918 -0.941496 
135.47999918 -0.941496 
135.51999918 -0.4989776 
136.11999917 -0.4989776 
136.71999917 -0.941496 
136.95999917 -0.4989776 
138.99999916 -2.708518 
139.15999915 -0.941496 
139.27999915 -4.034547 
139.43999915 -8.896146 
139.63999915 -0.941496 
139.75999915 -2.267525 
139.91999915 -2.708518 
140.03999915 -1.825007 
140.19999915 -2.267525 
140.23999915 -0.4989776 
140.39999915 -0.4989776 
140.43999915 -0.941496 
141.19999914 -0.4989776 
141.35999914 -0.4989776 
141.39999914 -1.382488 
141.59999914 -0.4989776 
141.63999914 -2.267525 
141.67999914 -1.825007 
141.79999914 -0.941496 
141.83999914 -1.382488 
141.87999914 -0.4989776 
142.11999914 -0.4989776 
143.03999913 -1.825007 
143.07999913 -1.825007 
143.27999913 -1.825007 
143.31999913 -0.941496 
143.51999913 -0.4989776 
143.55999913 -0.4989776 
144.47999912 -0.4989776 
144.51999912 -1.825007 
144.55999912 -0.941496 
144.75999912 -1.382488 
144.79999912 -0.941496 
144.99999912 -0.941496 
145.03999912 -0.4989776 
145.23999912 -0.4989776 
145.43999912 -0.4989776 
145.91999911 -0.941496 
145.95999911 -1.825007 
145.99999911 -0.941496 
146.15999911 -0.941496 
146.19999911 -0.941496 
146.23999911 -0.4989776 
146.35999911 -0.4989776 
146.39999911 -0.941496 
146.43999911 -0.4989776 
146.47999911 -0.4989776 
146.51999911 -0.4989776 
146.55999911 -0.4989776 
146.59999911 -0.4989776 
146.63999911 -0.4989776 
146.67999911 -0.941496 
146.71999911 -0.4989776 
146.75999911 -0.4989776 
146.79999911 -0.4989776 
146.83999911 -0.941496 
146.87999911 -0.941496 
146.91999911 -0.4989776 
146.95999911 -0.4989776 
146.99999911 -0.4989776 
147.03999911 -0.941496 
147.07999911 -0.941496 
147.11999911 -0.941496 
147.15999911 -0.941496 
147.19999911 -0.941496 
147.23999911 -0.4989776 
147.2799991 -0.941496 
147.3199991 -1.382488 
147.3599991 -0.941496 
147.3999991 -0.4989776 
147.4399991 -0.4989776 
147.4799991 -0.941496 
147.5199991 -0.941496 
147.5599991 -0.4989776 
147.5999991 -0.941496 
147.6399991 -1.825007 
147.6799991 -0.941496 
147.7199991 -0.941496 
147.7599991 -0.941496 
147.7999991 -0.4989776 
147.8399991 -0.4989776 
147.8799991 -0.4989776 
147.9199991 -0.4989776 
147.9599991 -0.941496 
147.9999991 -0.941496 
148.0399991 -0.4989776 
148.0799991 -0.941496 
148.1199991 -0.941496 
148.1599991 -0.941496 
148.1999991 -0.941496 
148.2399991 -0.941496 
148.2799991 -0.4989776 
148.3199991 -0.4989776 
148.4399991 -0.941496 
148.4799991 -1.825007 
148.5199991 -0.941496 
148.5599991 -0.4989776 
148.5999991 -0.4989776 
148.6399991 -0.4989776 
148.6799991 -0.4989776 
148.7199991 -0.4989776 
148.7599991 -0.4989776 
148.7999991 -0.4989776 
148.91999909 -0.941496 
148.95999909 -0.4989776 
149.07999909 -0.4989776 
149.11999909 -0.941496 
149.15999909 -0.4989776 
149.95999909 -0.4989776 
150.43999909 -0.4989776 
150.71999908 -0.4989776 
151.07999908 -0.941496 
151.31999908 -0.4989776 
152.03999908 -0.4989776 
152.07999908 -0.941496 
152.23999907 -0.4989776 
152.27999907 -0.941496 
152.39999907 -3.593554 
152.43999907 -0.941496 
152.55999907 -0.4989776 
152.59999907 -0.4989776 
152.63999907 -0.4989776 
152.67999907 -0.941496 
152.71999907 -0.941496 
152.75999907 -0.4989776 
152.79999907 -0.4989776 
152.83999907 -0.4989776 
152.87999907 -0.4989776 
152.91999907 -0.941496 
152.95999907 -0.4989776 
153.03999907 -0.4989776 
153.07999907 -0.941496 
153.11999907 -0.941496 
153.15999907 -0.941496 
153.19999907 -0.4989776 
153.23999907 -0.4989776 
153.27999907 -0.4989776 
153.39999907 -0.941496 
153.43999907 -2.708518 
153.47999907 -2.708518 
153.51999907 -0.941496 
153.63999907 -0.4989776 
153.67999907 -2.708518 
153.71999907 -2.267525 
153.75999907 -0.941496 
153.91999906 -0.941496 
153.95999906 -1.382488 
153.99999906 -0.941496 
154.15999906 -0.4989776 
154.19999906 -0.941496 
154.23999906 -0.941496 
154.27999906 -0.4989776 
154.43999906 -0.941496 
154.47999906 -0.941496 
154.51999906 -0.4989776 
154.55999906 -2.708518 
154.67999906 -0.4989776 
154.71999906 -0.941496 
154.95999906 -2.267525 
154.99999906 -2.267525 
155.03999906 -0.941496 
155.19999906 -1.825007 
155.23999906 -1.825007 
155.27999906 -0.941496 
155.39999906 -0.4989776 
155.43999906 -0.941496 
155.47999906 -0.941496 
155.51999905 -0.941496 
155.67999905 -0.4989776 
155.71999905 -0.941496 
155.75999905 -0.941496 
155.79999905 -0.4989776 
155.95999905 -0.941496 
155.99999905 -0.941496 
156.03999905 -0.4989776 
156.07999905 -0.4989776 
156.19999905 -0.4989776 
156.23999905 -0.941496 
156.27999905 -0.4989776 
156.39999905 -0.4989776 
156.43999905 -1.382488 
156.47999905 -0.941496 
156.59999905 -0.941496 
156.63999905 -0.941496 
156.67999905 -0.941496 
156.79999905 -0.4989776 
156.83999905 -0.941496 
156.87999905 -0.941496 
156.91999905 -0.941496 
156.95999905 -0.4989776 
157.11999905 -2.708518 
157.15999904 -7.570117 
157.19999904 -0.941496 
157.31999904 -0.941496 
157.35999904 -1.825007 
157.39999904 -2.267525 
157.43999904 -0.4989776 
157.55999904 -1.825007 
157.59999904 -0.941496 
157.63999904 -0.941496 
157.67999904 -0.4989776 
157.71999904 -0.4989776 
157.75999904 -0.4989776 
157.79999904 -0.941496 
157.83999904 -1.825007 
157.87999904 -0.941496 
157.91999904 -0.4989776 
157.99999904 -0.4989776 
158.03999904 -0.941496 
158.07999904 -0.941496 
158.11999904 -0.4989776 
158.15999904 -0.941496 
158.19999904 -0.4989776 
158.23999904 -0.941496 
158.27999904 -0.941496 
158.31999904 -0.941496 
158.35999904 -0.941496 
158.39999904 -1.825007 
158.43999904 -1.825007 
158.55999904 -0.4989776 
158.59999904 -1.825007 
158.63999904 -1.825007 
158.67999904 -0.4989776 
158.79999903 -0.941496 
158.83999903 -0.941496 
158.87999903 -0.941496 
158.91999903 -0.4989776 
158.95999903 -0.4989776 
159.03999903 -0.4989776 
159.07999903 -0.4989776 
159.11999903 -0.4989776 
159.19999903 -0.941496 
159.23999903 -1.825007 
159.27999903 -0.941496 
159.39999903 -1.825007 
159.43999903 -1.825007 
159.59999903 -1.825007 
159.63999903 -2.267525 
159.67999903 -0.4989776 
159.83999903 -0.941496 
159.87999903 -0.941496 
161.51999902 -4.034547 
161.71999902 -1.825007 
161.75999902 -0.941496 
161.91999902 -1.825007 
161.95999902 -2.708518 
162.23999901 -1.825007 
163.19999901 -0.4989776 
163.799999 -1.382488 
163.839999 -1.825007 
164.039999 -0.941496 
164.079999 -1.825007 
164.119999 -0.4989776 
164.279999 -0.4989776 
164.319999 -0.4989776 
165.159999 -4.034547 
165.319999 -1.825007 
165.359999 -1.825007 
165.55999899 -0.4989776 
165.59999899 -0.4989776 
166.15999899 -0.4989776 
167.07999898 -0.4989776 
167.31999898 -0.4989776 
167.95999898 -0.4989776 
168.07999898 -4.034547 
168.11999898 -1.825007 
168.47999898 -0.4989776 
168.51999898 -2.267525 
168.55999898 -0.941496 
168.71999897 -0.941496 
168.75999897 -1.382488 
168.91999897 -0.4989776 
168.95999897 -0.4989776 
169.11999897 -0.4989776 
169.15999897 -0.4989776 
169.31999897 -0.941496 
169.35999897 -0.941496 
169.39999897 -0.4989776 
169.51999897 -0.941496 
169.55999897 -0.941496 
169.67999897 -0.941496 
169.71999897 -0.941496 
169.75999897 -0.4989776 
169.79999897 -0.941496 
169.83999897 -0.4989776 
169.91999897 -0.4989776 
169.99999897 -0.4989776 
170.03999897 -0.941496 
170.07999897 -0.941496 
170.19999897 -0.4989776 
170.23999897 -0.941496 
170.27999897 -0.941496 
170.31999896 -0.4989776 
170.47999896 -0.4989776 
170.51999896 -0.941496 
170.55999896 -0.4989776 
170.63999896 -0.4989776 
170.67999896 -0.4989776 
170.75999896 -0.4989776 
170.83999896 -0.4989776 
170.87999896 -0.4989776 
170.91999896 -0.941496 
170.95999896 -0.4989776 
171.15999896 -0.4989776 
171.19999896 -0.4989776 
171.35999896 -0.4989776 
171.63999896 -0.4989776 
171.87999896 -0.4989776 
171.91999896 -0.4989776 
171.95999895 -0.4989776 
172.11999895 -0.4989776 
172.35999895 -1.382488 
172.39999895 -0.941496 
172.55999895 -0.4989776 
172.59999895 -0.941496 
173.03999895 -0.4989776 
173.07999895 -0.4989776 
173.31999895 -0.4989776 
173.35999895 -0.941496 
173.39999895 -0.941496 
173.55999895 -0.4989776 
173.59999894 -0.941496 
173.63999894 -0.4989776 
173.67999894 -0.4989776 
173.71999894 -0.4989776 
173.75999894 -0.4989776 
173.79999894 -0.4989776 
173.87999894 -0.4989776 
173.91999894 -0.4989776 
173.95999894 -0.941496 
173.99999894 -0.941496 
174.15999894 -1.825007 
174.19999894 -2.708518 
174.23999894 -1.825007 
174.39999894 -1.825007 
174.43999894 -3.151036 
174.47999894 -1.382488 
174.59999894 -0.4989776 
174.63999894 -1.825007 
174.67999894 -1.825007 
174.71999894 -0.4989776 
174.83999894 -0.4989776 
174.87999894 -0.4989776 
174.91999894 -0.4989776 
174.95999894 -0.4989776 
174.99999894 -0.4989776 
175.07999894 -0.4989776 
175.11999894 -0.4989776 
175.15999894 -0.4989776 
175.19999894 -0.4989776 
175.23999893 -0.4989776 
175.31999893 -0.4989776 
175.35999893 -0.4989776 
175.63999893 -0.4989776 
175.67999893 -1.825007 
175.71999893 -1.825007 
175.91999893 -1.382488 
175.95999893 -0.941496 
176.19999893 -0.4989776 
176.71999893 -0.4989776 
177.47999892 -0.4989776 
177.51999892 -0.4989776 
178.15999892 -0.4989776 
178.19999892 -0.941496 
178.35999892 -0.4989776 
178.39999892 -2.267525 
178.43999892 -0.941496 
178.55999891 -0.941496 
178.59999891 -0.941496 
178.83999891 -0.4989776 
178.87999891 -0.4989776 
179.03999891 -0.4989776 
179.07999891 -0.941496 
179.11999891 -0.941496 
179.23999891 -1.382488 
179.27999891 -7.570117 
179.31999891 -2.267525 
179.47999891 -2.267525 
179.51999891 -4.034547 
179.55999891 -1.825007 
179.71999891 -0.941496 
179.75999891 -1.825007 
179.79999891 -0.941496 
179.83999891 -0.4989776 
179.87999891 -0.4989776 
179.91999891 -0.941496 
179.95999891 -0.941496 
179.99999891 -0.941496 
180.03999891 -1.382488 
180.07999891 -0.941496 
180.11999891 -0.941496 
180.15999891 -0.941496 
180.1999989 -0.941496 
180.2399989 -0.941496 
180.2799989 -1.825007 
180.3199989 -1.382488 
180.3599989 -1.382488 
180.3999989 -1.382488 
180.4399989 -0.941496 
180.4799989 -0.941496 
180.5199989 -0.941496 
180.5599989 -0.941496 
180.5999989 -1.382488 
180.6399989 -0.941496 
180.6799989 -0.941496 
180.7199989 -0.941496 
180.7599989 -0.941496 
180.7999989 -0.941496 
180.8399989 -2.267525 
180.8799989 -0.941496 
180.9599989 -0.4989776 
180.9999989 -1.825007 
181.0399989 -1.825007 
181.0799989 -1.382488 
181.1199989 -0.941496 
181.1599989 -0.4989776 
181.1999989 -0.4989776 
181.2399989 -0.941496 
181.2799989 -0.941496 
181.3199989 -0.941496 
181.3599989 -0.941496 
181.3999989 -0.4989776 
181.4399989 -0.4989776 
181.4799989 -0.941496 
181.5199989 -0.941496 
181.5599989 -0.941496 
181.5999989 -0.4989776 
181.6399989 -0.4989776 
181.6799989 -0.4989776 
181.7199989 -0.4989776 
181.7599989 -0.4989776 
181.7999989 -0.4989776 
181.83999889 -0.4989776 
181.95999889 -0.4989776 
182.03999889 -0.4989776 
182.07999889 -0.941496 
182.11999889 -0.941496 
182.15999889 -0.941496 
182.31999889 -0.4989776 
182.35999889 -0.941496 
182.39999889 -0.4989776 
182.43999889 -0.4989776 
182.63999889 -0.4989776 
182.67999889 -0.4989776 
182.83999889 -0.4989776 
182.87999889 -0.941496 
183.47999888 -0.941496 
183.59999888 -6.244087 
183.75999888 -7.129124 
183.79999888 -5.360576 
183.83999888 -0.4989776 
183.99999888 -0.941496 
184.03999888 -4.034547 
184.07999888 -4.477065 
184.11999888 -0.4989776 
184.23999888 -1.382488 
184.31999888 -0.941496 
184.35999888 -4.034547 
184.39999888 -0.4989776 
184.51999888 -1.825007 
184.55999888 -2.267525 
184.59999888 -2.267525 
184.63999888 -0.4989776 
184.83999888 -2.267525 
184.87999888 -2.267525 
185.03999888 -0.941496 
185.07999888 -0.941496 
185.11999887 -0.4989776 
185.15999887 -0.4989776 
185.19999887 -0.4989776 
185.35999887 -0.4989776 
185.39999887 -0.941496 
185.43999887 -0.4989776 
185.67999887 -0.4989776 
185.71999887 -0.4989776 
185.83999887 -0.4989776 
185.87999887 -0.4989776 
186.07999887 -2.267525 
186.11999887 -2.267525 
186.15999887 -0.4989776 
186.31999887 -0.941496 
186.35999887 -1.825007 
186.39999887 -0.4989776 
186.59999887 -0.4989776 
186.95999886 -0.4989776 
186.99999886 -0.941496 
187.91999886 -1.825007 
187.95999886 -0.941496 
188.79999885 -0.4989776 
188.99999885 -0.4989776 
191.15999884 -1.825007 
191.19999884 -1.825007 
191.31999884 -1.382488 
191.35999884 -1.382488 
191.59999884 -0.4989776 
191.63999884 -0.941496 
191.83999883 -0.941496 
191.87999883 -0.4989776 
192.07999883 -0.4989776 
192.11999883 -0.4989776 
192.27999883 -0.4989776 
192.31999883 -0.4989776 
192.55999883 -0.4989776 
192.75999883 -0.4989776 
192.79999883 -0.4989776 
192.99999883 -0.4989776 
193.19999883 -0.4989776 
193.23999883 -0.4989776 
194.15999882 -0.4989776 
194.35999882 -2.267525 
194.39999882 -5.360576 
194.63999882 -0.941496 
194.83999882 -0.941496 
195.03999881 -2.708518 
195.07999881 -2.267525 
195.27999881 -1.825007 
195.31999881 -1.382488 
195.51999881 -0.941496 
195.55999881 -0.4989776 
195.75999881 -0.941496 
196.03999881 -0.4989776 
196.23999881 -0.4989776 
196.27999881 -0.941496 
196.31999881 -0.4989776 
196.47999881 -0.4989776 
196.51999881 -1.825007 
196.55999881 -1.825007 
196.7599988 -0.4989776 
196.7999988 -1.382488 
196.8399988 -0.941496 
196.9999988 -0.4989776 
197.0799988 -1.382488 
197.1199988 -1.825007 
197.1599988 -0.4989776 
197.3199988 -0.4989776 
197.3599988 -0.941496 
197.3999988 -0.4989776 
197.5599988 -0.4989776 
197.7199988 -0.941496 
197.7599988 -1.825007 
197.9599988 -0.941496 
197.9999988 -0.4989776 
198.2399988 -0.4989776 
198.75999879 -0.4989776 
198.91999879 -0.4989776 
0 0 
