19.87999988 -0.3503525 
20.11999988 -0.3503525 
20.31999988 -0.3503525 
20.39999988 -0.3503525 
20.51999988 -0.3503525 
20.55999988 -0.3503525 
20.63999987 -0.3503525 
20.67999987 -0.3503525 
20.71999987 -0.3503525 
20.75999987 -0.3503525 
20.83999987 -0.3503525 
20.87999987 -0.3503525 
20.91999987 -0.3503525 
20.95999987 -0.3503525 
20.99999987 -0.3503525 
21.03999987 -0.3503525 
21.07999987 -0.3503525 
21.15999987 -0.3503525 
21.19999987 -0.3503525 
21.23999987 -0.3503525 
21.27999987 -0.3503525 
21.35999987 -0.3503525 
21.39999987 -0.3503525 
21.43999987 -0.3503525 
21.47999987 -0.3503525 
21.51999987 -0.3503525 
21.55999987 -0.3503525 
21.59999987 -0.3503525 
21.63999987 -0.3503525 
21.67999987 -0.3503525 
21.71999987 -0.3503525 
21.75999987 -0.3503525 
21.79999987 -0.3503525 
21.83999987 -0.3503525 
21.87999987 -0.3503525 
21.91999987 -0.3503525 
21.95999987 -0.3503525 
21.99999987 -0.3503525 
22.03999987 -0.3503525 
22.07999987 -0.3503525 
22.11999987 -0.3503525 
22.15999987 -0.3503525 
22.19999987 -0.3503525 
22.23999986 -0.3503525 
22.27999986 -0.3503525 
22.31999986 -0.3503525 
22.35999986 -0.3503525 
22.39999986 -0.3503525 
22.43999986 -0.3503525 
22.47999986 -0.3503525 
22.51999986 -0.3503525 
22.55999986 -0.3503525 
22.59999986 -0.3503525 
22.63999986 -0.3503525 
22.67999986 -0.3503525 
22.71999986 -0.3503525 
22.75999986 -0.3503525 
22.79999986 -0.3503525 
22.83999986 -0.3503525 
22.87999986 -0.3503525 
22.91999986 -0.3503525 
22.95999986 -0.3503525 
22.99999986 -0.3503525 
23.03999986 -0.3503525 
23.07999986 -0.3503525 
23.11999986 -0.3503525 
23.15999986 -0.524308 
23.19999986 -0.3503525 
23.23999986 -0.3503525 
23.27999986 -0.3503525 
23.31999986 -0.3503525 
23.35999986 -0.524308 
23.39999986 -0.3503525 
23.43999986 -0.3503525 
23.47999986 -0.3503525 
23.51999986 -0.524308 
23.55999986 -0.524308 
23.59999986 -0.3503525 
23.63999986 -0.524308 
23.67999986 -0.524308 
23.71999986 -0.524308 
23.75999986 -0.6988739 
23.79999986 -0.3503525 
23.83999986 -0.524308 
23.87999985 -0.524308 
23.91999985 -0.6988739 
23.95999985 -0.524308 
23.99999985 -0.524308 
24.03999985 -0.524308 
24.07999985 -0.524308 
24.11999985 -0.3503525 
24.15999985 -0.524308 
24.19999985 -0.524308 
24.23999985 -0.524308 
24.27999985 -0.524308 
24.31999985 -0.6988739 
24.35999985 -0.524308 
24.39999985 -0.6988739 
24.43999985 -0.6988739 
24.47999985 -0.524308 
24.51999985 -0.6988739 
24.55999985 -0.524308 
24.59999985 -0.6988739 
24.63999985 -0.6988739 
24.67999985 -0.524308 
24.71999985 -0.524308 
24.75999985 -0.6988739 
24.79999985 -0.6988739 
24.83999985 -0.6988739 
24.87999985 -0.524308 
24.91999985 -0.524308 
24.95999985 -0.6988739 
24.99999985 -0.524308 
25.03999985 -0.6988739 
25.07999985 -0.6988739 
25.11999985 -0.524308 
25.15999985 -0.6988739 
25.19999985 -0.6988739 
25.23999985 -0.6988739 
25.27999985 -0.6988739 
25.31999985 -0.6988739 
25.35999985 -0.6988739 
25.39999985 -0.6988739 
25.43999985 -0.6988739 
25.47999985 -0.6988739 
25.51999984 -0.6988739 
25.55999984 -0.6988739 
25.59999984 -0.6988739 
25.63999984 -0.6988739 
25.67999984 -0.6988739 
25.71999984 -0.6988739 
25.75999984 -0.6988739 
25.79999984 -0.6988739 
25.83999984 -0.6988739 
25.87999984 -0.6988739 
25.91999984 -0.6988739 
25.95999984 -0.6988739 
25.99999984 -0.6988739 
26.03999984 -0.6988739 
26.07999984 -0.6988739 
26.11999984 -0.6988739 
26.15999984 -0.6988739 
26.19999984 -0.6988739 
26.23999984 -0.6988739 
26.27999984 -0.6988739 
26.31999984 -0.6988739 
26.35999984 -0.6988739 
26.39999984 -0.6988739 
26.43999984 -0.6988739 
26.47999984 -0.6988739 
26.51999984 -0.6988739 
26.55999984 -0.6988739 
26.59999984 -0.6988739 
26.63999984 -0.6988739 
26.67999984 -0.6988739 
26.71999984 -0.6988739 
26.75999984 -0.6988739 
26.79999984 -0.6988739 
26.83999984 -0.6988739 
26.87999984 -0.6988739 
26.91999984 -0.6988739 
26.95999984 -0.6988739 
26.99999984 -0.6988739 
27.03999984 -0.6988739 
27.07999984 -0.6988739 
27.11999984 -0.6988739 
27.15999983 -0.6988739 
27.19999983 -0.6988739 
27.23999983 -0.6988739 
27.27999983 -0.6988739 
27.31999983 -0.6988739 
27.35999983 -0.6988739 
27.39999983 -0.6988739 
27.43999983 -0.6988739 
27.47999983 -0.6988739 
27.51999983 -0.6988739 
27.55999983 -0.6988739 
27.59999983 -0.6988739 
27.63999983 -0.6988739 
27.67999983 -0.6988739 
27.71999983 -0.6988739 
27.75999983 -0.6988739 
27.79999983 -0.6988739 
27.83999983 -0.6988739 
27.87999983 -0.6988739 
27.91999983 -0.6988739 
27.95999983 -0.6988739 
27.99999983 -0.6988739 
28.03999983 -0.6988739 
28.07999983 -0.6988739 
28.11999983 -0.6988739 
28.15999983 -0.6988739 
28.19999983 -0.6988739 
28.23999983 -0.6988739 
28.27999983 -0.6988739 
28.31999983 -0.6988739 
28.35999983 -0.6988739 
28.39999983 -0.6988739 
28.43999983 -0.6988739 
28.47999983 -0.6988739 
28.51999983 -0.6988739 
28.55999983 -0.6988739 
28.59999983 -0.6988739 
28.63999983 -0.6988739 
28.67999983 -0.524308 
28.71999983 -0.6988739 
28.75999983 -0.6988739 
28.79999982 -0.6988739 
28.83999982 -0.6988739 
28.87999982 -0.6988739 
28.91999982 -0.6988739 
28.95999982 -0.6988739 
28.99999982 -0.6988739 
29.03999982 -0.6988739 
29.07999982 -0.6988739 
29.11999982 -0.6988739 
29.15999982 -0.6988739 
29.19999982 -0.6988739 
29.23999982 -0.6988739 
29.27999982 -0.6988739 
29.31999982 -0.6988739 
29.35999982 -0.524308 
29.39999982 -0.6988739 
29.43999982 -0.524308 
29.47999982 -0.6988739 
29.51999982 -0.6988739 
29.55999982 -0.6988739 
29.59999982 -0.6988739 
29.63999982 -0.6988739 
29.67999982 -0.6988739 
29.71999982 -0.524308 
29.75999982 -0.6988739 
29.79999982 -0.6988739 
29.83999982 -0.6988739 
29.87999982 -0.524308 
29.91999982 -0.6988739 
29.95999982 -0.6988739 
29.99999982 -0.6988739 
30.03999982 -0.6988739 
30.07999982 -0.6988739 
30.11999982 -0.6988739 
30.15999982 -0.6988739 
30.19999982 -0.524308 
30.23999982 -0.6988739 
30.27999982 -0.6988739 
30.31999982 -0.6988739 
30.35999982 -0.524308 
30.39999982 -0.6988739 
30.43999982 -0.6988739 
30.47999981 -0.6988739 
30.51999981 -0.6988739 
30.55999981 -0.6988739 
30.59999981 -0.524308 
30.63999981 -0.524308 
30.67999981 -0.6988739 
30.71999981 -0.6988739 
30.75999981 -0.524308 
30.79999981 -0.6988739 
30.83999981 -0.524308 
30.87999981 -0.524308 
30.91999981 -0.6988739 
30.95999981 -0.6988739 
30.99999981 -0.524308 
31.03999981 -0.6988739 
31.07999981 -0.524308 
31.11999981 -0.524308 
31.15999981 -0.524308 
31.19999981 -0.524308 
31.23999981 -0.524308 
31.27999981 -0.6988739 
31.31999981 -0.524308 
31.35999981 -0.524308 
31.39999981 -0.524308 
31.43999981 -0.6988739 
31.47999981 -0.524308 
31.51999981 -0.524308 
31.55999981 -0.524308 
31.59999981 -0.6988739 
31.63999981 -0.3503525 
31.67999981 -0.524308 
31.71999981 -0.524308 
31.75999981 -0.3503525 
31.79999981 -0.524308 
31.83999981 -0.524308 
31.87999981 -0.524308 
31.91999981 -0.3503525 
31.95999981 -0.3503525 
31.99999981 -0.3503525 
32.03999981 -0.524308 
32.07999981 -0.3503525 
32.1199998 -0.3503525 
32.1599998 -0.3503525 
32.1999998 -0.3503525 
32.2399998 -0.524308 
32.2799998 -0.3503525 
32.3199998 -0.3503525 
32.3599998 -0.3503525 
32.3999998 -0.3503525 
32.4399998 -0.3503525 
32.4799998 -0.3503525 
32.5199998 -0.524308 
32.5599998 -0.3503525 
32.5999998 -0.3503525 
32.6399998 -0.3503525 
32.6799998 -0.3503525 
32.7199998 -0.3503525 
32.7599998 -0.3503525 
32.7999998 -0.3503525 
32.8399998 -0.3503525 
32.8799998 -0.3503525 
32.9199998 -0.3503525 
32.9599998 -0.3503525 
32.9999998 -0.3503525 
33.0399998 -0.3503525 
33.0799998 -0.3503525 
33.1199998 -0.3503525 
33.1599998 -0.3503525 
33.1999998 -0.3503525 
33.2399998 -0.3503525 
33.2799998 -0.3503525 
33.3199998 -0.3503525 
33.3599998 -0.3503525 
33.3999998 -0.3503525 
33.4399998 -0.3503525 
33.4799998 -0.3503525 
33.5199998 -0.3503525 
33.5599998 -0.3503525 
33.5999998 -0.3503525 
33.6399998 -0.3503525 
33.6799998 -0.3503525 
33.7199998 -0.3503525 
33.75999979 -0.3503525 
33.79999979 -0.3503525 
33.83999979 -0.3503525 
33.87999979 -0.3503525 
33.91999979 -0.3503525 
33.95999979 -0.3503525 
33.99999979 -0.3503525 
34.03999979 -0.3503525 
34.07999979 -0.3503525 
34.11999979 -0.3503525 
34.15999979 -0.3503525 
34.19999979 -0.3503525 
34.23999979 -0.3503525 
34.27999979 -0.3503525 
34.31999979 -0.3503525 
34.35999979 -0.3503525 
34.39999979 -0.3503525 
34.43999979 -0.3503525 
34.47999979 -0.3503525 
34.51999979 -0.3503525 
34.59999979 -0.3503525 
34.75999979 -0.3503525 
34.79999979 -0.3503525 
34.83999979 -0.3503525 
34.87999979 -0.3503525 
35.07999979 -0.3503525 
35.31999979 -0.3503525 
35.59999978 -0.3503525 
35.63999978 -0.3503525 
35.67999978 -0.3503525 
36.15999978 -0.3503525 
130.55999921 -0.3503525 
130.59999921 -0.3503525 
130.8399992 -0.3503525 
130.8799992 -0.3503525 
130.9199992 -0.3503525 
130.9599992 -0.3503525 
130.9999992 -0.3503525 
131.0399992 -0.3503525 
131.0799992 -0.3503525 
131.1199992 -0.3503525 
131.1599992 -0.3503525 
131.1999992 -0.3503525 
131.2799992 -0.3503525 
131.3199992 -0.3503525 
131.3999992 -0.3503525 
131.4399992 -0.3503525 
131.5199992 -0.3503525 
131.5599992 -0.3503525 
131.5999992 -0.3503525 
131.6399992 -0.3503525 
131.6799992 -0.3503525 
131.7199992 -0.3503525 
131.7599992 -0.3503525 
131.7999992 -0.3503525 
131.8399992 -0.3503525 
131.8799992 -0.3503525 
131.9199992 -0.3503525 
131.9599992 -0.3503525 
131.9999992 -0.3503525 
132.0399992 -0.3503525 
132.0799992 -0.3503525 
132.1199992 -0.3503525 
132.1599992 -0.3503525 
132.1999992 -0.3503525 
132.2399992 -0.3503525 
132.2799992 -0.3503525 
132.3199992 -0.3503525 
132.3599992 -0.3503525 
132.3999992 -0.3503525 
132.4399992 -0.3503525 
132.47999919 -0.3503525 
132.51999919 -0.3503525 
132.55999919 -0.3503525 
132.59999919 -0.3503525 
132.63999919 -0.3503525 
132.67999919 -0.3503525 
132.71999919 -0.3503525 
132.75999919 -0.3503525 
132.79999919 -0.3503525 
132.83999919 -0.3503525 
132.87999919 -0.3503525 
132.91999919 -0.3503525 
132.95999919 -0.3503525 
132.99999919 -0.3503525 
133.03999919 -0.3503525 
133.07999919 -0.3503525 
133.11999919 -0.3503525 
133.15999919 -0.3503525 
133.19999919 -0.3503525 
133.23999919 -0.3503525 
133.27999919 -0.3503525 
133.31999919 -0.3503525 
133.35999919 -0.3503525 
133.39999919 -0.3503525 
133.43999919 -0.524308 
133.47999919 -0.3503525 
133.51999919 -0.3503525 
133.55999919 -0.3503525 
133.59999919 -0.524308 
133.63999919 -0.3503525 
133.67999919 -0.3503525 
133.71999919 -0.3503525 
133.75999919 -0.524308 
133.79999919 -0.524308 
133.83999919 -0.3503525 
133.87999919 -0.3503525 
133.91999919 -0.3503525 
133.95999919 -0.524308 
133.99999919 -0.524308 
134.03999919 -0.524308 
134.07999919 -0.524308 
134.11999918 -0.524308 
134.15999918 -0.524308 
134.19999918 -0.524308 
134.23999918 -0.524308 
134.27999918 -0.524308 
134.31999918 -0.6988739 
134.35999918 -0.524308 
134.39999918 -0.524308 
134.43999918 -0.6988739 
134.47999918 -0.524308 
134.51999918 -0.6988739 
134.55999918 -0.6988739 
134.59999918 -0.6988739 
134.63999918 -0.6988739 
134.67999918 -0.6988739 
134.71999918 -0.524308 
134.75999918 -0.524308 
134.79999918 -0.524308 
134.83999918 -0.524308 
134.87999918 -0.524308 
134.91999918 -0.524308 
134.95999918 -0.524308 
134.99999918 -0.6988739 
135.03999918 -0.6988739 
135.07999918 -0.524308 
135.11999918 -0.6988739 
135.15999918 -0.6988739 
135.19999918 -0.6988739 
135.23999918 -0.6988739 
135.27999918 -0.6988739 
135.31999918 -0.6988739 
135.35999918 -0.6988739 
135.39999918 -0.6988739 
135.43999918 -0.6988739 
135.47999918 -0.6988739 
135.51999918 -0.6988739 
135.55999918 -0.6988739 
135.59999918 -0.6988739 
135.63999918 -0.6988739 
135.67999918 -0.6988739 
135.71999918 -0.6988739 
135.75999917 -0.6988739 
135.79999917 -0.6988739 
135.83999917 -0.6988739 
135.87999917 -0.6988739 
135.91999917 -0.6988739 
135.95999917 -0.6988739 
135.99999917 -0.6988739 
136.03999917 -0.6988739 
136.07999917 -0.6988739 
136.11999917 -0.6988739 
136.15999917 -0.6988739 
136.19999917 -0.6988739 
136.23999917 -0.6988739 
136.27999917 -0.6988739 
136.31999917 -0.6988739 
136.35999917 -0.6988739 
136.39999917 -0.6988739 
136.43999917 -0.6988739 
136.47999917 -0.6988739 
136.51999917 -0.6988739 
136.55999917 -0.6988739 
136.59999917 -0.6988739 
136.63999917 -0.6988739 
136.67999917 -0.8728294 
136.71999917 -0.6988739 
136.75999917 -0.6988739 
136.79999917 -0.6988739 
136.83999917 -0.6988739 
136.87999917 -0.6988739 
136.91999917 -0.6988739 
136.95999917 -0.6988739 
136.99999917 -0.8728294 
137.03999917 -0.6988739 
137.07999917 -0.8728294 
137.11999917 -0.8728294 
137.15999917 -0.6988739 
137.19999917 -0.8728294 
137.23999917 -0.8728294 
137.27999917 -0.8728294 
137.31999917 -0.8728294 
137.35999917 -0.8728294 
137.39999916 -0.6988739 
137.43999916 -0.8728294 
137.47999916 -0.8728294 
137.51999916 -0.8728294 
137.55999916 -0.8728294 
137.59999916 -0.8728294 
137.63999916 -0.8728294 
137.67999916 -0.8728294 
137.71999916 -0.8728294 
137.75999916 -0.8728294 
137.79999916 -0.8728294 
137.83999916 -0.8728294 
137.87999916 -0.8728294 
137.91999916 -0.8728294 
137.95999916 -0.8728294 
137.99999916 -0.8728294 
138.03999916 -0.8728294 
138.07999916 -0.8728294 
138.11999916 -0.8728294 
138.15999916 -0.8728294 
138.19999916 -0.8728294 
138.23999916 -0.8728294 
138.27999916 -0.8728294 
138.31999916 -0.8728294 
138.35999916 -0.8728294 
138.39999916 -1.046785 
138.43999916 -0.8728294 
138.47999916 -0.8728294 
138.51999916 -0.8728294 
138.55999916 -0.8728294 
138.59999916 -0.8728294 
138.63999916 -0.8728294 
138.67999916 -0.8728294 
138.71999916 -0.8728294 
138.75999916 -0.8728294 
138.79999916 -0.8728294 
138.83999916 -0.8728294 
138.87999916 -1.046785 
138.91999916 -0.8728294 
138.95999916 -0.8728294 
138.99999916 -1.046785 
139.03999915 -1.046785 
139.07999915 -1.046785 
139.11999915 -1.046785 
139.15999915 -1.046785 
139.19999915 -1.046785 
139.23999915 -1.046785 
139.27999915 -1.046785 
139.31999915 -1.046785 
139.35999915 -1.046785 
139.39999915 -1.046785 
139.43999915 -1.046785 
139.47999915 -1.046785 
139.51999915 -1.046785 
139.55999915 -1.22074 
139.59999915 -1.046785 
139.63999915 -1.22074 
139.67999915 -1.046785 
139.71999915 -1.046785 
139.75999915 -1.046785 
139.79999915 -1.046785 
139.83999915 -1.046785 
139.87999915 -1.046785 
139.91999915 -1.046785 
139.95999915 -1.046785 
139.99999915 -1.046785 
140.03999915 -1.22074 
140.07999915 -1.046785 
140.11999915 -1.046785 
140.15999915 -1.046785 
140.19999915 -1.22074 
140.23999915 -1.046785 
140.27999915 -1.046785 
140.31999915 -1.22074 
140.35999915 -1.22074 
140.39999915 -1.22074 
140.43999915 -1.22074 
140.47999915 -1.22074 
140.51999915 -1.22074 
140.55999915 -1.22074 
140.59999915 -1.046785 
140.63999915 -1.22074 
140.67999915 -1.22074 
140.71999914 -1.22074 
140.75999914 -1.22074 
140.79999914 -1.22074 
140.83999914 -1.22074 
140.87999914 -1.22074 
140.91999914 -1.22074 
140.95999914 -1.22074 
140.99999914 -1.22074 
141.03999914 -1.22074 
141.07999914 -1.22074 
141.11999914 -1.046785 
141.15999914 -1.22074 
141.19999914 -1.22074 
141.23999914 -1.22074 
141.27999914 -1.22074 
141.31999914 -1.22074 
141.35999914 -1.22074 
141.39999914 -1.22074 
141.43999914 -1.046785 
141.47999914 -1.22074 
141.51999914 -1.22074 
141.55999914 -1.22074 
141.59999914 -1.22074 
141.63999914 -1.22074 
141.67999914 -1.22074 
141.71999914 -1.22074 
141.75999914 -1.22074 
141.79999914 -1.22074 
141.83999914 -1.22074 
141.87999914 -1.395306 
141.91999914 -1.395306 
141.95999914 -1.22074 
141.99999914 -1.22074 
142.03999914 -1.22074 
142.07999914 -1.22074 
142.11999914 -1.22074 
142.15999914 -1.22074 
142.19999914 -1.046785 
142.23999914 -1.395306 
142.27999914 -1.22074 
142.31999914 -1.046785 
142.35999913 -1.22074 
142.39999913 -1.22074 
142.43999913 -1.22074 
142.47999913 -1.395306 
142.51999913 -1.22074 
142.55999913 -1.046785 
142.59999913 -1.22074 
142.63999913 -1.046785 
142.67999913 -1.395306 
142.71999913 -1.395306 
142.75999913 -1.22074 
142.79999913 -1.22074 
142.83999913 -1.395306 
142.87999913 -1.22074 
142.91999913 -1.046785 
142.95999913 -1.22074 
142.99999913 -1.22074 
143.03999913 -1.22074 
143.07999913 -1.395306 
143.11999913 -1.22074 
143.15999913 -1.395306 
143.19999913 -1.22074 
143.23999913 -1.22074 
143.27999913 -1.22074 
143.31999913 -1.22074 
143.35999913 -1.22074 
143.39999913 -1.22074 
143.43999913 -1.22074 
143.47999913 -1.395306 
143.51999913 -1.395306 
143.55999913 -1.395306 
143.59999913 -1.22074 
143.63999913 -1.395306 
143.67999913 -1.22074 
143.71999913 -1.395306 
143.75999913 -1.22074 
143.79999913 -1.046785 
143.83999913 -1.22074 
143.87999913 -1.22074 
143.91999913 -1.22074 
143.95999913 -1.22074 
143.99999912 -1.395306 
144.03999912 -1.395306 
144.07999912 -1.395306 
144.11999912 -1.22074 
144.15999912 -1.22074 
144.19999912 -1.395306 
144.23999912 -1.22074 
144.27999912 -1.22074 
144.31999912 -1.395306 
144.35999912 -1.395306 
144.39999912 -1.22074 
144.43999912 -1.395306 
144.47999912 -1.046785 
144.51999912 -1.395306 
144.55999912 -1.22074 
144.59999912 -1.22074 
144.63999912 -1.395306 
144.67999912 -1.395306 
144.71999912 -1.22074 
144.75999912 -1.395306 
144.79999912 -1.22074 
144.83999912 -1.395306 
144.87999912 -1.22074 
144.91999912 -1.395306 
144.95999912 -1.22074 
144.99999912 -1.046785 
145.03999912 -1.22074 
145.07999912 -1.22074 
145.11999912 -1.22074 
145.15999912 -1.22074 
145.19999912 -1.395306 
145.23999912 -1.22074 
145.27999912 -1.22074 
145.31999912 -1.22074 
145.35999912 -1.22074 
145.39999912 -1.046785 
145.43999912 -1.22074 
145.47999912 -1.22074 
145.51999912 -1.22074 
145.55999912 -1.22074 
145.59999912 -1.395306 
145.63999911 -1.22074 
145.67999911 -1.22074 
145.71999911 -1.046785 
145.75999911 -1.046785 
145.79999911 -1.395306 
145.83999911 -1.22074 
145.87999911 -1.22074 
145.91999911 -1.22074 
145.95999911 -1.22074 
145.99999911 -1.22074 
146.03999911 -1.22074 
146.07999911 -1.22074 
146.11999911 -1.046785 
146.15999911 -1.046785 
146.19999911 -1.22074 
146.23999911 -1.22074 
146.27999911 -1.22074 
146.31999911 -1.22074 
146.35999911 -1.046785 
146.39999911 -1.22074 
146.43999911 -1.046785 
146.47999911 -1.22074 
146.51999911 -1.22074 
146.55999911 -1.22074 
146.59999911 -1.22074 
146.63999911 -1.22074 
146.67999911 -1.22074 
146.71999911 -1.22074 
146.75999911 -1.22074 
146.79999911 -1.22074 
146.83999911 -1.046785 
146.87999911 -1.22074 
146.91999911 -1.22074 
146.95999911 -1.22074 
146.99999911 -1.22074 
147.03999911 -1.22074 
147.07999911 -1.22074 
147.11999911 -1.046785 
147.15999911 -1.22074 
147.19999911 -1.22074 
147.23999911 -1.22074 
147.2799991 -1.22074 
147.3199991 -1.22074 
147.3599991 -1.22074 
147.3999991 -1.22074 
147.4399991 -1.22074 
147.4799991 -1.046785 
147.5199991 -1.046785 
147.5599991 -1.046785 
147.5999991 -1.22074 
147.6399991 -1.046785 
147.6799991 -1.22074 
147.7199991 -1.046785 
147.7599991 -1.046785 
147.7999991 -1.046785 
147.8399991 -1.046785 
147.8799991 -1.22074 
147.9199991 -1.046785 
147.9599991 -1.046785 
147.9999991 -1.046785 
148.0399991 -1.046785 
148.0799991 -1.046785 
148.1199991 -1.046785 
148.1599991 -1.046785 
148.1999991 -1.046785 
148.2399991 -1.046785 
148.2799991 -1.046785 
148.3199991 -1.046785 
148.3599991 -1.046785 
148.3999991 -1.046785 
148.4399991 -1.046785 
148.4799991 -1.046785 
148.5199991 -1.046785 
148.5599991 -1.046785 
148.5999991 -1.046785 
148.6399991 -1.046785 
148.6799991 -1.046785 
148.7199991 -1.046785 
148.7599991 -1.046785 
148.7999991 -1.046785 
148.8399991 -1.046785 
148.8799991 -1.046785 
148.91999909 -1.046785 
148.95999909 -1.046785 
148.99999909 -1.046785 
149.03999909 -1.046785 
149.07999909 -1.046785 
149.11999909 -0.8728294 
149.15999909 -1.046785 
149.19999909 -1.046785 
149.23999909 -1.046785 
149.27999909 -1.046785 
149.31999909 -1.046785 
149.35999909 -0.8728294 
149.39999909 -1.046785 
149.43999909 -0.8728294 
149.47999909 -0.8728294 
149.51999909 -0.8728294 
149.55999909 -0.8728294 
149.59999909 -0.8728294 
149.63999909 -0.8728294 
149.67999909 -0.8728294 
149.71999909 -0.8728294 
149.75999909 -0.8728294 
149.79999909 -0.8728294 
149.83999909 -0.8728294 
149.87999909 -0.8728294 
149.91999909 -0.8728294 
149.95999909 -0.8728294 
149.99999909 -0.8728294 
150.03999909 -0.8728294 
150.07999909 -0.8728294 
150.11999909 -0.8728294 
150.15999909 -0.8728294 
150.19999909 -0.8728294 
150.23999909 -0.8728294 
150.27999909 -0.8728294 
150.31999909 -0.8728294 
150.35999909 -0.8728294 
150.39999909 -0.8728294 
150.43999909 -0.8728294 
150.47999909 -0.8728294 
150.51999909 -0.8728294 
150.55999908 -0.8728294 
150.59999908 -0.8728294 
150.63999908 -0.8728294 
150.67999908 -0.8728294 
150.71999908 -0.8728294 
150.75999908 -0.8728294 
150.79999908 -0.8728294 
150.83999908 -0.8728294 
150.87999908 -0.8728294 
150.91999908 -0.8728294 
150.95999908 -0.8728294 
150.99999908 -0.8728294 
151.03999908 -0.8728294 
151.07999908 -0.8728294 
151.11999908 -0.8728294 
151.15999908 -0.8728294 
151.19999908 -0.6988739 
151.23999908 -0.8728294 
151.27999908 -0.8728294 
151.31999908 -0.8728294 
151.35999908 -0.8728294 
151.39999908 -0.8728294 
151.43999908 -0.8728294 
151.47999908 -0.8728294 
151.51999908 -0.6988739 
151.55999908 -0.6988739 
151.59999908 -0.8728294 
151.63999908 -0.6988739 
151.67999908 -0.6988739 
151.71999908 -0.6988739 
151.75999908 -0.6988739 
151.79999908 -0.6988739 
151.83999908 -0.6988739 
151.87999908 -0.6988739 
151.91999908 -0.8728294 
151.95999908 -0.6988739 
151.99999908 -0.6988739 
152.03999908 -0.6988739 
152.07999908 -0.6988739 
152.11999908 -0.6988739 
152.15999908 -0.6988739 
152.19999908 -0.6988739 
152.23999907 -0.6988739 
152.27999907 -0.6988739 
152.31999907 -0.6988739 
152.35999907 -0.6988739 
152.39999907 -0.6988739 
152.43999907 -0.6988739 
152.47999907 -0.6988739 
152.51999907 -0.6988739 
152.55999907 -0.6988739 
152.59999907 -0.6988739 
152.63999907 -0.6988739 
152.67999907 -0.6988739 
152.71999907 -0.6988739 
152.75999907 -0.6988739 
152.79999907 -0.6988739 
152.83999907 -0.6988739 
152.87999907 -0.6988739 
152.91999907 -0.6988739 
152.95999907 -0.6988739 
152.99999907 -0.6988739 
153.03999907 -0.524308 
153.07999907 -0.6988739 
153.11999907 -0.6988739 
153.15999907 -0.6988739 
153.19999907 -0.6988739 
153.23999907 -0.6988739 
153.27999907 -0.6988739 
153.31999907 -0.524308 
153.35999907 -0.6988739 
153.39999907 -0.6988739 
153.43999907 -0.6988739 
153.47999907 -0.524308 
153.51999907 -0.6988739 
153.55999907 -0.524308 
153.59999907 -0.6988739 
153.63999907 -0.524308 
153.67999907 -0.524308 
153.71999907 -0.524308 
153.75999907 -0.524308 
153.79999907 -0.524308 
153.83999907 -0.524308 
153.87999906 -0.524308 
153.91999906 -0.3503525 
153.95999906 -0.3503525 
153.99999906 -0.3503525 
154.03999906 -0.6988739 
154.07999906 -0.3503525 
154.11999906 -0.3503525 
154.15999906 -0.3503525 
154.19999906 -0.524308 
154.23999906 -0.524308 
154.27999906 -0.524308 
154.31999906 -0.524308 
154.35999906 -0.3503525 
154.39999906 -0.524308 
154.43999906 -0.3503525 
154.47999906 -0.3503525 
154.51999906 -0.524308 
154.55999906 -0.3503525 
154.59999906 -0.3503525 
154.63999906 -0.3503525 
154.67999906 -0.3503525 
154.71999906 -0.3503525 
154.75999906 -0.3503525 
154.79999906 -0.3503525 
154.83999906 -0.3503525 
154.87999906 -0.3503525 
154.91999906 -0.3503525 
154.95999906 -0.3503525 
154.99999906 -0.3503525 
155.03999906 -0.3503525 
155.07999906 -0.3503525 
155.11999906 -0.3503525 
155.15999906 -0.3503525 
155.19999906 -0.3503525 
155.23999906 -0.3503525 
155.27999906 -0.3503525 
155.31999906 -0.3503525 
155.35999906 -0.3503525 
155.39999906 -0.3503525 
155.43999906 -0.3503525 
155.47999906 -0.3503525 
155.51999905 -0.3503525 
155.55999905 -0.3503525 
155.59999905 -0.3503525 
155.63999905 -0.3503525 
155.67999905 -0.3503525 
155.71999905 -0.3503525 
155.75999905 -0.3503525 
155.79999905 -0.3503525 
155.83999905 -0.3503525 
155.87999905 -0.3503525 
155.91999905 -0.3503525 
155.95999905 -0.3503525 
155.99999905 -0.3503525 
156.03999905 -0.3503525 
156.07999905 -0.3503525 
156.11999905 -0.3503525 
156.15999905 -0.3503525 
156.19999905 -0.3503525 
156.23999905 -0.3503525 
156.27999905 -0.3503525 
156.31999905 -0.3503525 
156.35999905 -0.3503525 
156.39999905 -0.3503525 
156.43999905 -0.3503525 
156.47999905 -0.3503525 
156.51999905 -0.3503525 
156.55999905 -0.3503525 
156.59999905 -0.3503525 
156.63999905 -0.3503525 
156.67999905 -0.3503525 
156.71999905 -0.3503525 
156.75999905 -0.3503525 
156.83999905 -0.3503525 
156.87999905 -0.3503525 
156.91999905 -0.3503525 
156.95999905 -0.3503525 
156.99999905 -0.3503525 
157.03999905 -0.3503525 
157.07999905 -0.3503525 
157.11999905 -0.3503525 
157.15999904 -0.3503525 
157.19999904 -0.3503525 
157.23999904 -0.3503525 
157.27999904 -0.3503525 
157.31999904 -0.3503525 
157.35999904 -0.3503525 
157.39999904 -0.3503525 
157.43999904 -0.3503525 
157.47999904 -0.3503525 
157.51999904 -0.3503525 
157.55999904 -0.3503525 
157.59999904 -0.3503525 
157.63999904 -0.3503525 
157.67999904 -0.3503525 
157.71999904 -0.3503525 
157.75999904 -0.3503525 
157.79999904 -0.3503525 
157.83999904 -0.3503525 
157.87999904 -0.3503525 
157.91999904 -0.3503525 
157.95999904 -0.3503525 
157.99999904 -0.3503525 
158.03999904 -0.3503525 
158.11999904 -0.3503525 
158.15999904 -0.3503525 
158.19999904 -0.3503525 
158.23999904 -0.3503525 
158.27999904 -0.3503525 
158.35999904 -0.3503525 
158.39999904 -0.3503525 
158.43999904 -0.3503525 
158.47999904 -0.3503525 
158.51999904 -0.3503525 
158.59999904 -0.3503525 
158.63999904 -0.3503525 
158.67999904 -0.3503525 
158.71999904 -0.3503525 
158.75999904 -0.3503525 
158.79999903 -0.3503525 
158.83999903 -0.3503525 
158.87999903 -0.3503525 
158.91999903 -0.3503525 
158.95999903 -0.3503525 
158.99999903 -0.3503525 
159.03999903 -0.3503525 
159.07999903 -0.3503525 
159.11999903 -0.3503525 
159.15999903 -0.3503525 
159.19999903 -0.3503525 
159.23999903 -0.3503525 
159.27999903 -0.3503525 
159.31999903 -0.3503525 
159.39999903 -0.3503525 
159.43999903 -0.3503525 
159.47999903 -0.3503525 
159.51999903 -0.3503525 
159.55999903 -0.3503525 
159.59999903 -0.3503525 
159.63999903 -0.3503525 
159.67999903 -0.3503525 
159.71999903 -0.3503525 
159.75999903 -0.3503525 
159.79999903 -0.3503525 
159.87999903 -0.3503525 
159.91999903 -0.3503525 
159.95999903 -0.3503525 
159.99999903 -0.3503525 
160.11999903 -0.3503525 
160.15999903 -0.3503525 
160.19999903 -0.3503525 
160.23999903 -0.3503525 
160.27999903 -0.3503525 
160.35999903 -0.3503525 
160.47999902 -0.3503525 
160.63999902 -0.3503525 
160.67999902 -0.3503525 
160.75999902 -0.3503525 
160.79999902 -0.3503525 
160.91999902 -0.3503525 
160.95999902 -0.3503525 
160.99999902 -0.3503525 
161.07999902 -0.3503525 
161.11999902 -0.3503525 
161.15999902 -0.3503525 
161.19999902 -0.3503525 
161.23999902 -0.3503525 
161.35999902 -0.3503525 
161.47999902 -0.3503525 
161.55999902 -0.3503525 
161.67999902 -0.3503525 
161.91999902 -0.3503525 
161.99999902 -0.3503525 
162.27999901 -0.3503525 
162.47999901 -0.3503525 
162.55999901 -0.3503525 
0 0 
