0.04 -0.4577776 
3.35999998 -0.4577776 
3.43999998 -0.4577776 
3.67999998 -0.4577776 
3.75999998 -0.4577776 
3.83999998 -0.4577776 
3.87999998 -0.4577776 
3.91999998 -0.4577776 
3.99999998 -0.4577776 
4.07999998 -0.4577776 
4.15999997 -0.4577776 
4.23999997 -0.4577776 
4.31999997 -0.4577776 
4.35999997 -0.4577776 
4.43999997 -0.4577776 
4.47999997 -0.4577776 
4.51999997 -0.4577776 
4.71999997 -0.4577776 
4.87999997 -0.4577776 
4.91999997 -0.4577776 
5.03999997 -0.4577776 
5.15999997 -0.4577776 
6.07999996 -0.4577776 
6.19999996 -0.4577776 
6.23999996 -0.4577776 
6.27999996 -0.4577776 
6.31999996 -0.4577776 
6.43999996 -0.4577776 
6.51999996 -0.4577776 
6.55999996 -0.4577776 
6.59999996 -0.4577776 
6.63999996 -0.4577776 
6.67999996 -0.4577776 
6.71999996 -0.4577776 
6.79999996 -0.4577776 
6.83999996 -0.4577776 
6.87999996 -0.4577776 
6.91999996 -0.4577776 
6.95999996 -0.4577776 
6.99999996 -0.4577776 
7.03999996 -0.4577776 
7.07999996 -0.4577776 
7.11999996 -0.4577776 
7.15999996 -0.4577776 
7.19999996 -0.4577776 
7.23999996 -0.4577776 
7.27999996 -0.4577776 
7.31999996 -0.4577776 
7.35999996 -0.4577776 
7.39999996 -0.4577776 
7.43999995 -0.4577776 
7.47999995 -0.4577776 
7.51999995 -0.4577776 
7.55999995 -0.4577776 
7.59999995 -1.339762 
7.63999995 -0.4577776 
7.67999995 -0.4577776 
7.71999995 -0.4577776 
7.75999995 -1.339762 
7.79999995 -0.4577776 
7.83999995 -0.4577776 
7.87999995 -1.339762 
7.91999995 -1.339762 
7.95999995 -1.339762 
7.99999995 -1.339762 
8.03999995 -1.339762 
8.07999995 -1.339762 
8.11999995 -1.339762 
8.15999995 -0.4577776 
8.19999995 -1.339762 
8.23999995 -1.339762 
8.27999995 -1.339762 
8.31999995 -1.339762 
8.35999995 -1.339762 
8.39999995 -1.339762 
8.43999995 -1.339762 
8.47999995 -1.339762 
8.51999995 -1.339762 
8.55999995 -1.339762 
8.59999995 -1.339762 
8.63999995 -1.339762 
8.67999995 -1.339762 
8.71999995 -1.339762 
8.75999995 -1.339762 
8.79999995 -1.339762 
8.83999995 -1.339762 
8.87999995 -1.339762 
8.91999995 -1.339762 
8.95999995 -1.339762 
8.99999995 -1.339762 
9.03999995 -1.339762 
9.07999994 -2.224799 
9.11999994 -1.339762 
9.15999994 -1.339762 
9.19999994 -1.339762 
9.23999994 -1.339762 
9.27999994 -1.339762 
9.31999994 -0.4577776 
9.35999994 -1.339762 
9.39999994 -1.339762 
9.43999994 -1.339762 
9.47999994 -1.339762 
9.51999994 -1.339762 
9.55999994 -1.339762 
9.59999994 -0.4577776 
9.63999994 -1.339762 
9.67999994 -1.339762 
9.71999994 -0.4577776 
9.75999994 -0.4577776 
9.79999994 -1.339762 
9.83999994 -0.4577776 
9.87999994 -0.4577776 
9.91999994 -1.339762 
9.95999994 -1.339762 
9.99999994 -0.4577776 
10.03999994 -0.4577776 
10.07999994 -0.4577776 
10.11999994 -0.4577776 
10.15999994 -0.4577776 
10.19999994 -0.4577776 
10.23999994 -0.4577776 
10.27999994 -0.4577776 
10.31999994 -0.4577776 
10.35999994 -0.4577776 
10.39999994 -0.4577776 
10.47999994 -0.4577776 
10.51999994 -0.4577776 
10.55999994 -0.4577776 
10.67999994 -0.4577776 
15.23999991 -0.4577776 
19.23999988 -0.4577776 
19.31999988 -0.4577776 
19.43999988 -0.4577776 
19.47999988 -0.4577776 
19.59999988 -0.4577776 
19.63999988 -0.4577776 
19.71999988 -0.4577776 
19.79999988 -0.4577776 
19.83999988 -1.339762 
19.87999988 -1.339762 
19.91999988 -0.4577776 
19.95999988 -0.4577776 
19.99999988 -1.339762 
20.03999988 -0.4577776 
20.07999988 -0.4577776 
20.11999988 -1.339762 
20.15999988 -1.339762 
20.19999988 -0.4577776 
20.23999988 -0.4577776 
20.27999988 -0.4577776 
20.31999988 -1.339762 
20.35999988 -1.339762 
20.39999988 -1.339762 
20.43999988 -1.339762 
20.47999988 -1.339762 
20.51999988 -1.339762 
20.55999988 -1.339762 
20.59999987 -1.339762 
20.63999987 -1.339762 
20.67999987 -1.339762 
20.71999987 -1.339762 
20.75999987 -1.339762 
20.79999987 -1.339762 
20.83999987 -1.339762 
20.87999987 -1.339762 
20.91999987 -1.339762 
20.95999987 -0.4577776 
20.99999987 -0.4577776 
21.03999987 -1.339762 
21.07999987 -0.4577776 
21.11999987 -0.4577776 
21.15999987 -0.4577776 
21.19999987 -0.4577776 
21.23999987 -0.4577776 
21.27999987 -1.339762 
21.31999987 -0.4577776 
21.35999987 -0.4577776 
21.39999987 -0.4577776 
21.43999987 -0.4577776 
21.47999987 -0.4577776 
21.51999987 -0.4577776 
21.55999987 -0.4577776 
21.59999987 -0.4577776 
21.63999987 -0.4577776 
21.67999987 -0.4577776 
21.71999987 -0.4577776 
21.75999987 -0.4577776 
21.79999987 -0.4577776 
21.83999987 -0.4577776 
21.87999987 -0.4577776 
21.91999987 -0.4577776 
21.99999987 -0.4577776 
25.07999985 -0.4577776 
25.11999985 -0.4577776 
25.19999985 -0.4577776 
25.23999985 -0.4577776 
25.27999985 -0.4577776 
25.31999985 -0.4577776 
25.35999985 -0.4577776 
25.39999985 -0.4577776 
25.55999984 -0.4577776 
25.63999984 -0.4577776 
25.67999984 -0.4577776 
25.71999984 -0.4577776 
25.75999984 -0.4577776 
25.83999984 -0.4577776 
25.87999984 -0.4577776 
25.95999984 -0.4577776 
25.99999984 -0.4577776 
26.03999984 -0.4577776 
26.07999984 -0.4577776 
26.11999984 -0.4577776 
26.15999984 -0.4577776 
26.19999984 -0.4577776 
26.23999984 -0.4577776 
26.27999984 -0.4577776 
26.35999984 -0.4577776 
26.43999984 -0.4577776 
26.47999984 -0.4577776 
26.55999984 -0.4577776 
26.59999984 -0.4577776 
26.63999984 -0.4577776 
26.67999984 -0.4577776 
26.79999984 -0.4577776 
26.87999984 -0.4577776 
27.07999984 -0.4577776 
30.59999981 -0.4577776 
30.67999981 -0.4577776 
30.75999981 -0.4577776 
30.79999981 -0.4577776 
30.83999981 -0.4577776 
30.87999981 -0.4577776 
30.91999981 -0.4577776 
30.95999981 -0.4577776 
30.99999981 -0.4577776 
31.03999981 -0.4577776 
31.07999981 -1.339762 
31.11999981 -0.4577776 
31.15999981 -0.4577776 
31.19999981 -0.4577776 
31.23999981 -1.339762 
31.27999981 -0.4577776 
31.31999981 -0.4577776 
31.35999981 -0.4577776 
31.39999981 -1.339762 
31.43999981 -1.339762 
31.47999981 -0.4577776 
31.51999981 -1.339762 
31.55999981 -1.339762 
31.59999981 -1.339762 
31.63999981 -1.339762 
31.67999981 -1.339762 
31.71999981 -1.339762 
31.75999981 -1.339762 
31.79999981 -1.339762 
31.83999981 -1.339762 
31.87999981 -1.339762 
31.91999981 -1.339762 
31.95999981 -1.339762 
31.99999981 -1.339762 
32.03999981 -1.339762 
32.07999981 -1.339762 
32.1199998 -1.339762 
32.1599998 -1.339762 
32.1999998 -1.339762 
32.2399998 -1.339762 
32.2799998 -1.339762 
32.3199998 -1.339762 
32.3599998 -1.339762 
32.3999998 -1.339762 
32.4399998 -1.339762 
32.4799998 -1.339762 
32.5199998 -1.339762 
32.5599998 -1.339762 
32.5999998 -1.339762 
32.6399998 -1.339762 
32.6799998 -1.339762 
32.7199998 -1.339762 
32.7599998 -1.339762 
32.7999998 -1.339762 
32.8399998 -1.339762 
32.8799998 -1.339762 
32.9199998 -1.339762 
32.9599998 -1.339762 
32.9999998 -1.339762 
33.0399998 -1.339762 
33.0799998 -1.339762 
33.1199998 -1.339762 
33.1599998 -1.339762 
33.1999998 -1.339762 
33.2399998 -1.339762 
33.2799998 -0.4577776 
33.3199998 -0.4577776 
33.3599998 -1.339762 
33.3999998 -1.339762 
33.4399998 -1.339762 
33.4799998 -1.339762 
33.5199998 -1.339762 
33.5599998 -0.4577776 
33.5999998 -0.4577776 
33.6399998 -0.4577776 
33.6799998 -0.4577776 
33.7199998 -1.339762 
33.75999979 -0.4577776 
33.79999979 -0.4577776 
33.83999979 -0.4577776 
33.87999979 -0.4577776 
33.91999979 -0.4577776 
33.95999979 -0.4577776 
33.99999979 -0.4577776 
34.03999979 -0.4577776 
34.07999979 -0.4577776 
34.11999979 -0.4577776 
34.15999979 -0.4577776 
34.19999979 -0.4577776 
34.23999979 -0.4577776 
34.27999979 -0.4577776 
34.31999979 -0.4577776 
34.35999979 -0.4577776 
34.39999979 -0.4577776 
34.43999979 -0.4577776 
34.47999979 -0.4577776 
34.51999979 -0.4577776 
34.55999979 -0.4577776 
34.59999979 -0.4577776 
34.63999979 -0.4577776 
34.67999979 -0.4577776 
34.71999979 -0.4577776 
34.79999979 -0.4577776 
34.87999979 -0.4577776 
34.91999979 -0.4577776 
34.95999979 -0.4577776 
34.99999979 -0.4577776 
35.03999979 -0.4577776 
35.07999979 -0.4577776 
35.11999979 -0.4577776 
35.15999979 -0.4577776 
35.19999979 -0.4577776 
35.23999979 -0.4577776 
35.27999979 -0.4577776 
35.31999979 -0.4577776 
35.35999979 -0.4577776 
35.39999978 -0.4577776 
35.43999978 -0.4577776 
35.47999978 -0.4577776 
35.51999978 -0.4577776 
35.55999978 -0.4577776 
35.59999978 -0.4577776 
35.67999978 -0.4577776 
35.71999978 -0.4577776 
35.75999978 -0.4577776 
35.79999978 -0.4577776 
35.83999978 -0.4577776 
35.87999978 -0.4577776 
35.91999978 -0.4577776 
35.95999978 -0.4577776 
35.99999978 -0.4577776 
36.03999978 -0.4577776 
36.07999978 -0.4577776 
36.11999978 -0.4577776 
36.15999978 -0.4577776 
36.19999978 -0.4577776 
36.23999978 -0.4577776 
36.27999978 -0.4577776 
36.31999978 -0.4577776 
36.35999978 -0.4577776 
36.39999978 -0.4577776 
36.43999978 -0.4577776 
36.47999978 -0.4577776 
36.51999978 -0.4577776 
36.55999978 -0.4577776 
36.59999978 -0.4577776 
36.63999978 -0.4577776 
36.67999978 -0.4577776 
36.71999978 -0.4577776 
36.75999978 -0.4577776 
36.79999978 -0.4577776 
36.83999978 -0.4577776 
36.87999978 -0.4577776 
36.91999978 -0.4577776 
36.95999978 -0.4577776 
36.99999978 -0.4577776 
37.03999977 -0.4577776 
37.07999977 -0.4577776 
37.11999977 -0.4577776 
37.15999977 -0.4577776 
37.23999977 -0.4577776 
37.27999977 -0.4577776 
37.31999977 -0.4577776 
37.35999977 -0.4577776 
37.39999977 -0.4577776 
37.43999977 -0.4577776 
37.47999977 -0.4577776 
37.55999977 -0.4577776 
37.59999977 -0.4577776 
37.63999977 -0.4577776 
37.67999977 -0.4577776 
37.79999977 -0.4577776 
41.67999975 -0.4577776 
41.79999975 -0.4577776 
41.95999974 -0.4577776 
41.99999974 -0.4577776 
42.03999974 -0.4577776 
42.11999974 -0.4577776 
42.15999974 -0.4577776 
42.19999974 -0.4577776 
42.23999974 -0.4577776 
42.27999974 -0.4577776 
42.31999974 -0.4577776 
42.35999974 -0.4577776 
42.39999974 -0.4577776 
42.43999974 -0.4577776 
42.47999974 -0.4577776 
42.51999974 -0.4577776 
42.55999974 -0.4577776 
42.59999974 -0.4577776 
42.63999974 -0.4577776 
42.67999974 -0.4577776 
42.71999974 -0.4577776 
42.75999974 -0.4577776 
42.79999974 -0.4577776 
42.83999974 -0.4577776 
42.91999974 -0.4577776 
42.95999974 -1.339762 
42.99999974 -0.4577776 
43.07999974 -0.4577776 
43.11999974 -0.4577776 
43.15999974 -0.4577776 
43.19999974 -0.4577776 
43.23999974 -0.4577776 
43.27999974 -0.4577776 
43.31999974 -0.4577776 
43.35999974 -0.4577776 
43.39999974 -0.4577776 
43.43999974 -0.4577776 
43.47999974 -0.4577776 
43.51999974 -0.4577776 
43.55999974 -0.4577776 
43.59999974 -0.4577776 
43.63999973 -0.4577776 
43.71999973 -0.4577776 
43.75999973 -0.4577776 
43.79999973 -0.4577776 
43.83999973 -0.4577776 
43.87999973 -0.4577776 
43.91999973 -0.4577776 
43.95999973 -0.4577776 
43.99999973 -0.4577776 
44.03999973 -0.4577776 
44.11999973 -0.4577776 
44.15999973 -0.4577776 
44.19999973 -0.4577776 
44.23999973 -0.4577776 
44.27999973 -0.4577776 
44.31999973 -0.4577776 
44.35999973 -0.4577776 
44.43999973 -0.4577776 
44.47999973 -0.4577776 
44.71999973 -0.4577776 
44.75999973 -0.4577776 
45.19999973 -0.4577776 
45.43999972 -0.4577776 
47.03999971 -0.4577776 
47.19999971 -0.4577776 
47.55999971 -0.4577776 
47.59999971 -0.4577776 
47.71999971 -0.4577776 
47.83999971 -0.4577776 
47.87999971 -0.4577776 
47.99999971 -0.4577776 
48.03999971 -0.4577776 
48.11999971 -0.4577776 
48.15999971 -0.4577776 
48.23999971 -0.4577776 
48.27999971 -0.4577776 
48.31999971 -0.4577776 
48.39999971 -0.4577776 
48.43999971 -0.4577776 
48.47999971 -0.4577776 
48.5999997 -0.4577776 
48.6399997 -0.4577776 
48.9199997 -0.4577776 
49.0799997 -0.4577776 
53.71999967 -0.4577776 
53.79999967 -0.4577776 
54.27999967 -0.4577776 
54.31999967 -0.4577776 
54.71999967 -0.4577776 
55.03999967 -0.4577776 
55.19999966 -0.4577776 
55.43999966 -0.4577776 
55.67999966 -0.4577776 
55.79999966 -0.4577776 
55.83999966 -0.4577776 
55.95999966 -0.4577776 
56.03999966 -0.4577776 
56.07999966 -0.4577776 
56.15999966 -0.4577776 
56.23999966 -0.4577776 
56.27999966 -0.4577776 
56.35999966 -0.4577776 
56.39999966 -0.4577776 
56.43999966 -0.4577776 
56.47999966 -0.4577776 
56.51999966 -0.4577776 
56.55999966 -0.4577776 
56.59999966 -0.4577776 
56.63999966 -0.4577776 
56.67999966 -0.4577776 
56.71999966 -0.4577776 
56.75999966 -0.4577776 
56.79999965 -0.4577776 
56.83999965 -0.4577776 
56.87999965 -0.4577776 
56.91999965 -0.4577776 
56.95999965 -0.4577776 
56.99999965 -0.4577776 
57.03999965 -0.4577776 
57.07999965 -0.4577776 
57.11999965 -0.4577776 
57.15999965 -0.4577776 
57.19999965 -0.4577776 
57.23999965 -0.4577776 
57.27999965 -0.4577776 
57.31999965 -0.4577776 
57.35999965 -0.4577776 
57.39999965 -0.4577776 
57.43999965 -0.4577776 
57.47999965 -1.339762 
57.51999965 -0.4577776 
57.55999965 -1.339762 
57.59999965 -0.4577776 
57.63999965 -0.4577776 
57.67999965 -1.339762 
57.71999965 -0.4577776 
57.75999965 -1.339762 
57.79999965 -0.4577776 
57.83999965 -1.339762 
57.87999965 -1.339762 
57.91999965 -1.339762 
57.95999965 -1.339762 
57.99999965 -1.339762 
58.03999965 -1.339762 
58.07999965 -1.339762 
58.11999965 -1.339762 
58.15999965 -1.339762 
58.19999965 -1.339762 
58.23999965 -1.339762 
58.27999965 -1.339762 
58.31999965 -1.339762 
58.35999965 -1.339762 
58.39999965 -1.339762 
58.43999964 -1.339762 
58.47999964 -1.339762 
58.51999964 -1.339762 
58.55999964 -1.339762 
58.59999964 -1.339762 
58.63999964 -1.339762 
58.67999964 -0.4577776 
58.71999964 -1.339762 
58.75999964 -1.339762 
58.79999964 -1.339762 
58.83999964 -1.339762 
58.87999964 -1.339762 
58.91999964 -1.339762 
58.95999964 -0.4577776 
58.99999964 -0.4577776 
59.03999964 -1.339762 
59.07999964 -1.339762 
59.11999964 -0.4577776 
59.15999964 -1.339762 
59.19999964 -0.4577776 
59.23999964 -1.339762 
59.27999964 -0.4577776 
59.31999964 -0.4577776 
59.35999964 -0.4577776 
59.39999964 -0.4577776 
59.43999964 -0.4577776 
59.47999964 -0.4577776 
59.51999964 -0.4577776 
59.55999964 -0.4577776 
59.59999964 -0.4577776 
59.63999964 -0.4577776 
59.67999964 -0.4577776 
59.71999964 -0.4577776 
59.75999964 -0.4577776 
59.79999964 -0.4577776 
59.83999964 -0.4577776 
59.87999964 -0.4577776 
59.91999964 -0.4577776 
59.95999964 -0.4577776 
59.99999964 -0.4577776 
60.03999964 -0.4577776 
60.07999963 -0.4577776 
60.11999963 -0.4577776 
60.15999963 -0.4577776 
60.19999963 -0.4577776 
60.23999963 -0.4577776 
60.27999963 -0.4577776 
60.35999963 -0.4577776 
60.39999963 -0.4577776 
60.43999963 -0.4577776 
60.47999963 -0.4577776 
60.51999963 -0.4577776 
60.55999963 -0.4577776 
60.71999963 -0.4577776 
60.79999963 -0.4577776 
60.83999963 -0.4577776 
60.87999963 -0.4577776 
60.91999963 -0.4577776 
61.07999963 -0.4577776 
61.11999963 -0.4577776 
61.19999963 -0.4577776 
61.35999963 -0.4577776 
63.47999961 -0.4577776 
63.51999961 -0.4577776 
63.63999961 -0.4577776 
63.83999961 -0.4577776 
63.87999961 -0.4577776 
63.95999961 -0.4577776 
63.99999961 -0.4577776 
64.03999961 -0.4577776 
64.07999961 -0.4577776 
64.11999961 -0.4577776 
64.15999961 -0.4577776 
64.19999961 -0.4577776 
64.23999961 -0.4577776 
64.27999961 -0.4577776 
64.31999961 -0.4577776 
64.35999961 -0.4577776 
64.39999961 -0.4577776 
64.43999961 -0.4577776 
64.47999961 -0.4577776 
64.51999961 -0.4577776 
64.55999961 -0.4577776 
64.59999961 -0.4577776 
64.63999961 -0.4577776 
64.67999961 -0.4577776 
64.71999961 -0.4577776 
64.83999961 -0.4577776 
64.87999961 -0.4577776 
64.91999961 -0.4577776 
64.95999961 -0.4577776 
65.0399996 -0.4577776 
65.1199996 -0.4577776 
68.63999958 -0.4577776 
68.71999958 -0.4577776 
68.79999958 -0.4577776 
68.83999958 -0.4577776 
68.87999958 -0.4577776 
68.91999958 -0.4577776 
68.95999958 -0.4577776 
68.99999958 -0.4577776 
69.03999958 -0.4577776 
69.07999958 -0.4577776 
69.11999958 -0.4577776 
69.15999958 -0.4577776 
69.19999958 -0.4577776 
69.23999958 -0.4577776 
69.27999958 -0.4577776 
69.31999958 -0.4577776 
69.35999958 -1.339762 
69.39999958 -0.4577776 
69.43999958 -1.339762 
69.47999958 -0.4577776 
69.51999958 -0.4577776 
69.55999958 -1.339762 
69.59999958 -1.339762 
69.63999958 -1.339762 
69.67999958 -1.339762 
69.71999958 -1.339762 
69.75999958 -1.339762 
69.79999958 -1.339762 
69.83999958 -1.339762 
69.87999958 -1.339762 
69.91999958 -2.224799 
69.95999957 -1.339762 
69.99999957 -1.339762 
70.03999957 -1.339762 
70.07999957 -1.339762 
70.11999957 -2.224799 
70.15999957 -1.339762 
70.19999957 -1.339762 
70.23999957 -2.224799 
70.27999957 -2.224799 
70.31999957 -1.339762 
70.35999957 -1.339762 
70.39999957 -1.339762 
70.43999957 -2.224799 
70.47999957 -1.339762 
70.51999957 -2.224799 
70.55999957 -2.224799 
70.59999957 -1.339762 
70.63999957 -1.339762 
70.67999957 -1.339762 
70.71999957 -1.339762 
70.75999957 -1.339762 
70.79999957 -1.339762 
70.83999957 -1.339762 
70.87999957 -1.339762 
70.91999957 -0.4577776 
70.95999957 -0.4577776 
70.99999957 -0.4577776 
71.03999957 -0.4577776 
71.07999957 -0.4577776 
71.11999957 -0.4577776 
71.15999957 -0.4577776 
71.19999957 -0.4577776 
71.23999957 -0.4577776 
71.27999957 -0.4577776 
71.31999957 -0.4577776 
71.35999957 -0.4577776 
71.39999957 -0.4577776 
71.43999957 -0.4577776 
71.47999957 -0.4577776 
80.07999951 -0.4577776 
80.23999951 -0.4577776 
80.27999951 -0.4577776 
80.31999951 -0.4577776 
80.35999951 -0.4577776 
80.39999951 -0.4577776 
80.43999951 -0.4577776 
80.47999951 -0.4577776 
80.51999951 -0.4577776 
80.55999951 -0.4577776 
80.59999951 -0.4577776 
80.63999951 -0.4577776 
80.67999951 -0.4577776 
80.71999951 -0.4577776 
80.75999951 -1.339762 
80.79999951 -0.4577776 
80.83999951 -0.4577776 
80.87999951 -0.4577776 
80.91999951 -0.4577776 
80.95999951 -0.4577776 
80.99999951 -0.4577776 
81.03999951 -1.339762 
81.07999951 -0.4577776 
81.11999951 -0.4577776 
81.15999951 -1.339762 
81.19999951 -0.4577776 
81.23999951 -0.4577776 
81.27999951 -1.339762 
81.31999951 -1.339762 
81.35999951 -1.339762 
81.39999951 -1.339762 
81.43999951 -0.4577776 
81.4799995 -1.339762 
81.5199995 -1.339762 
81.5599995 -1.339762 
81.5999995 -1.339762 
81.6399995 -1.339762 
81.6799995 -1.339762 
81.7199995 -1.339762 
81.7599995 -0.4577776 
81.7999995 -1.339762 
81.8399995 -1.339762 
81.8799995 -1.339762 
81.9199995 -0.4577776 
81.9599995 -1.339762 
81.9999995 -0.4577776 
82.0399995 -1.339762 
82.0799995 -1.339762 
82.1199995 -1.339762 
82.1599995 -1.339762 
82.1999995 -1.339762 
82.2399995 -0.4577776 
82.2799995 -0.4577776 
82.3199995 -1.339762 
82.3599995 -0.4577776 
82.3999995 -1.339762 
82.4399995 -0.4577776 
82.4799995 -0.4577776 
82.5199995 -0.4577776 
82.5599995 -0.4577776 
82.5999995 -1.339762 
82.6399995 -0.4577776 
82.6799995 -0.4577776 
82.7199995 -0.4577776 
82.7599995 -0.4577776 
82.7999995 -0.4577776 
82.8399995 -0.4577776 
82.8799995 -0.4577776 
82.9199995 -0.4577776 
82.9599995 -0.4577776 
82.9999995 -0.4577776 
83.0399995 -0.4577776 
83.0799995 -0.4577776 
83.11999949 -0.4577776 
83.15999949 -0.4577776 
83.19999949 -0.4577776 
83.23999949 -0.4577776 
83.27999949 -0.4577776 
83.31999949 -0.4577776 
83.35999949 -0.4577776 
83.39999949 -0.4577776 
83.43999949 -0.4577776 
83.47999949 -0.4577776 
83.55999949 -0.4577776 
83.63999949 -0.4577776 
84.75999948 -0.4577776 
84.99999948 -0.4577776 
85.19999948 -0.4577776 
85.31999948 -0.4577776 
85.35999948 -0.4577776 
85.39999948 -0.4577776 
85.43999948 -0.4577776 
85.47999948 -0.4577776 
85.55999948 -0.4577776 
85.59999948 -0.4577776 
85.63999948 -0.4577776 
85.67999948 -0.4577776 
85.71999948 -0.4577776 
85.75999948 -0.4577776 
85.79999948 -0.4577776 
85.83999948 -0.4577776 
85.87999948 -0.4577776 
85.91999948 -0.4577776 
85.95999948 -0.4577776 
85.99999948 -0.4577776 
86.03999948 -0.4577776 
86.07999948 -0.4577776 
86.11999948 -0.4577776 
86.15999948 -0.4577776 
86.19999948 -0.4577776 
86.23999948 -0.4577776 
86.31999948 -0.4577776 
86.35999948 -0.4577776 
86.39999947 -0.4577776 
86.43999947 -0.4577776 
86.47999947 -0.4577776 
86.55999947 -0.4577776 
86.59999947 -0.4577776 
86.63999947 -0.4577776 
86.67999947 -0.4577776 
86.71999947 -0.4577776 
86.79999947 -0.4577776 
86.83999947 -0.4577776 
86.87999947 -0.4577776 
86.91999947 -0.4577776 
87.11999947 -0.4577776 
87.15999947 -0.4577776 
87.23999947 -0.4577776 
87.27999947 -0.4577776 
87.31999947 -0.4577776 
87.39999947 -0.4577776 
87.43999947 -0.4577776 
87.47999947 -0.4577776 
87.99999947 -0.4577776 
88.15999946 -0.4577776 
88.31999946 -0.4577776 
88.51999946 -0.4577776 
90.11999945 -0.4577776 
90.15999945 -0.4577776 
90.27999945 -0.4577776 
90.39999945 -0.4577776 
90.43999945 -0.4577776 
90.47999945 -0.4577776 
90.51999945 -0.4577776 
90.55999945 -0.4577776 
90.59999945 -0.4577776 
90.63999945 -0.4577776 
90.67999945 -0.4577776 
90.71999945 -0.4577776 
90.75999945 -0.4577776 
90.79999945 -0.4577776 
90.83999945 -0.4577776 
90.87999945 -0.4577776 
90.91999945 -0.4577776 
90.95999945 -0.4577776 
90.99999945 -0.4577776 
91.03999945 -0.4577776 
91.07999945 -0.4577776 
91.11999945 -0.4577776 
91.15999945 -0.4577776 
91.19999945 -0.4577776 
91.23999945 -0.4577776 
91.27999945 -0.4577776 
91.31999945 -0.4577776 
91.35999944 -0.4577776 
91.39999944 -0.4577776 
91.43999944 -0.4577776 
91.47999944 -0.4577776 
91.51999944 -0.4577776 
91.55999944 -0.4577776 
91.59999944 -0.4577776 
91.63999944 -0.4577776 
91.67999944 -0.4577776 
91.71999944 -0.4577776 
91.75999944 -0.4577776 
91.79999944 -0.4577776 
91.83999944 -0.4577776 
91.87999944 -0.4577776 
91.91999944 -0.4577776 
91.95999944 -0.4577776 
91.99999944 -0.4577776 
92.03999944 -0.4577776 
92.07999944 -0.4577776 
92.11999944 -0.4577776 
92.15999944 -0.4577776 
92.19999944 -0.4577776 
92.23999944 -0.4577776 
92.27999944 -0.4577776 
92.31999944 -0.4577776 
92.35999944 -0.4577776 
92.39999944 -0.4577776 
92.43999944 -0.4577776 
92.47999944 -0.4577776 
92.51999944 -0.4577776 
92.55999944 -0.4577776 
92.59999944 -0.4577776 
92.63999944 -0.4577776 
92.67999944 -0.4577776 
92.71999944 -0.4577776 
92.75999944 -0.4577776 
92.79999944 -0.4577776 
92.83999944 -0.4577776 
92.87999944 -0.4577776 
92.91999944 -0.4577776 
92.95999944 -0.4577776 
92.99999943 -0.4577776 
93.03999943 -0.4577776 
93.07999943 -0.4577776 
93.11999943 -0.4577776 
93.15999943 -0.4577776 
93.19999943 -0.4577776 
93.23999943 -0.4577776 
93.27999943 -0.4577776 
93.31999943 -0.4577776 
93.35999943 -0.4577776 
93.39999943 -0.4577776 
93.43999943 -1.339762 
93.47999943 -0.4577776 
93.51999943 -0.4577776 
93.55999943 -0.4577776 
93.59999943 -0.4577776 
93.63999943 -0.4577776 
93.67999943 -0.4577776 
93.71999943 -0.4577776 
93.75999943 -0.4577776 
93.79999943 -0.4577776 
93.83999943 -0.4577776 
93.87999943 -0.4577776 
93.91999943 -0.4577776 
93.95999943 -0.4577776 
93.99999943 -0.4577776 
94.03999943 -0.4577776 
94.07999943 -0.4577776 
94.11999943 -0.4577776 
94.15999943 -0.4577776 
94.19999943 -0.4577776 
94.23999943 -0.4577776 
94.27999943 -0.4577776 
94.31999943 -0.4577776 
94.35999943 -0.4577776 
94.39999943 -0.4577776 
94.43999943 -0.4577776 
94.47999943 -0.4577776 
94.51999943 -0.4577776 
94.55999943 -0.4577776 
94.59999943 -0.4577776 
94.63999942 -0.4577776 
94.67999942 -0.4577776 
94.71999942 -0.4577776 
94.75999942 -0.4577776 
94.79999942 -0.4577776 
94.83999942 -0.4577776 
94.87999942 -0.4577776 
94.91999942 -0.4577776 
94.95999942 -0.4577776 
94.99999942 -0.4577776 
95.03999942 -0.4577776 
95.07999942 -0.4577776 
95.11999942 -0.4577776 
95.15999942 -0.4577776 
95.19999942 -0.4577776 
95.23999942 -0.4577776 
95.27999942 -0.4577776 
95.31999942 -0.4577776 
95.35999942 -0.4577776 
95.39999942 -0.4577776 
95.43999942 -0.4577776 
95.47999942 -0.4577776 
95.51999942 -0.4577776 
95.55999942 -0.4577776 
95.59999942 -0.4577776 
95.63999942 -0.4577776 
95.67999942 -0.4577776 
95.71999942 -0.4577776 
95.75999942 -0.4577776 
95.83999942 -0.4577776 
95.87999942 -0.4577776 
95.91999942 -0.4577776 
95.95999942 -0.4577776 
95.99999942 -0.4577776 
96.03999942 -0.4577776 
96.07999942 -0.4577776 
96.11999942 -0.4577776 
96.15999942 -0.4577776 
96.19999942 -0.4577776 
96.23999942 -0.4577776 
96.27999941 -0.4577776 
96.31999941 -0.4577776 
96.35999941 -0.4577776 
96.39999941 -0.4577776 
96.43999941 -0.4577776 
96.47999941 -0.4577776 
96.51999941 -0.4577776 
96.55999941 -0.4577776 
96.59999941 -0.4577776 
96.63999941 -0.4577776 
96.67999941 -0.4577776 
96.71999941 -0.4577776 
96.75999941 -0.4577776 
96.79999941 -0.4577776 
96.83999941 -0.4577776 
96.87999941 -0.4577776 
96.91999941 -0.4577776 
96.95999941 -0.4577776 
96.99999941 -0.4577776 
97.03999941 -0.4577776 
97.07999941 -0.4577776 
97.11999941 -0.4577776 
97.15999941 -1.339762 
97.19999941 -0.4577776 
97.23999941 -0.4577776 
97.27999941 -0.4577776 
97.31999941 -0.4577776 
97.35999941 -0.4577776 
97.39999941 -0.4577776 
97.43999941 -0.4577776 
97.47999941 -0.4577776 
97.51999941 -0.4577776 
97.55999941 -0.4577776 
97.59999941 -0.4577776 
97.63999941 -1.339762 
97.67999941 -0.4577776 
97.71999941 -0.4577776 
97.75999941 -0.4577776 
97.79999941 -0.4577776 
97.83999941 -0.4577776 
97.87999941 -0.4577776 
97.9199994 -0.4577776 
97.9599994 -0.4577776 
97.9999994 -0.4577776 
98.0399994 -0.4577776 
98.0799994 -0.4577776 
98.1199994 -0.4577776 
98.1599994 -0.4577776 
98.2399994 -0.4577776 
98.2799994 -0.4577776 
98.3199994 -0.4577776 
98.3599994 -0.4577776 
106.63999935 -0.4577776 
106.71999935 -0.4577776 
106.75999935 -0.4577776 
106.83999935 -0.4577776 
106.91999935 -0.4577776 
106.95999935 -0.4577776 
106.99999935 -0.4577776 
107.03999935 -0.4577776 
107.15999935 -0.4577776 
107.19999935 -0.4577776 
107.23999935 -0.4577776 
107.27999935 -0.4577776 
107.31999935 -0.4577776 
107.35999935 -0.4577776 
107.39999935 -0.4577776 
107.43999935 -0.4577776 
107.47999935 -0.4577776 
107.51999935 -0.4577776 
107.55999935 -0.4577776 
107.59999935 -0.4577776 
107.63999935 -0.4577776 
107.67999935 -0.4577776 
107.71999935 -0.4577776 
107.75999935 -0.4577776 
107.79999934 -0.4577776 
107.83999934 -0.4577776 
107.87999934 -0.4577776 
107.91999934 -0.4577776 
107.95999934 -0.4577776 
107.99999934 -0.4577776 
108.03999934 -0.4577776 
108.07999934 -0.4577776 
108.11999934 -0.4577776 
108.15999934 -0.4577776 
108.19999934 -0.4577776 
108.23999934 -1.339762 
108.27999934 -0.4577776 
108.31999934 -0.4577776 
108.35999934 -0.4577776 
108.39999934 -0.4577776 
108.43999934 -1.339762 
108.47999934 -1.339762 
108.51999934 -0.4577776 
108.55999934 -1.339762 
108.59999934 -1.339762 
108.63999934 -0.4577776 
108.67999934 -0.4577776 
108.71999934 -0.4577776 
108.75999934 -1.339762 
108.79999934 -0.4577776 
108.83999934 -0.4577776 
108.87999934 -0.4577776 
108.91999934 -0.4577776 
108.95999934 -1.339762 
108.99999934 -0.4577776 
109.03999934 -0.4577776 
109.07999934 -0.4577776 
109.11999934 -1.339762 
109.15999934 -0.4577776 
109.19999934 -0.4577776 
109.23999934 -0.4577776 
109.27999934 -0.4577776 
109.31999934 -0.4577776 
109.35999934 -0.4577776 
109.39999934 -0.4577776 
109.43999933 -0.4577776 
109.47999933 -0.4577776 
109.51999933 -0.4577776 
109.55999933 -0.4577776 
109.59999933 -0.4577776 
109.63999933 -0.4577776 
109.67999933 -0.4577776 
109.75999933 -0.4577776 
109.79999933 -0.4577776 
109.83999933 -0.4577776 
109.87999933 -0.4577776 
109.91999933 -0.4577776 
109.95999933 -0.4577776 
109.99999933 -0.4577776 
110.03999933 -0.4577776 
110.07999933 -0.4577776 
110.11999933 -0.4577776 
110.15999933 -0.4577776 
110.19999933 -0.4577776 
110.27999933 -0.4577776 
110.31999933 -0.4577776 
113.07999931 -0.4577776 
113.39999931 -0.4577776 
113.43999931 -0.4577776 
113.47999931 -0.4577776 
113.51999931 -0.4577776 
113.55999931 -0.4577776 
113.59999931 -0.4577776 
113.63999931 -0.4577776 
113.67999931 -0.4577776 
113.75999931 -0.4577776 
113.79999931 -0.4577776 
113.83999931 -0.4577776 
113.87999931 -0.4577776 
113.91999931 -0.4577776 
113.95999931 -0.4577776 
113.99999931 -0.4577776 
114.03999931 -1.339762 
114.07999931 -0.4577776 
114.11999931 -0.4577776 
114.15999931 -0.4577776 
114.19999931 -0.4577776 
114.23999931 -0.4577776 
114.27999931 -0.4577776 
114.31999931 -0.4577776 
114.3599993 -0.4577776 
114.3999993 -1.339762 
114.4399993 -1.339762 
114.4799993 -0.4577776 
114.5199993 -0.4577776 
114.5599993 -0.4577776 
114.5999993 -1.339762 
114.6399993 -0.4577776 
114.6799993 -0.4577776 
114.7199993 -1.339762 
114.7599993 -0.4577776 
114.7999993 -0.4577776 
114.8399993 -0.4577776 
114.8799993 -1.339762 
114.9199993 -0.4577776 
114.9599993 -0.4577776 
114.9999993 -0.4577776 
115.0399993 -0.4577776 
115.0799993 -1.339762 
115.1199993 -0.4577776 
115.1599993 -0.4577776 
115.1999993 -0.4577776 
115.2399993 -0.4577776 
115.2799993 -0.4577776 
115.3199993 -0.4577776 
115.3599993 -0.4577776 
115.3999993 -0.4577776 
115.4399993 -0.4577776 
115.4799993 -0.4577776 
115.5199993 -0.4577776 
115.5599993 -0.4577776 
115.5999993 -0.4577776 
115.6399993 -0.4577776 
115.6799993 -0.4577776 
115.7199993 -0.4577776 
115.7599993 -0.4577776 
115.7999993 -0.4577776 
115.8399993 -0.4577776 
115.8799993 -0.4577776 
115.9199993 -0.4577776 
115.9599993 -0.4577776 
115.9999993 -0.4577776 
116.03999929 -0.4577776 
116.07999929 -0.4577776 
116.11999929 -0.4577776 
116.15999929 -0.4577776 
116.23999929 -0.4577776 
116.31999929 -0.4577776 
116.63999929 -0.4577776 
116.79999929 -0.4577776 
117.15999929 -0.4577776 
117.39999929 -0.4577776 
117.63999929 -0.4577776 
117.67999928 -0.4577776 
117.79999928 -0.4577776 
117.83999928 -0.4577776 
117.87999928 -0.4577776 
117.91999928 -0.4577776 
117.95999928 -0.4577776 
118.07999928 -0.4577776 
118.15999928 -0.4577776 
118.19999928 -0.4577776 
118.23999928 -0.4577776 
118.27999928 -0.4577776 
118.31999928 -0.4577776 
118.35999928 -0.4577776 
118.39999928 -0.4577776 
118.43999928 -0.4577776 
118.47999928 -0.4577776 
118.51999928 -0.4577776 
118.55999928 -0.4577776 
118.59999928 -0.4577776 
118.63999928 -0.4577776 
118.67999928 -0.4577776 
118.71999928 -0.4577776 
118.75999928 -0.4577776 
118.79999928 -0.4577776 
118.83999928 -0.4577776 
118.87999928 -0.4577776 
118.91999928 -0.4577776 
118.95999928 -0.4577776 
118.99999928 -0.4577776 
119.03999928 -0.4577776 
119.07999928 -0.4577776 
119.11999928 -0.4577776 
119.15999928 -0.4577776 
119.19999928 -0.4577776 
119.23999928 -0.4577776 
119.27999928 -0.4577776 
119.31999927 -0.4577776 
119.35999927 -0.4577776 
119.39999927 -0.4577776 
119.43999927 -0.4577776 
119.47999927 -0.4577776 
119.51999927 -0.4577776 
119.55999927 -1.339762 
119.59999927 -1.339762 
119.63999927 -0.4577776 
119.67999927 -1.339762 
119.71999927 -0.4577776 
119.75999927 -0.4577776 
119.79999927 -0.4577776 
119.83999927 -1.339762 
119.87999927 -0.4577776 
119.91999927 -0.4577776 
119.95999927 -0.4577776 
119.99999927 -0.4577776 
120.03999927 -0.4577776 
120.07999927 -0.4577776 
120.11999927 -0.4577776 
120.15999927 -0.4577776 
120.19999927 -1.339762 
120.23999927 -0.4577776 
120.27999927 -0.4577776 
120.31999927 -0.4577776 
120.35999927 -0.4577776 
120.39999927 -0.4577776 
120.43999927 -0.4577776 
120.47999927 -0.4577776 
120.51999927 -0.4577776 
120.55999927 -0.4577776 
120.59999927 -0.4577776 
120.63999927 -0.4577776 
120.67999927 -0.4577776 
120.71999927 -0.4577776 
120.75999927 -0.4577776 
120.79999927 -0.4577776 
120.83999927 -0.4577776 
120.87999927 -0.4577776 
120.91999927 -0.4577776 
120.95999926 -0.4577776 
121.03999926 -0.4577776 
121.15999926 -0.4577776 
121.19999926 -0.4577776 
121.23999926 -0.4577776 
129.67999921 -0.4577776 
129.71999921 -0.4577776 
129.75999921 -0.4577776 
129.83999921 -0.4577776 
129.87999921 -0.4577776 
129.95999921 -0.4577776 
130.03999921 -0.4577776 
130.07999921 -0.4577776 
130.11999921 -0.4577776 
130.15999921 -0.4577776 
130.19999921 -0.4577776 
130.23999921 -0.4577776 
130.27999921 -0.4577776 
130.31999921 -0.4577776 
130.35999921 -0.4577776 
130.39999921 -0.4577776 
130.43999921 -0.4577776 
130.47999921 -0.4577776 
130.51999921 -0.4577776 
130.55999921 -0.4577776 
130.59999921 -0.4577776 
130.63999921 -1.339762 
130.67999921 -0.4577776 
130.71999921 -0.4577776 
130.75999921 -0.4577776 
130.79999921 -0.4577776 
130.8399992 -0.4577776 
130.8799992 -0.4577776 
130.9199992 -0.4577776 
130.9599992 -1.339762 
130.9999992 -0.4577776 
131.0399992 -0.4577776 
131.0799992 -0.4577776 
131.1199992 -0.4577776 
131.1599992 -1.339762 
131.1999992 -0.4577776 
131.2399992 -0.4577776 
131.2799992 -0.4577776 
131.3199992 -0.4577776 
131.3599992 -0.4577776 
131.3999992 -0.4577776 
131.4399992 -0.4577776 
131.4799992 -0.4577776 
131.5199992 -0.4577776 
131.5599992 -0.4577776 
131.5999992 -0.4577776 
131.6399992 -0.4577776 
131.6799992 -0.4577776 
131.7199992 -0.4577776 
131.7599992 -0.4577776 
131.7999992 -0.4577776 
131.8399992 -0.4577776 
131.8799992 -0.4577776 
131.9199992 -0.4577776 
131.9599992 -0.4577776 
131.9999992 -0.4577776 
132.0399992 -0.4577776 
132.0799992 -0.4577776 
132.1199992 -0.4577776 
132.1599992 -0.4577776 
132.2399992 -0.4577776 
132.2799992 -0.4577776 
132.3199992 -0.4577776 
132.3599992 -0.4577776 
132.3999992 -0.4577776 
132.47999919 -0.4577776 
132.59999919 -0.4577776 
132.71999919 -0.4577776 
132.79999919 -0.4577776 
132.95999919 -0.4577776 
134.43999918 -0.4577776 
134.47999918 -0.4577776 
134.67999918 -0.4577776 
134.83999918 -0.4577776 
134.87999918 -0.4577776 
135.23999918 -0.4577776 
135.27999918 -0.4577776 
135.31999918 -0.4577776 
135.35999918 -0.4577776 
135.39999918 -0.4577776 
135.47999918 -0.4577776 
135.51999918 -0.4577776 
135.63999918 -0.4577776 
135.67999918 -0.4577776 
135.71999918 -0.4577776 
135.75999917 -0.4577776 
135.83999917 -0.4577776 
135.91999917 -0.4577776 
135.95999917 -0.4577776 
135.99999917 -0.4577776 
140.75999914 -0.4577776 
140.79999914 -0.4577776 
140.91999914 -0.4577776 
141.03999914 -0.4577776 
141.07999914 -0.4577776 
141.11999914 -0.4577776 
141.15999914 -0.4577776 
141.19999914 -0.4577776 
141.23999914 -0.4577776 
141.27999914 -0.4577776 
141.31999914 -0.4577776 
141.35999914 -0.4577776 
141.39999914 -0.4577776 
141.43999914 -0.4577776 
141.47999914 -0.4577776 
141.51999914 -0.4577776 
141.55999914 -0.4577776 
141.59999914 -0.4577776 
141.63999914 -0.4577776 
141.67999914 -0.4577776 
141.71999914 -0.4577776 
141.75999914 -0.4577776 
141.79999914 -0.4577776 
141.83999914 -0.4577776 
141.87999914 -0.4577776 
141.91999914 -0.4577776 
141.95999914 -0.4577776 
141.99999914 -0.4577776 
142.03999914 -0.4577776 
142.07999914 -1.339762 
142.11999914 -0.4577776 
142.15999914 -0.4577776 
142.19999914 -0.4577776 
142.23999914 -0.4577776 
142.27999914 -0.4577776 
142.31999914 -0.4577776 
142.35999913 -1.339762 
142.39999913 -0.4577776 
142.43999913 -0.4577776 
142.47999913 -0.4577776 
142.51999913 -1.339762 
142.55999913 -0.4577776 
142.59999913 -1.339762 
142.63999913 -0.4577776 
142.67999913 -0.4577776 
142.71999913 -0.4577776 
142.75999913 -0.4577776 
142.79999913 -0.4577776 
142.83999913 -1.339762 
142.87999913 -1.339762 
142.91999913 -0.4577776 
142.95999913 -0.4577776 
142.99999913 -1.339762 
143.03999913 -0.4577776 
143.07999913 -0.4577776 
143.11999913 -1.339762 
143.15999913 -1.339762 
143.19999913 -1.339762 
143.23999913 -0.4577776 
143.27999913 -1.339762 
143.31999913 -1.339762 
143.35999913 -1.339762 
143.39999913 -0.4577776 
143.43999913 -0.4577776 
143.47999913 -0.4577776 
143.51999913 -0.4577776 
143.55999913 -1.339762 
143.59999913 -0.4577776 
143.63999913 -0.4577776 
143.67999913 -1.339762 
143.71999913 -1.339762 
143.75999913 -1.339762 
143.79999913 -0.4577776 
143.83999913 -0.4577776 
143.87999913 -0.4577776 
143.91999913 -0.4577776 
143.95999913 -0.4577776 
143.99999912 -0.4577776 
144.03999912 -0.4577776 
144.07999912 -0.4577776 
144.11999912 -0.4577776 
144.15999912 -0.4577776 
144.19999912 -0.4577776 
144.23999912 -0.4577776 
144.27999912 -1.339762 
144.31999912 -0.4577776 
144.35999912 -0.4577776 
144.39999912 -0.4577776 
144.43999912 -0.4577776 
144.47999912 -0.4577776 
144.51999912 -0.4577776 
144.55999912 -0.4577776 
144.59999912 -0.4577776 
144.63999912 -0.4577776 
144.67999912 -0.4577776 
144.71999912 -0.4577776 
144.75999912 -1.339762 
144.79999912 -0.4577776 
144.83999912 -0.4577776 
144.87999912 -0.4577776 
144.91999912 -0.4577776 
144.95999912 -0.4577776 
144.99999912 -1.339762 
145.03999912 -0.4577776 
145.07999912 -0.4577776 
145.11999912 -0.4577776 
145.15999912 -0.4577776 
145.19999912 -0.4577776 
145.23999912 -0.4577776 
145.27999912 -0.4577776 
145.31999912 -0.4577776 
145.35999912 -0.4577776 
145.39999912 -0.4577776 
145.43999912 -0.4577776 
145.47999912 -0.4577776 
145.51999912 -0.4577776 
145.55999912 -0.4577776 
145.59999912 -0.4577776 
145.63999911 -0.4577776 
145.67999911 -0.4577776 
145.71999911 -0.4577776 
145.75999911 -0.4577776 
145.79999911 -0.4577776 
145.83999911 -0.4577776 
145.87999911 -0.4577776 
145.91999911 -0.4577776 
145.95999911 -0.4577776 
145.99999911 -0.4577776 
146.03999911 -0.4577776 
146.07999911 -0.4577776 
146.11999911 -0.4577776 
146.15999911 -0.4577776 
146.19999911 -0.4577776 
146.23999911 -0.4577776 
146.27999911 -0.4577776 
146.31999911 -0.4577776 
146.35999911 -0.4577776 
146.39999911 -0.4577776 
146.43999911 -0.4577776 
146.47999911 -0.4577776 
146.51999911 -0.4577776 
146.55999911 -0.4577776 
146.59999911 -0.4577776 
146.63999911 -0.4577776 
146.67999911 -0.4577776 
146.71999911 -0.4577776 
146.75999911 -0.4577776 
146.79999911 -0.4577776 
146.83999911 -0.4577776 
146.87999911 -0.4577776 
146.91999911 -0.4577776 
146.95999911 -0.4577776 
146.99999911 -0.4577776 
147.03999911 -0.4577776 
147.07999911 -0.4577776 
147.11999911 -0.4577776 
147.15999911 -0.4577776 
147.19999911 -0.4577776 
147.23999911 -0.4577776 
147.2799991 -0.4577776 
147.3199991 -0.4577776 
147.3599991 -0.4577776 
147.3999991 -0.4577776 
147.4399991 -0.4577776 
147.4799991 -0.4577776 
147.5199991 -0.4577776 
147.5599991 -0.4577776 
147.5999991 -0.4577776 
147.6399991 -0.4577776 
147.6799991 -0.4577776 
147.7199991 -0.4577776 
147.7999991 -0.4577776 
147.8399991 -0.4577776 
147.9199991 -0.4577776 
147.9599991 -0.4577776 
151.79999908 -0.4577776 
153.03999907 -0.4577776 
154.43999906 -0.4577776 
154.79999906 -0.4577776 
154.83999906 -0.4577776 
154.95999906 -0.4577776 
155.47999906 -0.4577776 
155.75999905 -0.4577776 
155.95999905 -0.4577776 
155.99999905 -0.4577776 
156.03999905 -0.4577776 
156.15999905 -0.4577776 
156.19999905 -0.4577776 
156.23999905 -0.4577776 
156.27999905 -0.4577776 
156.31999905 -0.4577776 
156.35999905 -0.4577776 
156.39999905 -0.4577776 
156.47999905 -0.4577776 
156.51999905 -0.4577776 
156.55999905 -0.4577776 
156.59999905 -0.4577776 
156.63999905 -0.4577776 
156.67999905 -0.4577776 
156.71999905 -0.4577776 
156.75999905 -0.4577776 
156.79999905 -0.4577776 
156.83999905 -0.4577776 
156.87999905 -0.4577776 
156.91999905 -0.4577776 
156.95999905 -0.4577776 
156.99999905 -0.4577776 
157.03999905 -0.4577776 
157.07999905 -0.4577776 
157.11999905 -0.4577776 
157.15999904 -0.4577776 
157.19999904 -0.4577776 
157.23999904 -0.4577776 
157.27999904 -0.4577776 
157.31999904 -0.4577776 
157.35999904 -0.4577776 
157.39999904 -0.4577776 
157.43999904 -0.4577776 
157.47999904 -0.4577776 
157.51999904 -0.4577776 
157.55999904 -0.4577776 
157.59999904 -0.4577776 
157.63999904 -0.4577776 
157.67999904 -0.4577776 
157.71999904 -0.4577776 
157.75999904 -0.4577776 
157.79999904 -0.4577776 
157.83999904 -0.4577776 
157.87999904 -0.4577776 
157.91999904 -0.4577776 
157.95999904 -0.4577776 
157.99999904 -0.4577776 
158.03999904 -0.4577776 
158.07999904 -0.4577776 
158.11999904 -0.4577776 
158.15999904 -0.4577776 
158.19999904 -0.4577776 
158.23999904 -0.4577776 
158.27999904 -0.4577776 
158.31999904 -0.4577776 
158.35999904 -0.4577776 
158.39999904 -0.4577776 
158.43999904 -0.4577776 
158.47999904 -0.4577776 
158.51999904 -0.4577776 
158.63999904 -0.4577776 
158.67999904 -0.4577776 
158.99999903 -0.4577776 
163.07999901 -0.4577776 
163.11999901 -0.4577776 
163.51999901 -0.4577776 
163.959999 -0.4577776 
167.19999898 -0.4577776 
167.31999898 -0.4577776 
167.35999898 -0.4577776 
167.39999898 -0.4577776 
167.43999898 -0.4577776 
167.47999898 -0.4577776 
167.51999898 -0.4577776 
167.55999898 -0.4577776 
167.59999898 -0.4577776 
167.63999898 -0.4577776 
167.67999898 -0.4577776 
167.71999898 -0.4577776 
167.75999898 -0.4577776 
167.79999898 -0.4577776 
167.83999898 -0.4577776 
167.87999898 -0.4577776 
167.91999898 -1.339762 
167.95999898 -0.4577776 
167.99999898 -1.339762 
168.03999898 -1.339762 
168.07999898 -1.339762 
168.11999898 -1.339762 
168.15999898 -1.339762 
168.19999898 -1.339762 
168.23999898 -1.339762 
168.27999898 -1.339762 
168.31999898 -1.339762 
168.35999898 -1.339762 
168.39999898 -1.339762 
168.43999898 -1.339762 
168.47999898 -1.339762 
168.51999898 -1.339762 
168.55999898 -1.339762 
168.59999898 -1.339762 
168.63999898 -1.339762 
168.67999897 -1.339762 
168.71999897 -1.339762 
168.75999897 -2.224799 
168.79999897 -1.339762 
168.83999897 -2.224799 
168.87999897 -1.339762 
168.91999897 -2.224799 
168.95999897 -2.224799 
168.99999897 -2.224799 
169.03999897 -2.224799 
169.07999897 -1.339762 
169.11999897 -1.339762 
169.15999897 -2.224799 
169.19999897 -1.339762 
169.23999897 -2.224799 
169.27999897 -1.339762 
169.31999897 -1.339762 
169.35999897 -2.224799 
169.39999897 -2.224799 
169.43999897 -1.339762 
169.47999897 -1.339762 
169.51999897 -1.339762 
169.55999897 -1.339762 
169.59999897 -1.339762 
169.63999897 -1.339762 
169.67999897 -1.339762 
169.71999897 -1.339762 
169.75999897 -1.339762 
169.79999897 -1.339762 
169.83999897 -1.339762 
169.87999897 -1.339762 
169.91999897 -1.339762 
169.95999897 -1.339762 
169.99999897 -1.339762 
170.03999897 -0.4577776 
170.07999897 -0.4577776 
170.11999897 -1.339762 
170.15999897 -0.4577776 
170.19999897 -0.4577776 
170.23999897 -1.339762 
170.27999897 -0.4577776 
170.31999896 -0.4577776 
170.35999896 -0.4577776 
170.39999896 -0.4577776 
170.43999896 -0.4577776 
170.47999896 -0.4577776 
170.51999896 -0.4577776 
170.55999896 -0.4577776 
170.59999896 -0.4577776 
170.63999896 -0.4577776 
170.67999896 -0.4577776 
170.71999896 -0.4577776 
170.75999896 -0.4577776 
170.83999896 -0.4577776 
170.87999896 -0.4577776 
170.91999896 -0.4577776 
170.95999896 -0.4577776 
170.99999896 -0.4577776 
171.03999896 -0.4577776 
171.07999896 -0.4577776 
171.27999896 -0.4577776 
171.39999896 -0.4577776 
173.71999894 -0.4577776 
174.67999894 -0.4577776 
174.95999894 -0.4577776 
178.87999891 -0.4577776 
178.95999891 -0.4577776 
179.11999891 -0.4577776 
179.15999891 -0.4577776 
179.19999891 -0.4577776 
179.23999891 -0.4577776 
179.27999891 -0.4577776 
179.35999891 -0.4577776 
179.39999891 -0.4577776 
179.43999891 -0.4577776 
179.47999891 -0.4577776 
179.51999891 -0.4577776 
179.55999891 -0.4577776 
179.59999891 -0.4577776 
179.63999891 -0.4577776 
179.67999891 -0.4577776 
179.71999891 -0.4577776 
179.75999891 -0.4577776 
179.79999891 -0.4577776 
179.83999891 -0.4577776 
179.87999891 -0.4577776 
179.91999891 -0.4577776 
179.95999891 -0.4577776 
179.99999891 -0.4577776 
180.03999891 -0.4577776 
180.07999891 -0.4577776 
180.11999891 -0.4577776 
180.15999891 -0.4577776 
180.1999989 -0.4577776 
180.2399989 -0.4577776 
180.2799989 -0.4577776 
180.3199989 -0.4577776 
180.3599989 -0.4577776 
180.3999989 -0.4577776 
180.4399989 -0.4577776 
180.4799989 -0.4577776 
180.5199989 -0.4577776 
180.5599989 -0.4577776 
180.5999989 -1.339762 
180.6399989 -0.4577776 
180.6799989 -0.4577776 
180.7199989 -2.224799 
180.7599989 -0.4577776 
180.8399989 -0.4577776 
180.8799989 -0.4577776 
180.9199989 -0.4577776 
180.9599989 -0.4577776 
180.9999989 -0.4577776 
181.0399989 -0.4577776 
181.0799989 -0.4577776 
181.1999989 -0.4577776 
181.2399989 -0.4577776 
181.2799989 -0.4577776 
181.3599989 -0.4577776 
181.3999989 -0.4577776 
181.5199989 -0.4577776 
181.5599989 -0.4577776 
184.39999888 -0.4577776 
185.07999888 -0.4577776 
185.19999887 -0.4577776 
185.31999887 -0.4577776 
189.75999885 -0.4577776 
189.79999885 -0.4577776 
189.87999885 -0.4577776 
189.91999885 -0.4577776 
189.95999885 -0.4577776 
189.99999885 -0.4577776 
190.07999884 -0.4577776 
190.11999884 -0.4577776 
190.15999884 -0.4577776 
190.19999884 -0.4577776 
190.23999884 -0.4577776 
190.27999884 -0.4577776 
190.31999884 -0.4577776 
190.35999884 -0.4577776 
190.39999884 -0.4577776 
190.43999884 -0.4577776 
190.47999884 -0.4577776 
190.51999884 -0.4577776 
190.55999884 -0.4577776 
190.59999884 -0.4577776 
190.63999884 -0.4577776 
190.67999884 -0.4577776 
190.71999884 -0.4577776 
190.75999884 -0.4577776 
190.79999884 -0.4577776 
190.83999884 -0.4577776 
190.87999884 -0.4577776 
190.91999884 -1.339762 
190.95999884 -0.4577776 
190.99999884 -1.339762 
191.03999884 -0.4577776 
191.07999884 -0.4577776 
191.11999884 -1.339762 
191.15999884 -0.4577776 
191.19999884 -1.339762 
191.23999884 -0.4577776 
191.27999884 -1.339762 
191.31999884 -1.339762 
191.35999884 -0.4577776 
191.39999884 -0.4577776 
191.43999884 -1.339762 
191.47999884 -1.339762 
191.51999884 -0.4577776 
191.55999884 -1.339762 
191.59999884 -1.339762 
191.63999884 -1.339762 
191.67999884 -0.4577776 
191.71999883 -0.4577776 
191.75999883 -0.4577776 
191.79999883 -0.4577776 
191.83999883 -0.4577776 
191.87999883 -1.339762 
191.91999883 -0.4577776 
191.95999883 -0.4577776 
191.99999883 -0.4577776 
192.03999883 -0.4577776 
192.07999883 -0.4577776 
192.11999883 -0.4577776 
192.15999883 -0.4577776 
192.19999883 -0.4577776 
192.23999883 -0.4577776 
192.27999883 -0.4577776 
192.31999883 -0.4577776 
192.35999883 -0.4577776 
192.39999883 -0.4577776 
192.43999883 -0.4577776 
192.47999883 -0.4577776 
192.51999883 -0.4577776 
192.55999883 -0.4577776 
192.59999883 -0.4577776 
192.67999883 -0.4577776 
192.87999883 -0.4577776 
192.91999883 -0.4577776 
193.15999883 -0.4577776 
194.99999881 -0.4577776 
195.07999881 -0.4577776 
195.11999881 -0.4577776 
195.19999881 -0.4577776 
195.23999881 -0.4577776 
195.27999881 -0.4577776 
195.31999881 -0.4577776 
195.35999881 -0.4577776 
195.39999881 -0.4577776 
195.43999881 -0.4577776 
195.47999881 -0.4577776 
195.51999881 -0.4577776 
195.55999881 -0.4577776 
195.59999881 -0.4577776 
195.63999881 -0.4577776 
195.67999881 -0.4577776 
195.71999881 -0.4577776 
195.75999881 -1.339762 
195.79999881 -1.339762 
195.83999881 -1.339762 
195.87999881 -1.339762 
195.91999881 -1.339762 
195.95999881 -1.339762 
195.99999881 -1.339762 
196.03999881 -1.339762 
196.07999881 -1.339762 
196.11999881 -1.339762 
196.15999881 -1.339762 
196.19999881 -2.224799 
196.23999881 -1.339762 
196.27999881 -1.339762 
196.31999881 -1.339762 
196.35999881 -2.224799 
196.39999881 -2.224799 
196.43999881 -1.339762 
196.47999881 -2.224799 
196.51999881 -2.224799 
196.55999881 -1.339762 
196.59999881 -2.224799 
196.6399988 -2.224799 
196.6799988 -2.224799 
196.7199988 -2.224799 
196.7599988 -2.224799 
196.7999988 -1.339762 
196.8399988 -1.339762 
196.8799988 -1.339762 
196.9199988 -1.339762 
196.9599988 -1.339762 
196.9999988 -1.339762 
197.0399988 -1.339762 
197.0799988 -1.339762 
197.1199988 -1.339762 
197.1599988 -1.339762 
197.1999988 -1.339762 
197.2399988 -1.339762 
197.2799988 -1.339762 
197.3199988 -1.339762 
197.3599988 -1.339762 
197.3999988 -1.339762 
197.4399988 -1.339762 
197.4799988 -1.339762 
197.5199988 -1.339762 
197.5599988 -1.339762 
197.5999988 -0.4577776 
197.6399988 -0.4577776 
197.6799988 -0.4577776 
197.7199988 -0.4577776 
197.7599988 -0.4577776 
197.7999988 -0.4577776 
197.8399988 -0.4577776 
197.8799988 -0.4577776 
197.9199988 -0.4577776 
197.9599988 -0.4577776 
197.9999988 -0.4577776 
198.0399988 -0.4577776 
198.0799988 -0.4577776 
198.1199988 -0.4577776 
198.1599988 -0.4577776 
198.2399988 -0.4577776 
0 0 
