0.0 -6.244087 
0.04 -4.034547 
0.28 -0.941496 
0.32 -0.941496 
0.6 -0.4989776 
0.76 -0.4989776 
0.8 -0.4989776 
0.95999999 -0.4989776 
0.99999999 -0.4989776 
1.19999999 -0.4989776 
1.23999999 -0.4989776 
1.43999999 -0.941496 
1.47999999 -0.4989776 
1.63999999 -0.4989776 
1.67999999 -0.4989776 
1.75999999 -0.941496 
1.79999999 -3.151036 
1.83999999 -1.825007 
1.99999999 -0.4989776 
2.03999999 -0.941496 
2.07999999 -0.941496 
2.15999999 -0.4989776 
2.19999999 -0.941496 
2.23999999 -0.4989776 
2.31999999 -0.4989776 
2.35999999 -0.941496 
2.39999999 -0.4989776 
2.43999999 -0.4989776 
2.47999998 -0.4989776 
2.51999998 -0.941496 
2.55999998 -0.941496 
2.59999998 -0.941496 
2.63999998 -0.4989776 
2.79999998 -4.477065 
2.83999998 -4.477065 
2.95999998 -1.825007 
2.99999998 -3.593554 
3.03999998 -1.382488 
3.07999998 -0.4989776 
3.19999998 -0.4989776 
3.23999998 -2.267525 
3.27999998 -2.267525 
3.31999998 -0.941496 
3.39999998 -0.941496 
3.43999998 -1.825007 
3.47999998 -1.825007 
3.51999998 -0.941496 
3.63999998 -0.4989776 
3.67999998 -1.825007 
3.71999998 -2.267525 
3.75999998 -1.825007 
3.79999998 -0.941496 
3.83999998 -0.4989776 
3.91999998 -0.941496 
3.95999998 -1.825007 
3.99999998 -2.267525 
4.03999998 -0.941496 
4.07999998 -0.4989776 
4.11999997 -0.941496 
4.15999997 -0.941496 
4.19999997 -0.941496 
4.23999997 -0.941496 
4.27999997 -0.941496 
4.39999997 -2.708518 
4.43999997 -3.151036 
4.47999997 -1.382488 
4.59999997 -0.941496 
4.63999997 -2.708518 
4.67999997 -5.360576 
4.79999997 -0.4989776 
4.83999997 -3.151036 
4.87999997 -1.825007 
4.91999997 -0.4989776 
4.99999997 -0.4989776 
5.03999997 -0.941496 
5.07999997 -1.382488 
5.11999997 -0.941496 
5.15999997 -0.941496 
5.19999997 -1.825007 
5.23999997 -1.825007 
5.27999997 -0.4989776 
5.31999997 -0.4989776 
5.35999997 -0.4989776 
5.43999997 -0.4989776 
5.47999997 -2.708518 
5.51999997 -3.593554 
5.55999997 -2.267525 
5.71999997 -2.708518 
5.75999996 -4.477065 
5.79999996 -1.825007 
5.95999996 -2.267525 
5.99999996 -2.708518 
6.03999996 -0.941496 
6.15999996 -0.4989776 
6.19999996 -1.825007 
6.23999996 -1.382488 
6.27999996 -0.4989776 
6.39999996 -0.4989776 
6.43999996 -0.941496 
6.47999996 -0.941496 
6.51999996 -0.4989776 
6.63999996 -0.941496 
6.67999996 -0.941496 
6.71999996 -0.941496 
6.75999996 -0.4989776 
6.87999996 -5.803094 
6.99999996 -8.896146 
7.23999996 -1.825007 
7.27999996 -4.034547 
7.39999996 -2.267525 
7.43999995 -0.941496 
7.51999995 -0.941496 
7.55999995 -0.941496 
7.67999995 -2.708518 
7.79999995 -0.941496 
7.83999995 -2.708518 
7.87999995 -0.4989776 
7.99999995 -0.941496 
8.03999995 -1.382488 
8.07999995 -0.4989776 
8.15999995 -0.4989776 
8.19999995 -0.941496 
8.23999995 -0.4989776 
8.31999995 -0.941496 
8.35999995 -0.941496 
8.47999995 -0.4989776 
8.51999995 -0.941496 
8.55999995 -0.4989776 
8.71999995 -1.825007 
8.75999995 -2.267525 
8.79999995 -0.4989776 
8.95999995 -0.941496 
8.99999995 -1.825007 
9.03999995 -0.941496 
9.19999994 -0.941496 
9.23999994 -0.941496 
9.67999994 -0.941496 
9.71999994 -0.941496 
9.91999994 -1.825007 
9.95999994 -0.941496 
11.07999993 -0.941496 
12.71999992 -1.825007 
12.75999992 -4.477065 
12.95999992 -1.825007 
12.99999992 -2.267525 
13.03999992 -0.941496 
13.19999992 -0.941496 
13.23999992 -1.382488 
13.27999992 -0.4989776 
13.79999992 -0.4989776 
13.83999992 -0.941496 
13.95999992 -0.4989776 
13.99999991 -0.4989776 
14.07999991 -0.4989776 
14.11999991 -0.4989776 
14.19999991 -0.4989776 
14.23999991 -0.4989776 
14.27999991 -0.941496 
14.31999991 -1.382488 
14.51999991 -0.941496 
14.55999991 -1.825007 
14.59999991 -0.4989776 
14.71999991 -0.4989776 
14.75999991 -0.941496 
14.79999991 -0.4989776 
14.87999991 -0.4989776 
15.03999991 -0.4989776 
15.07999991 -0.941496 
15.11999991 -0.4989776 
15.43999991 -0.4989776 
15.47999991 -0.941496 
15.6399999 -1.382488 
15.6799999 -0.941496 
15.8399999 -0.941496 
15.8799999 -0.4989776 
16.0399999 -0.4989776 
16.0799999 -0.941496 
16.1199999 -0.4989776 
16.2799999 -0.4989776 
16.3199999 -0.4989776 
16.4799999 -0.4989776 
16.5199999 -0.4989776 
16.7999999 -1.382488 
16.8399999 -0.941496 
16.9999999 -0.4989776 
17.0399999 -0.4989776 
17.1999999 -0.941496 
17.2399999 -0.4989776 
17.43999989 -0.941496 
17.47999989 -0.4989776 
17.55999989 -4.034547 
17.59999989 -2.708518 
17.71999989 -0.941496 
17.75999989 -0.941496 
17.87999989 -0.941496 
17.91999989 -0.4989776 
18.07999989 -0.941496 
18.11999989 -1.825007 
18.15999989 -0.4989776 
18.27999989 -0.4989776 
18.31999989 -0.941496 
18.35999989 -0.4989776 
18.39999989 -0.4989776 
18.43999989 -0.4989776 
18.59999989 -0.941496 
18.63999989 -0.941496 
18.67999989 -0.4989776 
18.83999989 -1.825007 
18.87999989 -3.593554 
18.91999989 -0.941496 
19.07999988 -0.4989776 
19.11999988 -0.941496 
19.19999988 -0.4989776 
19.27999988 -0.941496 
19.31999988 -0.941496 
19.47999988 -0.941496 
19.51999988 -0.941496 
19.55999988 -0.4989776 
19.67999988 -0.941496 
19.71999988 -0.941496 
19.75999988 -0.4989776 
20.03999988 -1.825007 
20.07999988 -2.708518 
20.11999988 -0.4989776 
20.27999988 -1.825007 
20.31999988 -1.825007 
20.35999988 -0.4989776 
20.51999988 -0.4989776 
20.55999988 -0.941496 
20.59999987 -0.4989776 
20.83999987 -0.4989776 
20.87999987 -0.4989776 
21.03999987 -0.4989776 
21.07999987 -0.4989776 
21.11999987 -0.4989776 
21.27999987 -0.4989776 
21.31999987 -0.4989776 
21.47999987 -0.4989776 
21.59999987 -0.941496 
21.63999987 -0.941496 
21.83999987 -1.825007 
21.87999987 -0.941496 
22.07999987 -0.4989776 
22.67999986 -0.4989776 
22.71999986 -0.4989776 
23.11999986 -0.4989776 
23.15999986 -0.4989776 
23.51999986 -0.4989776 
23.55999986 -0.4989776 
23.59999986 -0.4989776 
23.79999986 -0.4989776 
23.83999986 -0.4989776 
23.87999985 -0.4989776 
24.19999985 -0.4989776 
24.23999985 -0.941496 
24.39999985 -0.4989776 
24.43999985 -0.4989776 
24.47999985 -0.4989776 
24.63999985 -0.941496 
24.67999985 -0.941496 
24.71999985 -0.4989776 
24.87999985 -1.382488 
24.91999985 -1.382488 
24.95999985 -0.941496 
25.11999985 -0.4989776 
25.15999985 -0.4989776 
25.19999985 -0.4989776 
25.23999985 -0.4989776 
25.35999985 -0.941496 
25.39999985 -0.941496 
25.43999985 -0.4989776 
25.59999984 -0.941496 
25.63999984 -0.941496 
25.67999984 -0.4989776 
25.71999984 -0.4989776 
25.75999984 -0.941496 
25.79999984 -0.941496 
25.91999984 -0.4989776 
25.95999984 -0.4989776 
26.15999984 -3.151036 
26.19999984 -3.593554 
26.35999984 -0.941496 
26.79999984 -0.4989776 
26.83999984 -0.4989776 
26.99999984 -0.941496 
27.15999983 -1.825007 
27.19999983 -2.708518 
27.23999983 -0.941496 
27.39999983 -2.267525 
27.43999983 -2.708518 
27.47999983 -0.941496 
27.63999983 -1.825007 
27.67999983 -1.825007 
27.71999983 -0.4989776 
27.83999983 -0.4989776 
27.87999983 -0.4989776 
27.91999983 -0.4989776 
27.95999983 -0.4989776 
27.99999983 -0.4989776 
28.11999983 -0.4989776 
28.15999983 -0.4989776 
28.27999983 -0.4989776 
28.31999983 -1.382488 
28.35999983 -0.941496 
28.39999983 -0.941496 
28.43999983 -0.4989776 
28.51999983 -0.4989776 
28.63999983 -0.941496 
28.67999983 -1.825007 
28.71999983 -0.941496 
28.87999982 -0.4989776 
28.91999982 -2.267525 
28.95999982 -2.708518 
28.99999982 -0.941496 
29.11999982 -0.941496 
29.15999982 -2.267525 
29.19999982 -1.825007 
29.23999982 -0.941496 
29.31999982 -0.4989776 
29.35999982 -1.382488 
29.39999982 -1.382488 
29.43999982 -0.941496 
29.47999982 -0.4989776 
29.51999982 -0.941496 
29.55999982 -1.825007 
29.59999982 -1.825007 
29.63999982 -0.941496 
29.67999982 -0.941496 
29.71999982 -0.941496 
29.75999982 -0.941496 
29.79999982 -1.382488 
29.83999982 -1.382488 
29.87999982 -0.941496 
29.91999982 -0.4989776 
29.95999982 -0.941496 
29.99999982 -1.825007 
30.03999982 -1.825007 
30.07999982 -0.941496 
30.11999982 -0.941496 
30.15999982 -0.941496 
30.19999982 -0.941496 
30.23999982 -1.825007 
30.27999982 -1.825007 
30.31999982 -0.941496 
30.35999982 -0.941496 
30.39999982 -1.382488 
30.43999982 -1.382488 
30.47999981 -1.382488 
30.51999981 -0.941496 
30.55999981 -0.941496 
30.59999981 -0.941496 
30.63999981 -0.941496 
30.67999981 -1.825007 
30.71999981 -2.267525 
30.75999981 -1.382488 
30.87999981 -0.941496 
30.91999981 -2.267525 
30.95999981 -3.593554 
30.99999981 -0.941496 
31.11999981 -0.941496 
31.15999981 -4.034547 
31.19999981 -3.593554 
31.23999981 -0.941496 
31.35999981 -0.941496 
31.39999981 -2.267525 
31.43999981 -1.825007 
31.47999981 -0.4989776 
31.59999981 -1.825007 
31.63999981 -2.267525 
31.67999981 -0.4989776 
31.79999981 -0.941496 
31.83999981 -0.941496 
31.87999981 -0.941496 
32.03999981 -0.4989776 
32.07999981 -0.941496 
32.1199998 -0.941496 
32.2799998 -0.4989776 
32.3199998 -0.941496 
32.3599998 -0.4989776 
32.4799998 -0.4989776 
32.7199998 -0.941496 
32.7599998 -0.4989776 
32.8799998 -0.4989776 
32.9199998 -0.941496 
32.9599998 -0.4989776 
33.2399998 -0.4989776 
33.2799998 -0.4989776 
33.4799998 -0.4989776 
33.91999979 -0.4989776 
33.95999979 -0.4989776 
34.31999979 -0.941496 
34.35999979 -1.825007 
34.55999979 -0.941496 
34.59999979 -2.267525 
34.63999979 -0.941496 
34.83999979 -0.941496 
34.87999979 -0.4989776 
35.11999979 -2.267525 
35.15999979 -0.4989776 
35.23999979 -2.267525 
35.27999979 -3.593554 
35.43999978 -2.708518 
35.47999978 -0.4989776 
35.71999978 -3.593554 
35.75999978 -1.825007 
35.87999978 -3.593554 
35.99999978 -3.593554 
36.03999978 -0.941496 
36.15999978 -1.825007 
36.19999978 -2.708518 
36.23999978 -0.941496 
36.39999978 -1.825007 
36.43999978 -0.941496 
36.47999978 -0.4989776 
36.63999978 -0.941496 
36.67999978 -1.825007 
36.71999978 -0.4989776 
36.87999978 -0.4989776 
37.99999977 -0.4989776 
38.03999977 -0.4989776 
38.35999977 -0.941496 
38.39999977 -0.941496 
38.51999977 -0.4989776 
38.55999977 -1.825007 
38.75999976 -0.4989776 
38.91999976 -2.267525 
38.95999976 -0.941496 
39.07999976 -0.941496 
39.23999976 -0.941496 
39.27999976 -1.825007 
39.47999976 -0.4989776 
39.51999976 -0.4989776 
39.67999976 -0.941496 
39.71999976 -0.941496 
39.87999976 -0.941496 
39.91999976 -0.941496 
40.07999976 -0.941496 
40.11999976 -0.941496 
40.15999976 -0.4989776 
40.31999975 -0.941496 
40.35999975 -0.941496 
40.39999975 -0.4989776 
40.47999975 -0.4989776 
40.51999975 -0.4989776 
40.55999975 -0.941496 
40.59999975 -0.4989776 
40.63999975 -0.4989776 
40.67999975 -0.4989776 
40.71999975 -0.4989776 
40.75999975 -0.941496 
40.79999975 -0.941496 
40.83999975 -0.941496 
40.87999975 -0.941496 
40.91999975 -0.941496 
40.95999975 -0.941496 
41.07999975 -1.382488 
41.11999975 -2.267525 
41.15999975 -1.825007 
41.19999975 -0.941496 
41.31999975 -0.4989776 
41.35999975 -0.941496 
41.39999975 -0.941496 
41.43999975 -0.941496 
41.47999975 -1.382488 
41.51999975 -2.267525 
41.55999975 -1.825007 
41.71999975 -2.267525 
41.75999975 -4.477065 
41.79999975 -3.151036 
41.95999974 -1.825007 
41.99999974 -2.708518 
42.03999974 -1.825007 
42.15999974 -0.4989776 
42.19999974 -0.941496 
42.23999974 -0.941496 
42.27999974 -0.941496 
42.31999974 -0.4989776 
42.35999974 -0.4989776 
42.39999974 -0.4989776 
42.43999974 -0.4989776 
42.63999974 -0.4989776 
42.67999974 -0.4989776 
42.87999974 -0.941496 
42.91999974 -0.4989776 
43.07999974 -0.941496 
43.27999974 -1.825007 
43.31999974 -2.708518 
43.35999974 -0.4989776 
43.51999974 -0.941496 
43.55999974 -1.825007 
43.59999974 -0.4989776 
43.83999973 -0.941496 
43.87999973 -0.941496 
43.99999973 -1.382488 
44.03999973 -1.825007 
44.15999973 -0.941496 
44.19999973 -0.4989776 
44.31999973 -0.4989776 
44.35999973 -0.941496 
44.55999973 -0.941496 
44.59999973 -0.941496 
44.75999973 -0.4989776 
44.91999973 -0.4989776 
45.11999973 -0.4989776 
45.31999972 -1.825007 
45.35999972 -0.941496 
45.67999972 -0.4989776 
45.71999972 -0.941496 
45.75999972 -0.4989776 
45.79999972 -0.4989776 
46.07999972 -0.4989776 
46.23999972 -0.4989776 
46.27999972 -0.4989776 
46.31999972 -0.4989776 
46.39999972 -0.4989776 
46.43999972 -1.825007 
46.47999972 -0.941496 
46.63999972 -0.4989776 
46.67999972 -0.4989776 
46.71999972 -0.4989776 
46.87999972 -0.4989776 
46.91999971 -0.4989776 
46.95999971 -0.4989776 
47.19999971 -0.4989776 
47.23999971 -0.4989776 
47.27999971 -0.4989776 
47.31999971 -0.941496 
47.35999971 -0.941496 
47.55999971 -0.4989776 
47.59999971 -0.4989776 
47.63999971 -0.4989776 
48.35999971 -0.4989776 
48.6799997 -0.4989776 
48.7199997 -2.267525 
48.7599997 -2.267525 
48.9599997 -2.708518 
48.9999997 -2.267525 
49.1999997 -2.708518 
49.2399997 -0.941496 
49.3999997 -0.4989776 
49.4399997 -0.941496 
49.6399997 -0.4989776 
50.19999969 -0.4989776 
50.43999969 -1.825007 
50.47999969 -1.825007 
50.63999969 -0.4989776 
50.67999969 -1.382488 
50.71999969 -0.4989776 
50.87999969 -1.825007 
51.03999969 -0.4989776 
51.07999969 -0.941496 
51.27999969 -0.941496 
51.31999969 -0.4989776 
51.47999969 -0.4989776 
51.51999969 -0.4989776 
51.55999969 -0.4989776 
51.79999969 -0.4989776 
51.83999968 -0.941496 
51.87999968 -0.941496 
51.91999968 -0.4989776 
52.03999968 -0.941496 
52.07999968 -0.941496 
52.15999968 -1.382488 
52.19999968 -5.803094 
52.31999968 -0.4989776 
52.35999968 -2.267525 
52.39999968 -0.941496 
52.47999968 -0.941496 
52.51999968 -1.825007 
52.55999968 -0.4989776 
52.59999968 -0.4989776 
52.63999968 -1.382488 
52.67999968 -0.941496 
52.71999968 -0.941496 
52.75999968 -0.941496 
52.79999968 -0.941496 
52.83999968 -0.4989776 
52.87999968 -0.941496 
52.91999968 -1.825007 
52.95999968 -1.825007 
52.99999968 -0.941496 
53.03999968 -0.4989776 
53.07999968 -0.941496 
53.11999968 -0.941496 
53.15999968 -1.825007 
53.19999968 -0.941496 
53.23999968 -0.4989776 
53.27999968 -0.941496 
53.31999968 -0.941496 
53.35999968 -0.941496 
53.39999968 -0.941496 
53.43999968 -0.941496 
53.47999967 -0.941496 
53.51999967 -0.4989776 
53.55999967 -0.941496 
53.59999967 -1.825007 
53.63999967 -0.941496 
53.67999967 -0.941496 
53.71999967 -0.4989776 
53.75999967 -1.825007 
53.79999967 -1.382488 
53.83999967 -0.4989776 
53.91999967 -0.4989776 
53.95999967 -0.941496 
53.99999967 -0.941496 
54.03999967 -0.941496 
54.07999967 -1.382488 
54.11999967 -0.941496 
54.15999967 -0.4989776 
54.19999967 -0.4989776 
54.23999967 -0.941496 
54.27999967 -0.941496 
54.31999967 -0.941496 
54.35999967 -0.941496 
54.39999967 -0.941496 
54.43999967 -0.941496 
54.47999967 -0.941496 
54.51999967 -0.941496 
54.55999967 -0.941496 
54.59999967 -0.941496 
54.63999967 -0.4989776 
54.67999967 -0.4989776 
54.71999967 -0.941496 
54.75999967 -0.941496 
54.79999967 -0.4989776 
54.83999967 -0.941496 
54.87999967 -0.4989776 
54.95999967 -0.4989776 
54.99999967 -1.382488 
55.03999967 -0.941496 
55.15999966 -0.4989776 
55.19999966 -0.4989776 
55.23999966 -0.941496 
55.27999966 -1.825007 
55.31999966 -0.4989776 
55.43999966 -0.941496 
55.47999966 -1.382488 
55.51999966 -0.941496 
55.55999966 -0.941496 
55.67999966 -0.941496 
55.71999966 -1.825007 
55.75999966 -2.708518 
55.79999966 -1.825007 
55.95999966 -6.686605 
55.99999966 -7.570117 
56.03999966 -0.4989776 
56.15999966 -3.151036 
56.19999966 -8.896146 
56.23999966 -5.360576 
56.39999966 -4.477065 
56.43999966 -4.477065 
56.47999966 -0.941496 
56.59999966 -0.941496 
56.63999966 -4.034547 
56.67999966 -2.708518 
56.83999965 -2.708518 
56.87999965 -3.593554 
56.91999965 -0.4989776 
56.99999965 -0.941496 
57.03999965 -3.593554 
57.07999965 -2.267525 
57.11999965 -0.4989776 
57.19999965 -0.4989776 
57.23999965 -0.941496 
57.27999965 -1.825007 
57.39999965 -1.825007 
57.43999965 -0.941496 
57.55999965 -3.593554 
57.59999965 -3.593554 
57.63999965 -0.4989776 
57.75999965 -0.941496 
57.79999965 -2.267525 
57.83999965 -1.825007 
57.87999965 -0.941496 
57.95999965 -0.4989776 
57.99999965 -0.941496 
58.03999965 -0.941496 
58.07999965 -0.941496 
58.11999965 -0.4989776 
58.15999965 -0.941496 
58.19999965 -0.941496 
58.23999965 -0.4989776 
58.27999965 -0.4989776 
58.31999965 -0.4989776 
58.35999965 -0.941496 
58.39999965 -0.941496 
58.43999964 -0.941496 
58.47999964 -0.4989776 
58.51999964 -0.4989776 
58.63999964 -0.941496 
58.67999964 -0.941496 
58.87999964 -0.4989776 
58.91999964 -0.941496 
58.95999964 -0.4989776 
59.07999964 -4.034547 
59.11999964 -5.803094 
59.27999964 -2.267525 
59.31999964 -0.941496 
59.35999964 -0.4989776 
59.51999964 -0.941496 
59.55999964 -0.4989776 
60.67999963 -0.4989776 
60.87999963 -0.4989776 
61.23999963 -0.4989776 
61.83999962 -0.4989776 
61.87999962 -0.941496 
61.91999962 -0.4989776 
62.07999962 -1.825007 
62.11999962 -2.267525 
62.15999962 -0.941496 
62.31999962 -0.941496 
62.35999962 -0.941496 
62.51999962 -0.941496 
62.55999962 -0.4989776 
62.59999962 -0.941496 
62.63999962 -0.941496 
62.75999962 -0.941496 
62.79999962 -0.941496 
62.95999962 -1.825007 
62.99999962 -4.477065 
63.03999962 -3.593554 
63.19999962 -6.244087 
63.27999962 -0.941496 
63.35999961 -6.686605 
63.47999961 -5.360576 
63.51999961 -2.708518 
63.55999961 -1.382488 
63.67999961 -0.4989776 
63.71999961 -6.686605 
63.75999961 -3.593554 
63.87999961 -0.941496 
63.95999961 -0.4989776 
63.99999961 -3.151036 
64.03999961 -0.941496 
64.15999961 -3.151036 
64.19999961 -0.941496 
64.31999961 -0.941496 
64.35999961 -1.382488 
64.39999961 -0.4989776 
64.47999961 -0.4989776 
64.51999961 -3.151036 
64.55999961 -3.151036 
64.59999961 -0.4989776 
64.75999961 -0.941496 
64.79999961 -2.267525 
64.83999961 -1.382488 
64.95999961 -0.941496 
65.0799996 -0.941496 
65.1199996 -0.941496 
65.3199996 -0.4989776 
65.4799996 -0.941496 
65.5199996 -0.941496 
65.7999996 -0.4989776 
65.8399996 -0.941496 
65.8799996 -0.4989776 
66.0799996 -0.4989776 
66.2399996 -0.4989776 
66.2799996 -0.4989776 
66.3199996 -0.4989776 
66.4399996 -0.4989776 
66.5999996 -0.4989776 
66.63999959 -0.941496 
66.67999959 -1.382488 
66.91999959 -0.4989776 
66.95999959 -0.4989776 
67.07999959 -0.4989776 
67.11999959 -0.941496 
67.15999959 -0.4989776 
67.31999959 -0.4989776 
67.35999959 -0.4989776 
67.39999959 -1.382488 
67.43999959 -0.941496 
67.51999959 -0.4989776 
67.63999959 -1.382488 
67.67999959 -1.825007 
67.83999959 -0.4989776 
67.87999959 -0.4989776 
67.99999959 -0.4989776 
68.03999959 -1.382488 
68.07999959 -0.941496 
68.27999959 -0.941496 
68.31999958 -0.941496 
68.35999958 -0.4989776 
68.47999958 -0.4989776 
68.51999958 -0.941496 
68.55999958 -0.941496 
68.59999958 -0.4989776 
68.79999958 -0.4989776 
68.91999958 -0.4989776 
68.95999958 -0.4989776 
68.99999958 -0.941496 
69.03999958 -0.4989776 
69.19999958 -0.4989776 
69.23999958 -0.4989776 
69.27999958 -0.4989776 
69.31999958 -0.4989776 
69.39999958 -0.941496 
69.55999958 -1.825007 
69.59999958 -2.267525 
69.63999958 -0.941496 
69.83999958 -0.4989776 
69.87999958 -1.825007 
69.91999958 -2.708518 
69.95999957 -1.382488 
70.11999957 -2.267525 
70.15999957 -4.477065 
70.19999957 -0.941496 
70.31999957 -2.267525 
70.35999957 -2.267525 
70.39999957 -0.4989776 
71.07999957 -0.4989776 
71.55999957 -0.4989776 
71.59999956 -1.382488 
71.63999956 -0.4989776 
71.79999956 -0.4989776 
71.83999956 -1.825007 
72.03999956 -0.941496 
72.59999956 -0.4989776 
72.83999956 -0.4989776 
73.11999956 -0.4989776 
73.15999956 -0.4989776 
73.55999955 -0.4989776 
74.03999955 -0.4989776 
74.27999955 -0.4989776 
74.47999955 -0.4989776 
74.51999955 -0.4989776 
74.55999955 -1.382488 
74.59999955 -0.941496 
74.79999955 -0.941496 
74.83999955 -0.941496 
75.11999954 -0.4989776 
75.15999954 -0.4989776 
75.35999954 -0.941496 
75.39999954 -0.4989776 
75.63999954 -0.4989776 
75.83999954 -0.4989776 
75.87999954 -0.4989776 
76.63999953 -0.4989776 
76.67999953 -0.4989776 
76.95999953 -0.941496 
76.99999953 -5.360576 
77.03999953 -4.477065 
77.19999953 -4.477065 
77.23999953 -8.012634 
77.27999953 -2.708518 
77.43999953 -5.360576 
77.47999953 -3.593554 
77.63999953 -1.825007 
77.67999953 -2.708518 
77.71999953 -0.941496 
77.91999953 -0.941496 
77.95999953 -0.941496 
78.11999953 -1.825007 
78.15999952 -2.267525 
78.19999952 -0.941496 
78.31999952 -4.034547 
78.35999952 -5.803094 
78.39999952 -0.941496 
78.47999952 -1.382488 
78.51999952 -1.825007 
78.71999952 -2.708518 
78.75999952 -3.151036 
78.79999952 -0.941496 
78.87999952 -0.4989776 
78.91999952 -0.941496 
78.95999952 -2.267525 
78.99999952 -1.825007 
79.03999952 -0.4989776 
79.11999952 -0.941496 
79.15999952 -0.941496 
79.19999952 -0.941496 
79.23999952 -0.941496 
79.27999952 -0.941496 
79.31999952 -1.825007 
79.35999952 -1.825007 
79.39999952 -0.941496 
79.47999952 -0.941496 
79.51999952 -2.708518 
79.55999952 -1.382488 
79.67999952 -1.382488 
79.71999952 -3.593554 
79.75999952 -3.151036 
79.79999952 -0.941496 
79.87999951 -0.4989776 
79.91999951 -0.4989776 
79.95999951 -1.382488 
79.99999951 -1.825007 
80.03999951 -1.382488 
80.07999951 -0.941496 
80.11999951 -0.941496 
80.15999951 -1.382488 
80.19999951 -1.825007 
80.23999951 -1.382488 
80.27999951 -0.4989776 
80.31999951 -0.4989776 
80.35999951 -1.382488 
80.39999951 -1.825007 
80.43999951 -1.825007 
80.47999951 -0.941496 
80.55999951 -0.4989776 
80.59999951 -0.941496 
80.63999951 -1.382488 
80.67999951 -0.941496 
80.71999951 -0.941496 
80.75999951 -0.941496 
80.79999951 -0.4989776 
80.83999951 -0.4989776 
80.87999951 -0.941496 
80.91999951 -0.941496 
80.95999951 -0.941496 
80.99999951 -0.4989776 
81.03999951 -0.4989776 
81.07999951 -0.4989776 
81.11999951 -0.941496 
81.15999951 -0.941496 
81.19999951 -0.4989776 
81.27999951 -0.4989776 
81.31999951 -0.941496 
81.35999951 -0.941496 
81.39999951 -0.941496 
81.43999951 -0.4989776 
81.5599995 -0.941496 
81.5999995 -0.941496 
81.6399995 -0.4989776 
81.7199995 -0.4989776 
81.7599995 -0.4989776 
81.7999995 -0.941496 
81.8399995 -0.941496 
81.9999995 -0.4989776 
82.0399995 -0.4989776 
82.0799995 -0.941496 
82.1199995 -0.4989776 
82.2399995 -0.4989776 
82.2799995 -0.4989776 
82.3599995 -0.4989776 
82.5199995 -0.4989776 
82.5599995 -0.941496 
82.7599995 -0.4989776 
82.9199995 -0.4989776 
82.9599995 -0.941496 
82.9999995 -0.4989776 
83.11999949 -0.4989776 
83.15999949 -0.941496 
83.19999949 -0.941496 
83.23999949 -0.4989776 
83.43999949 -0.4989776 
83.47999949 -0.941496 
83.51999949 -0.941496 
83.67999949 -0.4989776 
83.71999949 -3.593554 
83.75999949 -0.941496 
83.87999949 -0.941496 
84.03999949 -1.825007 
84.07999949 -4.034547 
84.11999949 -2.267525 
84.27999949 -1.825007 
84.31999949 -4.034547 
84.35999949 -1.825007 
84.51999949 -0.941496 
84.55999949 -0.941496 
84.59999949 -0.4989776 
84.75999948 -0.4989776 
84.79999948 -0.4989776 
84.83999948 -0.4989776 
84.87999948 -0.941496 
84.91999948 -0.4989776 
85.03999948 -0.4989776 
85.07999948 -0.4989776 
85.11999948 -0.4989776 
85.15999948 -0.4989776 
85.19999948 -0.4989776 
85.23999948 -0.941496 
85.27999948 -0.941496 
85.31999948 -0.941496 
85.35999948 -0.4989776 
85.47999948 -0.941496 
85.51999948 -2.267525 
85.55999948 -2.267525 
85.59999948 -0.4989776 
85.71999948 -0.941496 
85.75999948 -2.708518 
85.79999948 -2.267525 
85.95999948 -0.941496 
85.99999948 -1.825007 
86.03999948 -0.941496 
86.23999948 -0.4989776 
86.27999948 -0.941496 
86.31999948 -0.4989776 
86.43999947 -0.4989776 
86.75999947 -0.4989776 
86.79999947 -0.4989776 
86.87999947 -0.4989776 
86.91999947 -0.4989776 
87.07999947 -0.941496 
87.11999947 -0.4989776 
87.15999947 -1.382488 
87.31999947 -3.593554 
87.35999947 -1.382488 
87.55999947 -0.941496 
87.59999947 -0.4989776 
88.03999946 -0.4989776 
88.35999946 -0.4989776 
88.39999946 -1.825007 
88.59999946 -0.941496 
88.63999946 -0.941496 
88.75999946 -0.941496 
88.79999946 -0.941496 
88.83999946 -0.4989776 
88.87999946 -0.4989776 
88.95999946 -0.4989776 
88.99999946 -0.941496 
89.03999946 -0.4989776 
89.07999946 -0.4989776 
89.15999946 -0.4989776 
89.19999946 -0.941496 
89.23999946 -0.941496 
89.27999946 -0.941496 
89.39999946 -0.941496 
89.43999946 -0.941496 
89.47999946 -0.941496 
89.51999946 -0.941496 
89.55999946 -0.4989776 
89.63999946 -0.4989776 
89.67999945 -2.708518 
89.71999945 -1.825007 
89.75999945 -0.4989776 
89.79999945 -0.4989776 
89.83999945 -0.4989776 
89.87999945 -0.941496 
89.91999945 -1.382488 
89.95999945 -0.941496 
89.99999945 -0.4989776 
90.03999945 -0.941496 
90.07999945 -1.382488 
90.11999945 -1.825007 
90.15999945 -1.382488 
90.19999945 -0.941496 
90.23999945 -0.941496 
90.27999945 -0.941496 
90.31999945 -1.825007 
90.35999945 -1.825007 
90.39999945 -1.825007 
90.43999945 -0.941496 
90.47999945 -0.4989776 
90.51999945 -0.941496 
90.55999945 -1.825007 
90.59999945 -1.825007 
90.63999945 -1.825007 
90.67999945 -0.941496 
90.71999945 -0.4989776 
90.75999945 -0.4989776 
90.79999945 -0.941496 
90.83999945 -2.708518 
90.87999945 -3.593554 
90.91999945 -2.708518 
91.07999945 -5.360576 
91.11999945 -5.803094 
91.15999945 -0.941496 
91.23999945 -0.4989776 
91.27999945 -4.477065 
91.35999944 -2.267525 
91.43999944 -5.803094 
91.55999944 -4.477065 
91.59999944 -2.267525 
91.63999944 -0.941496 
91.75999944 -0.4989776 
91.79999944 -5.360576 
91.83999944 -2.267525 
91.95999944 -2.267525 
91.99999944 -0.4989776 
92.07999944 -2.267525 
92.23999944 -2.708518 
92.43999944 -0.4989776 
92.47999944 -1.382488 
92.51999944 -0.941496 
92.55999944 -0.941496 
92.71999944 -0.4989776 
92.75999944 -2.267525 
92.79999944 -0.941496 
93.07999943 -0.4989776 
93.95999943 -0.4989776 
94.07999943 -0.4989776 
94.23999943 -0.941496 
94.27999943 -0.941496 
94.31999943 -0.4989776 
94.47999943 -0.941496 
94.51999943 -0.4989776 
94.67999942 -0.4989776 
94.71999942 -0.4989776 
94.99999942 -0.4989776 
95.23999942 -0.4989776 
95.27999942 -0.4989776 
95.31999942 -0.4989776 
95.63999942 -0.4989776 
95.79999942 -0.4989776 
95.83999942 -0.4989776 
96.07999942 -0.4989776 
96.27999941 -0.4989776 
96.31999941 -0.4989776 
96.35999941 -0.4989776 
96.59999941 -3.151036 
96.63999941 -2.267525 
96.75999941 -0.4989776 
96.79999941 -0.4989776 
97.83999941 -0.4989776 
97.87999941 -4.477065 
97.9199994 -3.151036 
98.0799994 -5.803094 
98.1199994 -6.686605 
98.2799994 -1.825007 
98.3199994 -5.803094 
98.3599994 -2.267525 
98.5199994 -1.825007 
98.5599994 -2.267525 
99.0399994 -0.4989776 
99.0799994 -0.941496 
99.2799994 -0.4989776 
99.5199994 -1.825007 
99.55999939 -0.941496 
99.87999939 -0.4989776 
99.91999939 -0.4989776 
100.47999939 -0.4989776 
100.67999939 -0.941496 
100.87999939 -0.4989776 
101.07999939 -0.4989776 
101.11999939 -0.4989776 
101.15999939 -0.4989776 
101.31999938 -0.4989776 
101.35999938 -0.941496 
101.39999938 -0.4989776 
101.51999938 -0.4989776 
101.55999938 -0.4989776 
101.59999938 -0.4989776 
101.63999938 -0.4989776 
101.67999938 -0.4989776 
101.71999938 -0.4989776 
101.75999938 -0.4989776 
101.79999938 -0.941496 
101.83999938 -0.4989776 
101.87999938 -0.4989776 
101.91999938 -0.4989776 
101.95999938 -0.4989776 
101.99999938 -0.941496 
102.03999938 -0.941496 
102.07999938 -0.941496 
102.11999938 -0.4989776 
102.15999938 -0.4989776 
102.19999938 -0.941496 
102.23999938 -0.941496 
102.27999938 -1.382488 
102.31999938 -0.941496 
102.35999938 -0.4989776 
102.39999938 -0.4989776 
102.43999938 -0.941496 
102.47999938 -1.382488 
102.51999938 -1.825007 
102.55999938 -0.941496 
102.59999938 -0.4989776 
102.63999938 -0.4989776 
102.67999938 -0.941496 
102.71999938 -1.382488 
102.75999938 -1.382488 
102.79999938 -0.4989776 
102.83999937 -0.4989776 
102.87999937 -0.4989776 
102.91999937 -0.4989776 
102.95999937 -0.941496 
102.99999937 -0.941496 
103.03999937 -0.941496 
103.07999937 -0.941496 
103.11999937 -0.941496 
103.15999937 -0.941496 
103.19999937 -0.941496 
103.23999937 -0.4989776 
103.31999937 -0.4989776 
103.35999937 -0.4989776 
103.39999937 -0.941496 
103.43999937 -0.941496 
103.47999937 -0.941496 
103.51999937 -0.4989776 
103.55999937 -0.941496 
103.59999937 -0.941496 
103.63999937 -0.941496 
103.67999937 -0.4989776 
103.79999937 -0.4989776 
103.83999937 -0.941496 
103.87999937 -0.941496 
103.91999937 -0.941496 
104.11999937 -0.941496 
104.15999937 -1.382488 
104.19999937 -0.941496 
104.35999937 -0.941496 
104.47999937 -0.4989776 
104.51999936 -3.151036 
104.79999936 -0.941496 
104.83999936 -2.267525 
104.87999936 -2.708518 
104.91999936 -1.382488 
105.07999936 -1.825007 
105.11999936 -1.825007 
105.27999936 -0.4989776 
105.31999936 -1.382488 
105.35999936 -0.941496 
105.51999936 -0.4989776 
105.59999936 -0.941496 
105.63999936 -0.941496 
105.67999936 -0.941496 
105.71999936 -0.4989776 
105.87999936 -0.4989776 
105.91999936 -1.382488 
105.95999936 -1.382488 
106.07999936 -0.941496 
106.11999936 -3.151036 
106.15999935 -1.825007 
106.27999935 -1.825007 
106.31999935 -3.593554 
106.35999935 -2.708518 
106.51999935 -2.267525 
106.55999935 -4.034547 
106.59999935 -3.151036 
106.75999935 -1.825007 
106.79999935 -3.593554 
106.83999935 -2.267525 
106.87999935 -0.4989776 
106.99999935 -0.941496 
107.03999935 -1.382488 
107.07999935 -0.941496 
107.11999935 -0.4989776 
107.15999935 -0.4989776 
107.19999935 -0.941496 
107.23999935 -0.941496 
107.27999935 -0.941496 
107.31999935 -0.941496 
107.35999935 -0.941496 
107.39999935 -0.4989776 
107.43999935 -0.4989776 
107.47999935 -0.4989776 
107.51999935 -0.941496 
107.55999935 -0.941496 
107.59999935 -0.941496 
107.63999935 -0.4989776 
107.67999935 -0.4989776 
107.71999935 -0.4989776 
107.75999935 -0.941496 
107.79999934 -0.941496 
107.87999934 -0.4989776 
107.91999934 -0.4989776 
107.95999934 -0.4989776 
107.99999934 -0.4989776 
108.03999934 -0.4989776 
108.07999934 -0.4989776 
108.11999934 -0.4989776 
108.15999934 -0.4989776 
108.19999934 -0.4989776 
108.23999934 -0.941496 
108.27999934 -0.4989776 
108.43999934 -0.4989776 
108.47999934 -0.941496 
108.51999934 -0.4989776 
108.63999934 -0.4989776 
108.67999934 -0.4989776 
108.71999934 -0.4989776 
108.83999934 -0.941496 
108.87999934 -2.267525 
108.91999934 -0.941496 
109.07999934 -0.4989776 
109.11999934 -0.941496 
109.31999934 -0.4989776 
109.35999934 -0.4989776 
109.55999933 -0.4989776 
109.59999933 -0.4989776 
109.79999933 -0.4989776 
109.83999933 -0.4989776 
109.99999933 -3.593554 
110.03999933 -4.477065 
110.31999933 -0.941496 
110.47999933 -0.4989776 
110.51999933 -0.941496 
110.75999933 -0.4989776 
110.91999933 -0.4989776 
111.15999932 -0.4989776 
111.19999932 -0.4989776 
111.35999932 -0.941496 
111.39999932 -0.941496 
111.51999932 -0.4989776 
111.55999932 -0.941496 
111.59999932 -0.941496 
111.63999932 -2.267525 
111.67999932 -1.825007 
111.71999932 -0.4989776 
111.87999932 -3.593554 
111.91999932 -4.034547 
111.95999932 -0.941496 
112.07999932 -0.4989776 
112.11999932 -2.708518 
112.15999932 -1.825007 
112.27999932 -0.4989776 
112.31999932 -1.825007 
112.35999932 -0.4989776 
112.39999932 -0.4989776 
112.43999932 -0.4989776 
112.47999932 -0.941496 
112.51999932 -0.4989776 
112.55999932 -0.941496 
112.59999932 -1.382488 
112.63999932 -0.4989776 
112.71999931 -0.941496 
112.75999931 -0.941496 
112.79999931 -0.941496 
112.83999931 -0.941496 
112.87999931 -0.4989776 
112.95999931 -0.941496 
112.99999931 -1.825007 
113.03999931 -0.941496 
113.07999931 -0.941496 
113.11999931 -0.4989776 
113.15999931 -0.941496 
113.19999931 -0.941496 
113.23999931 -1.825007 
113.27999931 -2.708518 
113.31999931 -2.267525 
113.35999931 -0.4989776 
113.47999931 -1.825007 
113.51999931 -4.034547 
113.55999931 -2.708518 
113.67999931 -0.4989776 
113.71999931 -1.382488 
113.75999931 -2.267525 
113.79999931 -2.267525 
113.83999931 -0.4989776 
113.91999931 -0.941496 
113.95999931 -1.382488 
113.99999931 -1.825007 
114.03999931 -0.941496 
114.07999931 -0.941496 
114.11999931 -0.941496 
114.15999931 -0.941496 
114.19999931 -0.941496 
114.23999931 -0.941496 
114.27999931 -0.941496 
114.31999931 -0.941496 
114.3599993 -0.941496 
114.3999993 -1.382488 
114.4399993 -0.941496 
114.4799993 -0.941496 
114.5199993 -0.941496 
114.5599993 -0.941496 
114.5999993 -0.941496 
114.6399993 -0.941496 
114.6799993 -0.941496 
114.7199993 -0.941496 
114.7599993 -0.4989776 
114.7999993 -0.941496 
114.8399993 -0.941496 
114.8799993 -1.382488 
114.9199993 -0.941496 
114.9599993 -0.4989776 
115.0399993 -0.4989776 
115.0799993 -0.941496 
115.1199993 -0.941496 
115.1599993 -0.941496 
115.1999993 -0.4989776 
115.2799993 -2.708518 
115.4399993 -3.593554 
115.4799993 -2.267525 
115.6799993 -1.825007 
115.7199993 -2.267525 
115.9199993 -0.4989776 
115.9599993 -0.941496 
115.9999993 -0.4989776 
116.03999929 -0.4989776 
116.07999929 -0.941496 
116.11999929 -0.4989776 
116.15999929 -0.4989776 
116.19999929 -0.4989776 
116.23999929 -0.4989776 
116.35999929 -0.4989776 
116.39999929 -0.941496 
116.43999929 -0.4989776 
116.47999929 -0.4989776 
116.51999929 -0.4989776 
116.63999929 -0.4989776 
116.67999929 -0.941496 
116.71999929 -0.941496 
116.75999929 -0.4989776 
116.91999929 -1.825007 
116.95999929 -0.941496 
116.99999929 -0.4989776 
117.11999929 -0.4989776 
117.23999929 -0.941496 
117.27999929 -1.825007 
117.31999929 -0.4989776 
117.35999929 -0.4989776 
117.39999929 -0.941496 
117.43999929 -0.4989776 
117.55999929 -0.941496 
117.59999929 -0.941496 
117.63999929 -0.4989776 
117.67999928 -0.4989776 
117.75999928 -0.4989776 
117.79999928 -0.941496 
117.83999928 -1.382488 
117.87999928 -0.4989776 
117.91999928 -0.4989776 
117.99999928 -0.941496 
118.03999928 -0.941496 
118.07999928 -0.941496 
118.11999928 -0.4989776 
118.15999928 -0.4989776 
118.19999928 -0.941496 
118.23999928 -0.941496 
118.27999928 -0.941496 
118.31999928 -0.941496 
118.35999928 -0.941496 
118.39999928 -0.4989776 
118.43999928 -0.4989776 
118.47999928 -0.941496 
118.51999928 -2.267525 
118.55999928 -2.267525 
118.71999928 -1.382488 
118.75999928 -3.593554 
118.79999928 -2.708518 
118.83999928 -0.941496 
118.95999928 -0.941496 
118.99999928 -1.825007 
119.03999928 -1.825007 
119.07999928 -0.941496 
119.19999928 -0.941496 
119.23999928 -0.941496 
119.27999928 -1.382488 
119.31999927 -0.941496 
119.39999927 -4.919584 
119.51999927 -3.593554 
119.59999927 -1.825007 
119.75999927 -0.4989776 
119.79999927 -1.825007 
119.87999927 -0.941496 
119.91999927 -2.708518 
119.95999927 -0.941496 
120.03999927 -0.941496 
120.15999927 -0.941496 
120.19999927 -3.593554 
120.23999927 -0.941496 
120.47999927 -0.941496 
120.51999927 -0.941496 
120.71999927 -0.941496 
122.27999926 -0.4989776 
122.31999926 -0.4989776 
122.87999925 -1.825007 
122.91999925 -5.360576 
122.95999925 -0.941496 
123.07999925 -0.4989776 
123.31999925 -0.941496 
123.35999925 -0.941496 
123.55999925 -0.4989776 
123.75999925 -0.4989776 
123.79999925 -0.941496 
123.99999925 -0.4989776 
124.03999925 -0.4989776 
124.47999924 -0.4989776 
124.71999924 -0.4989776 
125.11999924 -0.4989776 
125.15999924 -0.4989776 
125.35999924 -0.941496 
125.39999924 -0.941496 
125.43999924 -0.4989776 
125.63999924 -1.825007 
125.67999924 -1.825007 
125.87999923 -1.382488 
125.91999923 -0.941496 
126.31999923 -0.941496 
126.51999923 -0.4989776 
126.55999923 -0.941496 
126.71999923 -0.941496 
126.75999923 -0.941496 
127.03999923 -0.941496 
127.07999923 -1.825007 
127.11999923 -1.825007 
127.15999923 -0.941496 
127.31999923 -0.4989776 
127.35999923 -2.267525 
127.39999923 -2.267525 
127.43999923 -0.4989776 
127.59999922 -1.382488 
127.63999922 -1.825007 
127.67999922 -0.941496 
127.83999922 -0.4989776 
127.87999922 -0.4989776 
127.91999922 -0.4989776 
127.99999922 -0.4989776 
128.03999922 -0.941496 
128.07999922 -0.941496 
128.11999922 -0.941496 
128.15999922 -0.4989776 
128.19999922 -0.4989776 
128.23999922 -0.4989776 
128.27999922 -0.941496 
128.31999922 -0.941496 
128.35999922 -0.941496 
128.39999922 -0.4989776 
128.43999922 -0.4989776 
128.47999922 -0.941496 
128.51999922 -0.941496 
128.55999922 -0.941496 
128.59999922 -0.941496 
128.63999922 -0.941496 
128.67999922 -0.941496 
128.71999922 -0.4989776 
128.75999922 -0.941496 
128.79999922 -1.382488 
128.83999922 -0.941496 
128.87999922 -0.4989776 
128.91999922 -0.4989776 
128.95999922 -0.4989776 
128.99999922 -0.941496 
129.03999922 -0.941496 
129.07999922 -0.941496 
129.11999922 -0.4989776 
129.15999922 -0.941496 
129.19999921 -0.941496 
129.23999921 -0.941496 
129.27999921 -1.382488 
129.31999921 -0.4989776 
129.39999921 -0.4989776 
129.43999921 -0.941496 
129.47999921 -1.825007 
129.51999921 -0.941496 
129.63999921 -0.941496 
129.67999921 -1.382488 
129.71999921 -0.941496 
129.75999921 -0.4989776 
129.83999921 -0.941496 
129.87999921 -0.941496 
129.91999921 -0.941496 
129.95999921 -0.941496 
130.03999921 -0.4989776 
130.07999921 -0.941496 
130.11999921 -0.941496 
130.15999921 -0.941496 
130.19999921 -2.267525 
130.23999921 -1.825007 
130.39999921 -1.382488 
130.43999921 -1.825007 
130.47999921 -1.825007 
130.51999921 -6.244087 
130.55999921 -0.4989776 
130.63999921 -0.4989776 
130.67999921 -1.382488 
130.79999921 -0.941496 
130.8399992 -1.825007 
130.8799992 -0.941496 
131.0799992 -1.825007 
131.1199992 -1.825007 
131.2799992 -0.4989776 
131.3199992 -0.4989776 
131.5199992 -0.4989776 
131.8799992 -0.4989776 
132.3199992 -0.941496 
132.3599992 -0.941496 
132.55999919 -0.4989776 
132.59999919 -2.267525 
132.63999919 -0.4989776 
132.83999919 -0.941496 
133.83999919 -0.4989776 
133.95999919 -0.4989776 
133.99999919 -1.825007 
134.03999919 -0.4989776 
134.19999918 -1.382488 
134.23999918 -1.825007 
134.43999918 -0.4989776 
134.47999918 -0.941496 
134.51999918 -0.4989776 
134.67999918 -0.4989776 
134.71999918 -0.4989776 
134.75999918 -0.4989776 
134.79999918 -0.4989776 
134.91999918 -0.4989776 
134.95999918 -0.4989776 
134.99999918 -0.4989776 
135.03999918 -0.4989776 
135.07999918 -0.4989776 
135.11999918 -0.4989776 
135.15999918 -0.4989776 
135.19999918 -0.4989776 
135.23999918 -0.941496 
135.27999918 -0.4989776 
135.35999918 -0.4989776 
135.39999918 -0.4989776 
135.43999918 -0.4989776 
135.47999918 -0.4989776 
135.51999918 -0.4989776 
135.55999918 -0.4989776 
135.63999918 -0.4989776 
135.67999918 -0.4989776 
135.71999918 -0.4989776 
135.79999917 -0.4989776 
135.83999917 -0.941496 
135.87999917 -0.4989776 
135.91999917 -0.4989776 
136.03999917 -0.941496 
136.07999917 -1.825007 
136.11999917 -0.941496 
136.23999917 -0.4989776 
136.27999917 -1.382488 
136.31999917 -4.477065 
136.47999917 -1.825007 
136.51999917 -0.4989776 
136.59999917 -0.4989776 
136.63999917 -0.941496 
136.79999917 -0.4989776 
136.83999917 -0.941496 
136.87999917 -0.4989776 
136.91999917 -0.941496 
137.07999917 -0.941496 
137.11999917 -1.825007 
137.27999917 -0.941496 
137.31999917 -0.941496 
137.47999916 -0.4989776 
137.51999916 -0.4989776 
137.75999916 -0.4989776 
137.95999916 -0.4989776 
138.15999916 -0.4989776 
138.19999916 -1.382488 
138.23999916 -0.4989776 
138.35999916 -0.4989776 
138.39999916 -0.941496 
138.43999916 -0.941496 
138.47999916 -0.4989776 
138.59999916 -0.941496 
138.63999916 -0.4989776 
138.71999916 -0.4989776 
138.75999916 -0.4989776 
138.79999916 -0.941496 
138.83999916 -0.941496 
138.87999916 -0.4989776 
138.95999916 -0.4989776 
138.99999916 -0.4989776 
139.03999915 -0.4989776 
139.07999915 -0.941496 
139.11999915 -0.941496 
139.15999915 -1.825007 
139.19999915 -2.267525 
139.23999915 -1.382488 
139.39999915 -1.825007 
139.43999915 -4.034547 
139.47999915 -2.708518 
139.63999915 -2.708518 
139.67999915 -3.593554 
139.71999915 -0.941496 
139.83999915 -0.941496 
139.87999915 -0.941496 
139.91999915 -0.941496 
139.95999915 -0.4989776 
139.99999915 -0.941496 
140.03999915 -1.825007 
140.07999915 -1.825007 
140.19999915 -0.4989776 
140.23999915 -1.825007 
140.27999915 -1.825007 
140.31999915 -2.267525 
140.35999915 -1.825007 
140.51999915 -1.382488 
140.55999915 -1.825007 
140.59999915 -0.941496 
140.71999914 -0.941496 
140.75999914 -1.825007 
140.79999914 -0.941496 
140.83999914 -1.382488 
140.87999914 -2.267525 
140.91999914 -2.267525 
140.95999914 -0.4989776 
141.07999914 -0.941496 
141.11999914 -2.708518 
141.15999914 -0.941496 
141.27999914 -0.4989776 
141.31999914 -0.941496 
141.35999914 -1.825007 
141.39999914 -0.941496 
141.43999914 -0.4989776 
141.55999914 -0.941496 
141.59999914 -0.941496 
141.63999914 -0.4989776 
141.67999914 -0.4989776 
141.71999914 -0.4989776 
141.75999914 -0.4989776 
141.79999914 -0.4989776 
141.83999914 -0.941496 
141.87999914 -0.4989776 
141.99999914 -0.4989776 
142.03999914 -0.4989776 
142.07999914 -0.941496 
142.11999914 -0.4989776 
142.27999914 -0.941496 
142.31999914 -0.941496 
142.47999913 -0.941496 
142.51999913 -0.941496 
142.63999913 -0.941496 
142.67999913 -0.4989776 
142.75999913 -0.4989776 
142.95999913 -0.4989776 
142.99999913 -0.4989776 
143.15999913 -0.941496 
143.19999913 -0.941496 
143.23999913 -1.825007 
143.27999913 -2.708518 
143.39999913 -0.4989776 
143.43999913 -0.4989776 
143.55999913 -0.4989776 
143.59999913 -0.941496 
143.63999913 -0.4989776 
143.71999913 -0.4989776 
143.75999913 -1.825007 
143.95999913 -3.151036 
143.99999912 -2.267525 
144.11999912 -0.4989776 
144.15999912 -1.825007 
144.19999912 -0.941496 
144.35999912 -0.4989776 
144.39999912 -0.4989776 
144.43999912 -0.4989776 
144.47999912 -0.4989776 
144.59999912 -0.941496 
144.63999912 -0.4989776 
144.75999912 -0.4989776 
144.79999912 -0.4989776 
144.91999912 -0.4989776 
144.95999912 -0.4989776 
144.99999912 -0.941496 
145.03999912 -0.941496 
145.19999912 -0.4989776 
145.23999912 -0.941496 
145.27999912 -0.941496 
145.31999912 -0.941496 
145.35999912 -0.4989776 
145.43999912 -0.941496 
145.47999912 -0.941496 
145.51999912 -0.941496 
145.67999911 -0.4989776 
145.71999911 -0.941496 
145.75999911 -0.4989776 
145.79999911 -0.4989776 
145.83999911 -0.4989776 
145.95999911 -0.4989776 
145.99999911 -1.825007 
146.03999911 -2.267525 
146.07999911 -0.4989776 
146.23999911 -1.825007 
146.27999911 -3.593554 
146.31999911 -1.382488 
146.47999911 -1.825007 
146.51999911 -2.708518 
146.55999911 -0.941496 
146.71999911 -0.4989776 
146.75999911 -0.4989776 
146.87999911 -0.4989776 
146.91999911 -0.4989776 
147.5199991 -0.4989776 
147.6799991 -0.941496 
147.7199991 -0.941496 
147.9199991 -6.686605 
148.0799991 -7.129124 
148.1199991 -4.477065 
148.3199991 -2.267525 
148.3599991 -0.941496 
148.3999991 -1.825007 
148.4399991 -0.4989776 
148.5599991 -1.825007 
148.7199991 -2.708518 
148.8799991 -0.941496 
148.91999909 -1.382488 
149.11999909 -0.941496 
149.19999909 -2.267525 
149.35999909 -2.708518 
150.59999908 -0.4989776 
150.75999908 -0.4989776 
150.79999908 -0.4989776 
150.83999908 -0.4989776 
150.87999908 -0.4989776 
150.99999908 -0.4989776 
151.03999908 -1.382488 
151.07999908 -0.4989776 
151.19999908 -0.941496 
151.23999908 -0.941496 
151.27999908 -0.4989776 
151.31999908 -0.4989776 
151.35999908 -0.4989776 
151.39999908 -0.4989776 
151.43999908 -0.941496 
151.47999908 -1.382488 
151.51999908 -0.4989776 
151.55999908 -0.4989776 
151.59999908 -0.4989776 
151.63999908 -0.4989776 
151.67999908 -0.4989776 
151.71999908 -1.382488 
151.75999908 -1.382488 
151.79999908 -1.382488 
151.83999908 -0.4989776 
151.87999908 -0.4989776 
151.91999908 -0.941496 
151.95999908 -1.825007 
151.99999908 -0.941496 
152.03999908 -0.4989776 
152.07999908 -0.4989776 
152.11999908 -0.941496 
152.15999908 -1.825007 
152.19999908 -1.382488 
152.23999907 -0.4989776 
152.27999907 -0.4989776 
152.31999907 -0.941496 
152.35999907 -0.941496 
152.39999907 -0.941496 
152.43999907 -0.941496 
152.47999907 -0.941496 
152.51999907 -0.941496 
152.55999907 -0.941496 
152.59999907 -0.941496 
152.63999907 -0.941496 
152.67999907 -0.941496 
152.71999907 -0.4989776 
152.75999907 -0.4989776 
152.79999907 -0.4989776 
152.83999907 -1.825007 
152.87999907 -3.151036 
152.91999907 -1.825007 
153.07999907 -1.825007 
153.11999907 -4.034547 
153.15999907 -0.941496 
153.31999907 -1.382488 
153.35999907 -1.825007 
153.39999907 -0.4989776 
153.55999907 -0.4989776 
153.59999907 -0.4989776 
153.71999907 -0.4989776 
153.95999906 -0.4989776 
154.15999906 -0.4989776 
154.47999906 -0.4989776 
154.51999906 -0.4989776 
154.71999906 -1.825007 
154.75999906 -1.825007 
154.95999906 -0.941496 
154.99999906 -0.941496 
155.55999905 -0.4989776 
155.59999905 -0.4989776 
155.75999905 -0.4989776 
155.79999905 -0.941496 
155.99999905 -0.4989776 
156.31999905 -0.4989776 
156.47999905 -0.4989776 
156.55999905 -0.4989776 
156.67999905 -3.151036 
156.71999905 -3.593554 
156.87999905 -0.4989776 
156.95999905 -0.4989776 
156.99999905 -0.941496 
157.19999904 -0.4989776 
157.23999904 -0.4989776 
157.43999904 -0.4989776 
157.47999904 -0.941496 
157.87999904 -0.4989776 
158.51999904 -0.4989776 
159.67999903 -0.4989776 
159.71999903 -1.825007 
159.75999903 -0.4989776 
159.91999903 -0.941496 
159.95999903 -3.593554 
159.99999903 -1.382488 
160.15999903 -0.4989776 
160.19999903 -0.941496 
160.55999902 -0.941496 
160.75999902 -1.382488 
160.79999902 -0.941496 
160.99999902 -0.941496 
161.15999902 -0.4989776 
161.19999902 -0.941496 
161.31999902 -0.941496 
161.35999902 -2.708518 
161.39999902 -0.941496 
161.51999902 -0.4989776 
161.55999902 -4.477065 
161.59999902 -4.034547 
161.75999902 -2.267525 
161.79999902 -4.034547 
161.83999902 -0.941496 
161.95999902 -0.941496 
161.99999902 -2.267525 
162.03999902 -0.941496 
162.15999901 -0.4989776 
162.19999901 -0.941496 
162.23999901 -0.4989776 
162.31999901 -0.4989776 
162.35999901 -0.941496 
162.39999901 -0.941496 
162.43999901 -0.4989776 
162.47999901 -0.4989776 
162.51999901 -0.4989776 
162.55999901 -0.941496 
162.59999901 -1.825007 
162.75999901 -2.708518 
162.79999901 -1.382488 
162.87999901 -0.941496 
162.91999901 -0.941496 
162.95999901 -0.941496 
162.99999901 -0.4989776 
163.03999901 -0.941496 
163.07999901 -1.382488 
163.11999901 -0.941496 
163.15999901 -0.941496 
163.19999901 -0.941496 
163.23999901 -0.941496 
163.27999901 -0.941496 
163.31999901 -1.825007 
163.35999901 -1.382488 
163.39999901 -0.4989776 
163.51999901 -1.825007 
163.55999901 -1.382488 
163.63999901 -0.4989776 
163.67999901 -1.825007 
163.719999 -1.825007 
163.759999 -1.382488 
163.799999 -0.941496 
163.839999 -0.4989776 
163.879999 -0.4989776 
163.919999 -0.4989776 
163.999999 -0.941496 
164.039999 -1.825007 
164.079999 -1.382488 
164.119999 -0.941496 
164.159999 -0.4989776 
164.199999 -0.4989776 
164.239999 -0.941496 
164.279999 -1.382488 
164.319999 -0.941496 
164.359999 -0.4989776 
164.399999 -0.4989776 
164.439999 -0.4989776 
164.479999 -1.382488 
164.519999 -1.382488 
164.559999 -0.4989776 
164.639999 -0.941496 
164.679999 -0.941496 
164.719999 -0.941496 
164.759999 -0.941496 
164.799999 -1.825007 
164.839999 -0.941496 
164.999999 -0.4989776 
165.039999 -0.941496 
165.079999 -0.941496 
165.119999 -0.941496 
165.159999 -0.941496 
165.199999 -0.941496 
165.239999 -0.4989776 
165.359999 -0.4989776 
165.39999899 -0.941496 
165.43999899 -0.941496 
165.47999899 -0.941496 
165.51999899 -0.941496 
165.59999899 -0.4989776 
165.63999899 -0.4989776 
165.67999899 -0.4989776 
165.71999899 -0.4989776 
165.75999899 -0.4989776 
165.79999899 -0.4989776 
165.83999899 -0.941496 
165.87999899 -0.941496 
165.91999899 -0.4989776 
165.95999899 -0.4989776 
166.03999899 -0.4989776 
166.07999899 -0.941496 
166.11999899 -0.941496 
166.15999899 -0.941496 
166.19999899 -0.4989776 
166.23999899 -0.4989776 
166.27999899 -0.4989776 
166.31999899 -0.941496 
166.35999899 -0.941496 
166.47999899 -1.825007 
166.51999899 -4.477065 
166.55999899 -3.593554 
166.71999899 -2.267525 
166.75999899 -4.034547 
166.79999899 -2.708518 
166.95999899 -1.825007 
166.99999899 -2.708518 
167.03999898 -2.267525 
167.07999898 -0.4989776 
167.15999898 -0.4989776 
167.19999898 -0.941496 
167.23999898 -0.941496 
167.27999898 -0.941496 
167.31999898 -1.382488 
167.35999898 -1.825007 
167.39999898 -0.941496 
167.43999898 -0.941496 
167.47999898 -1.382488 
167.51999898 -1.825007 
167.55999898 -1.825007 
167.59999898 -0.941496 
167.63999898 -0.4989776 
167.67999898 -0.941496 
167.71999898 -1.382488 
167.75999898 -1.825007 
167.79999898 -1.825007 
167.83999898 -0.941496 
167.87999898 -0.941496 
167.91999898 -2.267525 
167.95999898 -1.825007 
167.99999898 -0.941496 
168.03999898 -1.825007 
168.07999898 -2.267525 
168.11999898 -0.4989776 
168.23999898 -2.267525 
168.27999898 -3.151036 
168.31999898 -2.267525 
168.35999898 -0.941496 
168.43999898 -0.4989776 
168.47999898 -1.382488 
168.51999898 -2.267525 
168.55999898 -1.825007 
168.59999898 -1.382488 
168.63999898 -0.941496 
168.67999897 -0.4989776 
168.71999897 -0.941496 
168.75999897 -1.825007 
168.79999897 -0.941496 
168.83999897 -0.4989776 
168.91999897 -0.941496 
168.95999897 -2.267525 
168.99999897 -0.941496 
169.07999897 -0.941496 
169.11999897 -0.941496 
169.15999897 -0.941496 
169.19999897 -0.4989776 
169.23999897 -0.4989776 
169.27999897 -0.941496 
169.31999897 -0.941496 
169.39999897 -0.941496 
169.43999897 -2.708518 
169.47999897 -0.941496 
169.55999897 -0.4989776 
169.59999897 -0.941496 
169.71999897 -0.4989776 
169.75999897 -0.4989776 
169.79999897 -0.4989776 
169.83999897 -0.941496 
169.87999897 -0.4989776 
170.07999897 -0.4989776 
170.11999897 -0.941496 
170.35999896 -0.941496 
170.39999896 -0.941496 
170.63999896 -0.4989776 
170.67999896 -1.825007 
170.87999896 -0.941496 
170.91999896 -0.941496 
171.11999896 -0.4989776 
172.83999895 -1.382488 
172.87999895 -3.593554 
172.91999895 -0.941496 
173.07999895 -0.941496 
173.11999895 -0.941496 
173.31999895 -1.825007 
173.35999895 -3.593554 
173.39999895 -2.267525 
173.55999895 -0.941496 
173.59999894 -2.708518 
173.63999894 -1.382488 
173.79999894 -0.4989776 
173.83999894 -0.941496 
173.99999894 -0.941496 
174.03999894 -0.4989776 
174.15999894 -0.941496 
174.19999894 -0.4989776 
174.35999894 -0.4989776 
174.39999894 -0.941496 
174.55999894 -0.4989776 
174.87999894 -0.4989776 
174.91999894 -0.941496 
174.95999894 -0.941496 
175.11999894 -0.4989776 
175.15999894 -1.825007 
175.19999894 -0.4989776 
175.43999893 -0.4989776 
175.47999893 -1.825007 
175.51999893 -1.825007 
175.63999893 -2.267525 
175.67999893 -2.708518 
175.91999893 -0.4989776 
175.95999893 -0.941496 
176.11999893 -0.4989776 
176.15999893 -0.4989776 
176.35999893 -0.4989776 
176.39999893 -0.4989776 
176.55999893 -0.4989776 
176.59999893 -0.941496 
176.63999893 -0.4989776 
176.79999893 -5.803094 
176.91999892 -7.570117 
177.07999892 -1.382488 
177.11999892 -0.4989776 
177.15999892 -0.941496 
177.19999892 -1.825007 
177.31999892 -3.593554 
177.35999892 -1.825007 
177.47999892 -1.382488 
177.59999892 -3.151036 
177.63999892 -0.4989776 
177.75999892 -3.151036 
177.79999892 -0.941496 
177.91999892 -0.4989776 
177.95999892 -0.941496 
177.99999892 -0.4989776 
178.07999892 -0.4989776 
178.11999892 -0.941496 
178.27999892 -0.941496 
178.31999892 -0.4989776 
178.35999892 -0.4989776 
178.43999892 -0.4989776 
178.47999892 -0.941496 
178.59999891 -0.4989776 
178.63999891 -0.4989776 
178.75999891 -0.4989776 
178.79999891 -0.4989776 
178.87999891 -0.4989776 
178.91999891 -0.4989776 
178.95999891 -0.4989776 
179.07999891 -0.4989776 
179.11999891 -0.941496 
179.15999891 -0.4989776 
179.31999891 -0.4989776 
179.35999891 -0.941496 
179.51999891 -0.941496 
179.55999891 -0.4989776 
179.59999891 -0.4989776 
179.83999891 -0.4989776 
179.87999891 -0.4989776 
180.03999891 -0.4989776 
180.07999891 -4.034547 
180.11999891 -3.593554 
180.3199989 -2.267525 
180.3599989 -2.267525 
180.5599989 -0.4989776 
180.5999989 -1.382488 
180.6399989 -0.4989776 
181.6799989 -0.941496 
181.7199989 -0.4989776 
181.91999889 -0.4989776 
182.67999889 -0.4989776 
182.71999889 -0.941496 
182.83999889 -0.941496 
182.87999889 -0.941496 
183.27999889 -0.941496 
183.51999888 -0.4989776 
183.91999888 -0.4989776 
183.95999888 -0.4989776 
184.19999888 -0.4989776 
184.47999888 -0.941496 
184.51999888 -0.4989776 
184.63999888 -0.4989776 
184.67999888 -0.941496 
184.71999888 -0.4989776 
184.87999888 -0.941496 
184.91999888 -0.4989776 
184.99999888 -0.4989776 
185.03999888 -0.4989776 
185.19999887 -0.4989776 
185.35999887 -0.941496 
185.39999887 -0.941496 
185.59999887 -0.4989776 
185.67999887 -0.4989776 
185.79999887 -0.4989776 
185.83999887 -2.267525 
185.87999887 -0.941496 
185.99999887 -0.4989776 
186.03999887 -1.825007 
186.07999887 -0.941496 
186.23999887 -0.941496 
186.27999887 -0.941496 
186.43999887 -0.4989776 
186.55999887 -0.941496 
186.59999887 -1.825007 
186.79999886 -0.941496 
186.83999886 -3.593554 
186.87999886 -1.825007 
187.03999886 -0.4989776 
187.07999886 -0.941496 
188.07999886 -0.4989776 
188.11999886 -0.4989776 
188.19999886 -0.4989776 
188.23999886 -1.382488 
188.27999886 -0.941496 
188.43999885 -0.4989776 
188.47999885 -2.267525 
188.51999885 -1.825007 
188.67999885 -1.825007 
188.71999885 -2.267525 
188.75999885 -0.941496 
188.87999885 -0.4989776 
188.91999885 -0.941496 
189.03999885 -3.151036 
189.07999885 -2.267525 
189.19999885 -1.382488 
189.23999885 -1.382488 
189.27999885 -0.941496 
189.31999885 -0.941496 
189.35999885 -0.941496 
189.39999885 -0.4989776 
189.43999885 -0.941496 
189.47999885 -0.941496 
189.51999885 -0.941496 
189.55999885 -0.941496 
189.59999885 -0.941496 
189.63999885 -0.4989776 
189.67999885 -1.825007 
189.71999885 -1.382488 
189.83999885 -1.382488 
189.87999885 -2.267525 
189.91999885 -1.382488 
189.95999885 -0.4989776 
189.99999885 -0.4989776 
190.03999885 -0.941496 
190.07999884 -1.382488 
190.11999884 -1.382488 
190.15999884 -0.941496 
190.19999884 -0.941496 
190.23999884 -1.382488 
190.27999884 -0.941496 
190.31999884 -0.941496 
190.35999884 -0.941496 
190.39999884 -0.941496 
190.43999884 -0.941496 
190.47999884 -0.941496 
190.51999884 -0.941496 
190.55999884 -0.941496 
190.59999884 -0.941496 
190.63999884 -0.941496 
190.67999884 -0.941496 
190.79999884 -0.941496 
190.83999884 -1.382488 
190.87999884 -2.267525 
190.91999884 -1.825007 
191.03999884 -0.4989776 
191.07999884 -3.593554 
191.11999884 -3.593554 
191.15999884 -0.941496 
191.27999884 -0.941496 
191.31999884 -1.825007 
191.35999884 -0.941496 
191.47999884 -0.941496 
191.51999884 -1.382488 
191.55999884 -0.941496 
191.59999884 -0.4989776 
191.63999884 -0.4989776 
191.67999884 -0.4989776 
191.71999883 -0.941496 
191.75999883 -0.941496 
191.79999883 -0.4989776 
191.87999883 -0.4989776 
191.91999883 -0.941496 
191.95999883 -0.941496 
191.99999883 -0.941496 
192.03999883 -0.4989776 
192.15999883 -0.4989776 
192.19999883 -0.941496 
192.23999883 -0.941496 
192.27999883 -0.941496 
192.31999883 -0.4989776 
192.39999883 -0.4989776 
192.43999883 -1.382488 
192.47999883 -1.382488 
192.51999883 -0.4989776 
192.59999883 -0.4989776 
192.63999883 -0.941496 
192.67999883 -0.4989776 
192.75999883 -0.941496 
192.79999883 -0.941496 
192.91999883 -0.941496 
192.95999883 -0.941496 
193.03999883 -0.4989776 
193.07999883 -0.941496 
193.11999883 -0.941496 
193.27999883 -0.941496 
193.31999883 -3.151036 
193.35999882 -2.267525 
193.51999882 -1.382488 
193.55999882 -2.267525 
193.59999882 -1.382488 
193.75999882 -0.941496 
193.79999882 -0.4989776 
193.95999882 -0.941496 
193.99999882 -0.941496 
194.15999882 -0.4989776 
194.19999882 -0.941496 
194.23999882 -0.4989776 
194.35999882 -0.4989776 
194.51999882 -0.941496 
194.55999882 -0.4989776 
194.67999882 -0.4989776 
194.71999882 -0.4989776 
194.87999882 -0.4989776 
194.91999882 -2.267525 
194.95999882 -3.593554 
195.11999881 -0.4989776 
195.15999881 -1.825007 
195.19999881 -1.825007 
195.23999881 -0.4989776 
195.35999881 -0.941496 
195.39999881 -0.941496 
195.43999881 -0.941496 
195.59999881 -1.825007 
195.75999881 -0.4989776 
196.03999881 -0.4989776 
196.07999881 -0.941496 
196.23999881 -0.4989776 
196.27999881 -0.4989776 
196.31999881 -0.4989776 
199.11999879 -0.4989776 
199.23999879 -0.4989776 
199.27999879 -0.4989776 
199.47999879 -0.4989776 
199.51999879 -0.4989776 
199.71999879 -0.4989776 
199.91999878 -1.825007 
199.95999878 -4.034547 
199.99999878 -3.151036 
0 0 
