0.0 -0.4989776 
0.04 -0.941496 
0.08 -0.941496 
0.12 -0.941496 
0.16 -0.4989776 
0.2 -0.4989776 
0.24 -0.4989776 
0.28 -0.4989776 
0.32 -0.941496 
0.36 -0.941496 
0.4 -0.4989776 
0.52 -0.941496 
0.56 -0.941496 
0.6 -0.941496 
0.64 -0.4989776 
0.68 -0.4989776 
0.72 -1.382488 
0.87999999 -0.941496 
0.91999999 -0.941496 
1.03999999 -0.4989776 
1.27999999 -0.941496 
1.31999999 -0.4989776 
1.47999999 -0.941496 
1.51999999 -0.941496 
1.71999999 -3.151036 
1.75999999 -3.151036 
1.95999999 -1.825007 
1.99999999 -0.941496 
2.15999999 -0.941496 
2.19999999 -3.593554 
2.23999999 -1.825007 
2.39999999 -1.382488 
2.43999999 -0.941496 
2.59999998 -0.4989776 
2.79999998 -0.941496 
2.83999998 -6.686605 
2.87999998 -0.941496 
2.99999998 -0.941496 
3.03999998 -0.4989776 
3.27999998 -2.267525 
3.31999998 -3.151036 
3.35999998 -0.941496 
3.51999998 -2.267525 
3.55999998 -2.708518 
3.59999998 -0.941496 
3.71999998 -0.4989776 
3.75999998 -1.825007 
3.79999998 -1.825007 
3.83999998 -0.941496 
3.87999998 -0.4989776 
3.91999998 -0.941496 
3.95999998 -1.825007 
3.99999998 -1.382488 
4.03999998 -0.941496 
4.07999998 -0.941496 
4.11999997 -1.382488 
4.15999997 -1.825007 
4.19999997 -1.825007 
4.23999997 -2.267525 
4.27999997 -0.941496 
4.31999997 -0.941496 
4.35999997 -0.941496 
4.39999997 -1.382488 
4.43999997 -1.382488 
4.47999997 -1.825007 
4.51999997 -1.382488 
4.55999997 -0.941496 
4.59999997 -1.825007 
4.63999997 -2.267525 
4.67999997 -1.825007 
4.71999997 -1.382488 
4.75999997 -0.941496 
4.79999997 -0.941496 
4.83999997 -1.382488 
4.87999997 -2.267525 
4.91999997 -2.708518 
4.95999997 -2.267525 
4.99999997 -1.382488 
5.03999997 -0.941496 
5.07999997 -1.825007 
5.11999997 -2.267525 
5.15999997 -1.825007 
5.19999997 -1.825007 
5.23999997 -0.941496 
5.27999997 -0.941496 
5.31999997 -1.825007 
5.35999997 -1.825007 
5.39999997 -1.825007 
5.43999997 -0.941496 
5.47999997 -0.941496 
5.51999997 -0.941496 
5.55999997 -0.941496 
5.59999997 -1.825007 
5.63999997 -2.267525 
5.67999997 -0.4989776 
5.75999996 -0.941496 
5.79999996 -1.825007 
5.83999996 -1.382488 
5.87999996 -0.941496 
5.95999996 -0.4989776 
5.99999996 -0.941496 
6.03999996 -1.825007 
6.07999996 -0.941496 
6.11999996 -0.4989776 
6.35999996 -0.4989776 
6.39999996 -0.941496 
6.75999996 -0.4989776 
6.79999996 -0.941496 
6.95999996 -0.4989776 
7.87999995 -0.941496 
7.91999995 -2.708518 
7.95999995 -0.941496 
8.11999995 -0.941496 
8.15999995 -6.244087 
8.19999995 -0.4989776 
8.35999995 -0.941496 
8.39999995 -0.4989776 
8.63999995 -0.4989776 
8.67999995 -0.4989776 
8.83999995 -0.4989776 
8.87999995 -0.4989776 
9.03999995 -0.4989776 
9.51999994 -0.941496 
9.55999994 -0.941496 
9.75999994 -0.941496 
9.79999994 -1.825007 
9.95999994 -0.4989776 
9.99999994 -0.941496 
10.31999994 -3.593554 
10.35999994 -2.708518 
10.47999994 -1.382488 
10.51999994 -1.825007 
11.55999993 -0.941496 
14.07999991 -0.4989776 
14.11999991 -4.477065 
14.15999991 -3.593554 
14.31999991 -0.941496 
14.35999991 -4.477065 
14.39999991 -4.034547 
14.43999991 -0.4989776 
14.47999991 -3.593554 
14.63999991 -2.267525 
14.67999991 -1.825007 
14.91999991 -4.477065 
14.95999991 -1.825007 
15.07999991 -4.477065 
15.19999991 -1.825007 
15.23999991 -2.267525 
15.31999991 -0.4989776 
15.43999991 -0.4989776 
15.47999991 -0.941496 
15.55999991 -1.825007 
15.59999991 -3.593554 
15.7199999 -0.941496 
15.7599999 -0.941496 
15.8399999 -0.941496 
15.8799999 -3.593554 
15.9199999 -2.267525 
16.0399999 -0.4989776 
16.0799999 -2.267525 
16.1199999 -2.267525 
16.1599999 -0.941496 
16.2399999 -0.941496 
16.2799999 -1.382488 
16.3199999 -0.941496 
16.3599999 -1.382488 
16.3999999 -0.941496 
16.4399999 -0.4989776 
16.4799999 -0.4989776 
16.5199999 -0.941496 
16.5599999 -0.941496 
16.5999999 -1.825007 
16.6399999 -1.825007 
16.6799999 -0.941496 
16.7199999 -0.941496 
16.7599999 -0.941496 
16.7999999 -0.941496 
16.8399999 -1.382488 
16.8799999 -1.825007 
16.9199999 -0.941496 
16.9599999 -0.941496 
16.9999999 -0.941496 
17.0399999 -0.941496 
17.0799999 -1.382488 
17.1199999 -0.941496 
17.1599999 -0.941496 
17.1999999 -0.941496 
17.2399999 -0.941496 
17.27999989 -0.941496 
17.31999989 -1.382488 
17.35999989 -0.941496 
17.39999989 -0.941496 
17.43999989 -0.4989776 
17.47999989 -0.941496 
17.51999989 -1.382488 
17.55999989 -1.825007 
17.59999989 -0.941496 
17.63999989 -0.941496 
17.67999989 -0.4989776 
17.71999989 -0.941496 
17.75999989 -1.382488 
17.79999989 -1.825007 
17.83999989 -0.941496 
17.91999989 -0.4989776 
17.95999989 -0.941496 
17.99999989 -1.825007 
18.03999989 -1.382488 
18.07999989 -0.4989776 
18.11999989 -0.941496 
18.15999989 -0.941496 
18.19999989 -0.941496 
18.23999989 -0.941496 
18.27999989 -0.941496 
18.31999989 -0.941496 
18.35999989 -0.4989776 
18.39999989 -0.4989776 
18.43999989 -0.941496 
18.47999989 -1.382488 
18.51999989 -0.941496 
18.55999989 -0.4989776 
18.59999989 -0.4989776 
18.63999989 -0.941496 
18.67999989 -1.825007 
18.71999989 -0.941496 
18.75999989 -0.4989776 
18.79999989 -0.4989776 
18.83999989 -0.941496 
18.87999989 -1.382488 
18.91999989 -1.382488 
18.95999988 -1.825007 
18.99999988 -1.382488 
19.03999988 -0.941496 
19.07999988 -0.4989776 
19.11999988 -0.941496 
19.15999988 -1.825007 
19.19999988 -0.941496 
19.23999988 -0.941496 
19.27999988 -0.941496 
19.31999988 -0.941496 
19.35999988 -1.382488 
19.39999988 -1.382488 
19.43999988 -0.941496 
19.47999988 -0.941496 
19.51999988 -0.941496 
19.55999988 -1.825007 
19.59999988 -1.825007 
19.63999988 -0.941496 
19.67999988 -0.4989776 
19.75999988 -0.941496 
19.79999988 -1.825007 
19.83999988 -3.151036 
19.87999988 -1.825007 
19.91999988 -0.4989776 
19.95999988 -0.4989776 
19.99999988 -0.941496 
20.03999988 -2.267525 
20.07999988 -2.267525 
20.11999988 -0.941496 
20.15999988 -0.941496 
20.19999988 -1.382488 
20.23999988 -1.825007 
20.27999988 -1.825007 
20.31999988 -0.941496 
20.35999988 -0.4989776 
20.47999988 -2.708518 
20.51999988 -5.360576 
20.55999988 -4.477065 
20.59999987 -0.941496 
20.71999987 -3.593554 
20.75999987 -4.919584 
20.79999987 -3.151036 
20.83999987 -0.941496 
20.95999987 -2.267525 
20.99999987 -2.708518 
21.03999987 -7.129124 
21.07999987 -5.360576 
21.19999987 -1.825007 
21.23999987 -2.267525 
21.27999987 -1.825007 
21.31999987 -1.825007 
21.35999987 -2.267525 
21.39999987 -1.825007 
21.43999987 -1.382488 
21.47999987 -0.941496 
21.51999987 -0.941496 
21.55999987 -1.825007 
21.59999987 -0.941496 
21.63999987 -0.941496 
21.67999987 -1.382488 
21.71999987 -1.825007 
21.75999987 -1.382488 
21.79999987 -0.941496 
21.83999987 -0.941496 
21.87999987 -1.382488 
21.91999987 -1.825007 
21.95999987 -0.941496 
21.99999987 -0.4989776 
22.03999987 -0.941496 
22.07999987 -2.267525 
22.11999987 -1.825007 
22.27999986 -0.941496 
22.31999986 -3.151036 
22.35999986 -2.267525 
22.51999986 -0.941496 
22.55999986 -1.825007 
22.59999986 -0.941496 
22.75999986 -0.941496 
22.79999986 -0.941496 
22.83999986 -0.4989776 
23.03999986 -0.941496 
23.07999986 -0.4989776 
23.23999986 -0.4989776 
23.27999986 -0.941496 
23.67999986 -0.4989776 
23.71999986 -0.941496 
23.75999986 -0.941496 
24.23999985 -0.941496 
24.27999985 -2.267525 
24.31999985 -0.941496 
24.47999985 -0.941496 
24.51999985 -0.4989776 
24.67999985 -0.4989776 
24.71999985 -0.941496 
24.75999985 -0.4989776 
24.79999985 -0.4989776 
24.83999985 -0.4989776 
24.87999985 -0.4989776 
24.91999985 -0.4989776 
24.95999985 -0.4989776 
25.07999985 -0.941496 
25.11999985 -1.382488 
25.15999985 -0.941496 
25.19999985 -0.4989776 
25.31999985 -0.941496 
25.35999985 -1.382488 
25.39999985 -0.4989776 
25.43999985 -0.941496 
25.47999985 -0.941496 
25.51999984 -0.941496 
25.55999984 -0.941496 
25.59999984 -0.941496 
25.63999984 -0.941496 
25.71999984 -0.4989776 
25.75999984 -2.267525 
25.79999984 -1.825007 
25.83999984 -0.941496 
25.87999984 -0.941496 
25.91999984 -0.941496 
25.95999984 -0.941496 
25.99999984 -0.4989776 
26.03999984 -0.4989776 
26.07999984 -0.941496 
26.11999984 -1.825007 
26.15999984 -0.941496 
26.19999984 -0.941496 
26.23999984 -0.941496 
26.27999984 -0.941496 
26.31999984 -0.941496 
26.35999984 -0.4989776 
26.39999984 -0.4989776 
26.43999984 -0.941496 
26.47999984 -0.941496 
26.51999984 -1.825007 
26.55999984 -2.267525 
26.59999984 -2.267525 
26.63999984 -0.941496 
26.79999984 -2.708518 
26.83999984 -4.034547 
26.87999984 -1.825007 
27.03999984 -3.151036 
27.07999984 -2.708518 
27.11999984 -0.4989776 
27.19999983 -0.4989776 
27.23999983 -0.941496 
27.27999983 -0.941496 
27.31999983 -0.4989776 
27.35999983 -0.4989776 
27.39999983 -0.941496 
27.43999983 -0.941496 
27.47999983 -0.4989776 
27.55999983 -0.941496 
27.59999983 -0.941496 
27.63999983 -0.941496 
27.67999983 -0.941496 
27.71999983 -0.4989776 
27.75999983 -0.941496 
27.79999983 -0.941496 
27.83999983 -0.941496 
27.87999983 -0.4989776 
27.91999983 -0.4989776 
28.03999983 -0.941496 
28.07999983 -1.382488 
28.11999983 -0.941496 
28.15999983 -0.941496 
28.19999983 -0.4989776 
28.35999983 -1.382488 
28.39999983 -3.593554 
28.43999983 -2.267525 
28.59999983 -1.825007 
28.63999983 -2.708518 
28.67999983 -1.825007 
28.83999982 -0.941496 
28.87999982 -1.825007 
28.99999982 -4.919584 
29.03999982 -3.151036 
29.15999982 -1.825007 
29.19999982 -1.825007 
29.23999982 -0.4989776 
29.31999982 -0.941496 
29.43999982 -0.941496 
29.47999982 -1.382488 
29.51999982 -0.941496 
29.55999982 -0.941496 
29.59999982 -0.4989776 
29.63999982 -0.4989776 
29.67999982 -1.382488 
29.71999982 -0.941496 
29.83999982 -1.382488 
29.87999982 -1.825007 
29.91999982 -1.382488 
29.99999982 -0.4989776 
30.03999982 -1.382488 
30.07999982 -1.382488 
30.11999982 -1.382488 
30.15999982 -1.382488 
30.19999982 -0.4989776 
30.23999982 -0.4989776 
30.27999982 -0.941496 
30.31999982 -0.941496 
30.35999982 -0.941496 
30.39999982 -1.825007 
30.43999982 -2.267525 
30.47999981 -0.941496 
30.59999981 -0.941496 
30.63999981 -1.825007 
30.67999981 -1.825007 
30.71999981 -0.941496 
30.75999981 -0.941496 
30.79999981 -1.825007 
30.83999981 -1.825007 
30.87999981 -0.941496 
30.91999981 -0.4989776 
30.95999981 -1.382488 
30.99999981 -1.825007 
31.03999981 -1.382488 
31.07999981 -0.941496 
31.11999981 -0.941496 
31.15999981 -0.941496 
31.19999981 -0.941496 
31.23999981 -0.941496 
31.27999981 -1.382488 
31.31999981 -1.825007 
31.35999981 -1.825007 
31.39999981 -0.941496 
31.43999981 -0.941496 
31.47999981 -0.941496 
31.51999981 -1.382488 
31.55999981 -1.825007 
31.59999981 -0.941496 
31.63999981 -0.941496 
31.67999981 -0.941496 
31.71999981 -1.382488 
31.75999981 -3.151036 
31.79999981 -2.267525 
31.83999981 -0.4989776 
31.91999981 -0.4989776 
31.95999981 -1.382488 
31.99999981 -1.825007 
32.03999981 -0.941496 
32.07999981 -0.941496 
32.1199998 -0.4989776 
32.1599998 -0.941496 
32.1999998 -1.382488 
32.2399998 -1.382488 
32.2799998 -0.941496 
32.3199998 -0.4989776 
32.3599998 -0.4989776 
32.3999998 -0.941496 
32.4399998 -0.941496 
32.4799998 -0.941496 
32.5199998 -0.941496 
32.5599998 -0.941496 
32.5999998 -0.4989776 
32.6399998 -0.941496 
32.6799998 -0.4989776 
32.7199998 -0.4989776 
32.8799998 -3.593554 
32.9199998 -4.034547 
32.9599998 -0.941496 
33.1199998 -3.151036 
33.1599998 -3.151036 
33.3599998 -0.941496 
33.3999998 -0.941496 
33.5999998 -0.4989776 
33.79999979 -0.4989776 
33.83999979 -0.4989776 
34.43999979 -0.941496 
34.47999979 -2.708518 
34.71999979 -0.941496 
34.75999979 -1.825007 
34.95999979 -0.941496 
34.99999979 -0.4989776 
35.19999979 -0.941496 
35.87999978 -0.4989776 
35.91999978 -0.4989776 
36.07999978 -0.4989776 
36.31999978 -0.4989776 
36.35999978 -0.941496 
36.55999978 -0.4989776 
36.59999978 -0.941496 
36.79999978 -0.4989776 
36.83999978 -0.941496 
37.23999977 -0.4989776 
37.71999977 -0.4989776 
37.75999977 -0.4989776 
37.99999977 -4.477065 
38.03999977 -2.267525 
38.19999977 -0.941496 
38.23999977 -0.4989776 
38.75999976 -0.4989776 
38.95999976 -0.4989776 
38.99999976 -1.382488 
39.03999976 -0.941496 
39.23999976 -0.4989776 
39.27999976 -1.825007 
39.31999976 -0.4989776 
39.79999976 -0.941496 
40.47999975 -0.4989776 
40.79999975 -1.825007 
40.83999975 -4.034547 
40.87999975 -1.825007 
41.03999975 -3.151036 
41.07999975 -3.593554 
41.23999975 -0.941496 
41.27999975 -2.267525 
41.31999975 -0.941496 
41.55999975 -1.825007 
41.59999975 -1.825007 
41.63999975 -0.941496 
41.75999975 -3.151036 
41.79999975 -2.708518 
41.83999975 -0.941496 
41.87999975 -1.382488 
41.99999974 -5.803094 
42.11999974 -6.244087 
42.19999974 -1.825007 
42.27999974 -1.825007 
42.31999974 -0.941496 
42.35999974 -2.267525 
42.39999974 -3.593554 
42.47999974 -2.267525 
42.51999974 -4.477065 
42.55999974 -2.708518 
42.59999974 -1.382488 
42.63999974 -2.267525 
42.67999974 -0.4989776 
42.75999974 -2.267525 
42.79999974 -4.477065 
42.83999974 -1.825007 
42.91999974 -0.941496 
42.95999974 -4.034547 
42.99999974 -2.267525 
43.03999974 -0.941496 
43.07999974 -0.941496 
43.11999974 -1.825007 
43.15999974 -1.825007 
43.19999974 -1.825007 
43.23999974 -0.941496 
43.27999974 -0.4989776 
43.31999974 -2.267525 
43.35999974 -2.267525 
43.39999974 -1.825007 
43.43999974 -2.267525 
43.47999974 -1.825007 
43.51999974 -0.4989776 
43.55999974 -0.941496 
43.59999974 -1.825007 
43.63999973 -1.825007 
43.67999973 -0.941496 
43.71999973 -0.941496 
43.75999973 -0.941496 
43.79999973 -1.382488 
43.83999973 -0.941496 
43.87999973 -0.941496 
43.91999973 -0.941496 
43.95999973 -0.941496 
43.99999973 -0.941496 
44.03999973 -0.941496 
44.07999973 -0.941496 
44.11999973 -0.941496 
44.15999973 -0.4989776 
44.27999973 -0.941496 
44.31999973 -1.382488 
44.35999973 -1.825007 
44.51999973 -2.267525 
44.55999973 -2.267525 
44.71999973 -0.4989776 
44.75999973 -0.4989776 
44.79999973 -0.4989776 
45.03999973 -0.4989776 
45.07999973 -0.4989776 
45.23999973 -0.4989776 
45.27999972 -2.708518 
45.31999972 -2.267525 
45.47999972 -0.4989776 
45.51999972 -1.382488 
45.55999972 -0.4989776 
45.75999972 -0.4989776 
46.95999971 -0.4989776 
46.99999971 -1.382488 
47.03999971 -0.4989776 
47.19999971 -0.4989776 
47.23999971 -0.941496 
47.27999971 -0.4989776 
47.31999971 -0.941496 
47.35999971 -4.034547 
47.51999971 -1.825007 
47.55999971 -0.941496 
47.63999971 -0.941496 
47.67999971 -0.941496 
47.75999971 -0.941496 
47.79999971 -2.267525 
47.83999971 -0.941496 
47.95999971 -0.941496 
47.99999971 -0.941496 
48.03999971 -0.941496 
48.07999971 -0.941496 
48.11999971 -0.941496 
48.15999971 -0.941496 
48.19999971 -0.4989776 
48.27999971 -0.941496 
48.31999971 -0.941496 
48.35999971 -0.4989776 
48.43999971 -0.941496 
48.47999971 -1.825007 
48.51999971 -1.825007 
48.5599997 -0.941496 
48.5999997 -0.4989776 
48.6399997 -0.4989776 
48.6799997 -0.4989776 
48.7199997 -0.941496 
48.7599997 -1.382488 
48.7999997 -0.941496 
48.8399997 -0.4989776 
48.8799997 -0.4989776 
48.9199997 -0.941496 
48.9599997 -1.825007 
48.9999997 -1.825007 
49.0399997 -0.4989776 
49.1199997 -0.4989776 
49.1599997 -1.825007 
49.1999997 -1.825007 
49.2399997 -0.941496 
49.2799997 -0.4989776 
49.3199997 -0.4989776 
49.3599997 -0.941496 
49.3999997 -0.941496 
49.4399997 -0.4989776 
49.4799997 -0.4989776 
49.5199997 -0.941496 
49.5599997 -0.941496 
49.5999997 -0.941496 
49.6399997 -0.4989776 
49.7599997 -0.4989776 
49.7999997 -0.941496 
49.8399997 -0.941496 
49.8799997 -0.4989776 
49.9199997 -0.4989776 
49.9599997 -0.4989776 
49.9999997 -0.4989776 
50.1199997 -0.4989776 
50.1599997 -0.941496 
50.19999969 -0.4989776 
50.31999969 -0.4989776 
50.39999969 -0.4989776 
50.43999969 -0.4989776 
50.59999969 -0.4989776 
50.63999969 -0.4989776 
50.79999969 -0.4989776 
50.83999969 -0.941496 
50.87999969 -0.4989776 
50.99999969 -0.4989776 
51.03999969 -1.382488 
51.07999969 -0.4989776 
51.19999969 -0.4989776 
51.23999969 -0.4989776 
51.39999969 -4.477065 
51.43999969 -5.803094 
51.59999969 -0.941496 
51.63999969 -5.360576 
51.67999969 -2.708518 
51.83999968 -0.941496 
51.87999968 -1.382488 
51.91999968 -0.4989776 
51.99999968 -0.4989776 
52.15999968 -0.941496 
52.19999968 -0.941496 
52.23999968 -0.4989776 
52.35999968 -0.941496 
52.39999968 -1.382488 
52.47999968 -0.4989776 
52.51999968 -0.941496 
52.55999968 -0.941496 
52.59999968 -1.382488 
52.63999968 -0.941496 
52.67999968 -0.941496 
52.71999968 -0.941496 
52.75999968 -0.941496 
52.79999968 -0.941496 
52.83999968 -1.382488 
52.87999968 -1.825007 
52.91999968 -2.267525 
52.95999968 -3.151036 
52.99999968 -2.267525 
53.03999968 -0.941496 
53.11999968 -0.4989776 
53.15999968 -1.825007 
53.19999968 -3.151036 
53.23999968 -3.151036 
53.27999968 -1.825007 
53.31999968 -0.941496 
53.35999968 -0.941496 
53.39999968 -2.267525 
53.43999968 -3.593554 
53.47999967 -2.708518 
53.51999967 -1.825007 
53.55999967 -1.825007 
53.59999967 -1.382488 
53.63999967 -1.825007 
53.67999967 -3.593554 
53.71999967 -3.593554 
53.75999967 -2.267525 
53.79999967 -1.825007 
53.83999967 -2.267525 
53.87999967 -2.267525 
53.91999967 -2.267525 
53.95999967 -2.267525 
53.99999967 -1.825007 
54.03999967 -2.267525 
54.07999967 -3.151036 
54.11999967 -3.151036 
54.15999967 -2.267525 
54.19999967 -2.267525 
54.23999967 -1.825007 
54.27999967 -2.267525 
54.31999967 -2.708518 
54.35999967 -2.267525 
54.39999967 -1.382488 
54.43999967 -2.267525 
54.47999967 -4.477065 
54.51999967 -4.034547 
54.55999967 -0.4989776 
54.63999967 -1.825007 
54.67999967 -4.034547 
54.71999967 -4.034547 
54.75999967 -2.708518 
54.79999967 -1.825007 
54.83999967 -1.382488 
54.87999967 -1.825007 
54.91999967 -2.708518 
54.95999967 -2.267525 
54.99999967 -3.593554 
55.03999967 -8.012634 
55.07999967 -0.941496 
55.15999966 -0.941496 
55.19999966 -4.034547 
55.23999966 -2.267525 
55.27999966 -0.941496 
55.31999966 -1.825007 
55.35999966 -1.825007 
55.39999966 -1.825007 
55.43999966 -1.825007 
55.47999966 -1.825007 
55.51999966 -1.825007 
55.55999966 -0.941496 
55.59999966 -1.382488 
55.63999966 -1.825007 
55.67999966 -1.825007 
55.71999966 -1.825007 
55.75999966 -0.941496 
55.79999966 -0.941496 
55.83999966 -0.941496 
55.87999966 -1.382488 
55.91999966 -0.941496 
55.95999966 -0.4989776 
56.03999966 -0.941496 
56.07999966 -0.941496 
56.11999966 -0.941496 
56.15999966 -0.4989776 
56.19999966 -0.4989776 
56.23999966 -0.941496 
56.27999966 -1.382488 
56.31999966 -1.825007 
56.35999966 -1.382488 
56.47999966 -0.4989776 
56.51999966 -1.825007 
56.55999966 -0.941496 
56.59999966 -0.4989776 
56.63999966 -0.4989776 
56.67999966 -0.4989776 
56.71999966 -0.4989776 
56.75999966 -0.941496 
56.79999965 -0.941496 
56.83999965 -0.4989776 
56.87999965 -0.4989776 
56.95999965 -0.4989776 
56.99999965 -0.4989776 
57.11999965 -1.825007 
57.15999965 -1.825007 
57.31999965 -1.382488 
57.35999965 -1.825007 
57.39999965 -0.941496 
57.43999965 -1.382488 
57.47999965 -1.825007 
57.51999965 -0.4989776 
57.63999965 -0.941496 
57.67999965 -3.593554 
57.71999965 -3.151036 
57.87999965 -1.825007 
57.91999965 -2.267525 
57.95999965 -0.941496 
57.99999965 -0.4989776 
58.03999965 -0.4989776 
58.07999965 -0.4989776 
58.11999965 -0.941496 
58.15999965 -1.382488 
58.19999965 -0.941496 
58.23999965 -0.941496 
58.35999965 -1.825007 
58.39999965 -2.267525 
58.43999964 -0.941496 
58.55999964 -0.941496 
58.59999964 -1.382488 
58.63999964 -0.941496 
58.67999964 -0.941496 
58.71999964 -0.941496 
58.75999964 -0.941496 
58.79999964 -0.941496 
58.83999964 -0.941496 
58.87999964 -1.382488 
58.91999964 -0.941496 
58.95999964 -0.941496 
58.99999964 -0.941496 
59.03999964 -0.941496 
59.07999964 -0.4989776 
59.15999964 -0.4989776 
59.19999964 -2.267525 
59.23999964 -3.593554 
59.27999964 -1.825007 
59.43999964 -1.825007 
59.47999964 -2.708518 
59.51999964 -1.825007 
59.55999964 -0.4989776 
59.63999964 -0.4989776 
59.67999964 -0.941496 
59.71999964 -1.825007 
59.75999964 -1.825007 
59.79999964 -0.941496 
59.91999964 -0.941496 
59.95999964 -1.825007 
59.99999964 -0.941496 
60.03999964 -0.4989776 
60.07999963 -0.941496 
60.11999963 -0.941496 
60.15999963 -0.941496 
60.19999963 -0.941496 
60.23999963 -0.4989776 
60.31999963 -0.4989776 
60.35999963 -0.4989776 
60.39999963 -0.4989776 
60.43999963 -0.4989776 
60.51999963 -0.4989776 
60.63999963 -0.4989776 
60.67999963 -0.4989776 
60.75999963 -0.4989776 
60.87999963 -0.4989776 
60.91999963 -2.708518 
63.31999962 -0.4989776 
63.55999961 -1.382488 
63.59999961 -0.941496 
63.79999961 -0.941496 
63.83999961 -0.941496 
65.0399996 -1.825007 
65.0799996 -4.034547 
65.2399996 -0.941496 
65.2799996 -3.151036 
65.3199996 -2.708518 
65.3599996 -0.4989776 
65.5199996 -2.708518 
65.5599996 -2.267525 
65.7199996 -0.941496 
65.7599996 -1.825007 
65.7999996 -0.941496 
65.9199996 -0.4989776 
65.9599996 -0.941496 
65.9999996 -0.941496 
66.0399996 -0.941496 
66.0799996 -0.4989776 
66.1199996 -0.4989776 
66.1999996 -0.4989776 
66.2399996 -0.4989776 
66.3599996 -0.941496 
66.3999996 -1.382488 
66.4399996 -0.941496 
66.4799996 -0.4989776 
66.67999959 -0.4989776 
66.71999959 -0.4989776 
66.87999959 -0.941496 
66.91999959 -0.4989776 
67.07999959 -0.4989776 
67.11999959 -0.941496 
67.35999959 -0.4989776 
67.59999959 -0.941496 
67.63999959 -0.941496 
67.75999959 -0.4989776 
67.79999959 -0.4989776 
67.91999959 -0.4989776 
68.99999958 -4.919584 
69.27999958 -0.4989776 
69.35999958 -0.941496 
69.39999958 -0.941496 
69.47999958 -0.4989776 
69.51999958 -4.034547 
69.55999958 -0.941496 
69.75999958 -1.825007 
69.79999958 -5.803094 
69.83999958 -3.151036 
69.99999957 -0.4989776 
70.03999957 -1.825007 
70.07999957 -2.708518 
70.11999957 -0.4989776 
70.27999957 -0.941496 
70.31999957 -1.825007 
70.35999957 -0.941496 
70.47999957 -0.4989776 
70.55999957 -0.4989776 
70.59999957 -0.941496 
70.71999957 -0.4989776 
70.75999957 -0.4989776 
70.79999957 -0.4989776 
70.83999957 -0.4989776 
71.07999957 -0.941496 
71.27999957 -1.382488 
71.31999957 -0.941496 
71.51999957 -0.4989776 
71.55999957 -0.941496 
71.59999956 -1.382488 
71.63999956 -0.4989776 
71.79999956 -0.4989776 
71.83999956 -0.4989776 
72.15999956 -0.941496 
73.79999955 -2.267525 
73.83999955 -0.4989776 
73.95999955 -1.825007 
74.23999955 -0.4989776 
74.27999955 -0.4989776 
74.47999955 -0.4989776 
74.51999955 -0.4989776 
74.59999955 -0.4989776 
74.63999955 -0.4989776 
74.67999955 -0.941496 
74.71999955 -1.825007 
74.87999954 -1.825007 
74.91999954 -2.708518 
74.95999954 -0.941496 
74.99999954 -0.941496 
75.03999954 -2.267525 
75.07999954 -2.267525 
75.11999954 -0.941496 
75.23999954 -0.941496 
75.27999954 -1.825007 
75.31999954 -0.4989776 
75.35999954 -0.4989776 
75.39999954 -0.941496 
75.43999954 -2.267525 
75.47999954 -1.825007 
75.59999954 -1.825007 
75.63999954 -2.267525 
75.67999954 -1.382488 
75.71999954 -0.4989776 
75.75999954 -0.4989776 
75.79999954 -0.4989776 
75.91999954 -1.825007 
75.95999954 -4.034547 
75.99999954 -3.593554 
76.15999954 -2.267525 
76.19999954 -3.151036 
76.23999954 -2.267525 
76.27999954 -0.4989776 
76.35999954 -0.941496 
76.39999954 -1.825007 
76.43999954 -1.825007 
76.47999954 -0.941496 
76.51999953 -1.382488 
76.55999953 -0.941496 
76.59999953 -0.941496 
76.63999953 -1.825007 
76.67999953 -2.267525 
76.71999953 -0.941496 
76.75999953 -0.4989776 
76.79999953 -1.825007 
76.83999953 -2.267525 
76.87999953 -0.941496 
76.91999953 -0.941496 
76.95999953 -0.941496 
76.99999953 -1.825007 
77.03999953 -1.825007 
77.07999953 -1.825007 
77.11999953 -0.941496 
77.15999953 -0.4989776 
77.19999953 -0.941496 
77.23999953 -1.825007 
77.27999953 -1.825007 
77.31999953 -0.941496 
77.35999953 -0.4989776 
77.39999953 -0.4989776 
77.43999953 -1.382488 
77.47999953 -2.267525 
77.51999953 -3.151036 
77.55999953 -1.825007 
77.71999953 -2.267525 
77.75999953 -3.593554 
77.79999953 -1.825007 
77.83999953 -0.4989776 
77.91999953 -0.941496 
77.95999953 -2.267525 
77.99999953 -1.825007 
78.03999953 -0.941496 
78.07999953 -0.941496 
78.11999953 -0.941496 
78.15999952 -0.941496 
78.19999952 -0.941496 
78.23999952 -0.941496 
78.27999952 -0.941496 
78.31999952 -2.267525 
78.35999952 -2.267525 
78.39999952 -0.941496 
78.47999952 -0.4989776 
78.51999952 -0.941496 
78.55999952 -1.825007 
78.59999952 -2.267525 
78.63999952 -1.382488 
78.67999952 -0.4989776 
78.71999952 -0.4989776 
78.75999952 -1.382488 
78.79999952 -1.825007 
78.83999952 -1.382488 
78.87999952 -0.941496 
78.91999952 -0.941496 
78.95999952 -0.941496 
78.99999952 -1.382488 
79.03999952 -1.382488 
79.07999952 -0.941496 
79.11999952 -0.941496 
79.15999952 -0.941496 
79.19999952 -1.825007 
79.23999952 -0.941496 
79.27999952 -1.382488 
79.31999952 -1.825007 
79.35999952 -0.941496 
79.39999952 -0.941496 
79.43999952 -0.941496 
79.47999952 -0.941496 
79.51999952 -1.825007 
79.55999952 -1.825007 
79.59999952 -0.941496 
79.63999952 -0.941496 
79.67999952 -0.941496 
79.71999952 -1.825007 
79.75999952 -2.267525 
79.79999952 -1.825007 
79.83999951 -1.382488 
79.87999951 -0.941496 
79.91999951 -1.382488 
79.95999951 -1.825007 
79.99999951 -2.708518 
80.03999951 -2.267525 
80.07999951 -0.941496 
80.11999951 -0.941496 
80.15999951 -1.825007 
80.19999951 -2.708518 
80.23999951 -2.708518 
80.27999951 -2.267525 
80.31999951 -0.941496 
80.35999951 -0.941496 
80.39999951 -1.825007 
80.43999951 -1.825007 
80.47999951 -1.825007 
80.51999951 -2.267525 
80.55999951 -2.267525 
80.59999951 -1.382488 
80.63999951 -1.382488 
80.67999951 -1.825007 
80.71999951 -2.267525 
80.75999951 -2.267525 
80.79999951 -1.825007 
80.83999951 -1.825007 
80.87999951 -1.825007 
80.91999951 -2.267525 
80.95999951 -2.267525 
80.99999951 -1.825007 
81.03999951 -1.825007 
81.07999951 -1.825007 
81.15999951 -4.477065 
81.19999951 -8.012634 
81.23999951 -2.267525 
81.31999951 -2.267525 
81.35999951 -4.034547 
81.39999951 -2.267525 
81.43999951 -0.941496 
81.4799995 -0.941496 
81.5199995 -1.825007 
81.5599995 -2.267525 
81.5999995 -2.267525 
81.6399995 -1.825007 
81.6799995 -2.267525 
81.7199995 -2.267525 
81.7599995 -1.825007 
81.7999995 -1.382488 
81.8399995 -0.4989776 
81.8799995 -0.941496 
81.9199995 -2.267525 
81.9599995 -4.034547 
81.9999995 -4.477065 
82.0399995 -2.267525 
82.1599995 -0.941496 
82.1999995 -3.593554 
82.2399995 -4.034547 
82.2799995 -2.267525 
82.3199995 -0.941496 
82.3599995 -0.4989776 
82.3999995 -1.382488 
82.4399995 -1.825007 
82.4799995 -2.267525 
82.5199995 -2.267525 
82.5599995 -0.941496 
82.5999995 -0.941496 
82.6399995 -1.382488 
82.6799995 -1.825007 
82.7199995 -1.825007 
82.7599995 -1.382488 
82.7999995 -0.941496 
82.8399995 -1.382488 
82.8799995 -0.941496 
82.9199995 -0.941496 
82.9599995 -0.941496 
82.9999995 -0.941496 
83.0399995 -0.941496 
83.0799995 -0.941496 
83.11999949 -0.4989776 
83.15999949 -0.941496 
83.19999949 -0.941496 
83.23999949 -0.941496 
83.27999949 -0.941496 
83.31999949 -0.4989776 
83.35999949 -0.4989776 
83.39999949 -0.941496 
83.43999949 -0.941496 
83.47999949 -0.941496 
83.51999949 -0.941496 
83.55999949 -0.941496 
83.71999949 -1.825007 
83.75999949 -2.708518 
83.79999949 -0.4989776 
83.95999949 -0.941496 
83.99999949 -0.941496 
84.03999949 -0.4989776 
84.39999949 -0.4989776 
84.43999949 -0.4989776 
84.63999949 -0.4989776 
84.83999948 -1.382488 
84.87999948 -0.941496 
85.07999948 -0.941496 
85.11999948 -0.4989776 
86.19999948 -0.4989776 
86.23999948 -0.941496 
86.63999947 -0.4989776 
86.67999947 -0.4989776 
87.07999947 -0.4989776 
87.19999947 -4.034547 
87.23999947 -0.941496 
87.35999947 -0.941496 
87.39999947 -0.4989776 
87.51999947 -0.4989776 
87.55999947 -0.4989776 
87.59999947 -0.4989776 
87.75999947 -0.4989776 
87.79999947 -0.941496 
87.83999947 -0.4989776 
87.95999947 -1.382488 
87.99999947 -1.382488 
88.19999946 -3.593554 
88.23999946 -3.593554 
88.43999946 -0.941496 
88.47999946 -0.941496 
88.71999946 -0.4989776 
89.11999946 -0.941496 
89.79999945 -0.4989776 
89.83999945 -1.825007 
90.03999945 -0.4989776 
90.51999945 -0.4989776 
90.55999945 -0.941496 
90.75999945 -0.4989776 
90.79999945 -0.941496 
90.83999945 -0.4989776 
90.95999945 -0.4989776 
90.99999945 -0.4989776 
91.03999945 -0.4989776 
91.15999945 -0.4989776 
91.19999945 -0.4989776 
91.23999945 -0.941496 
91.27999945 -0.4989776 
91.31999945 -0.4989776 
91.35999944 -0.4989776 
91.39999944 -0.4989776 
91.43999944 -0.4989776 
91.47999944 -0.941496 
91.51999944 -0.941496 
91.55999944 -0.4989776 
91.59999944 -0.4989776 
91.63999944 -0.941496 
91.67999944 -1.382488 
91.71999944 -0.941496 
91.83999944 -2.267525 
91.87999944 -4.477065 
91.91999944 -2.708518 
92.03999944 -0.941496 
92.07999944 -2.267525 
92.11999944 -2.267525 
92.15999944 -0.941496 
92.19999944 -0.4989776 
92.23999944 -0.4989776 
92.27999944 -0.941496 
92.31999944 -1.825007 
92.35999944 -1.382488 
92.39999944 -0.941496 
92.43999944 -0.4989776 
92.47999944 -0.4989776 
92.51999944 -0.941496 
92.55999944 -0.941496 
92.59999944 -1.382488 
92.63999944 -0.941496 
92.67999944 -0.941496 
92.71999944 -0.4989776 
92.75999944 -0.941496 
92.79999944 -1.382488 
92.83999944 -1.382488 
92.87999944 -0.941496 
92.95999944 -0.4989776 
92.99999943 -0.941496 
93.03999943 -1.825007 
93.07999943 -1.382488 
93.11999943 -0.4989776 
93.23999943 -0.941496 
93.27999943 -0.941496 
93.31999943 -0.4989776 
93.35999943 -0.4989776 
93.39999943 -0.4989776 
93.47999943 -0.4989776 
93.51999943 -0.4989776 
93.55999943 -0.941496 
93.59999943 -0.4989776 
93.67999943 -0.4989776 
93.75999943 -0.4989776 
93.91999943 -4.919584 
93.95999943 -5.360576 
94.11999943 -0.941496 
94.15999943 -2.708518 
94.19999943 -1.382488 
94.39999943 -0.941496 
94.43999943 -0.4989776 
95.67999942 -1.382488 
95.91999942 -6.244087 
95.95999942 -8.012634 
96.11999942 -2.708518 
96.35999941 -4.034547 
96.39999941 -0.941496 
96.51999941 -2.267525 
96.63999941 -1.825007 
96.67999941 -0.941496 
96.79999941 -1.825007 
96.99999941 -0.4989776 
97.03999941 -0.4989776 
97.15999941 -0.4989776 
97.23999941 -0.4989776 
97.27999941 -0.4989776 
97.43999941 -0.941496 
97.47999941 -0.941496 
97.63999941 -0.941496 
97.67999941 -0.4989776 
97.83999941 -0.941496 
97.87999941 -0.941496 
98.0399994 -0.4989776 
98.0799994 -0.941496 
98.1199994 -0.941496 
98.1599994 -0.4989776 
98.1999994 -0.4989776 
98.3199994 -0.4989776 
98.3599994 -1.825007 
98.3999994 -1.382488 
98.4399994 -0.4989776 
98.5199994 -0.4989776 
98.5599994 -0.941496 
98.5999994 -0.4989776 
98.7199994 -0.4989776 
98.7599994 -0.941496 
98.7999994 -0.4989776 
98.9599994 -0.4989776 
98.9999994 -0.4989776 
99.0399994 -0.4989776 
99.0799994 -0.941496 
99.1999994 -0.4989776 
99.2399994 -0.941496 
99.2799994 -0.941496 
99.4799994 -0.941496 
99.5199994 -0.941496 
99.63999939 -0.4989776 
99.67999939 -0.4989776 
99.71999939 -0.4989776 
99.95999939 -0.4989776 
100.07999939 -2.267525 
100.23999939 -2.267525 
100.27999939 -1.382488 
101.71999938 -1.382488 
101.75999938 -2.708518 
101.79999938 -0.941496 
101.95999938 -0.941496 
101.99999938 -1.825007 
102.03999938 -0.941496 
102.19999938 -0.941496 
102.23999938 -1.825007 
102.27999938 -0.941496 
102.35999938 -0.4989776 
102.39999938 -0.941496 
102.43999938 -0.941496 
102.47999938 -0.4989776 
102.51999938 -0.4989776 
102.55999938 -0.941496 
102.59999938 -1.382488 
102.63999938 -0.941496 
102.67999938 -0.4989776 
102.71999938 -1.382488 
102.75999938 -1.825007 
102.79999938 -1.382488 
102.83999937 -0.4989776 
102.87999937 -0.941496 
102.91999937 -2.267525 
102.95999937 -2.267525 
102.99999937 -0.941496 
103.03999937 -0.941496 
103.07999937 -1.825007 
103.11999937 -2.267525 
103.15999937 -2.267525 
103.19999937 -1.382488 
103.23999937 -0.941496 
103.27999937 -1.825007 
103.31999937 -2.267525 
103.35999937 -2.267525 
103.39999937 -2.267525 
103.43999937 -1.825007 
103.47999937 -1.382488 
103.51999937 -2.267525 
103.55999937 -2.708518 
103.59999937 -2.267525 
103.63999937 -1.825007 
103.67999937 -1.825007 
103.71999937 -1.825007 
103.75999937 -2.267525 
103.79999937 -2.708518 
103.83999937 -2.708518 
103.87999937 -2.708518 
103.91999937 -2.708518 
103.95999937 -1.825007 
103.99999937 -2.267525 
104.03999937 -2.708518 
104.07999937 -1.825007 
104.11999937 -2.267525 
104.15999937 -2.267525 
104.19999937 -1.825007 
104.23999937 -1.825007 
104.27999937 -2.267525 
104.31999937 -2.267525 
104.35999937 -2.267525 
104.39999937 -2.708518 
104.43999937 -1.825007 
104.47999937 -2.267525 
104.51999936 -2.708518 
104.55999936 -2.267525 
104.59999936 -1.825007 
104.63999936 -1.382488 
104.67999936 -1.825007 
104.71999936 -3.151036 
104.75999936 -3.151036 
104.79999936 -2.267525 
104.83999936 -1.382488 
104.87999936 -1.825007 
104.91999936 -2.267525 
104.95999936 -2.267525 
104.99999936 -1.825007 
105.03999936 -1.825007 
105.07999936 -2.267525 
105.11999936 -1.825007 
105.19999936 -0.941496 
105.23999936 -2.708518 
105.27999936 -3.151036 
105.31999936 -2.267525 
105.35999936 -0.941496 
105.47999936 -1.825007 
105.51999936 -2.708518 
105.55999936 -1.825007 
105.59999936 -0.941496 
105.63999936 -0.941496 
105.67999936 -1.825007 
105.71999936 -1.825007 
105.75999936 -0.941496 
105.79999936 -0.4989776 
105.83999936 -0.941496 
105.87999936 -1.825007 
105.91999936 -2.267525 
105.95999936 -2.267525 
105.99999936 -0.941496 
106.15999935 -2.267525 
106.19999935 -4.477065 
106.23999935 -2.708518 
106.39999935 -0.941496 
106.43999935 -2.267525 
106.47999935 -1.382488 
106.51999935 -0.4989776 
106.59999935 -0.941496 
106.63999935 -1.382488 
106.67999935 -0.941496 
106.71999935 -0.4989776 
106.79999935 -0.941496 
106.83999935 -0.941496 
106.87999935 -0.941496 
106.91999935 -0.4989776 
106.95999935 -0.941496 
106.99999935 -1.382488 
107.03999935 -0.941496 
107.07999935 -0.941496 
107.11999935 -0.4989776 
107.19999935 -2.267525 
107.23999935 -3.151036 
107.35999935 -1.382488 
107.39999935 -1.825007 
107.43999935 -0.4989776 
107.47999935 -1.825007 
107.51999935 -1.382488 
107.59999935 -0.4989776 
107.63999935 -0.941496 
107.67999935 -0.941496 
107.83999934 -2.267525 
107.87999934 -2.708518 
107.91999934 -0.941496 
108.07999934 -1.825007 
108.11999934 -2.267525 
108.15999934 -0.941496 
108.19999934 -0.4989776 
108.23999934 -0.4989776 
108.27999934 -0.4989776 
108.31999934 -0.4989776 
108.35999934 -0.941496 
108.39999934 -1.382488 
108.43999934 -0.941496 
108.47999934 -0.941496 
108.51999934 -1.382488 
108.55999934 -1.382488 
108.67999934 -1.382488 
108.71999934 -1.825007 
108.75999934 -0.4989776 
108.79999934 -0.4989776 
108.83999934 -0.4989776 
108.87999934 -0.941496 
108.91999934 -0.941496 
108.95999934 -0.941496 
108.99999934 -0.4989776 
109.03999934 -0.941496 
109.07999934 -1.825007 
109.11999934 -0.941496 
109.15999934 -0.941496 
109.19999934 -0.4989776 
109.23999934 -0.4989776 
109.27999934 -0.4989776 
109.31999934 -0.941496 
109.35999934 -0.941496 
109.39999934 -0.4989776 
109.43999933 -0.4989776 
109.47999933 -0.4989776 
109.51999933 -0.4989776 
109.55999933 -0.941496 
109.59999933 -0.941496 
109.63999933 -0.941496 
109.67999933 -0.4989776 
109.71999933 -0.941496 
109.75999933 -0.941496 
109.79999933 -0.941496 
109.83999933 -0.4989776 
109.95999933 -0.4989776 
109.99999933 -0.941496 
110.03999933 -0.4989776 
110.15999933 -0.941496 
110.19999933 -1.825007 
110.23999933 -0.941496 
110.39999933 -0.4989776 
110.43999933 -0.941496 
110.47999933 -0.4989776 
110.51999933 -0.4989776 
110.63999933 -0.4989776 
110.67999933 -0.4989776 
110.79999933 -0.4989776 
110.99999933 -0.4989776 
111.87999932 -0.4989776 
111.91999932 -0.941496 
112.07999932 -2.267525 
112.11999932 -3.151036 
112.15999932 -0.941496 
112.31999932 -2.267525 
112.35999932 -2.267525 
112.39999932 -0.4989776 
112.55999932 -1.382488 
112.59999932 -0.941496 
112.75999931 -0.941496 
112.79999931 -0.4989776 
112.95999931 -0.4989776 
113.07999931 -0.4989776 
113.11999931 -1.825007 
113.15999931 -0.941496 
113.27999931 -0.4989776 
113.31999931 -2.267525 
113.35999931 -0.941496 
113.47999931 -5.360576 
113.51999931 -4.034547 
113.63999931 -0.4989776 
113.67999931 -1.382488 
113.71999931 -0.4989776 
113.75999931 -0.4989776 
113.79999931 -2.267525 
113.83999931 -3.151036 
113.87999931 -0.941496 
113.99999931 -0.4989776 
114.03999931 -1.825007 
114.07999931 -1.825007 
114.11999931 -1.382488 
114.15999931 -0.4989776 
114.23999931 -0.941496 
114.27999931 -1.825007 
114.31999931 -1.825007 
114.3599993 -1.825007 
114.3999993 -0.941496 
114.4799993 -0.941496 
114.5199993 -1.825007 
114.5599993 -1.825007 
114.5999993 -1.382488 
114.6399993 -1.825007 
114.6799993 -0.941496 
114.7199993 -0.941496 
114.7599993 -0.941496 
114.7999993 -1.825007 
114.8399993 -2.267525 
114.8799993 -1.382488 
114.9199993 -0.941496 
114.9599993 -0.941496 
114.9999993 -1.382488 
115.0399993 -1.825007 
115.0799993 -1.825007 
115.1199993 -1.825007 
115.1599993 -0.941496 
115.1999993 -2.267525 
115.2399993 -3.593554 
115.2799993 -0.941496 
115.3999993 -2.267525 
115.4399993 -2.708518 
115.4799993 -1.825007 
115.5199993 -0.4989776 
115.5599993 -0.4989776 
115.5999993 -0.4989776 
115.6399993 -0.941496 
115.6799993 -1.825007 
115.7199993 -0.941496 
115.7599993 -0.941496 
115.7999993 -0.941496 
115.8399993 -1.825007 
115.8799993 -0.941496 
115.9199993 -0.4989776 
115.9599993 -0.4989776 
116.03999929 -0.4989776 
116.07999929 -0.4989776 
116.11999929 -0.941496 
116.15999929 -0.941496 
116.19999929 -0.941496 
116.23999929 -0.4989776 
116.27999929 -0.4989776 
116.31999929 -0.4989776 
116.35999929 -0.4989776 
116.39999929 -0.941496 
116.43999929 -0.941496 
116.55999929 -0.4989776 
116.59999929 -0.941496 
116.63999929 -1.382488 
116.67999929 -0.941496 
116.83999929 -0.4989776 
116.87999929 -0.941496 
117.07999929 -0.4989776 
117.11999929 -0.4989776 
117.15999929 -0.4989776 
117.31999929 -0.4989776 
117.35999929 -0.4989776 
118.03999928 -1.825007 
118.07999928 -2.267525 
118.11999928 -0.4989776 
118.27999928 -0.941496 
118.31999928 -2.267525 
118.35999928 -0.941496 
118.51999928 -0.4989776 
118.55999928 -0.4989776 
118.79999928 -2.267525 
118.83999928 -2.267525 
118.99999928 -0.4989776 
119.31999927 -0.4989776 
119.35999927 -0.4989776 
119.55999927 -0.4989776 
119.59999927 -0.4989776 
119.75999927 -0.941496 
119.79999927 -2.267525 
119.83999927 -2.267525 
119.99999927 -0.4989776 
120.07999927 -0.941496 
120.11999927 -0.941496 
120.23999927 -0.4989776 
120.27999927 -1.825007 
120.31999927 -0.941496 
120.55999927 -0.4989776 
120.59999927 -0.4989776 
120.79999927 -0.4989776 
120.95999926 -0.4989776 
120.99999926 -0.941496 
122.79999925 -4.477065 
122.83999925 -0.941496 
122.99999925 -0.941496 
123.23999925 -3.593554 
123.39999925 -2.267525 
123.51999925 -0.941496 
123.67999925 -0.941496 
124.15999925 -0.941496 
124.19999925 -3.151036 
124.23999924 -0.941496 
124.39999924 -0.941496 
124.43999924 -2.267525 
124.63999924 -0.941496 
124.67999924 -0.4989776 
125.11999924 -0.4989776 
125.31999924 -0.4989776 
125.35999924 -0.941496 
125.51999924 -0.941496 
125.55999924 -0.4989776 
125.83999924 -0.4989776 
125.87999923 -1.825007 
125.91999923 -0.941496 
126.07999923 -0.4989776 
126.11999923 -1.382488 
126.15999923 -0.941496 
126.35999923 -1.825007 
126.39999923 -5.360576 
126.43999923 -0.4989776 
126.55999923 -0.4989776 
126.59999923 -0.941496 
126.63999923 -0.941496 
126.83999923 -0.4989776 
126.87999923 -0.4989776 
126.95999923 -0.4989776 
126.99999923 -0.4989776 
127.19999923 -0.4989776 
127.39999923 -0.4989776 
128.03999922 -0.4989776 
128.07999922 -0.941496 
128.11999922 -0.941496 
128.39999922 -0.4989776 
128.47999922 -0.4989776 
128.51999922 -0.4989776 
128.55999922 -0.941496 
128.59999922 -0.941496 
128.71999922 -0.4989776 
128.75999922 -0.4989776 
128.79999922 -0.941496 
128.83999922 -0.4989776 
128.91999922 -0.4989776 
128.95999922 -0.941496 
128.99999922 -0.941496 
129.03999922 -0.4989776 
129.07999922 -0.4989776 
129.11999922 -0.941496 
129.15999922 -0.941496 
129.19999921 -0.4989776 
129.23999921 -0.941496 
129.27999921 -0.941496 
129.31999921 -0.941496 
129.35999921 -0.941496 
129.39999921 -0.941496 
129.43999921 -1.382488 
129.47999921 -1.825007 
129.51999921 -0.941496 
129.55999921 -0.941496 
129.59999921 -1.382488 
129.63999921 -1.825007 
129.67999921 -2.267525 
129.71999921 -1.825007 
129.75999921 -0.941496 
129.79999921 -1.382488 
129.83999921 -1.825007 
129.87999921 -0.941496 
129.91999921 -1.382488 
129.95999921 -2.267525 
129.99999921 -2.708518 
130.03999921 -3.593554 
130.07999921 -3.593554 
130.11999921 -2.708518 
130.23999921 -0.4989776 
130.27999921 -3.593554 
130.31999921 -4.919584 
130.35999921 -3.593554 
130.39999921 -0.941496 
130.47999921 -0.941496 
130.51999921 -2.267525 
130.55999921 -2.708518 
130.59999921 -2.708518 
130.63999921 -2.267525 
130.67999921 -1.825007 
130.71999921 -0.941496 
130.75999921 -1.825007 
130.79999921 -2.267525 
130.8399992 -2.267525 
130.8799992 -2.267525 
130.9199992 -2.267525 
130.9599992 -1.825007 
130.9999992 -1.825007 
131.0399992 -1.825007 
131.0799992 -1.825007 
131.1199992 -2.267525 
131.1599992 -3.151036 
131.1999992 -2.267525 
131.2399992 -0.4989776 
131.2799992 -0.4989776 
131.3199992 -2.708518 
131.3599992 -4.034547 
131.3999992 -3.151036 
131.4399992 -0.941496 
131.5199992 -0.941496 
131.5599992 -3.593554 
131.5999992 -3.593554 
131.6399992 -0.941496 
131.7199992 -0.941496 
131.7599992 -4.034547 
131.7999992 -4.034547 
131.8399992 -2.267525 
131.9599992 -0.4989776 
131.9999992 -2.267525 
132.0399992 -2.708518 
132.0799992 -1.382488 
132.1199992 -0.4989776 
132.1599992 -0.4989776 
132.1999992 -0.941496 
132.2399992 -1.825007 
132.2799992 -1.825007 
132.3199992 -0.941496 
132.3599992 -0.4989776 
132.3999992 -0.4989776 
132.4399992 -1.382488 
132.47999919 -1.382488 
132.51999919 -0.941496 
132.55999919 -0.941496 
132.59999919 -0.4989776 
132.63999919 -0.941496 
132.67999919 -0.941496 
132.71999919 -0.4989776 
132.75999919 -0.4989776 
132.79999919 -0.941496 
132.83999919 -0.4989776 
132.87999919 -0.4989776 
132.91999919 -0.4989776 
132.95999919 -0.4989776 
133.07999919 -0.4989776 
133.11999919 -0.941496 
133.15999919 -0.4989776 
133.35999919 -6.244087 
133.39999919 -4.477065 
133.51999919 -0.4989776 
133.55999919 -0.941496 
133.59999919 -0.4989776 
133.83999919 -0.4989776 
134.03999919 -0.4989776 
134.07999919 -0.4989776 
134.19999918 -0.4989776 
134.23999918 -0.4989776 
134.35999918 -0.4989776 
134.39999918 -0.4989776 
134.51999918 -0.4989776 
134.71999918 -0.4989776 
134.75999918 -0.941496 
134.79999918 -0.941496 
134.95999918 -0.941496 
134.99999918 -0.941496 
135.03999918 -0.4989776 
135.15999918 -0.4989776 
135.19999918 -0.941496 
135.23999918 -0.941496 
135.27999918 -0.4989776 
135.39999918 -0.4989776 
135.43999918 -1.825007 
135.47999918 -0.4989776 
135.59999918 -0.941496 
135.63999918 -2.267525 
135.67999918 -2.708518 
135.71999918 -0.941496 
135.87999917 -0.4989776 
135.91999917 -2.267525 
135.95999917 -3.593554 
135.99999917 -2.267525 
136.15999917 -2.267525 
136.19999917 -3.151036 
136.23999917 -0.4989776 
136.31999917 -0.4989776 
136.35999917 -0.941496 
136.39999917 -1.825007 
136.43999917 -1.825007 
136.47999917 -0.941496 
136.51999917 -0.941496 
136.55999917 -1.382488 
136.59999917 -1.825007 
136.63999917 -1.382488 
136.67999917 -0.941496 
136.71999917 -0.941496 
136.75999917 -1.825007 
136.79999917 -1.825007 
136.83999917 -1.382488 
136.87999917 -1.382488 
136.91999917 -0.941496 
136.95999917 -0.941496 
136.99999917 -1.825007 
137.03999917 -1.825007 
137.07999917 -1.825007 
137.11999917 -0.941496 
137.15999917 -0.4989776 
137.19999917 -0.941496 
137.23999917 -1.825007 
137.27999917 -1.382488 
137.31999917 -0.941496 
137.35999917 -0.941496 
137.39999916 -0.941496 
137.43999916 -0.4989776 
137.55999916 -0.941496 
137.59999916 -2.708518 
137.63999916 -3.151036 
137.67999916 -1.825007 
137.79999916 -0.4989776 
137.83999916 -2.267525 
137.87999916 -2.267525 
137.91999916 -0.4989776 
138.03999916 -0.941496 
138.07999916 -0.941496 
138.11999916 -0.4989776 
138.19999916 -0.941496 
138.23999916 -0.941496 
138.27999916 -0.4989776 
138.39999916 -0.941496 
138.43999916 -0.941496 
138.59999916 -0.4989776 
138.63999916 -0.941496 
138.67999916 -0.4989776 
138.71999916 -0.4989776 
138.75999916 -0.4989776 
138.87999916 -0.4989776 
138.91999916 -0.941496 
138.95999916 -0.4989776 
139.07999915 -0.4989776 
139.11999915 -0.941496 
139.15999915 -0.4989776 
139.35999915 -0.4989776 
139.39999915 -0.4989776 
139.55999915 -0.4989776 
139.59999915 -0.4989776 
139.63999915 -0.4989776 
139.67999915 -0.4989776 
139.75999915 -1.825007 
139.79999915 -4.477065 
139.95999915 -0.941496 
139.99999915 -0.4989776 
140.03999915 -1.825007 
140.07999915 -1.825007 
140.19999915 -0.941496 
140.23999915 -1.382488 
140.27999915 -0.941496 
140.31999915 -0.4989776 
140.35999915 -0.4989776 
140.39999915 -0.941496 
140.43999915 -0.941496 
140.47999915 -0.941496 
140.51999915 -0.4989776 
140.55999915 -0.4989776 
140.59999915 -0.4989776 
140.63999915 -0.941496 
140.67999915 -1.382488 
140.71999914 -0.941496 
140.75999914 -0.941496 
140.79999914 -0.4989776 
140.83999914 -0.941496 
140.87999914 -0.941496 
140.91999914 -1.825007 
140.95999914 -1.382488 
140.99999914 -0.4989776 
141.03999914 -0.941496 
141.07999914 -1.825007 
141.11999914 -0.941496 
141.15999914 -0.941496 
141.19999914 -1.825007 
141.23999914 -1.825007 
141.27999914 -1.825007 
141.31999914 -0.941496 
141.35999914 -0.941496 
141.39999914 -1.825007 
141.43999914 -1.825007 
141.47999914 -2.267525 
141.51999914 -1.825007 
141.55999914 -1.825007 
141.59999914 -1.382488 
141.63999914 -0.941496 
141.67999914 -0.941496 
141.71999914 -0.941496 
141.75999914 -1.825007 
141.79999914 -3.151036 
141.83999914 -4.034547 
141.87999914 -2.708518 
142.03999914 -2.708518 
142.07999914 -4.477065 
142.11999914 -2.708518 
142.15999914 -0.4989776 
142.23999914 -0.4989776 
142.27999914 -2.267525 
142.31999914 -3.151036 
142.35999913 -1.825007 
142.39999913 -0.941496 
142.43999913 -0.4989776 
142.47999913 -0.941496 
142.51999913 -1.825007 
142.55999913 -1.825007 
142.59999913 -1.825007 
142.63999913 -1.825007 
142.67999913 -0.941496 
142.71999913 -0.4989776 
142.75999913 -0.941496 
142.79999913 -1.825007 
142.83999913 -0.941496 
142.87999913 -0.4989776 
142.91999913 -0.941496 
142.95999913 -0.941496 
142.99999913 -1.825007 
143.03999913 -0.941496 
143.07999913 -0.4989776 
143.11999913 -0.4989776 
143.15999913 -0.4989776 
143.19999913 -0.941496 
143.23999913 -0.941496 
143.27999913 -0.4989776 
143.35999913 -0.4989776 
143.39999913 -0.941496 
143.43999913 -1.825007 
143.47999913 -0.4989776 
143.63999913 -0.941496 
143.67999913 -2.267525 
143.71999913 -0.941496 
143.91999913 -0.941496 
143.95999913 -0.941496 
144.55999912 -0.941496 
144.59999912 -0.4989776 
145.75999911 -1.825007 
145.79999911 -0.4989776 
145.95999911 -3.151036 
145.99999911 -0.941496 
146.11999911 -4.477065 
146.15999911 -0.941496 
146.39999911 -0.4989776 
146.63999911 -0.941496 
147.3999991 -0.4989776 
147.5199991 -0.4989776 
147.7199991 -0.941496 
147.9199991 -2.267525 
147.9599991 -2.708518 
148.1599991 -0.941496 
148.1999991 -0.941496 
149.15999909 -0.4989776 
149.39999909 -0.4989776 
149.51999909 -0.4989776 
149.75999909 -0.4989776 
149.99999909 -4.919584 
150.11999909 -0.941496 
150.19999909 -0.4989776 
150.51999909 -0.941496 
150.63999908 -0.4989776 
150.79999908 -1.825007 
150.95999908 -0.941496 
150.99999908 -0.4989776 
151.31999908 -0.4989776 
151.47999908 -0.4989776 
151.63999908 -0.4989776 
151.75999908 -0.4989776 
151.79999908 -0.4989776 
151.91999908 -0.941496 
151.95999908 -0.941496 
151.99999908 -0.4989776 
152.07999908 -0.4989776 
152.11999908 -0.941496 
152.15999908 -1.825007 
152.19999908 -0.941496 
152.23999907 -1.825007 
152.27999907 -0.941496 
152.35999907 -0.4989776 
152.39999907 -1.825007 
152.43999907 -2.267525 
152.47999907 -1.825007 
152.51999907 -0.4989776 
152.55999907 -0.4989776 
152.59999907 -0.941496 
152.63999907 -2.267525 
152.67999907 -6.686605 
152.71999907 -2.267525 
152.83999907 -3.151036 
152.87999907 -2.708518 
152.91999907 -0.941496 
152.95999907 -0.941496 
152.99999907 -1.825007 
153.03999907 -1.382488 
153.07999907 -1.825007 
153.11999907 -1.825007 
153.15999907 -1.825007 
153.19999907 -1.825007 
153.23999907 -0.941496 
153.27999907 -1.825007 
153.31999907 -0.941496 
153.35999907 -0.941496 
153.39999907 -1.382488 
153.43999907 -2.267525 
153.47999907 -2.267525 
153.51999907 -1.825007 
153.55999907 -0.941496 
153.59999907 -1.382488 
153.63999907 -0.941496 
153.75999907 -0.941496 
153.79999907 -4.477065 
153.83999907 -5.360576 
153.87999906 -2.267525 
154.03999906 -3.593554 
154.07999906 -3.593554 
154.11999906 -1.382488 
154.23999906 -1.382488 
154.27999906 -2.267525 
154.31999906 -1.825007 
154.35999906 -0.4989776 
154.43999906 -0.4989776 
154.47999906 -1.825007 
154.51999906 -1.825007 
154.55999906 -0.4989776 
154.67999906 -0.941496 
154.71999906 -1.382488 
154.75999906 -0.4989776 
154.91999906 -0.4989776 
154.95999906 -0.4989776 
154.99999906 -0.4989776 
155.11999906 -0.4989776 
155.43999906 -0.941496 
155.47999906 -0.941496 
155.51999905 -0.4989776 
155.67999905 -0.4989776 
155.71999905 -1.382488 
155.75999905 -0.941496 
156.23999905 -0.4989776 
156.27999905 -0.4989776 
156.63999905 -0.4989776 
156.83999905 -0.4989776 
156.87999905 -0.941496 
157.07999905 -0.4989776 
157.23999904 -0.4989776 
157.27999904 -0.4989776 
157.31999904 -0.4989776 
157.35999904 -0.4989776 
157.47999904 -0.941496 
157.51999904 -0.4989776 
157.55999904 -0.4989776 
157.59999904 -0.4989776 
157.67999904 -1.825007 
157.71999904 -0.941496 
157.83999904 -0.941496 
157.87999904 -1.825007 
157.91999904 -0.4989776 
157.99999904 -0.4989776 
158.07999904 -0.941496 
158.11999904 -2.267525 
158.15999904 -1.825007 
158.19999904 -0.941496 
158.23999904 -0.941496 
158.31999904 -0.4989776 
158.35999904 -0.941496 
158.39999904 -0.941496 
158.43999904 -0.941496 
158.47999904 -1.382488 
158.51999904 -0.941496 
158.59999904 -0.4989776 
158.63999904 -1.382488 
158.67999904 -1.382488 
158.71999904 -0.941496 
158.79999903 -0.941496 
158.83999903 -1.825007 
158.87999903 -1.825007 
158.91999903 -0.941496 
158.95999903 -0.4989776 
159.03999903 -0.941496 
159.07999903 -1.382488 
159.11999903 -1.382488 
159.15999903 -0.941496 
159.19999903 -0.4989776 
159.23999903 -0.4989776 
159.27999903 -0.941496 
159.31999903 -1.382488 
159.35999903 -0.941496 
159.39999903 -1.825007 
159.51999903 -0.4989776 
159.55999903 -4.034547 
159.59999903 -0.4989776 
159.67999903 -1.825007 
159.71999903 -4.034547 
159.75999903 -1.825007 
159.91999903 -1.825007 
159.95999903 -2.708518 
159.99999903 -1.825007 
160.15999903 -0.941496 
160.19999903 -0.941496 
160.23999903 -0.4989776 
160.43999902 -0.941496 
160.47999902 -0.941496 
160.51999902 -0.4989776 
160.67999902 -0.4989776 
160.71999902 -0.4989776 
160.91999902 -0.941496 
160.95999902 -0.941496 
160.99999902 -0.4989776 
161.19999902 -0.941496 
161.31999902 -0.4989776 
161.35999902 -1.382488 
161.39999902 -0.941496 
161.55999902 -0.4989776 
161.59999902 -2.267525 
161.63999902 -1.825007 
161.83999902 -0.941496 
161.87999902 -0.941496 
162.07999901 -0.941496 
162.11999901 -0.941496 
162.15999901 -0.941496 
162.31999901 -2.267525 
162.35999901 -2.267525 
162.51999901 -2.267525 
162.55999901 -2.708518 
162.59999901 -0.941496 
162.71999901 -0.941496 
162.75999901 -1.825007 
162.79999901 -0.941496 
162.91999901 -0.4989776 
162.95999901 -0.941496 
162.99999901 -0.941496 
163.03999901 -0.941496 
163.07999901 -0.4989776 
163.11999901 -0.4989776 
163.15999901 -0.4989776 
163.19999901 -0.941496 
163.23999901 -0.941496 
163.27999901 -0.941496 
163.31999901 -0.941496 
163.35999901 -0.941496 
163.39999901 -0.4989776 
163.43999901 -0.941496 
163.47999901 -1.825007 
163.51999901 -1.825007 
163.55999901 -0.941496 
163.59999901 -0.4989776 
163.63999901 -0.941496 
163.67999901 -1.825007 
163.719999 -1.825007 
163.759999 -0.941496 
163.799999 -0.941496 
163.839999 -1.382488 
163.879999 -1.382488 
163.919999 -1.825007 
163.959999 -1.825007 
163.999999 -1.825007 
164.039999 -1.382488 
164.079999 -1.382488 
164.119999 -1.382488 
164.159999 -1.825007 
164.199999 -2.267525 
164.239999 -1.825007 
164.279999 -0.941496 
164.319999 -1.825007 
164.359999 -1.825007 
164.399999 -1.382488 
164.439999 -0.941496 
164.479999 -1.382488 
164.519999 -1.825007 
164.559999 -2.267525 
164.599999 -2.708518 
164.639999 -2.267525 
164.679999 -1.825007 
164.719999 -1.825007 
164.759999 -1.825007 
164.799999 -1.382488 
164.839999 -1.825007 
164.879999 -2.267525 
164.919999 -1.825007 
164.959999 -1.825007 
164.999999 -1.825007 
165.039999 -2.267525 
165.079999 -1.825007 
165.119999 -1.825007 
165.159999 -0.941496 
165.199999 -0.941496 
165.239999 -1.825007 
165.279999 -1.825007 
165.319999 -0.941496 
165.359999 -0.941496 
165.39999899 -1.382488 
165.43999899 -2.267525 
165.47999899 -0.941496 
165.51999899 -0.941496 
165.55999899 -2.267525 
165.59999899 -3.593554 
165.63999899 -2.708518 
165.67999899 -0.4989776 
165.79999899 -2.267525 
165.83999899 -4.034547 
165.87999899 -4.034547 
165.91999899 -0.941496 
166.03999899 -0.941496 
166.07999899 -4.034547 
166.11999899 -2.267525 
166.23999899 -1.825007 
166.27999899 -1.825007 
166.35999899 -0.941496 
166.39999899 -1.825007 
166.43999899 -1.825007 
166.47999899 -0.4989776 
166.63999899 -0.941496 
166.67999899 -1.825007 
166.71999899 -0.4989776 
166.79999899 -0.941496 
166.83999899 -1.825007 
166.87999899 -0.941496 
166.91999899 -0.4989776 
166.95999899 -0.4989776 
166.99999899 -0.4989776 
167.03999898 -0.941496 
167.07999898 -0.941496 
167.11999898 -0.4989776 
167.15999898 -0.941496 
167.19999898 -0.941496 
167.23999898 -0.941496 
167.27999898 -1.825007 
167.31999898 -0.941496 
167.43999898 -0.4989776 
167.47999898 -1.825007 
167.51999898 -1.825007 
167.55999898 -0.941496 
167.71999898 -0.941496 
167.75999898 -1.825007 
167.79999898 -0.4989776 
167.91999898 -0.941496 
167.95999898 -1.825007 
167.99999898 -1.825007 
168.03999898 -0.941496 
168.07999898 -0.4989776 
168.15999898 -0.4989776 
168.19999898 -0.4989776 
168.23999898 -0.941496 
168.27999898 -1.382488 
168.31999898 -0.941496 
168.35999898 -0.941496 
168.39999898 -0.941496 
168.43999898 -0.941496 
168.47999898 -0.941496 
168.51999898 -0.941496 
168.55999898 -0.941496 
168.59999898 -0.941496 
168.63999898 -0.941496 
168.67999897 -1.382488 
168.71999897 -1.825007 
168.75999897 -1.825007 
168.79999897 -1.382488 
168.83999897 -0.941496 
168.87999897 -0.4989776 
168.91999897 -1.382488 
168.95999897 -1.825007 
168.99999897 -1.825007 
169.03999897 -1.382488 
169.07999897 -0.941496 
169.11999897 -0.941496 
169.15999897 -1.382488 
169.19999897 -1.825007 
169.23999897 -0.941496 
169.27999897 -0.941496 
169.31999897 -0.941496 
169.35999897 -0.941496 
169.39999897 -1.825007 
169.43999897 -1.825007 
169.47999897 -1.382488 
169.51999897 -0.941496 
169.55999897 -0.941496 
169.59999897 -1.382488 
169.63999897 -1.825007 
169.67999897 -1.382488 
169.71999897 -0.941496 
169.75999897 -1.382488 
169.79999897 -0.941496 
169.83999897 -0.941496 
169.87999897 -1.825007 
169.91999897 -2.267525 
169.95999897 -0.941496 
169.99999897 -0.4989776 
170.03999897 -0.4989776 
170.07999897 -0.941496 
170.11999897 -0.941496 
170.15999897 -1.382488 
170.19999897 -0.941496 
170.23999897 -0.4989776 
170.27999897 -0.941496 
170.31999896 -0.941496 
170.35999896 -0.941496 
170.39999896 -0.941496 
170.43999896 -0.941496 
170.55999896 -0.941496 
170.59999896 -0.4989776 
170.75999896 -0.4989776 
171.55999896 -0.941496 
171.59999896 -1.825007 
171.83999896 -0.941496 
172.27999895 -0.4989776 
173.31999895 -1.825007 
173.35999895 -1.382488 
173.63999894 -1.825007 
174.27999894 -0.941496 
174.43999894 -0.4989776 
174.47999894 -0.941496 
174.67999894 -0.4989776 
174.71999894 -0.4989776 
174.87999894 -0.4989776 
174.91999894 -0.4989776 
175.15999894 -0.4989776 
175.19999894 -0.4989776 
175.35999893 -0.4989776 
175.39999893 -0.4989776 
175.51999893 -0.4989776 
175.55999893 -0.4989776 
175.59999893 -0.4989776 
175.63999893 -0.4989776 
175.87999893 -0.4989776 
175.99999893 -1.825007 
176.03999893 -2.267525 
176.19999893 -0.4989776 
176.23999893 -1.825007 
176.27999893 -1.382488 
176.47999893 -0.941496 
176.51999893 -0.4989776 
176.71999893 -0.941496 
176.75999893 -0.4989776 
176.91999892 -0.4989776 
176.95999892 -0.4989776 
176.99999892 -0.4989776 
177.19999892 -0.941496 
177.23999892 -0.4989776 
177.43999892 -1.825007 
177.47999892 -5.360576 
177.51999892 -4.477065 
177.55999892 -1.382488 
177.71999892 -3.593554 
177.75999892 -7.129124 
177.95999892 -1.825007 
178.03999892 -0.941496 
178.15999892 -0.4989776 
178.19999892 -4.034547 
178.31999892 -1.825007 
178.35999892 -3.593554 
178.71999891 -0.4989776 
178.83999891 -0.4989776 
178.95999891 -1.825007 
178.99999891 -4.477065 
179.15999891 -3.151036 
179.35999891 -0.4989776 
179.39999891 -0.941496 
179.43999891 -0.941496 
179.59999891 -0.4989776 
179.63999891 -0.941496 
179.67999891 -0.4989776 
179.83999891 -1.382488 
179.87999891 -0.941496 
179.99999891 -0.4989776 
180.03999891 -0.4989776 
180.11999891 -0.4989776 
180.15999891 -0.4989776 
180.1999989 -0.941496 
180.2399989 -0.4989776 
180.3599989 -0.4989776 
180.3999989 -0.941496 
180.4399989 -0.4989776 
180.4799989 -0.4989776 
180.5199989 -0.4989776 
180.5599989 -0.4989776 
180.5999989 -0.941496 
180.6399989 -0.941496 
180.6799989 -0.4989776 
180.7199989 -0.4989776 
180.7599989 -0.4989776 
180.7999989 -0.941496 
180.8399989 -0.941496 
180.8799989 -0.941496 
180.9199989 -0.4989776 
180.9999989 -0.941496 
181.0399989 -0.941496 
181.0799989 -0.4989776 
181.1199989 -0.941496 
181.1599989 -0.4989776 
181.2399989 -0.941496 
181.2799989 -1.825007 
181.3199989 -0.941496 
181.3599989 -0.941496 
181.3999989 -0.4989776 
181.4799989 -0.4989776 
181.5199989 -0.941496 
181.5599989 -0.941496 
181.5999989 -0.4989776 
181.7199989 -0.4989776 
181.7599989 -0.4989776 
181.7999989 -0.4989776 
181.95999889 -0.4989776 
181.99999889 -0.4989776 
182.03999889 -0.4989776 
182.19999889 -0.4989776 
182.23999889 -0.4989776 
182.43999889 -0.4989776 
183.31999889 -0.4989776 
183.35999889 -1.825007 
183.39999889 -0.4989776 
183.55999888 -0.4989776 
183.59999888 -1.825007 
183.63999888 -0.941496 
184.71999888 -0.4989776 
184.75999888 -0.941496 
184.79999888 -0.4989776 
185.11999887 -0.941496 
185.15999887 -3.593554 
185.19999887 -2.708518 
185.35999887 -0.941496 
185.39999887 -3.151036 
185.43999887 -2.267525 
185.47999887 -0.4989776 
185.51999887 -1.382488 
185.55999887 -3.151036 
185.67999887 -2.708518 
185.71999887 -3.593554 
185.75999887 -0.941496 
185.87999887 -1.382488 
185.91999887 -1.825007 
185.95999887 -1.825007 
185.99999887 -0.941496 
186.03999887 -0.941496 
186.07999887 -0.941496 
186.11999887 -0.941496 
186.15999887 -1.825007 
186.19999887 -1.825007 
186.23999887 -0.941496 
186.27999887 -0.941496 
186.31999887 -0.4989776 
186.35999887 -1.382488 
186.39999887 -1.825007 
186.43999887 -0.941496 
186.47999887 -0.4989776 
186.51999887 -0.941496 
186.55999887 -1.825007 
186.59999887 -1.825007 
186.63999887 -1.825007 
186.67999887 -0.941496 
186.71999887 -0.941496 
186.75999886 -0.941496 
186.79999886 -1.382488 
186.83999886 -0.941496 
186.87999886 -0.941496 
186.91999886 -0.941496 
186.95999886 -0.941496 
186.99999886 -0.941496 
187.03999886 -1.825007 
187.07999886 -1.382488 
187.11999886 -0.4989776 
187.15999886 -0.4989776 
187.19999886 -0.941496 
187.23999886 -0.941496 
187.31999886 -0.941496 
187.35999886 -1.825007 
187.39999886 -0.4989776 
187.47999886 -0.941496 
187.51999886 -1.382488 
187.55999886 -1.382488 
187.59999886 -0.4989776 
187.67999886 -0.4989776 
187.71999886 -1.825007 
187.75999886 -0.941496 
187.79999886 -0.4989776 
187.91999886 -0.941496 
187.95999886 -1.382488 
187.99999886 -0.4989776 
188.07999886 -0.4989776 
188.11999886 -0.941496 
188.15999886 -1.382488 
188.19999886 -1.382488 
188.23999886 -0.941496 
188.39999886 -0.941496 
188.43999885 -1.382488 
188.47999885 -1.825007 
188.51999885 -0.941496 
188.59999885 -0.941496 
188.63999885 -1.825007 
188.67999885 -1.382488 
188.71999885 -0.4989776 
188.75999885 -0.4989776 
188.87999885 -0.4989776 
188.91999885 -1.825007 
188.95999885 -1.382488 
188.99999885 -0.941496 
189.03999885 -0.4989776 
189.07999885 -0.941496 
189.11999885 -1.382488 
189.15999885 -0.941496 
189.27999885 -0.4989776 
189.31999885 -3.593554 
189.35999885 -4.477065 
189.39999885 -2.267525 
189.51999885 -0.4989776 
189.55999885 -3.151036 
189.59999885 -2.267525 
189.63999885 -0.941496 
189.67999885 -0.941496 
189.71999885 -0.941496 
189.75999885 -1.382488 
189.79999885 -1.825007 
189.83999885 -1.825007 
189.87999885 -1.825007 
189.91999885 -1.825007 
189.95999885 -1.382488 
189.99999885 -1.825007 
190.03999885 -2.267525 
190.07999884 -1.825007 
190.11999884 -1.825007 
190.15999884 -1.825007 
190.19999884 -1.825007 
190.23999884 -2.267525 
190.27999884 -2.267525 
190.31999884 -1.825007 
190.35999884 -1.825007 
190.39999884 -1.825007 
190.43999884 -2.267525 
190.47999884 -2.267525 
190.51999884 -2.267525 
190.55999884 -1.825007 
190.59999884 -1.825007 
190.63999884 -2.267525 
190.67999884 -2.267525 
190.71999884 -2.267525 
190.75999884 -2.267525 
190.79999884 -1.825007 
190.83999884 -1.825007 
190.87999884 -2.267525 
190.91999884 -2.708518 
190.95999884 -2.267525 
190.99999884 -0.941496 
191.03999884 -0.941496 
191.07999884 -2.708518 
191.11999884 -4.477065 
191.15999884 -4.034547 
191.19999884 -1.825007 
191.27999884 -0.4989776 
191.31999884 -2.708518 
191.35999884 -4.034547 
191.39999884 -3.593554 
191.43999884 -2.267525 
191.47999884 -1.825007 
191.51999884 -1.825007 
191.55999884 -2.708518 
191.59999884 -3.151036 
191.63999884 -3.151036 
191.67999884 -2.267525 
191.71999883 -0.4989776 
191.75999883 -1.382488 
191.79999883 -3.151036 
191.83999883 -3.593554 
191.87999883 -2.267525 
191.91999883 -1.825007 
191.95999883 -1.825007 
191.99999883 -1.825007 
192.03999883 -1.825007 
192.07999883 -1.382488 
192.11999883 -2.267525 
192.15999883 -2.267525 
192.19999883 -1.825007 
192.23999883 -1.825007 
192.27999883 -2.267525 
192.31999883 -2.708518 
192.35999883 -1.825007 
192.39999883 -2.267525 
192.51999883 -3.593554 
192.55999883 -3.593554 
192.59999883 -0.941496 
192.63999883 -0.4989776 
192.67999883 -2.267525 
192.71999883 -2.267525 
192.75999883 -1.825007 
192.79999883 -1.825007 
192.83999883 -0.941496 
192.87999883 -0.4989776 
192.91999883 -0.941496 
192.95999883 -2.267525 
192.99999883 -3.151036 
193.03999883 -0.941496 
193.15999883 -3.151036 
193.19999883 -3.593554 
193.23999883 -0.941496 
193.35999882 -0.941496 
193.39999882 -2.708518 
193.43999882 -2.267525 
193.47999882 -0.4989776 
193.55999882 -0.941496 
193.59999882 -0.4989776 
193.63999882 -0.4989776 
193.67999882 -0.941496 
193.71999882 -0.4989776 
193.87999882 -0.4989776 
193.91999882 -0.941496 
193.95999882 -0.4989776 
194.11999882 -0.4989776 
194.15999882 -0.941496 
194.19999882 -0.941496 
194.39999882 -0.4989776 
194.43999882 -0.4989776 
195.07999881 -0.4989776 
195.11999881 -0.941496 
195.31999881 -0.941496 
195.35999881 -2.708518 
195.39999881 -0.941496 
195.55999881 -0.4989776 
195.59999881 -0.941496 
196.11999881 -0.4989776 
196.39999881 -1.825007 
196.43999881 -1.825007 
196.47999881 -0.4989776 
196.6799988 -0.4989776 
196.8799988 -0.4989776 
196.9199988 -1.825007 
196.9599988 -2.267525 
196.9999988 -0.4989776 
197.1599988 -1.825007 
197.1999988 -2.708518 
197.3599988 -0.941496 
197.3999988 -1.825007 
197.4399988 -0.4989776 
197.5599988 -0.4989776 
197.5999988 -0.941496 
197.6399988 -0.4989776 
197.7599988 -0.4989776 
197.7999988 -0.4989776 
197.8399988 -0.4989776 
198.43999879 -0.941496 
199.39999879 -0.4989776 
0 0 
