1.19999999 -0.4989776 
1.23999999 -0.941496 
1.27999999 -1.382488 
1.55999999 -0.941496 
1.59999999 -0.4989776 
2.07999999 -0.4989776 
2.31999999 -0.4989776 
2.35999999 -0.4989776 
2.75999998 -0.4989776 
2.79999998 -0.4989776 
2.83999998 -0.4989776 
3.27999998 -0.941496 
3.31999998 -0.4989776 
3.75999998 -0.941496 
3.79999998 -0.4989776 
3.99999998 -0.4989776 
4.03999998 -0.4989776 
4.23999997 -0.4989776 
4.27999997 -2.708518 
5.75999996 -0.4989776 
5.99999996 -0.941496 
6.03999996 -0.941496 
6.07999996 -0.4989776 
6.43999996 -0.941496 
6.47999996 -0.941496 
6.51999996 -0.4989776 
6.79999996 -0.4989776 
6.91999996 -0.4989776 
7.23999996 -0.4989776 
7.59999995 -0.4989776 
7.67999995 -0.4989776 
7.91999995 -0.4989776 
7.95999995 -0.941496 
7.99999995 -0.4989776 
8.15999995 -0.4989776 
8.19999995 -0.4989776 
8.47999995 -0.4989776 
8.51999995 -0.4989776 
8.91999995 -0.4989776 
9.67999994 -0.4989776 
10.11999994 -0.4989776 
12.11999993 -0.4989776 
12.59999992 -0.4989776 
12.83999992 -0.4989776 
12.87999992 -0.4989776 
12.91999992 -0.4989776 
13.27999992 -0.4989776 
13.31999992 -0.941496 
13.63999992 -0.4989776 
13.79999992 -0.941496 
14.11999991 -0.4989776 
14.15999991 -2.267525 
14.19999991 -0.4989776 
14.47999991 -0.4989776 
14.51999991 -0.4989776 
14.91999991 -0.4989776 
15.31999991 -0.4989776 
15.35999991 -0.4989776 
16.0799999 -0.941496 
16.1199999 -0.4989776 
16.9599999 -0.4989776 
16.9999999 -1.825007 
17.0399999 -3.151036 
17.27999989 -0.4989776 
17.31999989 -1.825007 
17.35999989 -0.941496 
17.43999989 -0.4989776 
17.59999989 -0.4989776 
17.63999989 -0.4989776 
17.71999989 -0.4989776 
17.75999989 -0.941496 
17.79999989 -0.4989776 
17.87999989 -0.4989776 
17.91999989 -0.4989776 
18.07999989 -0.4989776 
18.11999989 -0.941496 
18.15999989 -0.941496 
18.19999989 -0.4989776 
18.23999989 -0.4989776 
18.31999989 -0.4989776 
18.35999989 -1.825007 
18.39999989 -0.4989776 
18.51999989 -0.4989776 
18.55999989 -1.825007 
18.59999989 -2.267525 
18.63999989 -1.382488 
18.67999989 -0.4989776 
18.83999989 -0.4989776 
18.87999989 -0.941496 
18.91999989 -0.941496 
18.95999988 -0.4989776 
18.99999988 -0.4989776 
19.03999988 -0.941496 
19.07999988 -0.941496 
19.27999988 -1.825007 
19.31999988 -2.267525 
19.35999988 -1.825007 
19.39999988 -0.4989776 
19.47999988 -0.4989776 
19.51999988 -0.4989776 
19.59999988 -0.4989776 
19.71999988 -0.4989776 
19.75999988 -0.941496 
19.79999988 -0.4989776 
19.87999988 -0.4989776 
20.11999988 -0.4989776 
20.15999988 -0.941496 
20.19999988 -0.4989776 
20.23999988 -0.4989776 
20.47999988 -0.4989776 
20.51999988 -0.4989776 
20.59999987 -0.4989776 
20.63999987 -0.4989776 
20.79999987 -0.941496 
21.03999987 -0.941496 
21.07999987 -0.941496 
21.11999987 -0.4989776 
21.39999987 -0.4989776 
21.43999987 -0.4989776 
21.75999987 -0.4989776 
21.79999987 -0.4989776 
22.67999986 -0.4989776 
23.03999986 -0.4989776 
23.07999986 -0.4989776 
23.35999986 -0.4989776 
23.39999986 -0.4989776 
23.43999986 -0.4989776 
23.59999986 -3.151036 
23.71999986 -8.896146 
23.75999986 -8.012634 
23.79999986 -1.825007 
23.83999986 -1.382488 
23.87999985 -2.267525 
23.95999985 -0.4989776 
24.07999985 -0.941496 
24.11999985 -1.825007 
24.23999985 -2.267525 
24.27999985 -0.4989776 
24.35999985 -0.941496 
24.39999985 -1.825007 
24.51999985 -0.4989776 
24.55999985 -0.4989776 
24.71999985 -0.4989776 
25.03999985 -0.4989776 
27.55999983 -0.4989776 
27.83999983 -0.4989776 
27.87999983 -0.4989776 
28.15999983 -0.4989776 
28.39999983 -0.4989776 
28.43999983 -0.4989776 
28.67999983 -0.4989776 
28.71999983 -0.4989776 
29.35999982 -0.4989776 
29.47999982 -0.4989776 
29.51999982 -0.4989776 
29.79999982 -0.4989776 
29.95999982 -0.4989776 
30.23999982 -0.4989776 
30.27999982 -0.4989776 
30.43999982 -1.825007 
30.47999981 -0.941496 
30.55999981 -0.941496 
30.71999981 -0.4989776 
31.15999981 -0.4989776 
35.31999979 -0.4989776 
35.35999979 -0.4989776 
39.19999976 -0.941496 
39.23999976 -0.4989776 
39.63999976 -0.4989776 
39.67999976 -0.941496 
39.99999976 -0.4989776 
40.03999976 -0.4989776 
40.07999976 -0.4989776 
40.11999976 -0.4989776 
40.31999975 -0.941496 
40.35999975 -0.4989776 
40.39999975 -0.4989776 
40.43999975 -1.382488 
40.47999975 -2.267525 
40.75999975 -0.4989776 
40.79999975 -0.941496 
40.83999975 -0.4989776 
40.87999975 -0.4989776 
40.91999975 -0.4989776 
41.07999975 -0.4989776 
41.11999975 -0.4989776 
41.15999975 -0.4989776 
41.19999975 -0.941496 
41.23999975 -0.4989776 
41.31999975 -0.4989776 
41.55999975 -0.4989776 
41.63999975 -0.4989776 
41.67999975 -0.941496 
41.71999975 -0.941496 
41.75999975 -0.4989776 
41.95999974 -0.4989776 
41.99999974 -0.941496 
42.03999974 -0.4989776 
42.39999974 -0.4989776 
42.43999974 -0.4989776 
42.83999974 -0.4989776 
42.87999974 -0.4989776 
42.91999974 -0.4989776 
43.15999974 -1.825007 
43.19999974 -4.034547 
43.23999974 -0.941496 
43.31999974 -0.4989776 
43.51999974 -0.4989776 
43.95999973 -1.825007 
43.99999973 -0.4989776 
44.11999973 -0.4989776 
44.15999973 -0.4989776 
44.43999973 -0.4989776 
44.47999973 -0.4989776 
44.51999973 -0.4989776 
44.83999973 -0.4989776 
44.87999973 -0.4989776 
44.91999973 -0.4989776 
45.19999973 -0.4989776 
45.23999973 -0.4989776 
45.27999972 -0.4989776 
45.31999972 -0.4989776 
45.47999972 -0.4989776 
45.63999972 -0.4989776 
45.67999972 -0.4989776 
45.71999972 -0.4989776 
45.75999972 -0.4989776 
46.03999972 -0.941496 
46.07999972 -0.941496 
46.11999972 -0.4989776 
46.35999972 -0.4989776 
46.59999972 -0.4989776 
48.35999971 -0.941496 
48.39999971 -0.4989776 
48.47999971 -4.919584 
48.51999971 -7.129124 
48.5599997 -0.941496 
48.9199997 -2.267525 
48.9599997 -1.382488 
49.1999997 -1.825007 
49.3599997 -0.941496 
49.7199997 -0.4989776 
51.39999969 -0.4989776 
51.67999969 -0.4989776 
51.71999969 -0.941496 
51.75999969 -0.4989776 
52.03999968 -0.4989776 
52.23999968 -0.4989776 
52.27999968 -0.4989776 
53.39999968 -0.4989776 
53.99999967 -0.4989776 
54.03999967 -0.941496 
54.11999967 -0.4989776 
54.15999967 -0.941496 
54.55999967 -0.4989776 
55.03999967 -0.941496 
55.07999967 -0.4989776 
55.51999966 -0.941496 
55.55999966 -0.941496 
55.75999966 -0.4989776 
55.79999966 -0.4989776 
55.83999966 -0.941496 
55.87999966 -0.4989776 
56.11999966 -0.4989776 
56.15999966 -0.4989776 
56.19999966 -0.4989776 
56.23999966 -0.4989776 
56.39999966 -0.4989776 
56.43999966 -0.941496 
56.67999966 -0.4989776 
56.71999966 -0.941496 
56.75999966 -0.4989776 
56.91999965 -0.4989776 
56.95999965 -0.4989776 
56.99999965 -0.4989776 
57.03999965 -0.4989776 
57.07999965 -0.4989776 
57.31999965 -0.4989776 
57.35999965 -0.4989776 
57.39999965 -0.4989776 
57.43999965 -0.4989776 
57.47999965 -0.4989776 
57.51999965 -0.4989776 
57.71999965 -0.4989776 
57.75999965 -0.4989776 
57.79999965 -0.941496 
57.83999965 -0.4989776 
58.19999965 -0.4989776 
58.23999965 -0.941496 
58.27999965 -0.941496 
58.63999964 -0.941496 
58.67999964 -1.825007 
58.87999964 -0.4989776 
59.07999964 -0.4989776 
61.43999963 -0.4989776 
61.87999962 -0.4989776 
61.91999962 -0.4989776 
62.19999962 -0.4989776 
62.35999962 -0.4989776 
62.59999962 -0.4989776 
62.63999962 -0.941496 
62.67999962 -0.4989776 
63.07999962 -0.4989776 
63.11999962 -0.4989776 
64.67999961 -0.4989776 
65.1199996 -0.4989776 
65.5599996 -0.4989776 
65.8799996 -0.4989776 
65.9199996 -0.941496 
65.9599996 -0.4989776 
66.1999996 -0.4989776 
66.2399996 -0.4989776 
66.2799996 -0.941496 
66.3199996 -0.4989776 
66.63999959 -0.4989776 
66.67999959 -0.4989776 
66.71999959 -0.4989776 
66.75999959 -0.941496 
66.99999959 -0.4989776 
67.03999959 -0.941496 
67.07999959 -0.4989776 
67.11999959 -0.941496 
67.15999959 -0.4989776 
67.19999959 -0.4989776 
67.23999959 -0.4989776 
67.43999959 -0.4989776 
67.47999959 -0.4989776 
67.51999959 -0.941496 
67.55999959 -0.941496 
67.59999959 -0.4989776 
67.71999959 -0.4989776 
67.79999959 -0.4989776 
67.83999959 -0.4989776 
67.87999959 -0.941496 
67.91999959 -0.941496 
67.95999959 -0.4989776 
67.99999959 -0.4989776 
68.03999959 -0.4989776 
68.11999959 -0.4989776 
68.15999959 -0.4989776 
68.27999959 -0.4989776 
68.31999958 -0.4989776 
68.35999958 -0.941496 
68.39999958 -0.4989776 
68.59999958 -1.825007 
68.63999958 -1.825007 
68.71999958 -0.4989776 
68.75999958 -0.4989776 
68.87999958 -0.941496 
68.91999958 -0.4989776 
69.03999958 -0.4989776 
69.19999958 -0.941496 
69.35999958 -1.382488 
69.39999958 -0.4989776 
69.47999958 -0.941496 
69.51999958 -0.941496 
69.87999958 -0.4989776 
69.91999958 -0.4989776 
69.95999957 -0.4989776 
69.99999957 -0.4989776 
70.03999957 -0.4989776 
70.39999957 -0.4989776 
70.43999957 -0.4989776 
72.35999956 -0.4989776 
72.39999956 -0.941496 
72.43999956 -0.4989776 
72.71999956 -0.4989776 
72.75999956 -0.4989776 
72.79999956 -0.941496 
72.83999956 -0.941496 
72.87999956 -0.941496 
72.91999956 -2.708518 
72.95999956 -3.593554 
73.39999955 -2.708518 
73.43999955 -1.825007 
73.55999955 -0.4989776 
73.67999955 -2.708518 
73.71999955 -0.4989776 
73.83999955 -1.382488 
73.99999955 -0.941496 
74.03999955 -0.941496 
74.19999955 -0.4989776 
74.31999955 -0.941496 
74.35999955 -0.941496 
74.51999955 -0.4989776 
74.79999955 -0.4989776 
74.83999955 -0.941496 
76.83999953 -0.4989776 
77.55999953 -0.4989776 
77.59999953 -0.941496 
77.99999953 -0.4989776 
78.03999953 -0.941496 
78.07999953 -0.4989776 
78.19999952 -0.4989776 
78.31999952 -0.4989776 
78.35999952 -0.941496 
78.39999952 -0.4989776 
78.43999952 -0.4989776 
78.47999952 -0.941496 
78.51999952 -0.941496 
78.63999952 -0.4989776 
78.67999952 -0.941496 
78.71999952 -0.941496 
78.83999952 -1.382488 
78.87999952 -2.708518 
78.91999952 -2.267525 
78.95999952 -0.941496 
79.11999952 -0.4989776 
79.15999952 -0.941496 
79.19999952 -1.382488 
79.23999952 -1.825007 
79.27999952 -0.941496 
79.31999952 -0.4989776 
79.35999952 -0.4989776 
79.51999952 -0.4989776 
79.55999952 -0.941496 
79.59999952 -0.941496 
79.63999952 -0.4989776 
79.67999952 -0.4989776 
79.71999952 -0.4989776 
79.75999952 -0.4989776 
79.79999952 -0.4989776 
79.99999951 -0.4989776 
80.03999951 -0.941496 
80.07999951 -0.4989776 
80.19999951 -0.4989776 
80.31999951 -2.267525 
80.35999951 -1.825007 
80.43999951 -0.941496 
80.47999951 -1.382488 
81.23999951 -0.4989776 
82.4799995 -0.4989776 
82.5199995 -0.4989776 
82.5999995 -3.151036 
82.6399995 -0.941496 
82.9199995 -0.4989776 
83.23999949 -0.4989776 
83.71999949 -0.4989776 
84.15999949 -0.4989776 
88.99999946 -0.941496 
89.03999946 -1.825007 
89.07999946 -0.4989776 
89.71999945 -0.4989776 
89.75999945 -0.4989776 
90.11999945 -0.4989776 
90.15999945 -0.4989776 
90.19999945 -0.4989776 
90.31999945 -0.4989776 
90.51999945 -0.4989776 
90.55999945 -0.4989776 
90.59999945 -0.4989776 
90.63999945 -0.941496 
90.67999945 -0.4989776 
90.83999945 -0.4989776 
90.87999945 -0.941496 
90.91999945 -0.4989776 
90.95999945 -0.4989776 
90.99999945 -0.4989776 
91.03999945 -0.941496 
91.07999945 -0.4989776 
91.11999945 -0.4989776 
91.35999944 -0.4989776 
91.39999944 -0.4989776 
91.43999944 -0.941496 
91.47999944 -0.4989776 
91.71999944 -0.4989776 
91.75999944 -0.941496 
91.79999944 -0.4989776 
92.15999944 -0.4989776 
92.19999944 -0.4989776 
92.23999944 -0.4989776 
92.27999944 -0.4989776 
92.91999944 -1.825007 
93.35999943 -0.941496 
93.39999943 -0.4989776 
94.35999943 -0.4989776 
94.59999943 -0.4989776 
95.03999942 -0.4989776 
95.35999942 -3.593554 
95.39999942 -0.941496 
95.51999942 -0.4989776 
95.79999942 -0.4989776 
95.83999942 -0.941496 
95.87999942 -0.4989776 
97.31999941 -0.4989776 
97.35999941 -1.825007 
97.43999941 -3.151036 
97.47999941 -8.012634 
97.51999941 -3.593554 
97.83999941 -0.941496 
97.87999941 -1.825007 
97.9999994 -0.941496 
98.1599994 -1.825007 
98.3199994 -0.941496 
99.1599994 -0.4989776 
99.1999994 -0.4989776 
100.23999939 -0.4989776 
100.27999939 -0.4989776 
100.67999939 -0.4989776 
100.71999939 -0.941496 
100.75999939 -0.4989776 
101.03999939 -0.4989776 
101.15999939 -0.4989776 
101.19999938 -0.4989776 
101.39999938 -0.941496 
101.43999938 -0.4989776 
101.83999938 -0.4989776 
101.87999938 -0.4989776 
101.91999938 -0.4989776 
101.95999938 -0.4989776 
101.99999938 -0.4989776 
102.11999938 -0.4989776 
102.27999938 -0.4989776 
102.31999938 -0.4989776 
102.39999938 -0.4989776 
102.59999938 -0.4989776 
102.71999938 -0.4989776 
102.75999938 -0.4989776 
102.79999938 -0.4989776 
103.03999937 -0.4989776 
103.47999937 -0.4989776 
103.51999937 -0.4989776 
103.91999937 -0.4989776 
104.35999937 -0.941496 
104.83999936 -0.4989776 
105.07999936 -0.4989776 
105.15999936 -0.4989776 
105.51999936 -0.4989776 
105.55999936 -0.4989776 
106.43999935 -0.4989776 
106.59999935 -0.4989776 
106.63999935 -4.477065 
106.67999935 -1.382488 
106.75999935 -0.4989776 
106.95999935 -0.941496 
107.11999935 -0.4989776 
107.15999935 -0.4989776 
107.43999935 -0.4989776 
107.59999935 -0.941496 
107.63999935 -0.941496 
108.03999934 -0.4989776 
108.75999934 -0.941496 
108.79999934 -0.941496 
113.15999931 -0.4989776 
114.4399993 -0.4989776 
116.03999929 -0.4989776 
116.07999929 -0.941496 
116.11999929 -0.4989776 
116.43999929 -0.4989776 
116.47999929 -0.4989776 
116.55999929 -0.4989776 
116.75999929 -0.4989776 
116.79999929 -0.4989776 
116.83999929 -0.4989776 
116.87999929 -0.4989776 
116.91999929 -0.4989776 
116.95999929 -0.941496 
116.99999929 -0.4989776 
117.15999929 -0.4989776 
117.19999929 -0.4989776 
117.23999929 -0.941496 
117.27999929 -0.941496 
117.43999929 -0.4989776 
117.47999929 -2.267525 
117.51999929 -1.825007 
117.63999929 -0.4989776 
117.71999928 -0.4989776 
117.75999928 -0.941496 
117.79999928 -0.4989776 
118.03999928 -0.4989776 
118.07999928 -0.941496 
118.11999928 -0.4989776 
118.31999928 -0.4989776 
118.35999928 -0.4989776 
118.51999928 -0.4989776 
118.55999928 -0.941496 
118.79999928 -0.941496 
118.83999928 -0.941496 
118.87999928 -0.4989776 
118.91999928 -0.4989776 
119.27999928 -1.825007 
119.31999927 -1.382488 
119.51999927 -1.825007 
119.55999927 -1.382488 
119.59999927 -0.4989776 
119.63999927 -0.4989776 
119.79999927 -0.4989776 
121.51999926 -3.593554 
121.55999926 -1.382488 
121.75999926 -3.151036 
121.83999926 -0.4989776 
121.87999926 -8.896146 
121.91999926 -5.803094 
122.03999926 -0.941496 
122.23999926 -2.267525 
122.27999926 -1.825007 
122.39999926 -1.825007 
122.51999926 -1.825007 
122.55999926 -2.267525 
122.67999925 -0.941496 
122.71999925 -0.4989776 
122.87999925 -0.941496 
122.91999925 -0.4989776 
123.35999925 -0.4989776 
123.39999925 -0.4989776 
124.11999925 -0.4989776 
124.19999925 -0.4989776 
124.23999924 -0.4989776 
125.35999924 -0.4989776 
125.39999924 -0.4989776 
125.83999924 -0.4989776 
126.55999923 -0.4989776 
126.59999923 -0.4989776 
127.03999923 -0.941496 
127.07999923 -0.941496 
127.31999923 -0.4989776 
127.35999923 -0.4989776 
127.71999922 -0.4989776 
127.79999922 -0.4989776 
127.83999922 -0.4989776 
128.15999922 -0.4989776 
128.19999922 -0.941496 
128.23999922 -0.4989776 
128.27999922 -0.4989776 
128.35999922 -0.4989776 
128.39999922 -0.4989776 
128.43999922 -0.4989776 
128.47999922 -0.4989776 
128.51999922 -0.4989776 
128.55999922 -0.941496 
128.59999922 -0.941496 
128.63999922 -0.4989776 
128.67999922 -0.4989776 
128.83999922 -0.4989776 
128.87999922 -0.4989776 
128.91999922 -0.4989776 
128.95999922 -0.4989776 
128.99999922 -0.941496 
129.03999922 -1.382488 
129.07999922 -0.941496 
129.11999922 -0.4989776 
129.23999921 -0.4989776 
129.39999921 -1.382488 
129.43999921 -2.267525 
129.47999921 -0.941496 
129.67999921 -0.941496 
129.71999921 -0.941496 
129.75999921 -0.941496 
129.79999921 -0.4989776 
130.15999921 -0.4989776 
130.19999921 -0.941496 
130.23999921 -0.941496 
131.3999992 -0.4989776 
131.7999992 -0.4989776 
132.2399992 -0.4989776 
132.91999919 -3.593554 
132.95999919 -3.593554 
132.99999919 -0.4989776 
133.39999919 -0.4989776 
133.43999919 -0.941496 
133.47999919 -0.4989776 
133.87999919 -0.941496 
133.91999919 -0.941496 
134.75999918 -0.941496 
134.79999918 -2.267525 
138.67999916 -0.4989776 
139.11999915 -0.4989776 
139.55999915 -0.4989776 
139.99999915 -0.4989776 
140.27999915 -0.4989776 
140.31999915 -0.4989776 
140.67999915 -0.941496 
140.71999914 -0.941496 
140.75999914 -0.4989776 
141.51999914 -0.941496 
141.79999914 -2.708518 
141.83999914 -4.034547 
141.99999914 -0.4989776 
143.87999913 -0.941496 
143.91999913 -0.941496 
143.95999913 -0.4989776 
144.39999912 -0.4989776 
144.43999912 -0.4989776 
144.79999912 -0.4989776 
144.83999912 -0.4989776 
145.95999911 -0.4989776 
146.23999911 -3.151036 
146.35999911 -8.012634 
146.39999911 -8.896146 
146.43999911 -1.825007 
146.47999911 -0.941496 
146.51999911 -0.941496 
146.71999911 -2.267525 
146.75999911 -0.941496 
146.87999911 -2.267525 
146.99999911 -0.4989776 
147.03999911 -0.4989776 
147.15999911 -1.825007 
147.19999911 -0.4989776 
147.5199991 -0.941496 
148.8399991 -0.4989776 
149.59999909 -0.941496 
149.63999909 -1.825007 
149.83999909 -0.4989776 
149.87999909 -0.941496 
149.91999909 -0.4989776 
150.35999909 -0.941496 
150.39999909 -0.4989776 
151.23999908 -0.4989776 
151.27999908 -0.4989776 
152.11999908 -0.4989776 
152.39999907 -0.4989776 
152.43999907 -0.4989776 
152.83999907 -0.4989776 
153.23999907 -0.4989776 
153.27999907 -0.941496 
153.31999907 -0.4989776 
153.59999907 -0.4989776 
153.63999907 -0.4989776 
153.75999907 -0.4989776 
153.99999906 -0.4989776 
154.03999906 -0.4989776 
154.15999906 -0.4989776 
154.31999906 -0.4989776 
154.35999906 -0.4989776 
154.47999906 -0.4989776 
154.51999906 -0.4989776 
154.83999906 -0.4989776 
154.87999906 -0.941496 
154.91999906 -1.382488 
154.95999906 -0.941496 
155.15999906 -0.4989776 
155.19999906 -0.4989776 
155.23999906 -0.4989776 
155.27999906 -0.4989776 
155.31999906 -0.4989776 
155.35999906 -0.4989776 
155.39999906 -0.4989776 
155.55999905 -0.4989776 
155.59999905 -0.4989776 
155.63999905 -0.4989776 
155.67999905 -0.4989776 
155.71999905 -0.4989776 
155.75999905 -0.4989776 
155.79999905 -0.4989776 
155.83999905 -0.4989776 
155.99999905 -0.4989776 
156.03999905 -0.4989776 
156.07999905 -0.4989776 
156.11999905 -0.4989776 
156.15999905 -0.4989776 
156.19999905 -0.4989776 
156.23999905 -0.4989776 
156.27999905 -0.4989776 
156.43999905 -0.4989776 
156.47999905 -0.4989776 
156.51999905 -0.4989776 
156.55999905 -0.4989776 
156.59999905 -0.4989776 
156.87999905 -0.4989776 
156.91999905 -0.941496 
156.95999905 -0.4989776 
157.31999904 -0.4989776 
157.35999904 -0.4989776 
157.39999904 -0.4989776 
158.23999904 -0.4989776 
158.27999904 -0.4989776 
159.23999903 -4.477065 
159.27999903 -3.151036 
159.75999903 -0.941496 
159.79999903 -0.4989776 
160.55999902 -0.4989776 
160.91999902 -0.941496 
160.95999902 -1.825007 
160.99999902 -0.4989776 
161.03999902 -0.941496 
161.07999902 -0.941496 
161.71999902 -0.4989776 
161.75999902 -0.941496 
161.79999902 -0.4989776 
164.959999 -0.4989776 
164.999999 -0.4989776 
165.319999 -0.4989776 
165.359999 -0.941496 
165.39999899 -0.941496 
165.43999899 -0.941496 
165.59999899 -0.4989776 
165.75999899 -0.4989776 
165.79999899 -0.4989776 
165.83999899 -0.941496 
165.87999899 -0.941496 
166.03999899 -0.941496 
166.07999899 -0.4989776 
166.11999899 -1.825007 
166.27999899 -1.825007 
166.31999899 -1.825007 
166.55999899 -1.825007 
166.59999899 -0.941496 
166.63999899 -0.4989776 
166.67999899 -0.4989776 
166.71999899 -0.4989776 
166.83999899 -0.4989776 
166.95999899 -0.941496 
166.99999899 -0.941496 
167.03999898 -0.4989776 
167.07999898 -0.4989776 
167.11999898 -0.4989776 
167.35999898 -0.4989776 
167.39999898 -0.941496 
167.43999898 -0.4989776 
167.47999898 -0.4989776 
167.87999898 -0.941496 
167.91999898 -0.941496 
167.95999898 -0.4989776 
168.19999898 -0.4989776 
168.23999898 -0.4989776 
170.55999896 -3.593554 
170.71999896 -4.919584 
170.75999896 -0.941496 
170.79999896 -0.941496 
170.83999896 -1.825007 
171.03999896 -4.034547 
171.07999896 -2.267525 
171.19999896 -1.825007 
171.31999896 -1.382488 
171.35999896 -0.941496 
171.47999896 -1.825007 
171.83999896 -0.941496 
171.99999895 -0.4989776 
172.11999895 -1.825007 
172.15999895 -2.267525 
172.27999895 -0.4989776 
172.67999895 -0.4989776 
172.71999895 -0.941496 
173.15999895 -0.4989776 
173.19999895 -0.4989776 
173.67999894 -3.593554 
173.71999894 -2.267525 
173.95999894 -0.4989776 
173.99999894 -0.4989776 
174.71999894 -0.941496 
174.75999894 -0.4989776 
176.35999893 -0.941496 
176.39999893 -0.4989776 
176.67999893 -0.4989776 
176.71999893 -0.4989776 
176.79999893 -0.4989776 
176.83999893 -0.4989776 
177.03999892 -0.4989776 
177.07999892 -0.941496 
177.11999892 -0.941496 
177.15999892 -0.941496 
177.19999892 -0.941496 
177.27999892 -0.4989776 
177.31999892 -0.4989776 
177.43999892 -0.4989776 
177.47999892 -0.941496 
177.51999892 -0.941496 
177.55999892 -0.941496 
177.59999892 -0.941496 
177.63999892 -0.4989776 
177.71999892 -0.4989776 
177.75999892 -0.4989776 
177.79999892 -0.941496 
177.83999892 -0.4989776 
177.87999892 -0.4989776 
177.91999892 -0.941496 
177.95999892 -0.941496 
177.99999892 -0.941496 
178.03999892 -0.4989776 
178.07999892 -0.4989776 
178.19999892 -0.4989776 
178.23999892 -0.4989776 
178.27999892 -0.4989776 
178.31999892 -0.941496 
178.35999892 -0.941496 
178.39999892 -0.4989776 
178.43999892 -0.941496 
178.47999892 -0.941496 
178.51999892 -0.4989776 
178.67999891 -0.941496 
178.71999891 -0.941496 
178.75999891 -0.941496 
178.79999891 -0.4989776 
178.83999891 -0.941496 
179.11999891 -0.4989776 
179.15999891 -0.4989776 
179.47999891 -0.4989776 
179.59999891 -0.4989776 
179.63999891 -0.4989776 
179.75999891 -0.4989776 
179.95999891 -0.941496 
179.99999891 -1.825007 
180.03999891 -0.4989776 
180.2399989 -0.941496 
180.2799989 -0.4989776 
180.3599989 -0.4989776 
180.7599989 -0.4989776 
180.7999989 -0.4989776 
181.1599989 -0.4989776 
181.5599989 -0.4989776 
181.95999889 -0.4989776 
181.99999889 -0.4989776 
182.03999889 -0.4989776 
182.79999889 -0.4989776 
182.83999889 -0.4989776 
183.19999889 -0.4989776 
183.23999889 -0.4989776 
183.67999888 -0.4989776 
183.71999888 -0.4989776 
183.91999888 -0.4989776 
184.39999888 -0.4989776 
184.43999888 -0.4989776 
185.51999887 -0.941496 
185.55999887 -3.593554 
187.23999886 -0.941496 
188.07999886 -0.4989776 
188.11999886 -0.4989776 
188.79999885 -0.4989776 
188.83999885 -0.4989776 
188.87999885 -0.4989776 
188.95999885 -0.4989776 
189.19999885 -0.4989776 
189.31999885 -0.4989776 
189.43999885 -0.4989776 
189.63999885 -0.4989776 
189.67999885 -0.941496 
189.71999885 -0.4989776 
189.75999885 -0.4989776 
190.07999884 -0.941496 
190.11999884 -2.267525 
190.15999884 -0.941496 
190.35999884 -0.941496 
190.39999884 -0.941496 
190.47999884 -0.4989776 
190.51999884 -5.360576 
190.55999884 -1.825007 
190.75999884 -0.941496 
190.79999884 -0.941496 
193.79999882 -0.4989776 
194.03999882 -0.4989776 
194.47999882 -0.4989776 
194.51999882 -0.4989776 
194.91999882 -4.034547 
194.95999882 -0.941496 
195.19999881 -0.4989776 
195.39999881 -3.593554 
195.43999881 -2.267525 
195.67999881 -1.825007 
195.83999881 -1.382488 
198.43999879 -1.382488 
199.83999879 -0.941496 
199.87999879 -1.382488 
199.99999878 -0.4989776 
0 0 
