0.72 -0.4989776 
7.31999996 -0.4989776 
7.43999995 -0.4989776 
7.79999995 -0.4989776 
7.83999995 -0.941496 
7.95999995 -0.941496 
7.99999995 -0.4989776 
8.31999995 -0.941496 
16.3199999 -0.4989776 
16.3599999 -0.4989776 
16.3999999 -0.4989776 
16.4399999 -0.941496 
16.4799999 -0.941496 
16.5199999 -0.941496 
16.5599999 -0.941496 
16.5999999 -0.941496 
16.6399999 -0.941496 
16.6799999 -0.941496 
16.7199999 -1.382488 
16.7599999 -1.825007 
16.7999999 -1.825007 
16.8399999 -1.382488 
16.8799999 -1.825007 
16.9199999 -1.825007 
16.9599999 -1.825007 
16.9999999 -1.825007 
17.0399999 -1.825007 
17.0799999 -1.825007 
17.1199999 -1.825007 
17.1599999 -1.825007 
17.1999999 -1.825007 
17.2399999 -1.825007 
17.27999989 -1.825007 
17.31999989 -2.267525 
17.35999989 -1.825007 
17.39999989 -1.825007 
17.43999989 -1.825007 
17.47999989 -1.825007 
17.51999989 -1.825007 
17.55999989 -1.825007 
17.59999989 -1.825007 
17.63999989 -2.267525 
17.67999989 -1.825007 
17.71999989 -1.825007 
17.75999989 -1.825007 
17.79999989 -1.825007 
17.83999989 -1.825007 
17.87999989 -2.267525 
17.91999989 -1.825007 
17.95999989 -1.825007 
17.99999989 -1.825007 
18.03999989 -2.267525 
18.07999989 -1.825007 
18.11999989 -1.825007 
18.15999989 -1.825007 
18.19999989 -1.825007 
18.23999989 -1.825007 
18.27999989 -1.825007 
18.31999989 -1.825007 
18.35999989 -1.825007 
18.39999989 -1.825007 
18.43999989 -1.825007 
18.47999989 -1.825007 
18.51999989 -1.825007 
18.55999989 -1.825007 
18.59999989 -1.825007 
18.63999989 -1.825007 
18.67999989 -1.825007 
18.71999989 -1.825007 
18.75999989 -1.825007 
18.79999989 -1.825007 
18.83999989 -1.825007 
18.87999989 -1.382488 
18.91999989 -1.382488 
18.95999988 -1.825007 
18.99999988 -1.825007 
19.03999988 -1.825007 
19.07999988 -1.382488 
19.11999988 -1.382488 
19.15999988 -1.825007 
19.19999988 -1.825007 
19.23999988 -1.825007 
19.27999988 -1.825007 
19.31999988 -1.382488 
19.35999988 -1.825007 
19.39999988 -1.825007 
19.43999988 -1.382488 
19.47999988 -1.825007 
19.51999988 -1.825007 
19.55999988 -1.825007 
19.59999988 -1.825007 
19.63999988 -1.825007 
19.67999988 -1.382488 
19.71999988 -1.382488 
19.75999988 -1.382488 
19.79999988 -1.382488 
19.83999988 -1.382488 
19.87999988 -1.382488 
19.91999988 -0.941496 
19.95999988 -1.825007 
19.99999988 -0.941496 
20.03999988 -1.825007 
20.07999988 -0.941496 
20.11999988 -1.382488 
20.15999988 -0.941496 
20.19999988 -1.382488 
20.23999988 -0.941496 
20.27999988 -1.382488 
20.31999988 -1.382488 
20.35999988 -1.382488 
20.39999988 -1.382488 
20.43999988 -1.825007 
20.47999988 -1.382488 
20.51999988 -1.382488 
20.55999988 -1.825007 
20.59999987 -1.825007 
20.63999987 -1.825007 
20.67999987 -1.825007 
20.71999987 -1.825007 
20.75999987 -1.825007 
20.79999987 -1.825007 
20.83999987 -1.825007 
20.87999987 -1.825007 
20.91999987 -1.825007 
20.95999987 -1.825007 
20.99999987 -1.825007 
21.03999987 -1.825007 
21.07999987 -1.825007 
21.11999987 -1.825007 
21.15999987 -1.825007 
21.19999987 -1.825007 
21.23999987 -2.267525 
21.27999987 -1.825007 
21.31999987 -1.825007 
21.35999987 -1.825007 
21.39999987 -2.267525 
21.43999987 -1.825007 
21.47999987 -1.825007 
21.51999987 -1.825007 
21.55999987 -2.267525 
21.59999987 -1.825007 
21.63999987 -2.267525 
21.67999987 -1.825007 
21.71999987 -1.825007 
21.75999987 -2.267525 
21.79999987 -2.267525 
21.83999987 -2.267525 
21.87999987 -1.825007 
21.91999987 -2.267525 
21.95999987 -2.267525 
21.99999987 -1.825007 
22.03999987 -2.267525 
22.07999987 -2.267525 
22.11999987 -2.267525 
22.15999987 -2.267525 
22.19999987 -2.267525 
22.23999986 -1.825007 
22.27999986 -2.267525 
22.31999986 -1.825007 
22.35999986 -2.267525 
22.39999986 -2.267525 
22.43999986 -1.825007 
22.47999986 -2.267525 
22.51999986 -2.267525 
22.55999986 -2.267525 
22.59999986 -1.825007 
22.63999986 -1.825007 
22.67999986 -1.825007 
22.71999986 -1.825007 
22.75999986 -1.825007 
22.79999986 -1.825007 
22.83999986 -1.825007 
22.87999986 -1.825007 
22.91999986 -1.825007 
22.95999986 -1.825007 
22.99999986 -1.825007 
23.03999986 -1.825007 
23.07999986 -1.825007 
23.11999986 -1.825007 
23.15999986 -1.825007 
23.19999986 -1.825007 
23.23999986 -1.825007 
23.27999986 -1.382488 
23.31999986 -1.382488 
23.35999986 -0.941496 
23.39999986 -0.941496 
23.43999986 -0.941496 
23.47999986 -0.941496 
23.51999986 -1.825007 
23.55999986 -0.4989776 
23.59999986 -0.941496 
23.63999986 -0.941496 
23.67999986 -0.941496 
23.71999986 -0.4989776 
23.75999986 -0.941496 
23.79999986 -0.941496 
23.83999986 -0.4989776 
23.87999985 -0.941496 
23.91999985 -0.4989776 
23.95999985 -0.4989776 
32.5199998 -0.4989776 
32.5999998 -0.4989776 
32.6399998 -0.941496 
32.6799998 -0.4989776 
32.7199998 -0.4989776 
32.7599998 -0.941496 
32.7999998 -0.4989776 
32.8399998 -2.267525 
32.8799998 -0.941496 
32.9199998 -0.4989776 
32.9599998 -1.825007 
32.9999998 -1.825007 
33.0399998 -0.941496 
33.0799998 -0.941496 
33.1199998 -1.825007 
33.1599998 -0.941496 
33.1999998 -0.941496 
33.2399998 -0.941496 
33.2799998 -0.941496 
33.3199998 -2.708518 
33.3599998 -2.708518 
33.3999998 -0.4989776 
33.4399998 -0.4989776 
33.4799998 -1.825007 
33.5199998 -1.382488 
33.5599998 -0.941496 
33.5999998 -2.267525 
33.6399998 -2.267525 
33.6799998 -0.941496 
33.7199998 -0.941496 
33.75999979 -1.825007 
33.79999979 -1.825007 
33.83999979 -1.382488 
33.87999979 -0.941496 
33.91999979 -1.825007 
33.95999979 -1.825007 
33.99999979 -1.382488 
34.03999979 -0.941496 
34.07999979 -0.941496 
34.11999979 -1.825007 
34.15999979 -0.941496 
34.19999979 -0.941496 
34.23999979 -0.941496 
34.27999979 -0.941496 
34.31999979 -0.941496 
34.35999979 -0.941496 
34.39999979 -0.941496 
34.43999979 -0.941496 
34.47999979 -0.941496 
34.51999979 -0.4989776 
34.55999979 -0.4989776 
34.59999979 -0.4989776 
34.63999979 -0.4989776 
34.67999979 -0.4989776 
43.47999974 -0.4989776 
43.51999974 -0.4989776 
43.59999974 -0.4989776 
43.63999973 -0.4989776 
43.67999973 -0.4989776 
43.71999973 -0.941496 
43.75999973 -0.941496 
43.79999973 -0.941496 
43.83999973 -1.382488 
43.87999973 -0.941496 
43.91999973 -1.825007 
43.95999973 -1.825007 
43.99999973 -1.825007 
44.03999973 -1.825007 
44.07999973 -2.267525 
44.11999973 -2.267525 
44.15999973 -2.267525 
44.19999973 -2.267525 
44.23999973 -2.267525 
44.27999973 -1.825007 
44.31999973 -2.708518 
44.35999973 -2.708518 
44.39999973 -2.267525 
44.43999973 -2.267525 
44.47999973 -3.151036 
44.51999973 -3.151036 
44.55999973 -3.151036 
44.59999973 -3.151036 
44.63999973 -2.708518 
44.67999973 -3.593554 
44.71999973 -3.151036 
44.75999973 -2.708518 
44.79999973 -2.708518 
44.83999973 -3.151036 
44.87999973 -3.593554 
44.91999973 -3.593554 
44.95999973 -3.593554 
44.99999973 -3.593554 
45.03999973 -3.593554 
45.07999973 -3.593554 
45.11999973 -3.593554 
45.15999973 -3.151036 
45.19999973 -3.593554 
45.23999973 -3.151036 
45.27999972 -3.593554 
45.31999972 -2.708518 
45.35999972 -3.151036 
45.39999972 -3.151036 
45.43999972 -3.151036 
45.47999972 -3.151036 
45.51999972 -3.151036 
45.55999972 -3.151036 
45.59999972 -2.708518 
45.63999972 -3.151036 
45.67999972 -3.151036 
45.71999972 -2.708518 
45.75999972 -2.708518 
45.79999972 -3.151036 
45.83999972 -2.708518 
45.87999972 -2.708518 
45.91999972 -2.708518 
45.95999972 -2.708518 
45.99999972 -2.267525 
46.03999972 -2.708518 
46.07999972 -2.267525 
46.11999972 -2.267525 
46.15999972 -2.267525 
46.19999972 -2.267525 
46.23999972 -2.267525 
46.27999972 -1.825007 
46.31999972 -1.825007 
46.35999972 -1.825007 
46.39999972 -1.825007 
46.43999972 -1.825007 
46.47999972 -1.825007 
46.51999972 -1.825007 
46.55999972 -1.825007 
46.59999972 -1.382488 
46.63999972 -1.382488 
46.67999972 -1.825007 
46.71999972 -0.941496 
46.75999972 -0.941496 
46.79999972 -0.941496 
46.83999972 -0.941496 
46.87999972 -0.941496 
46.91999971 -0.941496 
46.95999971 -0.941496 
46.99999971 -0.941496 
47.03999971 -0.941496 
47.07999971 -0.4989776 
47.11999971 -0.4989776 
47.15999971 -0.4989776 
47.19999971 -0.4989776 
47.23999971 -0.4989776 
47.27999971 -0.4989776 
48.5999997 -0.4989776 
49.2399997 -0.4989776 
55.31999966 -0.4989776 
55.43999966 -0.4989776 
55.47999966 -0.4989776 
55.51999966 -0.4989776 
55.55999966 -0.941496 
55.59999966 -0.941496 
55.63999966 -0.941496 
55.67999966 -0.941496 
55.71999966 -0.941496 
55.75999966 -0.941496 
55.79999966 -0.941496 
55.83999966 -0.941496 
55.87999966 -0.941496 
55.91999966 -0.941496 
55.95999966 -0.941496 
55.99999966 -0.941496 
56.03999966 -1.382488 
56.07999966 -1.382488 
56.11999966 -1.382488 
56.15999966 -0.941496 
56.19999966 -1.382488 
56.23999966 -1.382488 
56.27999966 -1.382488 
56.31999966 -1.825007 
56.35999966 -1.825007 
56.39999966 -1.825007 
56.43999966 -1.382488 
56.47999966 -0.941496 
56.51999966 -1.825007 
56.55999966 -0.941496 
56.59999966 -0.941496 
56.63999966 -0.941496 
56.67999966 -0.941496 
56.71999966 -0.941496 
56.75999966 -0.941496 
56.79999965 -0.941496 
56.83999965 -0.941496 
56.87999965 -0.4989776 
56.91999965 -0.941496 
56.95999965 -0.941496 
56.99999965 -0.941496 
57.03999965 -0.4989776 
57.07999965 -0.4989776 
57.11999965 -0.4989776 
57.15999965 -0.4989776 
57.75999965 -0.4989776 
66.91999959 -0.4989776 
66.99999959 -0.4989776 
67.03999959 -0.4989776 
67.07999959 -0.941496 
67.11999959 -0.4989776 
67.15999959 -0.4989776 
67.19999959 -0.4989776 
67.23999959 -0.4989776 
67.27999959 -0.4989776 
67.31999959 -0.4989776 
67.35999959 -0.4989776 
67.39999959 -0.4989776 
67.43999959 -0.4989776 
67.47999959 -0.4989776 
67.51999959 -0.4989776 
67.55999959 -0.4989776 
67.59999959 -0.4989776 
67.63999959 -0.4989776 
67.67999959 -0.4989776 
67.71999959 -0.4989776 
67.75999959 -0.941496 
67.79999959 -0.4989776 
67.83999959 -0.4989776 
67.87999959 -0.4989776 
67.91999959 -0.4989776 
67.95999959 -0.4989776 
67.99999959 -0.4989776 
68.03999959 -0.4989776 
68.07999959 -0.4989776 
68.11999959 -0.4989776 
68.15999959 -0.4989776 
68.19999959 -0.4989776 
68.23999959 -0.4989776 
68.27999959 -0.4989776 
68.31999958 -0.4989776 
68.35999958 -0.4989776 
68.39999958 -0.4989776 
68.47999958 -0.4989776 
68.51999958 -0.4989776 
68.75999958 -0.4989776 
70.35999957 -0.4989776 
70.39999957 -0.4989776 
70.47999957 -0.4989776 
70.51999957 -0.4989776 
70.55999957 -0.4989776 
70.59999957 -0.4989776 
70.63999957 -0.941496 
70.67999957 -0.941496 
70.71999957 -0.941496 
70.75999957 -0.941496 
70.79999957 -0.941496 
70.83999957 -0.941496 
70.87999957 -0.941496 
70.91999957 -0.941496 
70.95999957 -1.382488 
70.99999957 -1.382488 
71.03999957 -1.382488 
71.07999957 -1.825007 
71.11999957 -1.825007 
71.15999957 -1.825007 
71.19999957 -1.825007 
71.23999957 -2.267525 
71.27999957 -2.267525 
71.31999957 -2.267525 
71.35999957 -2.267525 
71.39999957 -1.825007 
71.43999957 -2.267525 
71.47999957 -2.267525 
71.51999957 -2.267525 
71.55999957 -2.267525 
71.59999956 -2.708518 
71.63999956 -2.708518 
71.67999956 -2.708518 
71.71999956 -2.708518 
71.75999956 -2.708518 
71.79999956 -2.708518 
71.83999956 -2.708518 
71.87999956 -2.708518 
71.91999956 -3.151036 
71.95999956 -2.708518 
71.99999956 -3.151036 
72.03999956 -2.708518 
72.07999956 -3.151036 
72.11999956 -2.708518 
72.15999956 -3.151036 
72.19999956 -3.151036 
72.23999956 -3.151036 
72.27999956 -2.708518 
72.31999956 -3.151036 
72.35999956 -3.151036 
72.39999956 -3.151036 
72.43999956 -2.708518 
72.47999956 -3.151036 
72.51999956 -3.151036 
72.55999956 -2.708518 
72.59999956 -3.151036 
72.63999956 -3.151036 
72.67999956 -3.151036 
72.71999956 -3.151036 
72.75999956 -2.708518 
72.79999956 -2.708518 
72.83999956 -2.708518 
72.87999956 -3.151036 
72.91999956 -3.151036 
72.95999956 -2.708518 
72.99999956 -2.708518 
73.03999956 -2.708518 
73.07999956 -2.267525 
73.11999956 -2.708518 
73.15999956 -2.267525 
73.19999956 -2.267525 
73.23999955 -2.708518 
73.27999955 -2.267525 
73.31999955 -2.267525 
73.35999955 -1.825007 
73.39999955 -1.825007 
73.43999955 -1.825007 
73.47999955 -1.825007 
73.51999955 -1.382488 
73.55999955 -1.825007 
73.59999955 -1.382488 
73.63999955 -1.382488 
73.67999955 -1.382488 
73.71999955 -1.382488 
73.75999955 -0.941496 
73.79999955 -0.4989776 
73.83999955 -0.4989776 
73.87999955 -0.941496 
73.91999955 -0.4989776 
73.95999955 -0.4989776 
77.59999953 -0.4989776 
77.63999953 -0.4989776 
77.67999953 -0.4989776 
77.71999953 -0.4989776 
77.75999953 -0.4989776 
77.79999953 -0.4989776 
77.83999953 -0.4989776 
77.87999953 -0.4989776 
77.91999953 -0.4989776 
77.95999953 -0.941496 
77.99999953 -0.941496 
78.03999953 -0.941496 
78.07999953 -0.941496 
78.11999953 -0.941496 
78.15999952 -0.941496 
78.19999952 -0.941496 
78.23999952 -0.941496 
78.27999952 -0.941496 
78.31999952 -0.941496 
78.35999952 -0.4989776 
78.39999952 -0.941496 
78.43999952 -0.941496 
78.47999952 -0.941496 
78.51999952 -0.941496 
78.55999952 -0.941496 
78.59999952 -0.941496 
78.63999952 -0.941496 
78.67999952 -0.941496 
78.71999952 -0.941496 
78.75999952 -0.4989776 
78.79999952 -0.4989776 
78.83999952 -0.941496 
78.87999952 -0.941496 
78.91999952 -0.941496 
78.95999952 -0.4989776 
78.99999952 -0.4989776 
79.03999952 -0.4989776 
79.07999952 -0.4989776 
79.27999952 -0.4989776 
81.9999995 -0.4989776 
82.1199995 -0.4989776 
82.1599995 -0.4989776 
82.1999995 -0.4989776 
82.2399995 -0.4989776 
82.2799995 -0.4989776 
82.3199995 -0.4989776 
82.3599995 -0.4989776 
82.3999995 -0.4989776 
82.4399995 -0.4989776 
82.4799995 -0.4989776 
82.5199995 -0.4989776 
82.5599995 -0.941496 
82.5999995 -0.941496 
82.6399995 -0.941496 
82.6799995 -0.941496 
82.7199995 -0.941496 
82.7599995 -2.267525 
82.7999995 -0.941496 
82.8799995 -1.825007 
82.9199995 -1.825007 
82.9599995 -0.4989776 
82.9999995 -0.941496 
83.0399995 -1.382488 
83.0799995 -0.941496 
83.11999949 -0.4989776 
83.15999949 -0.4989776 
83.19999949 -0.4989776 
83.23999949 -2.267525 
83.27999949 -2.267525 
83.31999949 -0.4989776 
83.39999949 -1.825007 
83.43999949 -0.941496 
83.51999949 -0.941496 
83.55999949 -1.382488 
83.59999949 -0.4989776 
83.67999949 -0.941496 
83.75999949 -0.4989776 
83.79999949 -0.4989776 
83.83999949 -0.4989776 
83.87999949 -0.4989776 
83.91999949 -0.941496 
83.95999949 -0.4989776 
84.03999949 -0.4989776 
84.07999949 -0.4989776 
93.19999943 -0.4989776 
93.23999943 -0.4989776 
93.27999943 -0.4989776 
93.31999943 -0.941496 
93.35999943 -0.941496 
93.39999943 -0.941496 
93.43999943 -0.941496 
93.47999943 -0.941496 
93.51999943 -1.825007 
93.55999943 -1.825007 
93.59999943 -1.825007 
93.63999943 -1.825007 
93.67999943 -1.825007 
93.71999943 -1.825007 
93.75999943 -2.267525 
93.79999943 -2.267525 
93.83999943 -2.267525 
93.87999943 -2.267525 
93.91999943 -2.267525 
93.95999943 -2.708518 
93.99999943 -2.708518 
94.03999943 -2.708518 
94.07999943 -2.708518 
94.11999943 -2.708518 
94.15999943 -3.151036 
94.19999943 -3.151036 
94.23999943 -3.151036 
94.27999943 -2.708518 
94.31999943 -3.151036 
94.35999943 -3.593554 
94.39999943 -3.593554 
94.43999943 -3.151036 
94.47999943 -3.593554 
94.51999943 -3.593554 
94.55999943 -3.593554 
94.59999943 -3.593554 
94.63999942 -3.593554 
94.67999942 -3.151036 
94.71999942 -3.593554 
94.75999942 -3.593554 
94.79999942 -3.593554 
94.83999942 -3.593554 
94.87999942 -3.593554 
94.91999942 -3.593554 
94.95999942 -3.593554 
94.99999942 -3.151036 
95.03999942 -3.593554 
95.07999942 -3.151036 
95.11999942 -3.151036 
95.15999942 -2.708518 
95.19999942 -3.151036 
95.23999942 -2.708518 
95.27999942 -2.708518 
95.31999942 -2.708518 
95.35999942 -2.708518 
95.39999942 -3.151036 
95.43999942 -2.708518 
95.47999942 -2.708518 
95.51999942 -2.267525 
95.55999942 -2.708518 
95.59999942 -2.267525 
95.63999942 -2.267525 
95.67999942 -2.267525 
95.71999942 -2.267525 
95.75999942 -1.825007 
95.79999942 -1.825007 
95.83999942 -1.825007 
95.87999942 -1.825007 
95.91999942 -1.825007 
95.95999942 -1.382488 
95.99999942 -0.941496 
96.03999942 -0.941496 
96.07999942 -0.941496 
96.11999942 -0.941496 
96.15999942 -0.941496 
96.19999942 -0.4989776 
96.23999942 -0.941496 
96.27999941 -0.4989776 
96.31999941 -0.4989776 
96.35999941 -0.4989776 
104.19999937 -0.4989776 
104.23999937 -0.4989776 
104.27999937 -0.4989776 
104.31999937 -0.4989776 
104.35999937 -0.4989776 
104.39999937 -0.4989776 
104.43999937 -0.941496 
104.47999937 -0.941496 
104.51999936 -0.941496 
104.55999936 -0.941496 
104.59999936 -0.941496 
104.63999936 -0.941496 
104.67999936 -0.941496 
104.71999936 -0.941496 
104.75999936 -0.941496 
104.79999936 -0.941496 
104.83999936 -0.941496 
104.87999936 -1.825007 
104.91999936 -1.825007 
104.95999936 -1.825007 
104.99999936 -1.382488 
105.03999936 -1.825007 
105.07999936 -1.825007 
105.11999936 -1.825007 
105.15999936 -1.825007 
105.19999936 -2.267525 
105.23999936 -1.825007 
105.27999936 -2.267525 
105.31999936 -2.267525 
105.35999936 -2.267525 
105.39999936 -2.267525 
105.43999936 -2.267525 
105.47999936 -2.267525 
105.51999936 -2.267525 
105.55999936 -2.267525 
105.59999936 -2.267525 
105.63999936 -2.267525 
105.67999936 -2.708518 
105.71999936 -2.267525 
105.75999936 -2.267525 
105.79999936 -2.267525 
105.83999936 -2.267525 
105.87999936 -2.267525 
105.91999936 -2.267525 
105.95999936 -1.825007 
105.99999936 -1.825007 
106.03999936 -2.267525 
106.07999936 -2.267525 
106.11999936 -2.267525 
106.15999935 -2.267525 
106.19999935 -2.267525 
106.23999935 -2.267525 
106.27999935 -2.267525 
106.31999935 -1.825007 
106.35999935 -1.825007 
106.39999935 -1.825007 
106.43999935 -1.825007 
106.47999935 -1.825007 
106.51999935 -1.825007 
106.55999935 -1.825007 
106.59999935 -1.825007 
106.63999935 -1.825007 
106.67999935 -1.382488 
106.71999935 -1.382488 
106.75999935 -0.941496 
106.79999935 -0.941496 
106.83999935 -0.941496 
106.87999935 -1.382488 
106.91999935 -0.941496 
106.95999935 -0.941496 
106.99999935 -0.941496 
107.03999935 -0.941496 
107.07999935 -0.4989776 
107.11999935 -0.941496 
107.15999935 -0.4989776 
107.27999935 -0.4989776 
107.67999935 -0.941496 
107.83999934 -0.4989776 
108.19999934 -0.4989776 
109.79999933 -0.4989776 
110.11999933 -0.4989776 
110.23999933 -0.4989776 
110.27999933 -0.4989776 
110.35999933 -0.4989776 
110.39999933 -0.4989776 
110.43999933 -0.4989776 
110.47999933 -0.4989776 
110.51999933 -0.4989776 
110.55999933 -0.4989776 
110.59999933 -0.4989776 
110.63999933 -0.4989776 
110.67999933 -0.4989776 
110.71999933 -0.4989776 
110.75999933 -0.4989776 
110.83999933 -0.4989776 
110.87999933 -0.4989776 
110.95999933 -0.4989776 
120.39999927 -0.4989776 
120.43999927 -0.4989776 
120.51999927 -0.4989776 
120.55999927 -0.4989776 
120.59999927 -0.4989776 
120.63999927 -0.4989776 
120.67999927 -0.4989776 
120.71999927 -0.4989776 
120.75999927 -0.4989776 
120.79999927 -0.4989776 
120.83999927 -0.4989776 
120.87999927 -0.941496 
120.91999927 -0.941496 
120.95999926 -0.941496 
120.99999926 -0.4989776 
121.03999926 -0.941496 
121.07999926 -0.941496 
121.11999926 -0.941496 
121.15999926 -0.941496 
121.19999926 -0.941496 
121.23999926 -0.941496 
121.27999926 -0.941496 
121.31999926 -0.941496 
121.35999926 -0.4989776 
121.39999926 -0.941496 
121.43999926 -0.941496 
121.47999926 -0.941496 
121.51999926 -0.941496 
121.55999926 -0.941496 
121.59999926 -0.941496 
121.63999926 -0.941496 
121.67999926 -0.941496 
121.71999926 -0.4989776 
121.75999926 -0.4989776 
121.79999926 -0.941496 
121.83999926 -0.4989776 
121.87999926 -0.4989776 
121.91999926 -0.941496 
121.95999926 -0.941496 
121.99999926 -0.4989776 
122.03999926 -0.941496 
122.07999926 -0.4989776 
122.11999926 -0.4989776 
122.15999926 -0.4989776 
122.19999926 -0.4989776 
122.23999926 -0.4989776 
122.27999926 -0.4989776 
122.31999926 -0.4989776 
122.35999926 -0.4989776 
122.39999926 -0.4989776 
122.43999926 -0.4989776 
122.51999926 -0.4989776 
122.55999926 -0.4989776 
126.39999923 -0.4989776 
126.51999923 -0.4989776 
126.55999923 -0.941496 
126.59999923 -0.4989776 
126.63999923 -0.4989776 
126.67999923 -0.941496 
126.71999923 -0.941496 
126.75999923 -0.941496 
126.79999923 -0.941496 
126.83999923 -0.941496 
126.87999923 -1.382488 
126.91999923 -1.825007 
126.95999923 -1.825007 
126.99999923 -1.825007 
127.03999923 -1.825007 
127.07999923 -1.825007 
127.11999923 -1.825007 
127.15999923 -1.825007 
127.19999923 -2.267525 
127.23999923 -2.267525 
127.27999923 -2.267525 
127.31999923 -2.267525 
127.35999923 -2.267525 
127.39999923 -2.267525 
127.43999923 -1.825007 
127.47999923 -2.267525 
127.51999923 -2.708518 
127.55999922 -2.267525 
127.59999922 -2.267525 
127.63999922 -2.267525 
127.67999922 -2.267525 
127.71999922 -2.267525 
127.75999922 -2.708518 
127.79999922 -2.708518 
127.83999922 -2.267525 
127.87999922 -2.267525 
127.91999922 -2.267525 
127.95999922 -2.267525 
127.99999922 -2.267525 
128.03999922 -2.267525 
128.07999922 -2.267525 
128.11999922 -1.825007 
128.15999922 -2.267525 
128.19999922 -1.825007 
128.23999922 -1.825007 
128.27999922 -0.941496 
128.31999922 -1.825007 
128.35999922 -1.825007 
128.39999922 -0.941496 
128.43999922 -1.825007 
128.47999922 -1.825007 
128.51999922 -0.941496 
128.55999922 -0.941496 
128.59999922 -0.941496 
128.63999922 -0.941496 
128.67999922 -0.941496 
128.71999922 -0.941496 
128.75999922 -0.941496 
128.79999922 -0.941496 
128.83999922 -0.941496 
128.95999922 -0.4989776 
128.99999922 -0.4989776 
129.03999922 -0.4989776 
129.07999922 -0.4989776 
130.55999921 -0.4989776 
130.63999921 -0.4989776 
130.67999921 -0.4989776 
130.71999921 -0.4989776 
130.75999921 -0.4989776 
130.79999921 -0.4989776 
130.8399992 -0.4989776 
130.8799992 -0.4989776 
130.9199992 -0.941496 
130.9599992 -0.941496 
130.9999992 -0.941496 
131.0399992 -0.941496 
131.0799992 -0.941496 
131.1199992 -0.941496 
131.1599992 -0.941496 
131.1999992 -0.941496 
131.2399992 -1.382488 
131.2799992 -1.382488 
131.3199992 -0.941496 
131.3599992 -1.825007 
131.3999992 -1.825007 
131.4399992 -1.825007 
131.4799992 -1.825007 
131.5199992 -1.825007 
131.5599992 -1.825007 
131.5999992 -1.825007 
131.6399992 -2.267525 
131.6799992 -1.825007 
131.7199992 -2.267525 
131.7599992 -2.708518 
131.7999992 -2.267525 
131.8399992 -2.267525 
131.8799992 -2.267525 
131.9199992 -2.267525 
131.9599992 -2.267525 
131.9999992 -2.708518 
132.0399992 -2.267525 
132.0799992 -2.267525 
132.1199992 -2.708518 
132.1599992 -3.151036 
132.1999992 -3.151036 
132.2399992 -3.151036 
132.2799992 -3.151036 
132.3199992 -3.151036 
132.3599992 -3.151036 
132.3999992 -3.151036 
132.4399992 -3.593554 
132.47999919 -3.151036 
132.51999919 -3.151036 
132.55999919 -3.151036 
132.59999919 -3.593554 
132.63999919 -3.593554 
132.67999919 -4.034547 
132.71999919 -3.593554 
132.75999919 -2.267525 
132.79999919 -3.593554 
132.83999919 -4.477065 
132.87999919 -3.593554 
132.91999919 -3.151036 
132.95999919 -3.593554 
132.99999919 -3.593554 
133.03999919 -3.151036 
133.07999919 -3.151036 
133.11999919 -2.708518 
133.15999919 -2.708518 
133.19999919 -4.477065 
133.23999919 -3.593554 
133.27999919 -1.825007 
133.31999919 -2.708518 
133.35999919 -3.593554 
133.39999919 -2.708518 
133.43999919 -2.267525 
133.47999919 -3.593554 
133.51999919 -3.151036 
133.55999919 -1.825007 
133.59999919 -2.267525 
133.63999919 -3.151036 
133.67999919 -2.708518 
133.71999919 -2.267525 
133.75999919 -1.825007 
133.79999919 -1.825007 
133.83999919 -2.267525 
133.87999919 -2.267525 
133.91999919 -1.825007 
133.95999919 -1.825007 
133.99999919 -1.825007 
134.03999919 -1.825007 
134.07999919 -1.382488 
134.11999918 -0.941496 
134.15999918 -1.382488 
134.19999918 -1.382488 
134.23999918 -0.941496 
134.27999918 -0.941496 
134.31999918 -0.941496 
134.35999918 -0.941496 
134.39999918 -0.941496 
134.43999918 -0.4989776 
134.47999918 -0.941496 
134.51999918 -0.4989776 
134.55999918 -0.4989776 
134.63999918 -0.4989776 
143.11999913 -0.4989776 
143.15999913 -0.4989776 
143.19999913 -0.941496 
143.23999913 -0.941496 
143.27999913 -0.941496 
143.31999913 -0.941496 
143.35999913 -0.941496 
143.39999913 -0.941496 
143.43999913 -0.941496 
143.47999913 -1.382488 
143.51999913 -1.825007 
143.55999913 -1.382488 
143.59999913 -1.825007 
143.63999913 -1.382488 
143.67999913 -1.825007 
143.71999913 -1.825007 
143.75999913 -1.825007 
143.79999913 -1.825007 
143.83999913 -1.825007 
143.87999913 -1.825007 
143.91999913 -1.825007 
143.95999913 -1.825007 
143.99999912 -1.825007 
144.03999912 -1.825007 
144.07999912 -1.825007 
144.11999912 -1.825007 
144.15999912 -1.825007 
144.19999912 -1.825007 
144.23999912 -1.825007 
144.27999912 -1.825007 
144.31999912 -1.825007 
144.35999912 -1.825007 
144.39999912 -1.382488 
144.43999912 -1.825007 
144.47999912 -1.825007 
144.51999912 -1.825007 
144.55999912 -2.267525 
144.59999912 -1.382488 
144.63999912 -1.382488 
144.67999912 -1.382488 
144.71999912 -1.382488 
144.75999912 -0.941496 
144.79999912 -0.941496 
144.83999912 -0.941496 
144.87999912 -0.941496 
144.91999912 -0.941496 
144.95999912 -0.941496 
144.99999912 -0.4989776 
145.03999912 -0.4989776 
145.07999912 -0.4989776 
145.11999912 -0.4989776 
154.07999906 -0.4989776 
154.11999906 -0.4989776 
154.15999906 -0.4989776 
154.19999906 -0.941496 
154.23999906 -0.941496 
154.27999906 -0.941496 
154.31999906 -0.941496 
154.35999906 -1.825007 
154.39999906 -1.382488 
154.43999906 -1.382488 
154.47999906 -1.825007 
154.51999906 -1.825007 
154.55999906 -2.267525 
154.59999906 -1.825007 
154.63999906 -2.267525 
154.67999906 -2.267525 
154.71999906 -2.267525 
154.75999906 -2.267525 
154.79999906 -2.267525 
154.83999906 -2.708518 
154.87999906 -2.708518 
154.91999906 -3.151036 
154.95999906 -3.151036 
154.99999906 -2.708518 
155.03999906 -3.151036 
155.07999906 -3.593554 
155.11999906 -3.593554 
155.15999906 -2.708518 
155.19999906 -2.267525 
155.23999906 -3.593554 
155.27999906 -3.593554 
155.31999906 -3.593554 
155.35999906 -3.593554 
155.39999906 -3.593554 
155.43999906 -3.593554 
155.47999906 -3.593554 
155.51999905 -3.593554 
155.55999905 -3.593554 
155.59999905 -3.593554 
155.63999905 -3.593554 
155.67999905 -3.593554 
155.71999905 -3.593554 
155.75999905 -3.593554 
155.79999905 -3.593554 
155.83999905 -3.593554 
155.87999905 -3.593554 
155.91999905 -3.593554 
155.95999905 -3.593554 
155.99999905 -3.593554 
156.03999905 -3.151036 
156.07999905 -3.593554 
156.11999905 -3.593554 
156.15999905 -3.151036 
156.19999905 -3.593554 
156.23999905 -3.593554 
156.27999905 -3.593554 
156.31999905 -3.151036 
156.35999905 -3.151036 
156.39999905 -3.151036 
156.43999905 -3.151036 
156.47999905 -3.151036 
156.51999905 -3.151036 
156.55999905 -3.151036 
156.59999905 -2.708518 
156.63999905 -2.708518 
156.67999905 -2.708518 
156.71999905 -2.267525 
156.75999905 -2.267525 
156.79999905 -3.151036 
156.83999905 -2.267525 
156.87999905 -2.267525 
156.91999905 -2.267525 
156.95999905 -2.267525 
156.99999905 -2.267525 
157.03999905 -2.267525 
157.07999905 -2.267525 
157.11999905 -1.825007 
157.15999904 -0.941496 
157.19999904 -2.267525 
157.23999904 -1.825007 
157.27999904 -1.825007 
157.31999904 -1.825007 
157.35999904 -1.825007 
157.39999904 -1.382488 
157.43999904 -1.382488 
157.47999904 -1.382488 
157.51999904 -0.941496 
157.55999904 -1.825007 
157.59999904 -1.825007 
157.67999904 -0.941496 
157.71999904 -1.825007 
157.75999904 -0.941496 
157.79999904 -0.4989776 
157.83999904 -0.941496 
157.87999904 -0.941496 
158.03999904 -0.4989776 
158.07999904 -1.825007 
158.11999904 -0.4989776 
158.23999904 -0.941496 
158.35999904 -0.941496 
158.39999904 -0.4989776 
158.51999904 -0.4989776 
158.55999904 -0.4989776 
158.71999904 -0.4989776 
158.87999903 -0.4989776 
158.91999903 -0.4989776 
159.03999903 -0.4989776 
159.07999903 -0.4989776 
159.19999903 -0.4989776 
159.23999903 -0.4989776 
159.27999903 -0.4989776 
159.31999903 -0.4989776 
159.35999903 -0.4989776 
159.39999903 -0.4989776 
159.43999903 -0.4989776 
159.47999903 -0.4989776 
159.51999903 -0.4989776 
159.55999903 -0.4989776 
159.59999903 -0.941496 
159.63999903 -0.4989776 
159.67999903 -0.4989776 
159.71999903 -0.941496 
159.75999903 -0.4989776 
159.79999903 -0.4989776 
159.83999903 -0.4989776 
159.87999903 -0.4989776 
159.91999903 -0.941496 
159.95999903 -0.4989776 
159.99999903 -0.4989776 
160.03999903 -0.4989776 
160.07999903 -0.4989776 
160.15999903 -0.4989776 
160.19999903 -0.4989776 
160.23999903 -0.4989776 
160.27999903 -0.4989776 
160.43999902 -0.4989776 
165.79999899 -0.4989776 
165.83999899 -0.4989776 
165.87999899 -0.4989776 
165.91999899 -0.4989776 
165.95999899 -0.4989776 
165.99999899 -0.4989776 
166.03999899 -0.941496 
166.07999899 -0.4989776 
166.11999899 -0.941496 
166.15999899 -0.941496 
166.19999899 -0.941496 
166.23999899 -0.941496 
166.27999899 -0.941496 
166.31999899 -0.941496 
166.35999899 -0.941496 
166.39999899 -0.941496 
166.43999899 -0.941496 
166.47999899 -0.941496 
166.51999899 -0.941496 
166.55999899 -0.941496 
166.59999899 -0.941496 
166.63999899 -0.941496 
166.67999899 -0.941496 
166.71999899 -1.382488 
166.75999899 -1.825007 
166.79999899 -0.941496 
166.83999899 -0.941496 
166.87999899 -0.941496 
166.91999899 -0.941496 
166.95999899 -0.941496 
166.99999899 -0.4989776 
167.03999898 -0.941496 
167.07999898 -0.941496 
167.11999898 -0.941496 
167.15999898 -0.4989776 
167.19999898 -0.4989776 
167.23999898 -0.4989776 
167.27999898 -0.4989776 
167.31999898 -0.4989776 
167.35999898 -0.4989776 
167.43999898 -0.4989776 
167.47999898 -0.4989776 
180.1999989 -0.4989776 
180.2799989 -0.4989776 
180.3199989 -0.4989776 
180.3599989 -0.4989776 
180.3999989 -0.4989776 
180.4399989 -0.941496 
180.4799989 -0.941496 
180.5199989 -0.941496 
180.5599989 -0.941496 
180.5999989 -0.941496 
180.6399989 -0.941496 
180.6799989 -0.941496 
180.7199989 -1.382488 
180.7599989 -1.825007 
180.7999989 -1.825007 
180.8399989 -1.825007 
180.8799989 -1.825007 
180.9199989 -2.267525 
180.9599989 -2.267525 
180.9999989 -2.267525 
181.0399989 -2.267525 
181.0799989 -2.267525 
181.1199989 -2.267525 
181.1599989 -2.267525 
181.1999989 -2.267525 
181.2399989 -2.708518 
181.2799989 -2.708518 
181.3199989 -2.708518 
181.3599989 -3.151036 
181.3999989 -2.708518 
181.4399989 -2.708518 
181.4799989 -2.708518 
181.5199989 -3.151036 
181.5599989 -3.593554 
181.5999989 -3.151036 
181.6399989 -2.708518 
181.6799989 -3.151036 
181.7199989 -3.151036 
181.7599989 -2.708518 
181.7999989 -3.593554 
181.83999889 -3.593554 
181.87999889 -3.151036 
181.91999889 -3.593554 
181.95999889 -3.151036 
181.99999889 -3.593554 
182.03999889 -3.151036 
182.07999889 -3.593554 
182.11999889 -3.593554 
182.15999889 -3.593554 
182.19999889 -3.151036 
182.23999889 -3.151036 
182.27999889 -2.708518 
182.31999889 -3.151036 
182.35999889 -3.593554 
182.39999889 -3.151036 
182.43999889 -3.593554 
182.47999889 -3.593554 
182.51999889 -3.593554 
182.55999889 -1.825007 
182.59999889 -3.151036 
182.63999889 -4.034547 
182.67999889 -3.151036 
182.71999889 -2.267525 
182.75999889 -2.708518 
182.79999889 -3.151036 
182.83999889 -2.267525 
182.87999889 -2.267525 
182.91999889 -1.825007 
182.95999889 -2.708518 
182.99999889 -4.034547 
183.03999889 -2.267525 
183.07999889 -0.941496 
183.11999889 -1.825007 
183.15999889 -2.708518 
183.19999889 -1.825007 
183.23999889 -1.382488 
183.27999889 -2.708518 
183.31999889 -2.267525 
183.35999889 -0.941496 
183.39999889 -1.825007 
183.43999889 -1.825007 
183.47999888 -1.382488 
183.51999888 -0.941496 
183.55999888 -0.941496 
183.59999888 -0.941496 
183.63999888 -0.941496 
183.67999888 -1.382488 
183.71999888 -0.4989776 
183.75999888 -0.941496 
183.79999888 -0.941496 
183.83999888 -0.941496 
183.87999888 -0.4989776 
183.91999888 -0.4989776 
183.95999888 -0.4989776 
183.99999888 -0.4989776 
184.03999888 -0.4989776 
184.07999888 -0.4989776 
184.11999888 -0.4989776 
188.11999886 -0.4989776 
188.15999886 -0.4989776 
188.27999886 -0.941496 
188.39999886 -0.4989776 
188.43999885 -0.4989776 
188.47999885 -0.4989776 
188.51999885 -0.4989776 
188.55999885 -0.4989776 
188.75999885 -0.4989776 
188.79999885 -0.4989776 
188.91999885 -0.4989776 
188.95999885 -0.4989776 
188.99999885 -0.4989776 
192.15999883 -0.4989776 
192.19999883 -0.4989776 
192.23999883 -0.4989776 
192.27999883 -0.4989776 
192.31999883 -0.4989776 
192.35999883 -0.4989776 
192.39999883 -0.941496 
192.43999883 -0.941496 
192.47999883 -0.941496 
192.51999883 -0.941496 
192.55999883 -0.941496 
192.59999883 -0.941496 
192.63999883 -0.941496 
192.67999883 -0.941496 
192.71999883 -0.941496 
192.75999883 -1.382488 
192.79999883 -0.941496 
192.83999883 -1.825007 
192.87999883 -1.382488 
192.91999883 -1.825007 
192.95999883 -1.825007 
192.99999883 -1.825007 
193.03999883 -1.825007 
193.07999883 -1.825007 
193.11999883 -1.825007 
193.15999883 -1.825007 
193.19999883 -1.382488 
193.23999883 -1.825007 
193.27999883 -1.825007 
193.31999883 -1.825007 
193.35999882 -1.825007 
193.39999882 -1.825007 
193.43999882 -1.825007 
193.47999882 -1.825007 
193.51999882 -1.825007 
193.55999882 -1.825007 
193.59999882 -1.825007 
193.63999882 -1.825007 
193.67999882 -1.825007 
193.71999882 -2.267525 
193.75999882 -1.825007 
193.79999882 -1.825007 
193.83999882 -1.825007 
193.87999882 -1.825007 
193.91999882 -1.382488 
193.95999882 -1.825007 
193.99999882 -1.825007 
194.03999882 -1.382488 
194.07999882 -1.825007 
194.11999882 -0.941496 
194.15999882 -0.941496 
194.19999882 -0.941496 
194.23999882 -0.941496 
194.27999882 -0.4989776 
194.31999882 -0.941496 
194.35999882 -0.4989776 
194.39999882 -0.4989776 
194.43999882 -0.4989776 
194.47999882 -0.4989776 
194.51999882 -0.4989776 
0 0 
