0.0 -2.267525 
0.04 -2.267525 
0.08 -2.708518 
0.12 -2.267525 
0.16 -2.708518 
0.2 -2.267525 
0.24 -2.708518 
0.28 -2.708518 
0.32 -2.708518 
0.36 -3.151036 
0.4 -2.708518 
0.44 -3.151036 
0.48 -2.708518 
0.52 -3.151036 
0.56 -3.151036 
0.6 -2.708518 
0.64 -3.151036 
0.68 -2.708518 
0.72 -3.593554 
0.76 -3.593554 
0.8 -3.593554 
0.83999999 -3.593554 
0.87999999 -3.151036 
0.91999999 -3.593554 
0.95999999 -3.151036 
0.99999999 -3.151036 
1.03999999 -3.593554 
1.07999999 -3.593554 
1.11999999 -3.151036 
1.15999999 -3.593554 
1.19999999 -3.593554 
1.23999999 -3.151036 
1.27999999 -3.151036 
1.31999999 -3.593554 
1.35999999 -3.151036 
1.39999999 -3.151036 
1.43999999 -3.593554 
1.47999999 -3.151036 
1.51999999 -3.151036 
1.55999999 -2.708518 
1.59999999 -2.708518 
1.63999999 -2.708518 
1.67999999 -2.708518 
1.71999999 -2.708518 
1.75999999 -2.267525 
1.79999999 -2.267525 
1.83999999 -2.267525 
1.87999999 -2.267525 
1.91999999 -2.267525 
1.95999999 -2.267525 
1.99999999 -2.267525 
2.03999999 -1.825007 
2.07999999 -2.267525 
2.11999999 -1.825007 
2.15999999 -1.825007 
2.19999999 -1.825007 
2.23999999 -1.825007 
2.27999999 -1.825007 
2.31999999 -1.382488 
2.35999999 -0.941496 
2.39999999 -0.941496 
2.43999999 -0.941496 
2.47999998 -0.941496 
2.51999998 -0.941496 
2.55999998 -0.941496 
2.59999998 -0.941496 
2.63999998 -0.941496 
2.67999998 -0.4989776 
2.71999998 -0.4989776 
2.75999998 -0.4989776 
2.79999998 -0.4989776 
2.87999998 -0.4989776 
11.75999993 -0.4989776 
11.79999993 -0.941496 
11.83999993 -0.4989776 
11.87999993 -0.4989776 
11.91999993 -0.941496 
11.95999993 -0.941496 
11.99999993 -0.4989776 
12.03999993 -0.941496 
12.07999993 -0.941496 
12.11999993 -0.941496 
12.15999993 -0.941496 
12.19999993 -1.382488 
12.23999993 -0.941496 
12.27999993 -0.941496 
12.31999993 -0.941496 
12.35999992 -1.382488 
12.39999992 -0.941496 
12.43999992 -1.382488 
12.47999992 -1.825007 
12.51999992 -1.382488 
12.55999992 -1.825007 
12.59999992 -1.825007 
12.63999992 -1.382488 
12.67999992 -1.382488 
12.71999992 -1.382488 
12.75999992 -1.382488 
12.79999992 -1.382488 
12.83999992 -1.382488 
12.87999992 -1.382488 
12.91999992 -1.382488 
12.95999992 -1.825007 
12.99999992 -1.382488 
13.03999992 -1.382488 
13.07999992 -0.941496 
13.11999992 -1.382488 
13.15999992 -0.941496 
13.19999992 -1.382488 
13.23999992 -0.941496 
13.27999992 -0.941496 
13.31999992 -0.941496 
13.35999992 -0.941496 
13.39999992 -0.941496 
13.43999992 -0.941496 
13.47999992 -0.941496 
13.51999992 -0.4989776 
13.55999992 -0.941496 
13.59999992 -0.4989776 
13.63999992 -0.4989776 
13.67999992 -0.4989776 
13.71999992 -0.4989776 
13.79999992 -0.4989776 
21.83999987 -0.4989776 
21.87999987 -0.4989776 
21.91999987 -0.4989776 
21.95999987 -0.4989776 
21.99999987 -0.941496 
22.03999987 -0.941496 
22.07999987 -0.4989776 
22.11999987 -0.941496 
22.15999987 -0.941496 
22.19999987 -0.4989776 
22.23999986 -0.941496 
22.27999986 -0.941496 
22.31999986 -0.941496 
22.35999986 -0.941496 
22.39999986 -0.941496 
22.43999986 -0.941496 
22.47999986 -0.941496 
22.51999986 -0.941496 
22.55999986 -1.382488 
22.59999986 -1.382488 
22.63999986 -1.825007 
22.67999986 -1.382488 
22.71999986 -1.825007 
22.75999986 -1.825007 
22.79999986 -1.825007 
22.83999986 -1.825007 
22.87999986 -1.825007 
22.91999986 -1.825007 
22.95999986 -1.825007 
22.99999986 -1.825007 
23.03999986 -2.267525 
23.07999986 -2.267525 
23.11999986 -2.267525 
23.15999986 -2.267525 
23.19999986 -2.267525 
23.23999986 -2.267525 
23.27999986 -2.267525 
23.31999986 -2.267525 
23.35999986 -2.267525 
23.39999986 -2.267525 
23.43999986 -2.267525 
23.47999986 -2.708518 
23.51999986 -2.708518 
23.55999986 -2.708518 
23.59999986 -2.267525 
23.63999986 -2.267525 
23.67999986 -2.708518 
23.71999986 -3.151036 
23.75999986 -2.708518 
23.79999986 -3.151036 
23.83999986 -2.708518 
23.87999985 -3.151036 
23.91999985 -3.151036 
23.95999985 -3.151036 
23.99999985 -2.708518 
24.03999985 -2.708518 
24.07999985 -3.151036 
24.11999985 -3.151036 
24.15999985 -3.151036 
24.19999985 -3.151036 
24.23999985 -2.708518 
24.27999985 -3.151036 
24.31999985 -3.151036 
24.35999985 -3.151036 
24.39999985 -3.151036 
24.43999985 -3.151036 
24.47999985 -2.708518 
24.51999985 -2.708518 
24.55999985 -3.151036 
24.59999985 -2.708518 
24.63999985 -3.151036 
24.67999985 -3.151036 
24.71999985 -3.151036 
24.75999985 -2.708518 
24.79999985 -3.151036 
24.83999985 -2.708518 
24.87999985 -3.151036 
24.91999985 -2.267525 
24.95999985 -2.708518 
24.99999985 -3.151036 
25.03999985 -2.708518 
25.07999985 -2.708518 
25.11999985 -2.708518 
25.15999985 -2.708518 
25.19999985 -2.708518 
25.23999985 -2.267525 
25.27999985 -2.267525 
25.31999985 -2.708518 
25.35999985 -2.708518 
25.39999985 -2.267525 
25.43999985 -2.267525 
25.47999985 -2.267525 
25.51999984 -2.267525 
25.55999984 -2.267525 
25.59999984 -2.267525 
25.63999984 -2.267525 
25.67999984 -2.267525 
25.71999984 -2.267525 
25.75999984 -2.267525 
25.79999984 -2.267525 
25.83999984 -1.825007 
25.87999984 -2.267525 
25.91999984 -2.267525 
25.95999984 -2.267525 
25.99999984 -2.267525 
26.03999984 -2.267525 
26.07999984 -1.825007 
26.11999984 -1.825007 
26.15999984 -1.825007 
26.19999984 -1.825007 
26.23999984 -2.267525 
26.27999984 -1.825007 
26.31999984 -2.267525 
26.35999984 -1.825007 
26.39999984 -1.825007 
26.43999984 -1.825007 
26.47999984 -1.825007 
26.51999984 -1.825007 
26.55999984 -1.825007 
26.59999984 -1.825007 
26.63999984 -1.825007 
26.67999984 -1.825007 
26.71999984 -2.267525 
26.75999984 -1.825007 
26.79999984 -1.825007 
26.83999984 -1.825007 
26.87999984 -2.267525 
26.91999984 -1.825007 
26.95999984 -1.825007 
26.99999984 -1.825007 
27.03999984 -1.825007 
27.07999984 -1.825007 
27.11999984 -1.825007 
27.15999983 -1.825007 
27.19999983 -1.825007 
27.23999983 -2.267525 
27.27999983 -1.825007 
27.31999983 -1.825007 
27.35999983 -1.825007 
27.39999983 -1.825007 
27.43999983 -2.267525 
27.47999983 -1.825007 
27.51999983 -1.825007 
27.55999983 -1.825007 
27.59999983 -2.267525 
27.63999983 -1.825007 
27.67999983 -1.825007 
27.71999983 -1.825007 
27.75999983 -1.825007 
27.79999983 -2.267525 
27.83999983 -1.825007 
27.87999983 -1.825007 
27.91999983 -1.825007 
27.95999983 -2.267525 
27.99999983 -1.825007 
28.03999983 -1.825007 
28.07999983 -1.825007 
28.11999983 -1.825007 
28.15999983 -1.825007 
28.19999983 -1.825007 
28.23999983 -1.825007 
28.27999983 -1.825007 
28.31999983 -1.825007 
28.35999983 -1.825007 
28.39999983 -1.825007 
28.43999983 -1.825007 
28.47999983 -1.825007 
28.51999983 -1.825007 
28.55999983 -1.825007 
28.59999983 -1.825007 
28.63999983 -1.825007 
28.67999983 -1.825007 
28.71999983 -1.825007 
28.75999983 -1.382488 
28.79999982 -0.941496 
28.83999982 -1.382488 
28.87999982 -0.941496 
28.91999982 -0.941496 
28.95999982 -0.941496 
28.99999982 -0.941496 
29.03999982 -0.941496 
29.07999982 -0.941496 
29.11999982 -0.4989776 
29.15999982 -0.4989776 
29.19999982 -0.4989776 
29.23999982 -0.4989776 
33.83999979 -0.4989776 
33.99999979 -0.4989776 
34.03999979 -0.4989776 
34.07999979 -0.4989776 
34.19999979 -0.4989776 
34.23999979 -0.4989776 
34.27999979 -0.4989776 
34.31999979 -0.4989776 
34.43999979 -0.4989776 
34.47999979 -0.4989776 
34.51999979 -0.4989776 
39.15999976 -0.4989776 
39.31999976 -0.4989776 
39.47999976 -0.4989776 
39.79999976 -0.4989776 
44.71999973 -0.4989776 
45.07999973 -0.941496 
45.23999973 -0.4989776 
45.35999972 -0.4989776 
45.39999972 -0.4989776 
45.75999972 -0.4989776 
48.7199997 -0.4989776 
48.7599997 -0.4989776 
48.7999997 -0.941496 
48.8399997 -0.4989776 
48.8799997 -0.941496 
48.9199997 -0.941496 
48.9599997 -0.941496 
48.9999997 -0.941496 
49.0399997 -1.825007 
49.0799997 -1.825007 
49.1199997 -1.825007 
49.1599997 -1.825007 
49.1999997 -1.825007 
49.2399997 -1.825007 
49.2799997 -2.267525 
49.3199997 -2.267525 
49.3599997 -2.267525 
49.3999997 -2.267525 
49.4399997 -2.708518 
49.4799997 -2.708518 
49.5199997 -2.708518 
49.5599997 -2.708518 
49.5999997 -3.151036 
49.6399997 -3.151036 
49.6799997 -3.151036 
49.7199997 -2.708518 
49.7599997 -3.151036 
49.7999997 -3.593554 
49.8399997 -3.151036 
49.8799997 -3.151036 
49.9199997 -3.593554 
49.9599997 -3.593554 
49.9999997 -3.593554 
50.0399997 -3.593554 
50.0799997 -4.034547 
50.1199997 -3.593554 
50.1599997 -4.034547 
50.19999969 -4.034547 
50.23999969 -3.593554 
50.27999969 -3.593554 
50.31999969 -3.593554 
50.35999969 -4.034547 
50.39999969 -4.034547 
50.43999969 -4.034547 
50.47999969 -4.034547 
50.51999969 -4.034547 
50.55999969 -4.034547 
50.59999969 -4.034547 
50.63999969 -4.034547 
50.67999969 -4.034547 
50.71999969 -4.034547 
50.75999969 -4.034547 
50.79999969 -3.593554 
50.83999969 -3.593554 
50.87999969 -3.593554 
50.91999969 -3.593554 
50.95999969 -3.593554 
50.99999969 -3.593554 
51.03999969 -4.034547 
51.07999969 -3.593554 
51.11999969 -3.593554 
51.15999969 -4.034547 
51.19999969 -4.034547 
51.23999969 -3.151036 
51.27999969 -3.593554 
51.31999969 -3.151036 
51.35999969 -3.151036 
51.39999969 -3.151036 
51.43999969 -2.708518 
51.47999969 -2.708518 
51.51999969 -2.708518 
51.55999969 -2.708518 
51.59999969 -2.708518 
51.63999969 -2.267525 
51.67999969 -2.267525 
51.71999969 -2.267525 
51.75999969 -2.267525 
51.79999969 -2.267525 
51.83999968 -2.267525 
51.87999968 -2.267525 
51.91999968 -2.267525 
51.95999968 -1.825007 
51.99999968 -1.825007 
52.03999968 -1.825007 
52.07999968 -1.825007 
52.11999968 -1.382488 
52.15999968 -0.941496 
52.19999968 -0.941496 
52.23999968 -0.941496 
52.27999968 -0.941496 
52.31999968 -0.941496 
52.35999968 -0.4989776 
52.39999968 -0.941496 
52.43999968 -0.4989776 
52.47999968 -0.4989776 
52.51999968 -0.4989776 
52.55999968 -0.4989776 
52.59999968 -0.4989776 
56.63999966 -0.4989776 
60.59999963 -0.4989776 
60.67999963 -0.4989776 
60.71999963 -0.4989776 
60.75999963 -0.941496 
60.79999963 -0.941496 
60.83999963 -0.941496 
60.87999963 -0.941496 
60.91999963 -0.941496 
60.95999963 -0.941496 
60.99999963 -1.382488 
61.03999963 -1.825007 
61.07999963 -1.825007 
61.11999963 -1.825007 
61.15999963 -1.825007 
61.19999963 -1.825007 
61.23999963 -1.825007 
61.27999963 -1.825007 
61.31999963 -2.267525 
61.35999963 -2.267525 
61.39999963 -1.825007 
61.43999963 -2.267525 
61.47999963 -2.267525 
61.51999963 -2.267525 
61.55999963 -2.267525 
61.59999963 -2.267525 
61.63999963 -2.708518 
61.67999963 -2.708518 
61.71999962 -2.708518 
61.75999962 -2.708518 
61.79999962 -2.708518 
61.83999962 -2.267525 
61.87999962 -3.151036 
61.91999962 -3.151036 
61.95999962 -2.708518 
61.99999962 -3.151036 
62.03999962 -3.151036 
62.07999962 -2.708518 
62.11999962 -2.708518 
62.15999962 -2.708518 
62.19999962 -2.708518 
62.23999962 -2.708518 
62.27999962 -2.267525 
62.31999962 -2.708518 
62.35999962 -2.267525 
62.39999962 -2.267525 
62.43999962 -2.708518 
62.47999962 -2.267525 
62.51999962 -2.267525 
62.55999962 -2.267525 
62.59999962 -1.825007 
62.63999962 -1.825007 
62.67999962 -1.825007 
62.71999962 -1.825007 
62.75999962 -1.825007 
62.79999962 -1.825007 
62.83999962 -0.941496 
62.87999962 -0.941496 
62.91999962 -0.941496 
62.95999962 -0.941496 
62.99999962 -0.941496 
63.03999962 -0.941496 
63.07999962 -0.941496 
63.11999962 -0.941496 
63.15999962 -0.4989776 
63.19999962 -0.4989776 
63.23999962 -0.4989776 
63.27999962 -0.4989776 
72.43999956 -0.4989776 
72.47999956 -0.4989776 
72.51999956 -0.4989776 
72.55999956 -0.4989776 
72.59999956 -0.4989776 
72.63999956 -0.4989776 
72.67999956 -0.4989776 
72.71999956 -0.941496 
72.75999956 -0.941496 
72.79999956 -0.941496 
72.83999956 -0.941496 
72.87999956 -1.382488 
72.91999956 -0.941496 
72.95999956 -0.941496 
72.99999956 -2.708518 
73.03999956 -1.825007 
73.07999956 -0.4989776 
73.11999956 -1.825007 
73.15999956 -2.267525 
73.19999956 -1.382488 
73.23999955 -1.825007 
73.27999955 -1.825007 
73.31999955 -1.382488 
73.35999955 -0.941496 
73.39999955 -0.941496 
73.43999955 -0.941496 
73.47999955 -2.267525 
73.51999955 -3.151036 
73.55999955 -0.941496 
73.59999955 -0.4989776 
73.63999955 -1.825007 
73.67999955 -2.267525 
73.71999955 -0.941496 
73.75999955 -1.825007 
73.79999955 -2.267525 
73.83999955 -1.825007 
73.87999955 -0.941496 
73.91999955 -1.382488 
73.95999955 -1.825007 
73.99999955 -1.825007 
74.03999955 -1.825007 
74.07999955 -0.941496 
74.11999955 -1.382488 
74.15999955 -1.825007 
74.19999955 -1.825007 
74.23999955 -0.941496 
74.27999955 -0.941496 
74.31999955 -1.382488 
74.35999955 -1.382488 
74.39999955 -0.941496 
74.43999955 -0.941496 
74.47999955 -0.941496 
74.51999955 -0.941496 
74.55999955 -0.941496 
74.59999955 -0.941496 
74.63999955 -0.941496 
74.67999955 -0.941496 
74.71999955 -0.941496 
74.75999955 -0.941496 
74.79999955 -0.941496 
74.83999955 -0.941496 
74.87999954 -0.941496 
74.91999954 -0.4989776 
74.95999954 -0.941496 
74.99999954 -0.941496 
75.03999954 -0.4989776 
75.07999954 -0.4989776 
75.11999954 -0.4989776 
75.15999954 -0.941496 
75.19999954 -0.4989776 
75.23999954 -0.4989776 
75.27999954 -0.4989776 
75.31999954 -0.4989776 
75.35999954 -0.4989776 
75.39999954 -0.4989776 
75.43999954 -0.4989776 
75.47999954 -0.4989776 
75.51999954 -0.4989776 
75.63999954 -0.4989776 
75.91999954 -0.4989776 
76.11999954 -0.4989776 
76.19999954 -0.4989776 
76.35999954 -0.4989776 
76.43999954 -0.4989776 
76.47999954 -0.4989776 
76.51999953 -0.4989776 
76.55999953 -0.4989776 
76.59999953 -0.941496 
76.63999953 -0.941496 
76.67999953 -0.941496 
76.71999953 -0.941496 
76.75999953 -0.4989776 
76.79999953 -0.941496 
76.83999953 -0.941496 
76.87999953 -0.941496 
76.91999953 -0.941496 
76.95999953 -0.941496 
76.99999953 -0.941496 
77.03999953 -0.941496 
77.07999953 -1.382488 
77.11999953 -0.941496 
77.15999953 -0.941496 
77.19999953 -0.941496 
77.23999953 -1.382488 
77.27999953 -1.825007 
77.31999953 -1.382488 
77.35999953 -1.382488 
77.39999953 -1.825007 
77.43999953 -1.825007 
77.47999953 -1.825007 
77.51999953 -0.941496 
77.55999953 -1.825007 
77.59999953 -2.267525 
77.63999953 -1.825007 
77.67999953 -1.825007 
77.71999953 -1.825007 
77.75999953 -2.267525 
77.79999953 -2.267525 
77.83999953 -1.825007 
77.87999953 -1.825007 
77.91999953 -2.267525 
77.95999953 -2.267525 
77.99999953 -2.267525 
78.03999953 -2.267525 
78.07999953 -2.267525 
78.11999953 -2.267525 
78.15999952 -2.267525 
78.19999952 -2.267525 
78.23999952 -1.825007 
78.27999952 -2.267525 
78.31999952 -2.267525 
78.35999952 -2.267525 
78.39999952 -1.825007 
78.43999952 -1.825007 
78.47999952 -1.825007 
78.51999952 -2.267525 
78.55999952 -1.825007 
78.59999952 -1.825007 
78.63999952 -1.825007 
78.67999952 -1.825007 
78.71999952 -1.825007 
78.75999952 -1.825007 
78.79999952 -1.825007 
78.83999952 -1.825007 
78.87999952 -1.382488 
78.91999952 -1.825007 
78.95999952 -0.941496 
78.99999952 -1.382488 
79.03999952 -0.941496 
79.07999952 -0.941496 
79.11999952 -0.941496 
79.15999952 -0.941496 
79.19999952 -0.941496 
79.23999952 -0.941496 
79.27999952 -0.941496 
79.31999952 -0.941496 
79.35999952 -0.4989776 
79.39999952 -0.4989776 
79.43999952 -0.4989776 
79.47999952 -0.4989776 
79.51999952 -0.4989776 
79.55999952 -0.4989776 
79.59999952 -0.4989776 
82.2799995 -0.4989776 
82.3999995 -0.4989776 
82.4399995 -0.4989776 
82.4799995 -0.4989776 
82.5199995 -0.941496 
82.5599995 -0.941496 
82.5999995 -0.941496 
82.6399995 -0.941496 
82.6799995 -0.941496 
82.7199995 -0.941496 
82.7599995 -0.941496 
82.7999995 -0.941496 
82.8399995 -0.941496 
82.8799995 -0.941496 
82.9199995 -0.941496 
82.9599995 -0.941496 
82.9999995 -0.941496 
83.0399995 -0.941496 
83.0799995 -0.941496 
83.11999949 -0.941496 
83.15999949 -1.382488 
83.19999949 -0.941496 
83.23999949 -0.941496 
83.27999949 -0.941496 
83.31999949 -0.941496 
83.35999949 -1.825007 
83.39999949 -1.382488 
83.43999949 -0.941496 
83.47999949 -1.382488 
83.51999949 -0.941496 
83.55999949 -0.941496 
83.59999949 -0.941496 
83.63999949 -1.382488 
83.67999949 -1.382488 
83.71999949 -1.382488 
83.75999949 -0.941496 
83.79999949 -1.382488 
83.83999949 -1.382488 
83.87999949 -0.941496 
83.91999949 -0.941496 
83.95999949 -0.941496 
83.99999949 -0.941496 
84.03999949 -0.941496 
84.07999949 -0.941496 
84.11999949 -0.941496 
84.15999949 -0.941496 
84.19999949 -0.941496 
84.23999949 -0.941496 
84.27999949 -0.941496 
84.31999949 -0.941496 
84.35999949 -0.941496 
84.39999949 -0.941496 
84.43999949 -0.941496 
84.47999949 -0.941496 
84.51999949 -0.941496 
84.55999949 -0.941496 
84.59999949 -0.941496 
84.63999949 -0.941496 
84.67999949 -0.4989776 
84.71999949 -0.941496 
84.75999948 -0.941496 
84.79999948 -0.4989776 
84.83999948 -0.4989776 
84.87999948 -0.4989776 
84.91999948 -0.941496 
84.95999948 -0.941496 
84.99999948 -0.941496 
85.03999948 -0.4989776 
85.07999948 -0.4989776 
85.11999948 -0.4989776 
85.15999948 -0.4989776 
85.19999948 -0.4989776 
85.23999948 -0.4989776 
85.27999948 -0.4989776 
85.31999948 -0.4989776 
85.35999948 -0.4989776 
85.39999948 -0.941496 
85.43999948 -0.4989776 
85.47999948 -0.4989776 
85.51999948 -0.4989776 
85.55999948 -0.4989776 
85.59999948 -0.4989776 
85.63999948 -0.4989776 
85.67999948 -0.4989776 
85.71999948 -0.4989776 
85.75999948 -0.4989776 
85.79999948 -0.4989776 
85.83999948 -0.4989776 
85.87999948 -0.4989776 
85.91999948 -0.4989776 
85.95999948 -0.4989776 
85.99999948 -0.941496 
86.03999948 -0.4989776 
86.07999948 -0.4989776 
86.11999948 -0.4989776 
86.15999948 -0.4989776 
86.19999948 -0.4989776 
86.23999948 -0.941496 
86.27999948 -0.4989776 
86.31999948 -0.4989776 
86.35999948 -0.4989776 
86.39999947 -0.4989776 
86.43999947 -0.4989776 
86.47999947 -0.941496 
86.51999947 -0.4989776 
86.55999947 -0.4989776 
86.59999947 -0.4989776 
86.63999947 -0.4989776 
86.67999947 -0.4989776 
86.71999947 -0.4989776 
86.75999947 -0.941496 
86.79999947 -0.4989776 
86.83999947 -0.941496 
86.87999947 -0.941496 
86.91999947 -0.4989776 
86.95999947 -0.4989776 
86.99999947 -0.941496 
87.03999947 -0.941496 
87.07999947 -0.941496 
87.11999947 -0.941496 
87.15999947 -0.941496 
87.19999947 -0.941496 
87.23999947 -0.941496 
87.27999947 -0.4989776 
87.31999947 -0.4989776 
87.35999947 -0.941496 
87.39999947 -0.4989776 
87.43999947 -0.941496 
87.47999947 -0.941496 
87.51999947 -0.941496 
87.55999947 -0.941496 
87.59999947 -0.941496 
87.63999947 -0.941496 
87.67999947 -0.941496 
87.71999947 -0.941496 
87.75999947 -0.941496 
87.79999947 -0.941496 
87.83999947 -0.941496 
87.87999947 -0.941496 
87.91999947 -0.941496 
87.95999947 -0.941496 
87.99999947 -0.941496 
88.03999946 -0.941496 
88.07999946 -0.941496 
88.11999946 -0.941496 
88.15999946 -0.941496 
88.19999946 -0.941496 
88.23999946 -1.382488 
88.27999946 -0.941496 
88.31999946 -0.941496 
88.35999946 -0.941496 
88.39999946 -0.941496 
88.43999946 -0.941496 
88.47999946 -0.941496 
88.51999946 -0.941496 
88.55999946 -0.941496 
88.59999946 -0.941496 
88.63999946 -0.941496 
88.67999946 -0.941496 
88.71999946 -0.941496 
88.75999946 -0.941496 
88.79999946 -0.941496 
88.83999946 -0.941496 
88.87999946 -0.941496 
88.91999946 -0.941496 
88.95999946 -0.941496 
88.99999946 -0.4989776 
89.03999946 -0.941496 
89.07999946 -0.941496 
89.11999946 -0.941496 
89.15999946 -0.941496 
89.19999946 -0.941496 
89.23999946 -0.4989776 
89.27999946 -0.941496 
89.31999946 -0.4989776 
89.35999946 -0.4989776 
89.39999946 -0.4989776 
89.43999946 -0.4989776 
89.47999946 -0.4989776 
89.51999946 -0.4989776 
89.55999946 -0.4989776 
89.67999945 -0.4989776 
98.2399994 -0.4989776 
98.2799994 -0.4989776 
98.3199994 -0.4989776 
98.3599994 -0.941496 
98.3999994 -0.941496 
98.4399994 -0.941496 
98.4799994 -0.941496 
98.5199994 -0.941496 
98.5599994 -0.941496 
98.5999994 -0.941496 
98.6399994 -0.941496 
98.6799994 -1.382488 
98.7199994 -1.825007 
98.7599994 -1.825007 
98.7999994 -1.825007 
98.8399994 -1.825007 
98.8799994 -1.825007 
98.9199994 -1.825007 
98.9599994 -1.825007 
98.9999994 -1.825007 
99.0399994 -1.825007 
99.0799994 -2.267525 
99.1199994 -2.267525 
99.1599994 -2.267525 
99.1999994 -2.267525 
99.2399994 -2.708518 
99.2799994 -2.708518 
99.3199994 -2.267525 
99.3599994 -2.708518 
99.3999994 -2.708518 
99.4399994 -2.708518 
99.4799994 -2.708518 
99.5199994 -2.708518 
99.55999939 -2.708518 
99.59999939 -2.708518 
99.63999939 -2.708518 
99.67999939 -2.708518 
99.71999939 -2.708518 
99.75999939 -2.708518 
99.79999939 -3.151036 
99.83999939 -2.708518 
99.87999939 -2.708518 
99.91999939 -2.708518 
99.95999939 -2.267525 
99.99999939 -2.267525 
100.03999939 -2.708518 
100.07999939 -2.708518 
100.11999939 -2.708518 
100.15999939 -2.708518 
100.19999939 -2.267525 
100.23999939 -2.267525 
100.27999939 -2.267525 
100.31999939 -2.267525 
100.35999939 -2.267525 
100.39999939 -2.267525 
100.43999939 -2.267525 
100.47999939 -2.267525 
100.51999939 -2.267525 
100.55999939 -2.267525 
100.59999939 -2.267525 
100.63999939 -1.825007 
100.67999939 -1.825007 
100.71999939 -1.825007 
100.75999939 -1.825007 
100.79999939 -1.825007 
100.83999939 -1.825007 
100.87999939 -1.825007 
100.91999939 -1.825007 
100.95999939 -2.708518 
100.99999939 -1.382488 
101.07999939 -1.382488 
101.11999939 -2.267525 
101.15999939 -0.941496 
101.19999938 -0.4989776 
101.23999938 -0.941496 
101.27999938 -0.941496 
101.43999938 -0.941496 
101.47999938 -1.825007 
101.51999938 -0.941496 
101.63999938 -0.941496 
101.75999938 -0.941496 
101.79999938 -0.4989776 
104.35999937 -0.4989776 
104.43999937 -0.4989776 
104.51999936 -0.4989776 
104.55999936 -0.4989776 
104.59999936 -0.4989776 
104.63999936 -0.4989776 
104.67999936 -0.4989776 
104.71999936 -0.4989776 
104.75999936 -0.4989776 
104.79999936 -0.4989776 
104.83999936 -0.4989776 
104.87999936 -0.941496 
104.91999936 -0.4989776 
104.95999936 -0.4989776 
104.99999936 -0.4989776 
105.03999936 -0.4989776 
105.07999936 -0.4989776 
105.11999936 -0.4989776 
105.15999936 -0.4989776 
105.19999936 -0.941496 
105.23999936 -0.4989776 
105.27999936 -0.4989776 
105.31999936 -0.941496 
105.35999936 -0.4989776 
105.39999936 -0.4989776 
105.43999936 -0.941496 
105.47999936 -0.941496 
105.51999936 -0.4989776 
105.55999936 -0.4989776 
105.59999936 -0.4989776 
105.63999936 -0.4989776 
105.67999936 -0.4989776 
105.71999936 -0.4989776 
105.75999936 -0.4989776 
105.79999936 -0.4989776 
105.83999936 -0.4989776 
105.87999936 -0.4989776 
105.91999936 -0.4989776 
105.95999936 -0.4989776 
105.99999936 -0.4989776 
106.07999936 -0.4989776 
106.15999935 -0.4989776 
106.19999935 -0.4989776 
109.51999933 -0.4989776 
109.59999933 -0.4989776 
109.63999933 -0.4989776 
109.67999933 -0.4989776 
109.71999933 -0.4989776 
109.75999933 -0.941496 
109.79999933 -0.941496 
109.83999933 -0.941496 
109.87999933 -0.941496 
109.91999933 -0.941496 
109.95999933 -1.382488 
109.99999933 -0.941496 
110.03999933 -1.825007 
110.07999933 -1.825007 
110.11999933 -1.825007 
110.15999933 -1.825007 
110.19999933 -1.825007 
110.23999933 -1.825007 
110.27999933 -1.825007 
110.31999933 -2.267525 
110.35999933 -2.267525 
110.39999933 -2.267525 
110.43999933 -2.267525 
110.47999933 -2.267525 
110.51999933 -2.267525 
110.55999933 -2.267525 
110.59999933 -2.708518 
110.63999933 -2.267525 
110.67999933 -2.708518 
110.71999933 -2.708518 
110.75999933 -2.708518 
110.79999933 -2.708518 
110.83999933 -2.708518 
110.87999933 -3.151036 
110.91999933 -3.151036 
110.95999933 -3.151036 
110.99999933 -2.708518 
111.03999933 -2.708518 
111.07999932 -3.151036 
111.11999932 -3.151036 
111.15999932 -3.151036 
111.19999932 -3.151036 
111.23999932 -2.708518 
111.27999932 -3.151036 
111.31999932 -2.708518 
111.35999932 -3.151036 
111.39999932 -2.708518 
111.43999932 -2.708518 
111.47999932 -2.708518 
111.51999932 -2.708518 
111.55999932 -2.708518 
111.59999932 -2.267525 
111.63999932 -2.267525 
111.67999932 -2.267525 
111.71999932 -2.708518 
111.75999932 -2.267525 
111.79999932 -2.267525 
111.83999932 -2.267525 
111.87999932 -2.267525 
111.91999932 -2.267525 
111.95999932 -1.825007 
111.99999932 -2.267525 
112.03999932 -1.825007 
112.07999932 -1.825007 
112.11999932 -1.825007 
112.15999932 -1.825007 
112.19999932 -1.825007 
112.23999932 -1.825007 
112.27999932 -1.825007 
112.31999932 -1.382488 
112.35999932 -1.382488 
112.39999932 -0.941496 
112.43999932 -0.941496 
112.47999932 -0.941496 
112.51999932 -0.941496 
112.55999932 -0.941496 
112.59999932 -0.941496 
112.63999932 -0.941496 
112.67999932 -0.4989776 
112.71999931 -0.4989776 
112.75999931 -0.4989776 
112.79999931 -0.4989776 
115.7599993 -0.4989776 
115.7999993 -0.4989776 
115.9999993 -0.4989776 
116.03999929 -0.4989776 
116.07999929 -0.4989776 
116.11999929 -0.4989776 
116.15999929 -0.4989776 
116.19999929 -0.4989776 
116.23999929 -0.4989776 
116.27999929 -0.4989776 
116.31999929 -0.4989776 
116.35999929 -0.4989776 
116.43999929 -0.4989776 
116.47999929 -0.941496 
116.51999929 -0.4989776 
116.55999929 -0.4989776 
116.59999929 -0.941496 
116.63999929 -0.4989776 
116.67999929 -0.4989776 
116.71999929 -0.4989776 
116.75999929 -0.4989776 
116.83999929 -0.4989776 
117.07999929 -0.4989776 
121.99999926 -0.4989776 
122.03999926 -0.4989776 
122.07999926 -0.4989776 
122.11999926 -0.4989776 
122.15999926 -0.941496 
122.19999926 -0.4989776 
122.23999926 -0.4989776 
122.27999926 -0.941496 
122.31999926 -0.941496 
122.35999926 -0.941496 
122.39999926 -0.941496 
122.43999926 -0.941496 
122.47999926 -0.941496 
122.51999926 -0.941496 
122.55999926 -0.941496 
122.59999925 -0.941496 
122.63999925 -0.941496 
122.67999925 -0.941496 
122.71999925 -0.941496 
122.75999925 -0.941496 
122.79999925 -1.382488 
122.83999925 -1.382488 
122.87999925 -1.382488 
122.91999925 -1.382488 
122.95999925 -0.941496 
122.99999925 -1.382488 
123.03999925 -1.382488 
123.07999925 -1.382488 
123.11999925 -0.941496 
123.15999925 -1.382488 
123.19999925 -1.382488 
123.23999925 -1.382488 
123.27999925 -1.382488 
123.31999925 -1.382488 
123.35999925 -0.941496 
123.39999925 -1.382488 
123.43999925 -1.382488 
123.47999925 -0.941496 
123.51999925 -0.941496 
123.55999925 -0.941496 
123.59999925 -0.941496 
123.63999925 -0.941496 
123.67999925 -0.941496 
123.71999925 -0.941496 
123.75999925 -0.941496 
123.79999925 -0.941496 
123.83999925 -0.4989776 
123.87999925 -0.4989776 
123.91999925 -0.4989776 
123.95999925 -0.4989776 
123.99999925 -0.941496 
124.03999925 -0.4989776 
124.07999925 -0.4989776 
124.11999925 -0.4989776 
124.15999925 -0.4989776 
124.19999925 -0.4989776 
132.3199992 -0.4989776 
132.3599992 -0.4989776 
132.3999992 -0.4989776 
132.4399992 -0.4989776 
132.47999919 -0.4989776 
132.51999919 -0.941496 
132.55999919 -0.4989776 
132.59999919 -0.941496 
132.63999919 -0.941496 
132.67999919 -0.941496 
132.71999919 -1.382488 
132.75999919 -0.941496 
132.79999919 -1.382488 
132.83999919 -1.382488 
132.87999919 -1.382488 
132.91999919 -0.941496 
132.95999919 -1.825007 
132.99999919 -1.825007 
133.03999919 -1.825007 
133.07999919 -1.382488 
133.11999919 -1.825007 
133.15999919 -1.825007 
133.19999919 -1.825007 
133.23999919 -1.825007 
133.27999919 -1.825007 
133.31999919 -1.825007 
133.35999919 -2.267525 
133.39999919 -2.267525 
133.43999919 -1.825007 
133.47999919 -1.825007 
133.51999919 -2.267525 
133.55999919 -2.267525 
133.59999919 -2.267525 
133.63999919 -1.825007 
133.67999919 -1.825007 
133.71999919 -2.267525 
133.75999919 -1.825007 
133.79999919 -2.267525 
133.83999919 -2.267525 
133.87999919 -2.267525 
133.91999919 -2.267525 
133.95999919 -2.267525 
133.99999919 -2.267525 
134.03999919 -2.267525 
134.07999919 -2.267525 
134.11999918 -1.825007 
134.15999918 -2.267525 
134.19999918 -2.267525 
134.23999918 -2.267525 
134.27999918 -2.267525 
134.31999918 -2.267525 
134.35999918 -2.267525 
134.39999918 -2.267525 
134.43999918 -2.708518 
134.47999918 -2.708518 
134.51999918 -2.267525 
134.55999918 -2.708518 
134.59999918 -2.267525 
134.63999918 -2.267525 
134.67999918 -2.267525 
134.71999918 -2.708518 
134.75999918 -2.708518 
134.79999918 -2.708518 
134.83999918 -2.708518 
134.87999918 -2.267525 
134.91999918 -2.708518 
134.95999918 -3.151036 
134.99999918 -3.151036 
135.03999918 -2.267525 
135.07999918 -2.708518 
135.11999918 -2.708518 
135.15999918 -2.708518 
135.19999918 -2.708518 
135.23999918 -2.708518 
135.27999918 -2.708518 
135.31999918 -2.267525 
135.35999918 -2.708518 
135.39999918 -2.267525 
135.43999918 -2.708518 
135.47999918 -2.708518 
135.51999918 -2.708518 
135.55999918 -2.708518 
135.59999918 -2.267525 
135.63999918 -2.708518 
135.67999918 -2.708518 
135.71999918 -2.708518 
135.75999917 -2.708518 
135.79999917 -2.267525 
135.83999917 -2.708518 
135.87999917 -2.708518 
135.91999917 -2.708518 
135.95999917 -2.708518 
135.99999917 -2.708518 
136.03999917 -2.708518 
136.07999917 -2.267525 
136.11999917 -2.267525 
136.15999917 -2.708518 
136.19999917 -2.708518 
136.23999917 -2.708518 
136.27999917 -2.708518 
136.31999917 -2.708518 
136.35999917 -2.708518 
136.39999917 -2.267525 
136.43999917 -2.708518 
136.47999917 -2.708518 
136.51999917 -2.267525 
136.55999917 -2.708518 
136.59999917 -2.267525 
136.63999917 -2.708518 
136.67999917 -2.708518 
136.71999917 -2.708518 
136.75999917 -2.267525 
136.79999917 -2.267525 
136.83999917 -2.267525 
136.87999917 -2.708518 
136.91999917 -2.267525 
136.95999917 -2.267525 
136.99999917 -2.267525 
137.03999917 -2.267525 
137.07999917 -2.708518 
137.11999917 -2.267525 
137.15999917 -2.267525 
137.19999917 -2.267525 
137.23999917 -2.267525 
137.27999917 -2.267525 
137.31999917 -2.267525 
137.35999917 -2.267525 
137.39999916 -2.267525 
137.43999916 -2.267525 
137.47999916 -2.267525 
137.51999916 -2.267525 
137.55999916 -2.267525 
137.59999916 -2.267525 
137.63999916 -2.267525 
137.67999916 -1.825007 
137.71999916 -2.267525 
137.75999916 -1.825007 
137.79999916 -1.825007 
137.83999916 -1.825007 
137.87999916 -1.825007 
137.91999916 -1.825007 
137.95999916 -1.825007 
137.99999916 -1.825007 
138.03999916 -1.825007 
138.07999916 -1.825007 
138.11999916 -1.825007 
138.15999916 -1.825007 
138.19999916 -1.825007 
138.23999916 -1.825007 
138.27999916 -1.382488 
138.31999916 -1.825007 
138.35999916 -1.825007 
138.39999916 -0.941496 
138.43999916 -1.825007 
138.47999916 -1.382488 
138.51999916 -1.825007 
138.55999916 -0.941496 
138.59999916 -1.382488 
138.63999916 -1.382488 
138.67999916 -0.941496 
138.71999916 -0.941496 
138.75999916 -0.941496 
138.79999916 -0.941496 
138.83999916 -0.941496 
138.87999916 -0.941496 
138.91999916 -0.941496 
138.95999916 -0.941496 
138.99999916 -0.941496 
139.03999915 -0.941496 
139.07999915 -0.941496 
139.11999915 -0.941496 
139.15999915 -0.941496 
139.19999915 -0.941496 
139.23999915 -0.941496 
139.27999915 -0.941496 
139.31999915 -0.941496 
139.35999915 -0.941496 
139.39999915 -0.4989776 
139.43999915 -0.4989776 
139.47999915 -0.4989776 
139.51999915 -0.4989776 
139.55999915 -0.4989776 
139.59999915 -0.941496 
139.63999915 -0.4989776 
139.67999915 -0.4989776 
139.71999915 -0.4989776 
139.79999915 -0.4989776 
139.83999915 -0.4989776 
139.87999915 -0.4989776 
139.91999915 -0.4989776 
148.5599991 -0.4989776 
148.7199991 -0.4989776 
148.7599991 -0.4989776 
148.7999991 -0.4989776 
148.8399991 -0.4989776 
148.8799991 -0.4989776 
148.91999909 -0.941496 
148.95999909 -0.4989776 
148.99999909 -0.941496 
149.03999909 -0.941496 
149.07999909 -0.941496 
149.11999909 -0.941496 
149.15999909 -0.941496 
149.19999909 -0.941496 
149.23999909 -0.941496 
149.27999909 -0.941496 
149.31999909 -0.941496 
149.35999909 -0.941496 
149.39999909 -0.941496 
149.43999909 -0.941496 
149.47999909 -0.941496 
149.51999909 -0.941496 
149.55999909 -0.941496 
149.59999909 -0.941496 
149.63999909 -0.941496 
149.67999909 -0.941496 
149.71999909 -0.941496 
149.75999909 -0.941496 
149.79999909 -0.941496 
149.83999909 -0.941496 
149.87999909 -0.941496 
149.91999909 -0.941496 
149.95999909 -0.941496 
149.99999909 -0.941496 
150.03999909 -0.941496 
150.07999909 -0.941496 
150.11999909 -0.4989776 
150.15999909 -0.4989776 
150.19999909 -0.4989776 
150.23999909 -0.4989776 
150.27999909 -0.4989776 
150.31999909 -0.4989776 
150.35999909 -0.4989776 
150.39999909 -0.4989776 
158.95999903 -0.4989776 
158.99999903 -0.4989776 
159.03999903 -0.941496 
159.07999903 -0.941496 
159.11999903 -1.382488 
159.15999903 -0.941496 
159.19999903 -1.382488 
159.23999903 -1.382488 
159.27999903 -1.825007 
159.31999903 -1.825007 
159.35999903 -1.825007 
159.39999903 -2.267525 
159.43999903 -2.267525 
159.47999903 -2.267525 
159.51999903 -2.708518 
159.55999903 -2.708518 
159.59999903 -3.151036 
159.63999903 -3.593554 
159.67999903 -3.593554 
159.71999903 -3.593554 
159.75999903 -3.593554 
159.79999903 -4.034547 
159.83999903 -4.034547 
159.87999903 -3.593554 
159.91999903 -4.477065 
159.95999903 -4.477065 
159.99999903 -4.477065 
160.03999903 -4.477065 
160.07999903 -4.477065 
160.11999903 -4.477065 
160.15999903 -4.919584 
160.19999903 -5.360576 
160.23999903 -4.919584 
160.27999903 -5.360576 
160.31999903 -5.360576 
160.35999903 -5.360576 
160.39999903 -5.803094 
160.43999902 -5.803094 
160.47999902 -5.803094 
160.51999902 -5.360576 
160.55999902 -5.803094 
160.59999902 -5.803094 
160.63999902 -5.803094 
160.67999902 -5.803094 
160.71999902 -5.803094 
160.75999902 -5.803094 
160.79999902 -5.803094 
160.83999902 -5.803094 
160.87999902 -5.803094 
160.91999902 -5.803094 
160.95999902 -5.803094 
160.99999902 -5.803094 
161.03999902 -5.803094 
161.07999902 -4.477065 
161.11999902 -5.803094 
161.15999902 -5.803094 
161.19999902 -5.360576 
161.23999902 -5.360576 
161.27999902 -5.360576 
161.31999902 -5.360576 
161.35999902 -5.360576 
161.39999902 -5.360576 
161.43999902 -5.360576 
161.47999902 -4.477065 
161.51999902 -4.919584 
161.55999902 -4.477065 
161.59999902 -4.477065 
161.63999902 -4.477065 
161.67999902 -4.477065 
161.71999902 -4.477065 
161.75999902 -4.477065 
161.79999902 -4.034547 
161.83999902 -4.034547 
161.87999902 -3.593554 
161.91999902 -3.593554 
161.95999902 -3.593554 
161.99999902 -3.593554 
162.03999902 -3.593554 
162.07999901 -3.151036 
162.11999901 -3.151036 
162.15999901 -3.151036 
162.19999901 -3.151036 
162.23999901 -2.708518 
162.27999901 -2.267525 
162.31999901 -2.267525 
162.35999901 -2.267525 
162.39999901 -2.267525 
162.43999901 -1.825007 
162.47999901 -1.825007 
162.51999901 -1.382488 
162.55999901 -1.825007 
162.59999901 -1.382488 
162.63999901 -0.941496 
162.67999901 -0.941496 
162.71999901 -1.382488 
162.75999901 -0.941496 
162.79999901 -0.4989776 
162.83999901 -0.941496 
162.87999901 -0.4989776 
162.91999901 -0.4989776 
162.95999901 -0.4989776 
171.31999896 -0.4989776 
171.35999896 -0.4989776 
171.39999896 -0.4989776 
171.43999896 -0.4989776 
171.47999896 -0.941496 
171.51999896 -0.941496 
171.55999896 -0.941496 
171.59999896 -0.941496 
171.63999896 -0.941496 
171.67999896 -0.941496 
171.71999896 -0.941496 
171.75999896 -0.941496 
171.79999896 -0.941496 
171.83999896 -0.941496 
171.87999896 -0.941496 
171.91999896 -1.382488 
171.95999895 -0.941496 
171.99999895 -1.382488 
172.03999895 -1.382488 
172.07999895 -1.382488 
172.11999895 -0.941496 
172.15999895 -0.941496 
172.19999895 -1.382488 
172.23999895 -0.941496 
172.27999895 -0.941496 
172.31999895 -1.382488 
172.35999895 -0.941496 
172.39999895 -1.382488 
172.43999895 -0.941496 
172.47999895 -0.941496 
172.51999895 -0.941496 
172.55999895 -0.941496 
172.59999895 -0.941496 
172.63999895 -0.941496 
172.67999895 -0.941496 
172.71999895 -0.941496 
172.75999895 -0.941496 
172.79999895 -0.941496 
172.83999895 -0.941496 
172.87999895 -0.4989776 
172.91999895 -0.4989776 
172.95999895 -0.941496 
172.99999895 -0.4989776 
173.03999895 -0.4989776 
173.07999895 -0.4989776 
173.11999895 -0.941496 
173.15999895 -0.4989776 
173.19999895 -0.941496 
173.23999895 -0.4989776 
173.27999895 -0.4989776 
173.31999895 -0.4989776 
173.35999895 -0.4989776 
173.39999895 -0.4989776 
173.43999895 -0.4989776 
183.87999888 -0.941496 
184.03999888 -0.941496 
184.15999888 -0.4989776 
184.35999888 -0.4989776 
184.39999888 -1.382488 
184.55999888 -0.4989776 
184.67999888 -0.941496 
184.83999888 -0.4989776 
184.87999888 -0.4989776 
185.03999888 -0.4989776 
185.07999888 -0.4989776 
185.19999887 -0.4989776 
185.23999887 -0.941496 
185.31999887 -0.4989776 
185.35999887 -0.4989776 
185.39999887 -0.941496 
185.43999887 -0.4989776 
185.47999887 -0.4989776 
185.51999887 -0.4989776 
185.55999887 -0.4989776 
185.59999887 -0.941496 
185.63999887 -0.4989776 
185.67999887 -0.941496 
185.71999887 -0.941496 
185.75999887 -0.941496 
185.79999887 -0.4989776 
185.83999887 -0.941496 
185.87999887 -0.941496 
185.91999887 -0.941496 
185.95999887 -0.941496 
185.99999887 -0.941496 
186.03999887 -1.382488 
186.07999887 -1.382488 
186.11999887 -1.382488 
186.15999887 -1.825007 
186.19999887 -1.825007 
186.23999887 -1.825007 
186.27999887 -1.825007 
186.31999887 -1.825007 
186.35999887 -1.825007 
186.39999887 -1.825007 
186.43999887 -1.825007 
186.47999887 -1.825007 
186.51999887 -2.267525 
186.55999887 -2.267525 
186.59999887 -2.267525 
186.63999887 -2.267525 
186.67999887 -2.267525 
186.71999887 -2.267525 
186.75999886 -2.267525 
186.79999886 -2.267525 
186.83999886 -2.267525 
186.87999886 -2.708518 
186.91999886 -2.708518 
186.95999886 -2.267525 
186.99999886 -2.708518 
187.03999886 -2.708518 
187.07999886 -2.708518 
187.11999886 -2.708518 
187.15999886 -3.593554 
187.19999886 -2.708518 
187.23999886 -2.708518 
187.27999886 -2.708518 
187.31999886 -2.267525 
187.35999886 -2.708518 
187.39999886 -3.151036 
187.43999886 -2.708518 
187.47999886 -2.708518 
187.51999886 -2.708518 
187.55999886 -2.708518 
187.59999886 -2.708518 
187.63999886 -2.708518 
187.67999886 -2.708518 
187.71999886 -2.267525 
187.75999886 -2.708518 
187.79999886 -2.708518 
187.83999886 -2.708518 
187.87999886 -2.708518 
187.91999886 -2.267525 
187.95999886 -2.267525 
187.99999886 -2.267525 
188.03999886 -2.267525 
188.07999886 -2.267525 
188.11999886 -2.267525 
188.15999886 -2.267525 
188.19999886 -2.267525 
188.23999886 -2.267525 
188.27999886 -2.267525 
188.31999886 -2.267525 
188.35999886 -2.267525 
188.39999886 -1.825007 
188.43999885 -1.825007 
188.47999885 -1.825007 
188.51999885 -1.825007 
188.55999885 -1.825007 
188.59999885 -2.267525 
188.63999885 -1.825007 
188.67999885 -1.825007 
188.71999885 -1.825007 
188.75999885 -1.825007 
188.79999885 -1.825007 
188.83999885 -1.825007 
188.87999885 -0.941496 
188.91999885 -1.382488 
188.95999885 -1.825007 
188.99999885 -1.382488 
189.03999885 -1.382488 
189.07999885 -0.941496 
189.11999885 -1.382488 
189.15999885 -0.941496 
189.19999885 -0.941496 
189.23999885 -0.941496 
189.27999885 -0.941496 
189.31999885 -0.941496 
189.35999885 -0.941496 
189.39999885 -0.941496 
189.43999885 -0.941496 
189.47999885 -0.941496 
189.51999885 -0.4989776 
189.55999885 -0.4989776 
189.59999885 -0.4989776 
189.63999885 -0.4989776 
189.67999885 -0.4989776 
189.71999885 -0.4989776 
189.75999885 -0.4989776 
189.83999885 -0.4989776 
193.11999883 -0.4989776 
193.15999883 -0.4989776 
193.19999883 -0.4989776 
193.23999883 -0.4989776 
193.27999883 -0.4989776 
193.31999883 -0.4989776 
193.35999882 -0.4989776 
193.39999882 -0.4989776 
193.43999882 -0.4989776 
193.47999882 -0.4989776 
193.51999882 -0.4989776 
193.55999882 -0.4989776 
193.59999882 -0.4989776 
193.63999882 -0.4989776 
193.67999882 -0.4989776 
193.71999882 -0.4989776 
193.75999882 -0.4989776 
193.79999882 -0.4989776 
193.83999882 -0.4989776 
193.87999882 -0.4989776 
193.91999882 -0.4989776 
193.95999882 -0.4989776 
193.99999882 -0.4989776 
194.03999882 -0.4989776 
194.07999882 -0.941496 
194.11999882 -0.4989776 
194.15999882 -0.4989776 
194.19999882 -0.4989776 
194.27999882 -0.4989776 
196.9999988 -0.4989776 
197.0799988 -0.4989776 
197.1199988 -0.4989776 
197.1599988 -0.4989776 
197.1999988 -0.941496 
197.2399988 -0.941496 
197.2799988 -0.941496 
197.3199988 -0.941496 
197.3599988 -0.941496 
197.3999988 -0.941496 
197.4399988 -0.941496 
197.4799988 -0.941496 
197.5199988 -1.382488 
197.5599988 -1.825007 
197.5999988 -1.382488 
197.6399988 -1.825007 
197.6799988 -1.825007 
197.7199988 -1.825007 
197.7599988 -1.825007 
197.7999988 -1.825007 
197.8399988 -2.267525 
197.8799988 -2.267525 
197.9199988 -2.267525 
197.9599988 -2.267525 
197.9999988 -2.267525 
198.0399988 -2.267525 
198.0799988 -2.267525 
198.1199988 -2.267525 
198.1599988 -2.708518 
198.1999988 -2.708518 
198.2399988 -2.708518 
198.27999879 -2.708518 
198.31999879 -2.708518 
198.35999879 -2.708518 
198.39999879 -3.151036 
198.43999879 -3.151036 
198.47999879 -2.708518 
198.51999879 -3.151036 
198.55999879 -2.708518 
198.59999879 -2.708518 
198.63999879 -3.151036 
198.67999879 -2.708518 
198.71999879 -2.708518 
198.75999879 -3.151036 
198.79999879 -2.708518 
198.83999879 -2.708518 
198.87999879 -2.708518 
198.91999879 -2.708518 
198.95999879 -2.708518 
198.99999879 -2.708518 
199.03999879 -2.708518 
199.07999879 -2.267525 
199.11999879 -2.267525 
199.15999879 -2.267525 
199.19999879 -2.267525 
199.23999879 -2.267525 
199.27999879 -2.267525 
199.31999879 -2.267525 
199.35999879 -2.267525 
199.39999879 -2.267525 
199.43999879 -1.825007 
199.47999879 -1.825007 
199.51999879 -1.825007 
199.55999879 -1.382488 
199.59999879 -1.825007 
199.63999879 -1.382488 
199.67999879 -1.382488 
199.71999879 -0.941496 
199.75999879 -0.941496 
199.79999879 -0.941496 
199.83999879 -0.941496 
199.87999879 -0.941496 
199.91999878 -0.941496 
199.95999878 -0.941496 
0 0 
