0.76 -0.4989776 
1.27999999 -0.4989776 
1.39999999 -0.4989776 
1.55999999 -0.4989776 
1.63999999 -0.4989776 
1.75999999 -0.4989776 
1.79999999 -0.4989776 
1.99999999 -0.4989776 
2.03999999 -0.4989776 
2.19999999 -0.4989776 
11.23999993 -0.4989776 
11.43999993 -0.4989776 
11.71999993 -0.4989776 
11.79999993 -0.4989776 
11.83999993 -0.4989776 
11.87999993 -0.4989776 
11.91999993 -0.4989776 
11.95999993 -0.4989776 
11.99999993 -0.4989776 
12.11999993 -0.4989776 
12.23999993 -0.4989776 
12.31999993 -0.4989776 
12.35999992 -0.4989776 
12.47999992 -0.4989776 
21.87999987 -0.4989776 
21.91999987 -0.4989776 
21.95999987 -0.941496 
21.99999987 -0.4989776 
22.03999987 -0.941496 
22.07999987 -0.941496 
22.11999987 -0.941496 
22.15999987 -0.941496 
22.19999987 -0.941496 
22.23999986 -0.941496 
22.27999986 -1.825007 
22.31999986 -1.382488 
22.35999986 -1.382488 
22.39999986 -1.825007 
22.43999986 -1.825007 
22.47999986 -1.825007 
22.51999986 -1.825007 
22.55999986 -1.825007 
22.59999986 -1.825007 
22.63999986 -1.825007 
22.67999986 -1.825007 
22.71999986 -2.267525 
22.75999986 -2.267525 
22.79999986 -2.267525 
22.83999986 -2.267525 
22.87999986 -2.267525 
22.91999986 -2.267525 
22.95999986 -2.267525 
22.99999986 -2.267525 
23.03999986 -2.708518 
23.07999986 -2.267525 
23.11999986 -2.708518 
23.15999986 -2.267525 
23.19999986 -2.267525 
23.23999986 -2.708518 
23.27999986 -2.708518 
23.31999986 -2.267525 
23.35999986 -2.708518 
23.39999986 -2.708518 
23.43999986 -2.267525 
23.47999986 -2.708518 
23.51999986 -2.708518 
23.55999986 -2.267525 
23.59999986 -2.267525 
23.63999986 -2.708518 
23.67999986 -2.267525 
23.71999986 -2.267525 
23.75999986 -2.267525 
23.79999986 -2.267525 
23.83999986 -2.267525 
23.87999985 -2.267525 
23.91999985 -2.267525 
23.95999985 -2.267525 
23.99999985 -2.267525 
24.03999985 -1.825007 
24.07999985 -1.825007 
24.11999985 -1.825007 
24.15999985 -1.825007 
24.19999985 -2.267525 
24.23999985 -1.825007 
24.27999985 -1.825007 
24.31999985 -1.382488 
24.35999985 -1.825007 
24.39999985 -1.382488 
24.43999985 -0.941496 
24.47999985 -1.382488 
24.51999985 -0.941496 
24.55999985 -0.941496 
24.59999985 -0.941496 
24.63999985 -0.941496 
24.67999985 -0.941496 
24.71999985 -0.941496 
24.75999985 -0.4989776 
24.79999985 -0.4989776 
24.83999985 -0.4989776 
24.87999985 -0.4989776 
24.91999985 -0.4989776 
24.95999985 -0.4989776 
24.99999985 -0.4989776 
25.03999985 -0.4989776 
27.87999983 -0.4989776 
28.07999983 -0.4989776 
28.31999983 -0.4989776 
28.35999983 -0.4989776 
28.39999983 -0.4989776 
28.43999983 -0.4989776 
28.47999983 -0.941496 
28.51999983 -0.941496 
28.59999983 -0.4989776 
28.63999983 -0.4989776 
28.75999983 -0.4989776 
28.79999982 -0.4989776 
28.87999982 -0.4989776 
28.91999982 -0.4989776 
28.95999982 -0.4989776 
28.99999982 -0.4989776 
29.07999982 -0.4989776 
29.15999982 -0.4989776 
29.19999982 -0.4989776 
29.23999982 -0.4989776 
29.27999982 -0.4989776 
29.51999982 -0.4989776 
33.5599998 -0.4989776 
33.5999998 -0.4989776 
33.6399998 -0.4989776 
33.6799998 -0.4989776 
33.7199998 -1.382488 
33.75999979 -0.4989776 
33.83999979 -0.941496 
33.87999979 -0.941496 
33.91999979 -0.4989776 
33.95999979 -0.4989776 
33.99999979 -0.941496 
34.03999979 -0.941496 
34.07999979 -0.941496 
34.11999979 -0.941496 
34.15999979 -0.941496 
34.19999979 -1.382488 
34.23999979 -2.267525 
34.27999979 -1.825007 
34.31999979 -1.382488 
34.35999979 -1.382488 
34.39999979 -2.267525 
34.43999979 -1.382488 
34.47999979 -1.382488 
34.51999979 -2.267525 
34.55999979 -1.825007 
34.59999979 -1.382488 
34.63999979 -1.382488 
34.67999979 -1.825007 
34.71999979 -1.825007 
34.75999979 -1.825007 
34.79999979 -1.825007 
34.83999979 -1.825007 
34.87999979 -1.825007 
34.91999979 -1.382488 
34.95999979 -1.382488 
34.99999979 -1.382488 
35.03999979 -1.825007 
35.07999979 -1.825007 
35.11999979 -1.382488 
35.15999979 -1.382488 
35.19999979 -1.382488 
35.23999979 -1.382488 
35.27999979 -0.941496 
35.31999979 -0.941496 
35.35999979 -0.941496 
35.39999978 -0.941496 
35.43999978 -0.941496 
35.47999978 -0.941496 
35.51999978 -0.941496 
35.55999978 -0.941496 
35.59999978 -0.941496 
35.63999978 -0.4989776 
35.67999978 -0.4989776 
35.71999978 -0.4989776 
44.79999973 -0.4989776 
44.87999973 -0.4989776 
44.91999973 -0.4989776 
44.95999973 -0.4989776 
45.03999973 -0.941496 
45.07999973 -0.941496 
45.11999973 -0.4989776 
45.15999973 -0.4989776 
45.19999973 -0.941496 
45.23999973 -0.4989776 
45.27999972 -0.4989776 
45.31999972 -0.941496 
45.35999972 -0.941496 
45.39999972 -0.941496 
45.43999972 -0.941496 
45.47999972 -0.941496 
45.51999972 -0.941496 
45.55999972 -0.941496 
45.59999972 -0.941496 
45.63999972 -0.941496 
45.67999972 -0.941496 
45.71999972 -0.941496 
45.75999972 -0.941496 
45.79999972 -0.941496 
45.83999972 -0.941496 
45.87999972 -0.941496 
45.91999972 -1.382488 
45.95999972 -1.382488 
45.99999972 -0.941496 
46.03999972 -1.382488 
46.07999972 -1.382488 
46.11999972 -0.941496 
46.15999972 -0.941496 
46.19999972 -1.382488 
46.23999972 -1.382488 
46.27999972 -0.941496 
46.31999972 -0.941496 
46.35999972 -0.941496 
46.39999972 -0.941496 
46.43999972 -0.941496 
46.47999972 -0.941496 
46.51999972 -0.941496 
46.55999972 -0.941496 
46.59999972 -1.382488 
46.63999972 -0.941496 
46.67999972 -0.941496 
46.71999972 -0.941496 
46.75999972 -0.941496 
46.79999972 -0.941496 
46.83999972 -0.941496 
46.87999972 -0.941496 
46.91999971 -0.941496 
46.95999971 -0.941496 
46.99999971 -0.941496 
47.03999971 -0.941496 
47.07999971 -0.941496 
47.11999971 -0.941496 
47.15999971 -0.941496 
47.19999971 -0.941496 
47.23999971 -0.4989776 
47.27999971 -0.4989776 
47.31999971 -0.4989776 
47.35999971 -0.4989776 
47.39999971 -0.4989776 
47.43999971 -0.941496 
47.47999971 -0.4989776 
47.51999971 -0.4989776 
47.59999971 -0.4989776 
47.63999971 -0.4989776 
47.67999971 -0.4989776 
47.71999971 -0.4989776 
47.75999971 -0.4989776 
49.1599997 -0.4989776 
49.2799997 -0.4989776 
49.3199997 -0.4989776 
49.3599997 -0.4989776 
49.3999997 -0.4989776 
49.4399997 -0.4989776 
49.4799997 -0.4989776 
49.5199997 -0.941496 
49.5599997 -0.941496 
49.5999997 -0.941496 
49.6399997 -0.941496 
49.6799997 -0.941496 
49.7199997 -0.941496 
49.7599997 -0.941496 
49.7999997 -0.941496 
49.8399997 -0.941496 
49.8799997 -1.382488 
49.9199997 -1.382488 
49.9599997 -1.382488 
49.9999997 -1.382488 
50.0399997 -1.382488 
50.0799997 -1.825007 
50.1199997 -1.825007 
50.1599997 -1.825007 
50.19999969 -1.825007 
50.23999969 -1.825007 
50.27999969 -1.825007 
50.31999969 -1.825007 
50.35999969 -2.267525 
50.39999969 -2.267525 
50.43999969 -1.825007 
50.47999969 -1.825007 
50.51999969 -1.825007 
50.55999969 -2.267525 
50.59999969 -2.267525 
50.63999969 -2.267525 
50.67999969 -2.267525 
50.71999969 -2.267525 
50.75999969 -2.267525 
50.79999969 -2.267525 
50.83999969 -2.267525 
50.87999969 -2.267525 
50.91999969 -2.267525 
50.95999969 -2.267525 
50.99999969 -2.267525 
51.03999969 -2.267525 
51.07999969 -2.267525 
51.11999969 -2.267525 
51.15999969 -1.825007 
51.19999969 -1.825007 
51.23999969 -2.267525 
51.27999969 -2.267525 
51.31999969 -2.267525 
51.35999969 -1.825007 
51.39999969 -1.825007 
51.43999969 -1.825007 
51.47999969 -1.825007 
51.51999969 -1.825007 
51.55999969 -1.825007 
51.59999969 -1.825007 
51.63999969 -1.825007 
51.67999969 -1.825007 
51.71999969 -1.382488 
51.75999969 -1.382488 
51.79999969 -1.382488 
51.83999968 -0.941496 
51.87999968 -0.941496 
51.91999968 -0.941496 
51.95999968 -0.941496 
51.99999968 -0.941496 
52.03999968 -0.941496 
52.07999968 -0.941496 
52.11999968 -0.4989776 
52.15999968 -0.4989776 
52.19999968 -0.4989776 
52.23999968 -0.4989776 
55.99999966 -0.4989776 
56.07999966 -0.4989776 
56.11999966 -0.4989776 
56.15999966 -0.4989776 
56.19999966 -0.4989776 
56.23999966 -0.4989776 
56.27999966 -0.4989776 
56.31999966 -0.4989776 
56.35999966 -0.4989776 
56.39999966 -0.4989776 
56.43999966 -0.4989776 
56.47999966 -0.941496 
56.51999966 -0.4989776 
56.55999966 -0.4989776 
56.59999966 -0.941496 
56.63999966 -0.941496 
56.67999966 -0.4989776 
56.71999966 -0.941496 
56.75999966 -0.941496 
56.79999965 -0.941496 
56.83999965 -0.941496 
56.87999965 -0.941496 
56.91999965 -0.4989776 
56.95999965 -0.4989776 
56.99999965 -0.941496 
57.03999965 -0.941496 
57.07999965 -0.4989776 
57.11999965 -0.4989776 
57.15999965 -0.4989776 
57.19999965 -0.4989776 
57.23999965 -0.4989776 
57.27999965 -0.4989776 
57.31999965 -0.4989776 
57.35999965 -0.4989776 
57.39999965 -0.4989776 
57.43999965 -0.4989776 
57.55999965 -0.941496 
57.59999965 -0.4989776 
57.67999965 -0.4989776 
57.71999965 -0.4989776 
57.83999965 -0.4989776 
58.31999965 -0.4989776 
60.39999963 -0.4989776 
60.95999963 -0.4989776 
60.99999963 -0.4989776 
61.07999963 -0.4989776 
61.11999963 -0.4989776 
61.15999963 -0.4989776 
61.19999963 -0.4989776 
61.23999963 -0.4989776 
61.27999963 -0.4989776 
61.31999963 -0.4989776 
61.35999963 -0.4989776 
61.39999963 -0.4989776 
61.43999963 -0.4989776 
61.47999963 -0.941496 
61.51999963 -0.941496 
61.55999963 -0.4989776 
61.59999963 -1.825007 
61.63999963 -0.941496 
61.71999962 -0.941496 
61.75999962 -0.941496 
61.79999962 -0.4989776 
61.83999962 -0.4989776 
61.87999962 -0.941496 
61.91999962 -0.941496 
61.95999962 -0.4989776 
61.99999962 -0.4989776 
62.07999962 -0.941496 
62.11999962 -1.825007 
62.15999962 -0.941496 
62.19999962 -0.4989776 
62.23999962 -0.941496 
62.27999962 -0.941496 
62.31999962 -0.4989776 
62.35999962 -0.4989776 
62.39999962 -0.941496 
62.43999962 -0.941496 
62.47999962 -0.4989776 
62.51999962 -0.4989776 
62.55999962 -0.941496 
62.59999962 -0.941496 
62.63999962 -0.4989776 
62.67999962 -0.4989776 
62.71999962 -0.4989776 
62.75999962 -0.4989776 
62.79999962 -0.4989776 
71.47999957 -0.4989776 
71.55999957 -0.4989776 
71.59999956 -0.4989776 
71.63999956 -0.4989776 
71.67999956 -0.941496 
71.71999956 -0.941496 
71.75999956 -0.941496 
71.79999956 -0.941496 
71.83999956 -0.941496 
71.87999956 -0.941496 
71.91999956 -0.941496 
71.95999956 -1.382488 
71.99999956 -0.941496 
72.03999956 -1.382488 
72.07999956 -1.382488 
72.11999956 -1.825007 
72.15999956 -1.825007 
72.19999956 -1.825007 
72.23999956 -1.382488 
72.27999956 -1.825007 
72.31999956 -1.825007 
72.35999956 -1.825007 
72.39999956 -1.825007 
72.43999956 -2.267525 
72.47999956 -1.825007 
72.51999956 -1.825007 
72.55999956 -1.825007 
72.59999956 -1.825007 
72.63999956 -1.825007 
72.67999956 -2.267525 
72.71999956 -2.267525 
72.75999956 -1.825007 
72.79999956 -2.267525 
72.83999956 -2.267525 
72.87999956 -1.825007 
72.91999956 -2.267525 
72.95999956 -2.267525 
72.99999956 -2.267525 
73.03999956 -1.825007 
73.07999956 -2.267525 
73.11999956 -2.267525 
73.15999956 -2.267525 
73.19999956 -1.825007 
73.23999955 -2.267525 
73.27999955 -1.825007 
73.31999955 -1.825007 
73.35999955 -1.825007 
73.39999955 -1.825007 
73.43999955 -1.825007 
73.47999955 -1.825007 
73.51999955 -1.825007 
73.55999955 -1.825007 
73.59999955 -1.825007 
73.63999955 -1.825007 
73.67999955 -1.382488 
73.71999955 -1.825007 
73.75999955 -1.382488 
73.79999955 -0.941496 
73.83999955 -1.382488 
73.87999955 -0.941496 
73.91999955 -0.941496 
73.95999955 -0.941496 
73.99999955 -0.941496 
74.03999955 -0.941496 
74.07999955 -0.4989776 
74.11999955 -0.941496 
74.15999955 -0.4989776 
74.19999955 -0.4989776 
74.23999955 -0.941496 
74.27999955 -0.4989776 
74.31999955 -0.4989776 
74.35999955 -0.4989776 
78.11999953 -0.4989776 
78.15999952 -0.4989776 
78.19999952 -0.4989776 
78.23999952 -0.4989776 
78.27999952 -0.4989776 
78.31999952 -0.4989776 
78.35999952 -0.4989776 
78.39999952 -0.941496 
78.43999952 -0.941496 
78.47999952 -0.4989776 
78.51999952 -0.941496 
78.55999952 -0.941496 
78.59999952 -0.941496 
78.63999952 -0.941496 
78.67999952 -0.941496 
78.71999952 -0.941496 
78.75999952 -0.941496 
78.79999952 -0.941496 
78.83999952 -0.941496 
78.87999952 -0.4989776 
78.91999952 -0.941496 
78.95999952 -0.941496 
78.99999952 -0.941496 
79.03999952 -0.941496 
79.07999952 -0.941496 
79.11999952 -0.941496 
79.15999952 -0.941496 
79.19999952 -0.941496 
79.23999952 -0.941496 
79.27999952 -0.941496 
79.31999952 -0.941496 
79.35999952 -0.941496 
79.39999952 -0.941496 
79.43999952 -0.941496 
79.47999952 -0.4989776 
79.51999952 -0.941496 
79.55999952 -0.941496 
79.59999952 -0.941496 
79.63999952 -0.941496 
79.67999952 -0.4989776 
79.71999952 -0.4989776 
79.75999952 -0.4989776 
79.79999952 -0.4989776 
79.83999951 -0.4989776 
79.91999951 -0.4989776 
79.99999951 -0.4989776 
80.03999951 -0.4989776 
80.11999951 -0.4989776 
83.27999949 -0.4989776 
83.31999949 -0.4989776 
83.35999949 -0.941496 
83.39999949 -0.4989776 
83.43999949 -0.4989776 
83.47999949 -0.4989776 
83.51999949 -0.4989776 
83.55999949 -0.4989776 
83.59999949 -0.941496 
83.63999949 -0.941496 
83.67999949 -0.941496 
83.71999949 -0.941496 
83.75999949 -0.941496 
83.79999949 -0.941496 
83.83999949 -1.382488 
83.87999949 -0.941496 
83.91999949 -1.382488 
83.95999949 -1.825007 
83.99999949 -1.825007 
84.03999949 -1.825007 
84.07999949 -1.825007 
84.11999949 -1.825007 
84.15999949 -1.825007 
84.19999949 -1.825007 
84.23999949 -1.825007 
84.27999949 -1.825007 
84.31999949 -1.825007 
84.35999949 -1.825007 
84.39999949 -1.825007 
84.43999949 -2.267525 
84.47999949 -2.267525 
84.51999949 -1.825007 
84.55999949 -1.825007 
84.59999949 -1.825007 
84.63999949 -1.825007 
84.67999949 -1.825007 
84.71999949 -2.267525 
84.75999948 -1.825007 
84.79999948 -1.825007 
84.83999948 -1.825007 
84.87999948 -2.267525 
84.91999948 -1.825007 
84.95999948 -1.825007 
84.99999948 -1.825007 
85.03999948 -1.825007 
85.07999948 -1.825007 
85.11999948 -1.825007 
85.15999948 -1.825007 
85.19999948 -0.941496 
85.23999948 -1.382488 
85.27999948 -1.825007 
85.31999948 -1.825007 
85.35999948 -0.941496 
85.39999948 -1.825007 
85.43999948 -0.941496 
85.47999948 -0.941496 
85.51999948 -1.825007 
85.55999948 -1.382488 
85.59999948 -0.941496 
85.63999948 -0.941496 
85.67999948 -0.941496 
85.71999948 -0.941496 
85.75999948 -0.941496 
85.79999948 -0.941496 
85.83999948 -0.941496 
85.87999948 -0.941496 
85.91999948 -0.941496 
85.95999948 -0.4989776 
85.99999948 -0.4989776 
86.03999948 -0.4989776 
86.07999948 -0.4989776 
86.11999948 -0.4989776 
86.15999948 -0.4989776 
86.19999948 -0.4989776 
86.23999948 -0.4989776 
86.27999948 -0.4989776 
89.31999946 -0.4989776 
95.35999942 -0.4989776 
95.71999942 -0.4989776 
95.79999942 -0.4989776 
95.91999942 -0.4989776 
95.99999942 -0.4989776 
96.07999942 -0.4989776 
96.11999942 -0.4989776 
96.15999942 -0.4989776 
96.19999942 -0.4989776 
96.23999942 -0.4989776 
96.27999941 -0.4989776 
96.35999941 -0.4989776 
96.39999941 -0.4989776 
96.43999941 -0.4989776 
96.47999941 -0.4989776 
96.51999941 -0.4989776 
96.55999941 -0.4989776 
96.59999941 -0.4989776 
97.19999941 -0.4989776 
100.67999939 -0.4989776 
105.15999936 -0.4989776 
105.19999936 -0.4989776 
105.23999936 -0.4989776 
105.27999936 -0.4989776 
105.31999936 -0.4989776 
105.35999936 -0.4989776 
105.39999936 -0.4989776 
105.43999936 -0.941496 
105.47999936 -0.941496 
105.51999936 -0.941496 
105.55999936 -0.941496 
105.59999936 -0.941496 
105.63999936 -0.941496 
105.67999936 -0.941496 
105.71999936 -0.941496 
105.75999936 -0.941496 
105.79999936 -0.941496 
105.83999936 -0.941496 
105.87999936 -0.941496 
105.91999936 -0.941496 
105.95999936 -0.941496 
105.99999936 -0.941496 
106.03999936 -0.941496 
106.07999936 -0.941496 
106.11999936 -0.941496 
106.15999935 -0.941496 
106.19999935 -0.941496 
106.23999935 -0.941496 
106.27999935 -0.941496 
106.31999935 -0.941496 
106.35999935 -0.941496 
106.39999935 -0.941496 
106.43999935 -0.941496 
106.47999935 -0.941496 
106.51999935 -0.941496 
106.55999935 -0.941496 
106.59999935 -0.941496 
106.63999935 -0.941496 
106.67999935 -0.941496 
106.71999935 -0.941496 
106.75999935 -0.4989776 
106.79999935 -0.941496 
106.83999935 -0.941496 
106.87999935 -0.4989776 
106.91999935 -0.4989776 
106.95999935 -0.4989776 
106.99999935 -0.4989776 
107.03999935 -0.941496 
107.07999935 -0.4989776 
107.11999935 -0.4989776 
107.15999935 -0.941496 
107.19999935 -0.941496 
107.23999935 -0.4989776 
107.27999935 -0.941496 
107.31999935 -0.941496 
107.35999935 -0.4989776 
107.39999935 -0.941496 
107.43999935 -0.4989776 
107.51999935 -0.941496 
107.55999935 -0.941496 
107.59999935 -0.941496 
107.63999935 -0.4989776 
107.67999935 -0.4989776 
107.71999935 -0.4989776 
107.75999935 -0.4989776 
107.79999934 -0.4989776 
107.83999934 -0.4989776 
107.87999934 -0.4989776 
107.91999934 -0.941496 
107.95999934 -0.4989776 
107.99999934 -0.941496 
108.03999934 -0.4989776 
108.07999934 -0.4989776 
108.11999934 -0.941496 
108.15999934 -0.941496 
108.19999934 -0.4989776 
108.23999934 -0.4989776 
108.27999934 -0.4989776 
108.31999934 -0.4989776 
108.35999934 -0.941496 
108.39999934 -0.941496 
108.43999934 -0.941496 
108.47999934 -0.4989776 
108.51999934 -0.941496 
108.55999934 -0.4989776 
108.59999934 -0.941496 
108.63999934 -0.941496 
108.67999934 -0.941496 
108.71999934 -0.4989776 
108.75999934 -0.941496 
108.79999934 -0.941496 
108.83999934 -0.4989776 
108.87999934 -0.941496 
108.91999934 -0.941496 
108.95999934 -0.941496 
108.99999934 -0.941496 
109.03999934 -0.941496 
109.07999934 -0.941496 
109.11999934 -0.941496 
109.15999934 -0.941496 
109.19999934 -1.382488 
109.23999934 -0.941496 
109.27999934 -0.941496 
109.31999934 -0.941496 
109.35999934 -0.941496 
109.39999934 -0.941496 
109.43999933 -0.941496 
109.47999933 -1.382488 
109.51999933 -0.941496 
109.55999933 -0.941496 
109.59999933 -1.382488 
109.63999933 -1.382488 
109.67999933 -1.825007 
109.71999933 -1.382488 
109.75999933 -1.382488 
109.79999933 -1.825007 
109.83999933 -1.382488 
109.87999933 -1.825007 
109.91999933 -0.941496 
109.95999933 -1.825007 
109.99999933 -1.382488 
110.03999933 -1.382488 
110.07999933 -1.825007 
110.11999933 -1.825007 
110.15999933 -1.825007 
110.19999933 -1.825007 
110.23999933 -1.825007 
110.27999933 -1.825007 
110.31999933 -1.825007 
110.35999933 -1.825007 
110.39999933 -1.825007 
110.43999933 -1.825007 
110.47999933 -1.825007 
110.51999933 -1.825007 
110.55999933 -0.941496 
110.59999933 -2.267525 
110.63999933 -1.825007 
110.67999933 -1.825007 
110.71999933 -1.825007 
110.75999933 -1.825007 
110.79999933 -1.825007 
110.83999933 -1.825007 
110.87999933 -1.825007 
110.91999933 -1.825007 
110.95999933 -1.825007 
110.99999933 -1.825007 
111.03999933 -1.825007 
111.07999932 -1.825007 
111.11999932 -1.825007 
111.15999932 -1.825007 
111.19999932 -1.825007 
111.23999932 -1.825007 
111.27999932 -1.825007 
111.31999932 -1.825007 
111.35999932 -1.825007 
111.39999932 -1.825007 
111.43999932 -1.825007 
111.47999932 -1.825007 
111.51999932 -1.825007 
111.55999932 -1.825007 
111.59999932 -1.825007 
111.63999932 -0.941496 
111.67999932 -0.941496 
111.71999932 -0.941496 
111.75999932 -1.825007 
111.79999932 -1.382488 
111.83999932 -0.941496 
111.87999932 -1.382488 
111.91999932 -0.941496 
111.95999932 -1.382488 
111.99999932 -0.941496 
112.03999932 -0.941496 
112.07999932 -0.941496 
112.11999932 -0.941496 
112.15999932 -0.941496 
112.19999932 -0.941496 
112.23999932 -0.941496 
112.27999932 -0.941496 
112.31999932 -0.941496 
112.35999932 -0.941496 
112.39999932 -0.4989776 
112.43999932 -0.4989776 
112.47999932 -0.4989776 
112.51999932 -0.4989776 
112.55999932 -0.4989776 
112.59999932 -0.4989776 
112.63999932 -0.4989776 
116.75999929 -0.4989776 
121.35999926 -0.4989776 
121.39999926 -0.4989776 
121.43999926 -0.4989776 
121.47999926 -0.4989776 
121.51999926 -0.4989776 
121.55999926 -0.4989776 
121.59999926 -0.941496 
121.63999926 -0.4989776 
121.67999926 -0.941496 
121.71999926 -0.941496 
121.75999926 -0.941496 
121.79999926 -0.941496 
121.83999926 -0.941496 
121.87999926 -0.941496 
121.91999926 -0.941496 
121.95999926 -0.941496 
121.99999926 -0.941496 
122.03999926 -0.941496 
122.07999926 -0.941496 
122.11999926 -0.941496 
122.15999926 -0.941496 
122.19999926 -0.941496 
122.23999926 -1.382488 
122.27999926 -0.941496 
122.31999926 -1.382488 
122.35999926 -0.941496 
122.39999926 -0.941496 
122.43999926 -0.941496 
122.47999926 -0.941496 
122.51999926 -0.941496 
122.55999926 -0.941496 
122.59999925 -0.941496 
122.63999925 -0.941496 
122.67999925 -0.941496 
122.71999925 -0.941496 
122.75999925 -0.941496 
122.79999925 -0.941496 
122.83999925 -0.941496 
122.87999925 -0.941496 
122.91999925 -0.941496 
122.95999925 -0.4989776 
122.99999925 -0.941496 
123.03999925 -0.941496 
123.07999925 -0.4989776 
123.11999925 -0.4989776 
123.15999925 -0.4989776 
123.23999925 -0.4989776 
123.35999925 -0.4989776 
132.0399992 -0.4989776 
132.0799992 -0.4989776 
132.1199992 -0.4989776 
132.1999992 -0.4989776 
132.2399992 -0.941496 
132.2799992 -0.941496 
132.3199992 -0.941496 
132.3599992 -0.941496 
132.3999992 -0.941496 
132.4399992 -1.825007 
132.47999919 -1.382488 
132.51999919 -1.825007 
132.55999919 -1.382488 
132.59999919 -1.825007 
132.63999919 -1.825007 
132.67999919 -1.825007 
132.71999919 -2.267525 
132.75999919 -2.267525 
132.79999919 -2.267525 
132.83999919 -2.267525 
132.87999919 -2.267525 
132.91999919 -2.267525 
132.95999919 -2.267525 
132.99999919 -2.267525 
133.03999919 -2.267525 
133.07999919 -2.267525 
133.11999919 -2.708518 
133.15999919 -2.708518 
133.19999919 -2.708518 
133.23999919 -2.267525 
133.27999919 -3.151036 
133.31999919 -3.151036 
133.35999919 -2.708518 
133.39999919 -3.151036 
133.43999919 -2.708518 
133.47999919 -3.151036 
133.51999919 -3.151036 
133.55999919 -3.151036 
133.59999919 -3.151036 
133.63999919 -3.151036 
133.67999919 -3.151036 
133.71999919 -3.151036 
133.75999919 -3.151036 
133.79999919 -3.593554 
133.83999919 -3.593554 
133.87999919 -2.708518 
133.91999919 -3.151036 
133.95999919 -3.593554 
133.99999919 -3.151036 
134.03999919 -2.708518 
134.07999919 -2.708518 
134.11999918 -3.151036 
134.15999918 -2.708518 
134.19999918 -2.267525 
134.23999918 -2.267525 
134.27999918 -2.708518 
134.31999918 -2.708518 
134.35999918 -2.267525 
134.39999918 -2.267525 
134.43999918 -2.267525 
134.47999918 -1.825007 
134.51999918 -2.267525 
134.55999918 -2.267525 
134.59999918 -1.825007 
134.63999918 -2.267525 
134.67999918 -1.825007 
134.71999918 -1.825007 
134.75999918 -1.825007 
134.79999918 -1.825007 
134.83999918 -1.825007 
134.87999918 -1.825007 
134.91999918 -1.825007 
134.95999918 -1.825007 
134.99999918 -1.382488 
135.03999918 -0.941496 
135.07999918 -0.941496 
135.11999918 -0.941496 
135.15999918 -0.941496 
135.19999918 -0.941496 
135.23999918 -0.941496 
135.27999918 -0.941496 
135.31999918 -0.941496 
135.35999918 -0.941496 
135.39999918 -0.941496 
135.43999918 -0.941496 
135.47999918 -0.4989776 
135.63999918 -0.4989776 
135.75999917 -0.4989776 
137.99999916 -0.4989776 
138.03999916 -0.4989776 
138.11999916 -0.4989776 
138.15999916 -0.4989776 
138.19999916 -0.4989776 
138.23999916 -0.4989776 
138.31999916 -0.4989776 
138.35999916 -0.4989776 
138.39999916 -0.4989776 
138.43999916 -0.4989776 
138.47999916 -0.4989776 
138.51999916 -0.4989776 
138.55999916 -0.4989776 
138.59999916 -0.4989776 
138.63999916 -0.941496 
138.67999916 -0.941496 
138.71999916 -0.941496 
138.75999916 -0.4989776 
138.79999916 -0.4989776 
138.83999916 -0.4989776 
138.87999916 -0.941496 
138.91999916 -0.941496 
138.95999916 -0.4989776 
138.99999916 -0.4989776 
139.03999915 -0.4989776 
139.07999915 -0.4989776 
139.11999915 -0.4989776 
139.15999915 -0.4989776 
139.19999915 -0.4989776 
139.23999915 -0.4989776 
139.27999915 -0.4989776 
139.39999915 -0.4989776 
144.19999912 -0.4989776 
144.23999912 -0.4989776 
144.27999912 -0.4989776 
144.31999912 -0.4989776 
144.35999912 -0.4989776 
144.39999912 -0.4989776 
144.43999912 -0.4989776 
144.47999912 -0.941496 
144.51999912 -0.941496 
144.55999912 -0.4989776 
144.59999912 -0.4989776 
144.63999912 -0.4989776 
144.67999912 -0.4989776 
144.71999912 -0.941496 
144.75999912 -0.941496 
144.79999912 -0.4989776 
144.83999912 -0.4989776 
144.87999912 -0.941496 
144.91999912 -0.4989776 
144.99999912 -0.941496 
145.03999912 -1.825007 
145.07999912 -0.941496 
145.11999912 -0.4989776 
145.15999912 -0.941496 
145.19999912 -0.941496 
145.23999912 -0.941496 
145.27999912 -0.941496 
145.31999912 -0.941496 
145.35999912 -0.941496 
145.39999912 -0.4989776 
145.43999912 -0.4989776 
145.47999912 -0.4989776 
145.51999912 -0.941496 
145.55999912 -0.941496 
145.59999912 -0.941496 
145.63999911 -0.4989776 
145.67999911 -0.4989776 
145.71999911 -0.4989776 
145.75999911 -0.4989776 
145.83999911 -0.4989776 
145.87999911 -0.4989776 
146.03999911 -0.4989776 
149.83999909 -0.4989776 
155.31999906 -0.4989776 
155.39999906 -0.4989776 
155.47999906 -0.4989776 
155.51999905 -0.4989776 
155.71999905 -0.4989776 
155.75999905 -0.4989776 
155.91999905 -0.4989776 
156.11999905 -0.4989776 
156.15999905 -0.4989776 
156.19999905 -0.4989776 
156.23999905 -0.4989776 
159.31999903 -0.4989776 
159.43999903 -0.4989776 
159.47999903 -0.4989776 
159.51999903 -0.4989776 
159.55999903 -0.4989776 
159.59999903 -0.4989776 
159.63999903 -0.941496 
159.67999903 -0.941496 
159.71999903 -0.941496 
159.75999903 -0.941496 
159.79999903 -0.941496 
159.83999903 -0.941496 
159.87999903 -0.941496 
159.91999903 -1.382488 
159.95999903 -1.382488 
159.99999903 -0.941496 
160.03999903 -1.825007 
160.07999903 -1.825007 
160.11999903 -2.267525 
160.15999903 -2.267525 
160.19999903 -1.825007 
160.23999903 -1.825007 
160.27999903 -1.825007 
160.31999903 -1.825007 
160.35999903 -2.267525 
160.39999903 -2.267525 
160.43999902 -2.267525 
160.47999902 -2.267525 
160.51999902 -2.708518 
160.55999902 -2.708518 
160.59999902 -2.708518 
160.63999902 -2.708518 
160.67999902 -2.708518 
160.71999902 -2.708518 
160.75999902 -2.708518 
160.79999902 -2.708518 
160.83999902 -2.708518 
160.87999902 -2.708518 
160.91999902 -3.151036 
160.95999902 -3.151036 
160.99999902 -3.151036 
161.03999902 -3.151036 
161.07999902 -2.708518 
161.11999902 -3.151036 
161.15999902 -3.151036 
161.19999902 -2.708518 
161.23999902 -2.708518 
161.27999902 -2.708518 
161.31999902 -3.151036 
161.35999902 -3.151036 
161.39999902 -3.593554 
161.43999902 -3.593554 
161.47999902 -3.151036 
161.51999902 -3.151036 
161.55999902 -3.151036 
161.59999902 -3.151036 
161.63999902 -3.151036 
161.67999902 -2.708518 
161.71999902 -3.151036 
161.75999902 -3.151036 
161.79999902 -3.151036 
161.83999902 -2.708518 
161.87999902 -2.708518 
161.91999902 -2.708518 
161.95999902 -2.708518 
161.99999902 -2.267525 
162.03999902 -2.708518 
162.07999901 -2.267525 
162.11999901 -2.267525 
162.15999901 -2.708518 
162.19999901 -2.267525 
162.23999901 -2.267525 
162.27999901 -2.267525 
162.31999901 -2.267525 
162.35999901 -1.825007 
162.39999901 -1.825007 
162.43999901 -2.267525 
162.47999901 -1.825007 
162.51999901 -1.825007 
162.55999901 -1.825007 
162.59999901 -1.382488 
162.63999901 -1.382488 
162.67999901 -1.382488 
162.71999901 -1.382488 
162.75999901 -1.825007 
162.79999901 -1.382488 
162.83999901 -0.941496 
162.87999901 -0.941496 
162.91999901 -0.941496 
162.95999901 -0.4989776 
162.99999901 -0.941496 
163.03999901 -0.4989776 
163.07999901 -0.4989776 
166.55999899 -0.4989776 
166.63999899 -0.4989776 
166.79999899 -0.4989776 
166.95999899 -0.4989776 
166.99999899 -0.4989776 
167.03999898 -0.4989776 
167.07999898 -0.4989776 
167.11999898 -0.4989776 
167.15999898 -0.4989776 
167.19999898 -0.4989776 
167.23999898 -0.4989776 
167.27999898 -0.4989776 
167.35999898 -0.4989776 
167.39999898 -0.941496 
167.43999898 -0.941496 
167.51999898 -0.4989776 
167.55999898 -0.4989776 
167.59999898 -0.4989776 
167.63999898 -0.4989776 
167.67999898 -0.4989776 
167.71999898 -0.4989776 
167.79999898 -0.4989776 
167.83999898 -0.4989776 
167.87999898 -0.4989776 
171.11999896 -0.4989776 
171.19999896 -0.4989776 
171.27999896 -0.4989776 
171.31999896 -0.4989776 
171.35999896 -0.4989776 
171.39999896 -0.941496 
171.43999896 -0.941496 
171.47999896 -0.941496 
171.51999896 -0.941496 
171.55999896 -0.941496 
171.59999896 -0.941496 
171.63999896 -0.941496 
171.67999896 -0.941496 
171.71999896 -0.941496 
171.75999896 -1.382488 
171.79999896 -0.941496 
171.83999896 -0.941496 
171.87999896 -0.4989776 
171.91999896 -0.941496 
171.95999895 -0.941496 
171.99999895 -1.382488 
172.03999895 -0.4989776 
172.07999895 -0.4989776 
172.11999895 -0.941496 
172.15999895 -0.941496 
172.19999895 -0.4989776 
172.23999895 -0.941496 
172.27999895 -1.825007 
172.31999895 -0.4989776 
172.35999895 -0.4989776 
172.39999895 -0.941496 
172.43999895 -0.941496 
172.47999895 -0.941496 
172.51999895 -0.4989776 
172.55999895 -0.941496 
172.59999895 -0.4989776 
172.63999895 -0.941496 
172.67999895 -0.4989776 
172.71999895 -0.4989776 
172.75999895 -0.941496 
172.79999895 -0.941496 
172.83999895 -0.4989776 
172.87999895 -0.4989776 
172.91999895 -0.4989776 
172.95999895 -0.4989776 
172.99999895 -0.4989776 
182.59999889 -0.4989776 
182.63999889 -0.4989776 
182.67999889 -0.4989776 
182.71999889 -0.4989776 
182.75999889 -0.941496 
182.79999889 -0.4989776 
182.83999889 -0.4989776 
182.87999889 -0.941496 
182.91999889 -0.941496 
182.95999889 -0.941496 
182.99999889 -0.941496 
183.03999889 -0.941496 
183.07999889 -0.941496 
183.11999889 -0.941496 
183.15999889 -0.941496 
183.19999889 -0.941496 
183.23999889 -0.941496 
183.27999889 -0.941496 
183.31999889 -0.941496 
183.35999889 -0.941496 
183.39999889 -0.941496 
183.43999889 -0.4989776 
183.47999888 -0.941496 
183.51999888 -0.941496 
183.55999888 -0.941496 
183.59999888 -0.941496 
183.63999888 -0.941496 
183.67999888 -0.941496 
183.71999888 -0.941496 
183.75999888 -0.941496 
183.79999888 -0.941496 
183.83999888 -0.941496 
183.87999888 -0.941496 
183.91999888 -0.941496 
183.95999888 -0.941496 
183.99999888 -0.941496 
184.03999888 -0.941496 
184.07999888 -0.941496 
184.11999888 -0.941496 
184.15999888 -0.941496 
184.19999888 -0.941496 
184.23999888 -0.941496 
184.27999888 -0.941496 
184.31999888 -0.941496 
184.35999888 -0.941496 
184.39999888 -0.941496 
184.43999888 -0.941496 
184.47999888 -0.4989776 
184.51999888 -0.941496 
184.55999888 -0.4989776 
184.59999888 -0.4989776 
184.63999888 -0.4989776 
184.67999888 -0.4989776 
184.71999888 -0.4989776 
184.75999888 -0.4989776 
184.83999888 -0.4989776 
184.87999888 -0.4989776 
184.91999888 -0.4989776 
192.27999883 -0.4989776 
192.39999883 -0.4989776 
192.43999883 -0.4989776 
192.47999883 -0.4989776 
192.55999883 -0.4989776 
192.59999883 -0.4989776 
192.63999883 -0.4989776 
192.67999883 -0.4989776 
192.71999883 -0.4989776 
192.75999883 -0.4989776 
192.79999883 -0.4989776 
192.83999883 -0.4989776 
192.87999883 -0.941496 
192.91999883 -0.4989776 
192.95999883 -0.941496 
192.99999883 -0.941496 
193.03999883 -0.941496 
193.07999883 -0.4989776 
193.11999883 -0.4989776 
193.15999883 -0.941496 
193.19999883 -0.941496 
193.23999883 -0.941496 
193.27999883 -0.941496 
193.31999883 -0.941496 
193.35999882 -0.941496 
193.39999882 -0.941496 
193.43999882 -0.941496 
193.47999882 -0.941496 
193.51999882 -0.941496 
193.55999882 -0.941496 
193.59999882 -0.941496 
193.63999882 -0.941496 
193.67999882 -0.941496 
193.71999882 -0.941496 
193.75999882 -0.941496 
193.79999882 -0.941496 
193.83999882 -0.941496 
193.87999882 -1.382488 
193.91999882 -0.941496 
193.95999882 -0.941496 
193.99999882 -1.382488 
194.03999882 -0.941496 
194.07999882 -0.941496 
194.11999882 -1.382488 
194.15999882 -0.941496 
194.19999882 -0.941496 
194.23999882 -0.941496 
194.27999882 -0.941496 
194.31999882 -1.382488 
194.35999882 -1.382488 
194.39999882 -1.382488 
194.43999882 -1.825007 
194.47999882 -0.941496 
194.51999882 -0.941496 
194.55999882 -0.941496 
194.59999882 -1.382488 
194.63999882 -1.825007 
194.67999882 -0.941496 
194.71999882 -0.941496 
194.75999882 -0.941496 
194.79999882 -1.825007 
194.83999882 -0.941496 
194.87999882 -0.941496 
194.91999882 -0.941496 
194.95999882 -0.941496 
194.99999881 -0.941496 
195.03999881 -0.941496 
195.07999881 -0.941496 
195.11999881 -0.941496 
195.15999881 -0.941496 
195.19999881 -0.941496 
195.23999881 -0.941496 
195.27999881 -0.941496 
195.31999881 -0.941496 
195.35999881 -0.941496 
195.39999881 -0.941496 
195.43999881 -0.941496 
195.47999881 -0.941496 
195.51999881 -0.941496 
195.55999881 -0.4989776 
195.59999881 -0.4989776 
195.63999881 -0.4989776 
195.67999881 -0.941496 
195.71999881 -0.4989776 
195.75999881 -0.4989776 
195.79999881 -0.4989776 
195.83999881 -0.4989776 
195.87999881 -0.4989776 
195.91999881 -0.4989776 
195.95999881 -0.4989776 
195.99999881 -0.4989776 
196.03999881 -0.4989776 
196.07999881 -0.4989776 
196.11999881 -0.4989776 
196.15999881 -0.4989776 
196.35999881 -0.4989776 
196.39999881 -0.4989776 
196.55999881 -0.4989776 
197.7999988 -0.4989776 
198.1599988 -0.4989776 
198.1999988 -0.4989776 
198.31999879 -0.4989776 
198.39999879 -0.4989776 
198.43999879 -0.4989776 
198.47999879 -0.4989776 
198.51999879 -0.4989776 
198.55999879 -0.4989776 
198.59999879 -0.4989776 
198.63999879 -0.4989776 
198.67999879 -0.941496 
198.71999879 -0.941496 
198.75999879 -0.4989776 
198.79999879 -0.941496 
198.83999879 -0.941496 
198.87999879 -0.4989776 
198.91999879 -0.941496 
198.95999879 -0.941496 
198.99999879 -0.4989776 
199.03999879 -0.4989776 
199.07999879 -0.4989776 
199.11999879 -0.4989776 
199.15999879 -0.941496 
199.19999879 -0.941496 
199.23999879 -0.4989776 
199.31999879 -1.382488 
199.35999879 -0.4989776 
199.43999879 -0.4989776 
199.47999879 -0.941496 
199.51999879 -0.4989776 
199.59999879 -0.4989776 
199.63999879 -0.4989776 
199.67999879 -0.4989776 
199.71999879 -0.4989776 
199.83999879 -0.4989776 
0 0 
