3.39999998 -0.4989776 
3.59999998 -0.941496 
3.63999998 -0.941496 
3.67999998 -1.382488 
3.71999998 -0.941496 
3.75999998 -7.129124 
3.79999998 -0.941496 
3.87999998 -0.4989776 
3.91999998 -0.941496 
3.99999998 -0.941496 
4.03999998 -0.4989776 
4.15999997 -4.034547 
4.19999997 -2.267525 
4.23999997 -0.4989776 
4.43999997 -0.4989776 
4.47999997 -2.267525 
4.51999997 -0.941496 
4.63999997 -2.267525 
4.83999997 -0.941496 
4.87999997 -0.4989776 
5.15999997 -0.4989776 
6.79999996 -0.4989776 
6.83999996 -0.4989776 
6.87999996 -0.4989776 
7.07999996 -0.4989776 
7.11999996 -0.941496 
7.15999996 -0.4989776 
7.27999996 -0.4989776 
7.31999996 -0.4989776 
7.35999996 -0.4989776 
7.39999996 -0.4989776 
7.43999995 -0.941496 
7.47999995 -0.4989776 
7.51999995 -0.4989776 
7.55999995 -0.4989776 
7.59999995 -0.4989776 
7.63999995 -0.4989776 
7.67999995 -0.941496 
7.71999995 -0.4989776 
7.75999995 -0.941496 
7.79999995 -0.941496 
7.83999995 -0.941496 
7.87999995 -0.941496 
7.91999995 -0.941496 
7.95999995 -0.941496 
7.99999995 -0.941496 
8.03999995 -0.4989776 
8.07999995 -0.4989776 
8.11999995 -0.941496 
8.15999995 -0.941496 
8.19999995 -0.941496 
8.23999995 -0.941496 
8.27999995 -0.941496 
8.31999995 -0.4989776 
8.35999995 -0.941496 
8.39999995 -0.941496 
8.43999995 -0.941496 
8.47999995 -0.941496 
8.51999995 -0.941496 
8.55999995 -0.941496 
8.59999995 -0.941496 
8.63999995 -0.941496 
8.67999995 -0.941496 
8.71999995 -0.941496 
8.75999995 -0.941496 
8.79999995 -0.941496 
8.83999995 -0.4989776 
8.87999995 -0.4989776 
8.91999995 -0.941496 
8.95999995 -1.825007 
8.99999995 -0.4989776 
9.07999994 -0.4989776 
9.11999994 -0.941496 
9.15999994 -0.941496 
9.19999994 -0.941496 
9.23999994 -0.4989776 
9.27999994 -0.941496 
9.31999994 -0.941496 
9.35999994 -1.382488 
9.39999994 -1.382488 
9.43999994 -0.941496 
9.47999994 -0.941496 
9.51999994 -0.4989776 
9.55999994 -0.941496 
9.59999994 -0.941496 
9.63999994 -0.4989776 
9.67999994 -0.4989776 
9.71999994 -0.4989776 
9.75999994 -0.4989776 
9.79999994 -0.941496 
9.83999994 -0.941496 
9.87999994 -0.941496 
9.91999994 -0.941496 
9.99999994 -0.4989776 
10.03999994 -0.941496 
10.07999994 -0.4989776 
10.11999994 -0.4989776 
10.19999994 -0.4989776 
10.23999994 -0.4989776 
10.27999994 -0.4989776 
10.43999994 -0.4989776 
10.47999994 -0.4989776 
11.03999993 -0.941496 
11.07999993 -0.941496 
11.51999993 -0.4989776 
11.63999993 -0.4989776 
11.67999993 -1.825007 
11.95999993 -0.4989776 
13.27999992 -0.941496 
13.31999992 -2.267525 
14.83999991 -0.4989776 
22.71999986 -0.4989776 
22.75999986 -3.151036 
24.91999985 -2.267525 
25.03999985 -0.4989776 
27.23999983 -2.267525 
27.27999983 -4.477065 
27.39999983 -1.825007 
27.51999983 -0.4989776 
27.67999983 -1.825007 
27.71999983 -0.941496 
27.75999983 -0.941496 
27.99999983 -0.941496 
28.15999983 -1.825007 
29.43999982 -0.4989776 
29.47999982 -0.941496 
29.63999982 -0.4989776 
29.67999982 -0.941496 
30.55999981 -0.941496 
30.59999981 -0.941496 
30.75999981 -0.941496 
30.79999981 -0.941496 
30.83999981 -0.941496 
30.95999981 -0.4989776 
30.99999981 -0.941496 
31.03999981 -0.941496 
31.07999981 -0.941496 
31.11999981 -0.4989776 
31.23999981 -0.941496 
31.27999981 -0.941496 
31.31999981 -0.941496 
31.35999981 -0.941496 
31.39999981 -0.4989776 
31.43999981 -0.4989776 
31.47999981 -0.4989776 
31.51999981 -0.941496 
31.55999981 -0.941496 
31.59999981 -0.4989776 
31.63999981 -0.4989776 
31.67999981 -0.4989776 
31.71999981 -0.941496 
31.75999981 -0.941496 
31.79999981 -0.4989776 
31.83999981 -0.4989776 
31.87999981 -0.4989776 
31.91999981 -0.4989776 
31.95999981 -0.4989776 
31.99999981 -0.4989776 
32.03999981 -0.4989776 
32.07999981 -0.4989776 
32.1199998 -0.941496 
32.1599998 -0.941496 
32.1999998 -0.4989776 
32.3199998 -0.4989776 
32.3599998 -0.4989776 
32.3999998 -0.941496 
32.4399998 -0.4989776 
32.4799998 -0.4989776 
32.5999998 -0.941496 
32.6799998 -0.4989776 
32.7199998 -0.941496 
32.7599998 -0.4989776 
32.8799998 -0.4989776 
32.9199998 -0.4989776 
32.9599998 -0.4989776 
32.9999998 -0.4989776 
33.0399998 -0.4989776 
33.1199998 -0.4989776 
33.2799998 -0.4989776 
33.3199998 -0.4989776 
33.3599998 -0.941496 
33.3999998 -0.941496 
33.4399998 -0.4989776 
33.5199998 -0.4989776 
33.6399998 -0.4989776 
33.6799998 -0.4989776 
33.75999979 -0.4989776 
33.79999979 -0.4989776 
33.83999979 -0.4989776 
33.91999979 -0.4989776 
33.95999979 -0.4989776 
33.99999979 -0.4989776 
34.07999979 -0.4989776 
34.11999979 -0.4989776 
34.23999979 -0.4989776 
34.27999979 -0.4989776 
34.39999979 -0.4989776 
34.43999979 -0.4989776 
34.47999979 -0.4989776 
34.51999979 -0.4989776 
34.59999979 -0.4989776 
34.63999979 -0.4989776 
34.67999979 -0.4989776 
34.71999979 -0.4989776 
34.75999979 -0.4989776 
34.79999979 -0.941496 
34.83999979 -0.4989776 
34.87999979 -0.4989776 
34.91999979 -0.941496 
34.95999979 -0.941496 
34.99999979 -0.941496 
35.15999979 -1.825007 
35.19999979 -0.941496 
35.35999979 -0.4989776 
35.39999978 -1.825007 
35.43999978 -0.941496 
35.47999978 -0.4989776 
35.59999978 -0.4989776 
35.63999978 -0.941496 
35.67999978 -0.941496 
35.79999978 -0.4989776 
35.83999978 -0.4989776 
35.87999978 -0.4989776 
35.91999978 -0.4989776 
36.03999978 -0.4989776 
36.07999978 -0.4989776 
36.11999978 -0.4989776 
36.27999978 -0.4989776 
36.31999978 -0.941496 
36.35999978 -0.4989776 
36.43999978 -0.4989776 
36.59999978 -0.4989776 
36.63999978 -0.4989776 
36.67999978 -0.4989776 
36.71999978 -0.4989776 
36.75999978 -0.4989776 
36.95999978 -0.4989776 
36.99999978 -0.4989776 
37.67999977 -3.151036 
37.83999977 -0.4989776 
39.59999976 -2.708518 
45.31999972 -0.4989776 
46.15999972 -2.267525 
46.19999972 -2.708518 
46.31999972 -0.941496 
46.91999971 -0.4989776 
47.19999971 -0.4989776 
50.67999969 -4.477065 
50.79999969 -4.477065 
50.83999969 -8.012634 
50.95999969 -2.267525 
51.07999969 -0.4989776 
51.15999969 -2.708518 
51.19999969 -2.267525 
51.31999969 -1.825007 
51.43999969 -2.267525 
51.59999969 -0.941496 
52.47999968 -0.4989776 
52.51999968 -0.4989776 
56.87999965 -0.4989776 
56.95999965 -0.4989776 
57.19999965 -0.4989776 
57.95999965 -0.4989776 
57.99999965 -0.4989776 
58.03999965 -0.4989776 
58.15999965 -0.4989776 
58.19999965 -0.4989776 
58.23999965 -0.4989776 
58.27999965 -0.4989776 
58.35999965 -0.4989776 
58.39999965 -0.4989776 
58.47999964 -0.4989776 
58.51999964 -0.941496 
58.55999964 -0.941496 
58.59999964 -0.4989776 
58.63999964 -0.4989776 
58.67999964 -0.4989776 
58.71999964 -0.4989776 
58.75999964 -0.4989776 
58.83999964 -0.4989776 
58.87999964 -0.4989776 
58.91999964 -0.941496 
58.95999964 -0.941496 
58.99999964 -0.941496 
59.19999964 -0.941496 
59.23999964 -0.941496 
59.27999964 -0.4989776 
59.39999964 -0.4989776 
59.43999964 -0.4989776 
59.47999964 -0.4989776 
59.55999964 -0.4989776 
59.59999964 -0.4989776 
59.63999964 -0.4989776 
59.67999964 -0.941496 
59.71999964 -0.4989776 
59.79999964 -0.4989776 
59.87999964 -0.4989776 
60.11999963 -0.4989776 
60.27999963 -0.941496 
60.47999963 -0.4989776 
60.63999963 -0.4989776 
60.67999963 -0.4989776 
62.03999962 -0.4989776 
63.27999962 -0.4989776 
63.83999961 -2.708518 
63.95999961 -0.4989776 
63.99999961 -0.4989776 
65.5199996 -0.941496 
65.8799996 -0.941496 
65.9999996 -0.4989776 
66.0399996 -1.825007 
66.1599996 -0.4989776 
68.47999958 -0.4989776 
68.51999958 -0.4989776 
68.71999958 -0.4989776 
68.75999958 -0.4989776 
68.95999958 -0.4989776 
68.99999958 -0.4989776 
69.03999958 -0.4989776 
69.07999958 -0.4989776 
69.19999958 -0.4989776 
69.23999958 -0.4989776 
69.31999958 -0.4989776 
69.35999958 -0.4989776 
69.43999958 -0.941496 
69.47999958 -0.4989776 
69.59999958 -3.593554 
69.63999958 -3.593554 
69.75999958 -0.941496 
69.79999958 -0.4989776 
69.87999958 -0.4989776 
69.91999958 -0.941496 
70.03999957 -0.4989776 
74.11999955 -5.803094 
74.23999955 -8.012634 
74.27999955 -7.570117 
74.35999955 -0.4989776 
74.39999955 -1.825007 
74.59999955 -4.034547 
74.63999955 -1.825007 
74.75999955 -3.151036 
74.87999954 -2.708518 
75.03999954 -0.4989776 
78.79999952 -0.4989776 
80.39999951 -0.4989776 
80.87999951 -0.4989776 
80.91999951 -0.4989776 
84.03999949 -0.4989776 
84.15999949 -0.4989776 
84.27999949 -0.4989776 
84.31999949 -0.941496 
84.35999949 -0.4989776 
84.43999949 -0.4989776 
84.47999949 -0.4989776 
84.55999949 -0.4989776 
84.59999949 -0.4989776 
84.63999949 -0.4989776 
84.67999949 -0.4989776 
84.83999948 -0.4989776 
84.87999948 -0.941496 
84.91999948 -0.941496 
84.95999948 -0.4989776 
85.03999948 -0.4989776 
85.07999948 -0.4989776 
85.11999948 -0.941496 
85.15999948 -0.941496 
85.19999948 -0.941496 
85.23999948 -0.941496 
85.27999948 -0.941496 
85.31999948 -0.941496 
85.35999948 -0.4989776 
85.39999948 -0.941496 
85.43999948 -0.941496 
85.47999948 -0.941496 
85.51999948 -0.941496 
85.55999948 -0.941496 
85.59999948 -0.941496 
85.63999948 -0.941496 
85.67999948 -0.941496 
85.71999948 -0.4989776 
85.75999948 -0.941496 
85.79999948 -0.941496 
85.83999948 -0.4989776 
85.87999948 -0.4989776 
85.91999948 -0.941496 
85.95999948 -0.4989776 
85.99999948 -0.4989776 
86.03999948 -0.941496 
86.07999948 -0.4989776 
86.15999948 -0.4989776 
86.19999948 -0.941496 
86.23999948 -0.4989776 
86.27999948 -0.4989776 
86.31999948 -0.4989776 
86.35999948 -0.4989776 
86.39999947 -0.4989776 
86.43999947 -0.4989776 
86.47999947 -0.4989776 
86.51999947 -0.4989776 
86.87999947 -0.4989776 
86.91999947 -0.4989776 
86.95999947 -0.4989776 
89.83999945 -0.4989776 
89.95999945 -0.4989776 
89.99999945 -0.941496 
90.55999945 -0.4989776 
91.15999945 -0.4989776 
91.19999945 -0.941496 
91.31999945 -0.4989776 
91.35999944 -0.941496 
91.39999944 -0.4989776 
91.55999944 -0.4989776 
91.59999944 -0.4989776 
91.71999944 -0.4989776 
91.95999944 -0.4989776 
92.19999944 -0.941496 
92.31999944 -2.267525 
92.35999944 -0.941496 
92.47999944 -0.4989776 
92.63999944 -0.4989776 
92.83999944 -3.151036 
92.87999944 -0.4989776 
92.99999943 -0.941496 
93.59999943 -0.4989776 
95.83999942 -0.4989776 
95.87999942 -0.941496 
96.03999942 -0.4989776 
96.07999942 -0.4989776 
96.11999942 -0.4989776 
96.15999942 -0.4989776 
96.19999942 -0.4989776 
96.27999941 -0.4989776 
96.31999941 -0.4989776 
96.35999941 -0.4989776 
96.39999941 -0.4989776 
96.51999941 -0.4989776 
96.55999941 -0.941496 
96.67999941 -0.4989776 
96.71999941 -0.4989776 
96.75999941 -0.4989776 
96.79999941 -0.941496 
96.83999941 -0.4989776 
96.91999941 -0.4989776 
96.95999941 -0.4989776 
96.99999941 -0.941496 
97.03999941 -0.4989776 
97.15999941 -0.941496 
97.19999941 -0.941496 
97.23999941 -0.941496 
97.35999941 -5.360576 
97.51999941 -4.034547 
97.59999941 -2.267525 
97.63999941 -1.825007 
97.71999941 -0.4989776 
97.83999941 -5.360576 
97.87999941 -1.825007 
97.9999994 -3.593554 
98.1199994 -3.151036 
98.1599994 -0.941496 
98.2799994 -0.4989776 
98.4799994 -0.4989776 
98.6399994 -0.4989776 
103.23999937 -2.267525 
107.35999935 -0.4989776 
108.67999934 -0.4989776 
110.55999933 -0.4989776 
113.79999931 -0.4989776 
115.5599993 -0.4989776 
115.5999993 -0.4989776 
115.9999993 -2.708518 
116.03999929 -1.825007 
116.15999929 -0.4989776 
116.19999929 -4.034547 
116.31999929 -0.941496 
116.35999929 -0.941496 
116.55999929 -0.4989776 
116.59999929 -0.941496 
116.83999929 -0.4989776 
116.95999929 -0.4989776 
117.19999929 -0.4989776 
117.23999929 -0.4989776 
117.27999929 -0.4989776 
117.31999929 -0.4989776 
117.43999929 -0.4989776 
117.47999929 -0.4989776 
117.55999929 -0.4989776 
117.63999929 -0.4989776 
117.67999928 -0.941496 
117.71999928 -0.941496 
117.87999928 -0.4989776 
117.91999928 -0.4989776 
117.95999928 -0.4989776 
117.99999928 -0.4989776 
118.03999928 -0.4989776 
118.07999928 -0.4989776 
118.11999928 -0.4989776 
118.15999928 -0.941496 
118.19999928 -0.941496 
118.23999928 -0.4989776 
118.27999928 -0.4989776 
118.31999928 -0.941496 
118.35999928 -0.941496 
118.39999928 -0.4989776 
118.43999928 -0.941496 
118.47999928 -0.4989776 
118.51999928 -0.4989776 
118.59999928 -2.267525 
118.63999928 -4.034547 
118.75999928 -1.382488 
118.79999928 -0.941496 
118.83999928 -0.4989776 
118.87999928 -0.4989776 
118.91999928 -0.4989776 
118.95999928 -0.4989776 
118.99999928 -0.4989776 
119.03999928 -0.941496 
119.07999928 -0.4989776 
119.11999928 -0.4989776 
119.15999928 -0.941496 
119.19999928 -0.4989776 
119.27999928 -0.4989776 
119.31999927 -0.941496 
119.35999927 -0.4989776 
119.39999927 -0.941496 
119.47999927 -0.4989776 
119.51999927 -0.941496 
119.55999927 -0.4989776 
119.59999927 -0.4989776 
119.79999927 -0.4989776 
119.83999927 -0.4989776 
119.87999927 -0.4989776 
119.91999927 -0.4989776 
119.95999927 -0.4989776 
119.99999927 -0.4989776 
120.11999927 -0.4989776 
120.27999927 -0.4989776 
120.35999927 -0.4989776 
120.43999927 -0.4989776 
120.55999927 -0.4989776 
120.67999927 -5.803094 
120.83999927 -7.570117 
120.95999926 -3.151036 
121.11999926 -0.4989776 
121.15999926 -3.593554 
121.19999926 -3.151036 
121.31999926 -2.267525 
121.43999926 -3.593554 
121.47999926 -0.4989776 
121.59999926 -2.267525 
121.79999926 -0.941496 
121.83999926 -0.4989776 
122.67999925 -0.4989776 
122.91999925 -0.4989776 
123.15999925 -0.4989776 
124.47999924 -0.4989776 
129.39999921 -1.825007 
129.55999921 -0.4989776 
131.5199992 -1.382488 
135.19999918 -0.4989776 
135.51999918 -0.4989776 
135.55999918 -0.4989776 
135.75999917 -0.941496 
135.79999917 -0.4989776 
135.99999917 -0.4989776 
136.03999917 -0.4989776 
136.39999917 -0.4989776 
139.39999915 -4.477065 
139.67999915 -0.4989776 
140.55999915 -0.4989776 
140.59999915 -0.4989776 
141.07999914 -0.4989776 
141.31999914 -0.4989776 
141.55999914 -0.4989776 
141.79999914 -0.4989776 
142.03999914 -0.4989776 
142.15999914 -1.825007 
142.19999914 -1.825007 
142.31999914 -0.941496 
142.47999913 -0.4989776 
143.75999913 -0.941496 
143.87999913 -5.803094 
144.03999912 -8.012634 
144.15999912 -3.593554 
144.31999912 -0.4989776 
144.35999912 -3.593554 
144.39999912 -3.151036 
144.51999912 -2.267525 
144.63999912 -4.034547 
144.67999912 -0.941496 
144.79999912 -2.708518 
144.91999912 -4.034547 
144.95999912 -0.941496 
145.03999912 -0.941496 
145.15999912 -0.4989776 
145.19999912 -0.4989776 
145.27999912 -0.4989776 
145.31999912 -0.941496 
145.47999912 -0.941496 
145.51999912 -0.941496 
145.55999912 -0.4989776 
145.67999911 -0.4989776 
145.71999911 -0.4989776 
145.75999911 -0.4989776 
145.79999911 -0.941496 
145.83999911 -0.4989776 
145.87999911 -0.4989776 
145.95999911 -0.4989776 
145.99999911 -0.4989776 
146.03999911 -0.4989776 
146.07999911 -0.4989776 
146.11999911 -0.941496 
146.15999911 -0.941496 
146.19999911 -0.941496 
146.23999911 -0.941496 
146.27999911 -0.941496 
146.31999911 -0.4989776 
146.35999911 -0.4989776 
146.39999911 -0.4989776 
146.43999911 -0.4989776 
146.47999911 -0.4989776 
146.51999911 -0.4989776 
146.55999911 -0.4989776 
146.59999911 -0.941496 
146.63999911 -0.941496 
146.67999911 -0.4989776 
146.75999911 -0.4989776 
146.79999911 -0.4989776 
146.83999911 -0.4989776 
146.87999911 -0.941496 
146.91999911 -0.4989776 
146.95999911 -0.4989776 
146.99999911 -0.4989776 
147.03999911 -0.4989776 
147.07999911 -0.4989776 
147.11999911 -0.4989776 
147.15999911 -0.941496 
147.19999911 -0.941496 
147.23999911 -0.4989776 
147.3199991 -0.4989776 
147.3599991 -0.941496 
147.3999991 -0.4989776 
147.5599991 -0.4989776 
147.7199991 -0.4989776 
152.39999907 -0.4989776 
155.43999906 -0.941496 
155.55999905 -0.4989776 
156.63999905 -0.4989776 
157.79999904 -0.4989776 
157.83999904 -0.941496 
162.59999901 -4.477065 
166.95999899 -0.4989776 
167.07999898 -5.360576 
167.11999898 -2.267525 
167.23999898 -5.360576 
167.35999898 -3.151036 
167.51999898 -1.825007 
167.55999898 -3.593554 
167.59999898 -3.593554 
167.71999898 -0.941496 
167.83999898 -3.593554 
167.87999898 -1.382488 
167.99999898 -3.151036 
168.03999898 -0.4989776 
168.15999898 -0.941496 
168.19999898 -4.919584 
168.31999898 -0.941496 
168.35999898 -3.151036 
168.47999898 -1.825007 
168.51999898 -0.941496 
168.55999898 -0.4989776 
168.59999898 -0.4989776 
168.63999898 -0.941496 
168.67999897 -0.941496 
168.71999897 -0.941496 
168.79999897 -0.4989776 
168.83999897 -0.941496 
168.87999897 -0.941496 
168.91999897 -0.941496 
168.95999897 -0.941496 
168.99999897 -0.941496 
169.03999897 -0.4989776 
169.07999897 -0.4989776 
169.11999897 -0.4989776 
169.15999897 -0.941496 
169.19999897 -0.941496 
169.23999897 -0.4989776 
169.27999897 -0.941496 
169.31999897 -0.4989776 
169.35999897 -0.4989776 
169.39999897 -0.4989776 
169.43999897 -0.4989776 
169.47999897 -0.941496 
169.51999897 -0.941496 
169.55999897 -0.941496 
169.59999897 -0.941496 
169.63999897 -0.4989776 
169.67999897 -0.4989776 
169.71999897 -0.4989776 
169.75999897 -0.4989776 
169.79999897 -0.4989776 
169.83999897 -0.941496 
169.87999897 -0.4989776 
169.91999897 -0.4989776 
169.99999897 -0.4989776 
170.03999897 -0.4989776 
170.07999897 -0.4989776 
170.11999897 -0.4989776 
170.27999897 -0.4989776 
170.31999896 -0.941496 
170.43999896 -0.4989776 
170.47999896 -0.4989776 
170.55999896 -0.4989776 
171.03999896 -0.4989776 
171.19999896 -0.4989776 
171.23999896 -3.593554 
171.35999896 -1.382488 
171.91999896 -0.4989776 
172.15999895 -0.4989776 
172.47999895 -0.4989776 
172.51999895 -0.4989776 
172.55999895 -0.4989776 
172.75999895 -0.4989776 
172.79999895 -0.4989776 
172.83999895 -0.4989776 
172.99999895 -0.4989776 
173.03999895 -0.4989776 
173.07999895 -0.4989776 
173.23999895 -0.4989776 
173.27999895 -0.4989776 
173.47999895 -0.4989776 
173.51999895 -0.4989776 
173.59999894 -0.4989776 
173.67999894 -0.4989776 
173.71999894 -0.4989776 
173.75999894 -0.4989776 
174.11999894 -0.4989776 
174.27999894 -0.4989776 
174.51999894 -0.4989776 
174.55999894 -0.941496 
177.75999892 -0.4989776 
178.87999891 -0.4989776 
179.03999891 -0.4989776 
179.31999891 -0.4989776 
179.35999891 -0.941496 
179.39999891 -0.4989776 
181.5999989 -1.825007 
184.11999888 -0.941496 
185.67999887 -4.919584 
190.07999884 -0.4989776 
190.11999884 -0.941496 
190.15999884 -0.941496 
190.19999884 -6.686605 
190.35999884 -0.4989776 
190.59999884 -3.593554 
190.63999884 -0.941496 
190.91999884 -0.4989776 
191.07999884 -2.267525 
191.23999884 -0.4989776 
191.43999884 -0.4989776 
193.95999882 -0.4989776 
193.99999882 -0.941496 
194.03999882 -0.4989776 
194.19999882 -0.4989776 
194.23999882 -0.941496 
194.31999882 -1.825007 
194.35999882 -3.593554 
194.47999882 -0.941496 
194.51999882 -0.941496 
194.63999882 -0.941496 
194.67999882 -0.941496 
194.71999882 -0.4989776 
194.79999882 -0.4989776 
194.83999882 -0.4989776 
194.91999882 -0.4989776 
194.95999882 -0.941496 
194.99999881 -0.4989776 
195.03999881 -0.4989776 
195.07999881 -0.4989776 
195.11999881 -0.4989776 
195.15999881 -0.4989776 
195.19999881 -0.4989776 
195.23999881 -0.941496 
195.27999881 -0.4989776 
195.31999881 -0.941496 
195.35999881 -0.941496 
195.39999881 -0.4989776 
195.43999881 -0.4989776 
195.47999881 -0.941496 
195.51999881 -0.941496 
195.55999881 -0.941496 
195.59999881 -0.941496 
195.63999881 -0.4989776 
195.67999881 -0.4989776 
195.71999881 -0.941496 
195.75999881 -0.941496 
195.79999881 -0.941496 
195.83999881 -0.941496 
195.87999881 -0.4989776 
195.91999881 -0.4989776 
195.95999881 -0.941496 
195.99999881 -0.941496 
196.03999881 -0.941496 
196.07999881 -0.941496 
196.11999881 -0.4989776 
196.15999881 -0.941496 
196.19999881 -0.4989776 
196.23999881 -0.941496 
196.27999881 -0.4989776 
196.31999881 -0.4989776 
196.35999881 -0.4989776 
196.39999881 -0.4989776 
196.43999881 -0.941496 
196.47999881 -0.941496 
196.51999881 -0.941496 
196.6399988 -0.4989776 
196.6799988 -0.941496 
196.7199988 -0.941496 
196.7599988 -0.4989776 
196.7999988 -0.4989776 
196.8399988 -0.4989776 
196.8799988 -0.4989776 
196.9599988 -0.4989776 
196.9999988 -0.4989776 
197.0399988 -1.382488 
197.0799988 -1.382488 
197.2399988 -0.941496 
197.2799988 -0.4989776 
197.3999988 -0.4989776 
197.4399988 -0.4989776 
197.5199988 -0.4989776 
197.6399988 -2.708518 
197.6799988 -0.941496 
197.7999988 -0.941496 
198.99999879 -0.941496 
199.23999879 -0.4989776 
0 0 
