0.4 -0.4989776 
0.48 -0.4989776 
0.52 -0.4989776 
0.56 -0.4989776 
0.6 -0.4989776 
0.64 -0.4989776 
0.68 -0.941496 
0.72 -0.941496 
0.76 -0.941496 
0.8 -0.941496 
0.83999999 -0.941496 
0.87999999 -0.941496 
0.91999999 -1.382488 
0.95999999 -1.382488 
0.99999999 -1.825007 
1.03999999 -1.825007 
1.07999999 -1.825007 
1.11999999 -1.825007 
1.15999999 -2.267525 
1.19999999 -1.825007 
1.23999999 -1.825007 
1.27999999 -2.267525 
1.31999999 -1.825007 
1.35999999 -1.825007 
1.39999999 -2.267525 
1.43999999 -2.267525 
1.47999999 -2.267525 
1.51999999 -2.267525 
1.55999999 -2.267525 
1.59999999 -2.708518 
1.63999999 -2.708518 
1.67999999 -2.708518 
1.71999999 -2.708518 
1.75999999 -2.708518 
1.79999999 -2.708518 
1.83999999 -2.708518 
1.87999999 -2.708518 
1.91999999 -3.151036 
1.95999999 -2.708518 
1.99999999 -2.708518 
2.03999999 -3.151036 
2.07999999 -3.151036 
2.11999999 -2.708518 
2.15999999 -3.151036 
2.19999999 -2.708518 
2.23999999 -2.708518 
2.27999999 -2.708518 
2.31999999 -2.708518 
2.35999999 -2.708518 
2.39999999 -2.267525 
2.43999999 -2.708518 
2.47999998 -2.708518 
2.51999998 -2.708518 
2.55999998 -2.267525 
2.59999998 -2.708518 
2.63999998 -2.267525 
2.67999998 -2.267525 
2.71999998 -2.267525 
2.75999998 -2.267525 
2.79999998 -2.267525 
2.83999998 -2.267525 
2.87999998 -1.825007 
2.91999998 -1.825007 
2.95999998 -1.825007 
2.99999998 -1.825007 
3.03999998 -1.825007 
3.07999998 -1.825007 
3.11999998 -0.941496 
3.15999998 -1.382488 
3.19999998 -0.941496 
3.23999998 -0.941496 
3.27999998 -0.941496 
3.31999998 -0.941496 
3.35999998 -0.941496 
3.39999998 -0.941496 
3.43999998 -0.4989776 
3.47999998 -0.4989776 
3.51999998 -0.4989776 
3.55999998 -0.4989776 
3.59999998 -0.4989776 
3.63999998 -0.4989776 
6.07999996 -0.4989776 
6.11999996 -0.4989776 
6.23999996 -0.4989776 
6.27999996 -0.4989776 
6.31999996 -0.4989776 
6.35999996 -0.4989776 
6.39999996 -0.4989776 
6.43999996 -0.4989776 
6.47999996 -0.4989776 
6.51999996 -0.941496 
6.55999996 -0.4989776 
6.59999996 -0.4989776 
6.63999996 -0.4989776 
6.67999996 -0.4989776 
6.71999996 -0.4989776 
6.75999996 -0.4989776 
6.79999996 -0.941496 
6.83999996 -0.941496 
6.87999996 -0.4989776 
6.91999996 -0.4989776 
6.95999996 -0.941496 
6.99999996 -0.941496 
7.03999996 -0.4989776 
7.07999996 -0.941496 
7.11999996 -0.941496 
7.15999996 -0.941496 
7.19999996 -0.4989776 
7.23999996 -0.4989776 
7.27999996 -0.4989776 
7.31999996 -0.4989776 
7.35999996 -0.4989776 
7.39999996 -0.4989776 
7.43999995 -0.4989776 
7.51999995 -0.4989776 
7.55999995 -0.4989776 
12.55999992 -0.941496 
12.59999992 -0.4989776 
12.67999992 -0.4989776 
12.71999992 -0.4989776 
12.75999992 -0.4989776 
12.79999992 -0.941496 
12.83999992 -0.4989776 
12.87999992 -0.4989776 
12.91999992 -0.4989776 
12.95999992 -0.4989776 
12.99999992 -0.941496 
13.03999992 -0.4989776 
13.07999992 -0.4989776 
13.11999992 -0.4989776 
13.15999992 -0.4989776 
13.19999992 -0.4989776 
13.23999992 -0.4989776 
13.27999992 -0.4989776 
13.31999992 -0.941496 
13.35999992 -0.4989776 
13.39999992 -0.4989776 
13.43999992 -0.4989776 
13.47999992 -0.4989776 
13.51999992 -0.4989776 
13.55999992 -0.4989776 
13.59999992 -0.4989776 
13.63999992 -0.4989776 
13.67999992 -0.4989776 
13.71999992 -0.4989776 
13.75999992 -0.4989776 
13.79999992 -0.4989776 
13.83999992 -0.4989776 
17.31999989 -0.941496 
17.35999989 -0.4989776 
17.47999989 -0.941496 
17.51999989 -0.4989776 
17.59999989 -0.941496 
17.63999989 -0.941496 
17.75999989 -0.941496 
17.79999989 -0.941496 
17.83999989 -0.941496 
17.87999989 -0.941496 
17.91999989 -0.941496 
17.95999989 -0.941496 
17.99999989 -1.382488 
18.03999989 -0.941496 
18.07999989 -0.941496 
18.11999989 -0.941496 
18.15999989 -1.382488 
18.19999989 -0.941496 
18.23999989 -0.941496 
18.27999989 -0.941496 
18.31999989 -0.941496 
18.35999989 -0.941496 
18.39999989 -0.941496 
18.43999989 -0.941496 
18.47999989 -0.941496 
18.51999989 -0.4989776 
18.55999989 -0.941496 
18.59999989 -0.941496 
18.63999989 -0.941496 
18.67999989 -0.4989776 
18.71999989 -0.941496 
18.75999989 -0.4989776 
18.79999989 -0.941496 
18.83999989 -0.4989776 
18.87999989 -0.4989776 
18.91999989 -0.4989776 
18.95999988 -0.4989776 
22.79999986 -0.4989776 
22.91999986 -0.4989776 
22.95999986 -0.4989776 
22.99999986 -0.941496 
23.03999986 -0.4989776 
23.07999986 -0.941496 
23.11999986 -0.941496 
23.15999986 -0.941496 
23.19999986 -0.941496 
23.23999986 -0.941496 
23.27999986 -0.941496 
23.31999986 -0.941496 
23.35999986 -0.941496 
23.39999986 -1.382488 
23.43999986 -1.825007 
23.47999986 -1.825007 
23.51999986 -1.825007 
23.55999986 -1.825007 
23.59999986 -1.825007 
23.63999986 -1.825007 
23.67999986 -1.825007 
23.71999986 -1.825007 
23.75999986 -2.267525 
23.79999986 -1.825007 
23.83999986 -1.825007 
23.87999985 -2.267525 
23.91999985 -1.825007 
23.95999985 -2.267525 
23.99999985 -2.267525 
24.03999985 -1.825007 
24.07999985 -1.825007 
24.11999985 -2.267525 
24.15999985 -1.825007 
24.19999985 -1.825007 
24.23999985 -2.267525 
24.27999985 -1.825007 
24.31999985 -1.825007 
24.35999985 -1.825007 
24.39999985 -1.825007 
24.43999985 -1.825007 
24.47999985 -2.267525 
24.51999985 -1.825007 
24.55999985 -1.825007 
24.59999985 -1.825007 
24.63999985 -1.825007 
24.67999985 -1.825007 
24.71999985 -1.825007 
24.75999985 -1.825007 
24.79999985 -1.825007 
24.83999985 -1.825007 
24.87999985 -1.825007 
24.91999985 -1.825007 
24.95999985 -1.825007 
24.99999985 -1.825007 
25.03999985 -1.825007 
25.07999985 -1.382488 
25.11999985 -1.382488 
25.15999985 -1.382488 
25.19999985 -1.382488 
25.23999985 -1.382488 
25.27999985 -1.382488 
25.31999985 -0.941496 
25.35999985 -1.382488 
25.39999985 -0.941496 
25.43999985 -0.941496 
25.47999985 -0.941496 
25.51999984 -0.941496 
25.55999984 -0.941496 
25.59999984 -0.941496 
25.63999984 -0.941496 
25.67999984 -0.941496 
25.71999984 -0.941496 
25.75999984 -0.941496 
25.79999984 -0.941496 
25.83999984 -0.941496 
25.87999984 -0.941496 
25.91999984 -0.941496 
25.95999984 -0.941496 
25.99999984 -0.4989776 
26.03999984 -0.941496 
26.07999984 -0.941496 
26.11999984 -0.941496 
26.15999984 -0.941496 
26.19999984 -0.941496 
26.23999984 -0.4989776 
26.27999984 -0.941496 
26.31999984 -0.941496 
26.35999984 -0.941496 
26.39999984 -0.4989776 
26.43999984 -0.4989776 
26.47999984 -0.941496 
26.51999984 -0.4989776 
26.55999984 -0.4989776 
26.59999984 -0.941496 
26.63999984 -0.4989776 
26.67999984 -0.4989776 
26.71999984 -0.4989776 
26.75999984 -0.4989776 
26.79999984 -0.4989776 
26.83999984 -0.941496 
26.87999984 -0.4989776 
26.91999984 -0.4989776 
26.95999984 -0.4989776 
26.99999984 -0.4989776 
27.03999984 -0.4989776 
27.07999984 -0.4989776 
27.11999984 -0.941496 
27.15999983 -0.4989776 
27.19999983 -0.4989776 
27.23999983 -0.4989776 
27.27999983 -0.941496 
27.31999983 -0.4989776 
27.35999983 -0.4989776 
27.39999983 -0.4989776 
27.43999983 -0.4989776 
27.47999983 -0.4989776 
27.51999983 -0.941496 
27.55999983 -0.4989776 
27.59999983 -0.4989776 
27.63999983 -0.4989776 
27.67999983 -0.941496 
27.71999983 -0.941496 
27.75999983 -0.4989776 
27.79999983 -0.4989776 
27.83999983 -0.941496 
27.87999983 -0.941496 
27.91999983 -0.4989776 
27.95999983 -0.941496 
27.99999983 -0.941496 
28.03999983 -0.941496 
28.07999983 -0.941496 
28.11999983 -0.941496 
28.15999983 -0.941496 
28.19999983 -0.941496 
28.23999983 -0.941496 
28.27999983 -0.941496 
28.31999983 -0.941496 
28.35999983 -0.941496 
28.39999983 -0.4989776 
28.43999983 -0.941496 
28.47999983 -0.941496 
28.51999983 -0.941496 
28.55999983 -0.941496 
28.59999983 -0.941496 
28.63999983 -0.941496 
28.67999983 -0.941496 
28.71999983 -0.941496 
28.75999983 -0.941496 
28.79999982 -0.941496 
28.83999982 -0.941496 
28.87999982 -0.941496 
28.91999982 -0.941496 
28.95999982 -0.941496 
28.99999982 -0.941496 
29.03999982 -0.941496 
29.07999982 -0.941496 
29.11999982 -0.941496 
29.15999982 -0.941496 
29.19999982 -0.941496 
29.23999982 -0.941496 
29.27999982 -0.941496 
29.31999982 -0.941496 
29.35999982 -0.941496 
29.39999982 -0.941496 
29.43999982 -0.941496 
29.47999982 -0.941496 
29.51999982 -0.941496 
29.55999982 -0.941496 
29.59999982 -0.941496 
29.63999982 -0.941496 
29.67999982 -0.941496 
29.71999982 -0.941496 
29.75999982 -0.941496 
29.79999982 -0.941496 
29.83999982 -0.941496 
29.87999982 -0.941496 
29.91999982 -0.4989776 
29.95999982 -0.4989776 
29.99999982 -0.4989776 
30.03999982 -0.4989776 
30.07999982 -0.4989776 
30.11999982 -0.4989776 
30.15999982 -0.941496 
30.23999982 -0.4989776 
30.27999982 -0.4989776 
30.39999982 -0.4989776 
30.43999982 -0.4989776 
30.47999981 -0.4989776 
38.99999976 -0.4989776 
39.11999976 -0.4989776 
39.15999976 -0.4989776 
39.19999976 -0.4989776 
39.23999976 -0.4989776 
39.27999976 -0.941496 
39.31999976 -0.4989776 
39.35999976 -0.941496 
39.39999976 -0.941496 
39.43999976 -0.941496 
39.47999976 -0.941496 
39.51999976 -1.382488 
39.55999976 -0.941496 
39.59999976 -0.941496 
39.63999976 -0.941496 
39.67999976 -0.941496 
39.71999976 -1.382488 
39.75999976 -1.382488 
39.79999976 -1.382488 
39.83999976 -1.382488 
39.87999976 -1.382488 
39.91999976 -1.825007 
39.95999976 -0.941496 
39.99999976 -1.382488 
40.03999976 -1.382488 
40.07999976 -1.825007 
40.11999976 -1.825007 
40.15999976 -1.825007 
40.19999976 -0.941496 
40.23999976 -1.825007 
40.27999976 -1.825007 
40.31999975 -0.941496 
40.35999975 -0.941496 
40.39999975 -1.382488 
40.43999975 -1.382488 
40.47999975 -1.382488 
40.51999975 -1.825007 
40.55999975 -1.382488 
40.59999975 -0.941496 
40.63999975 -0.941496 
40.67999975 -0.941496 
40.71999975 -0.941496 
40.75999975 -0.941496 
40.79999975 -0.941496 
40.83999975 -0.941496 
40.87999975 -0.4989776 
40.91999975 -0.941496 
40.95999975 -0.941496 
40.99999975 -0.4989776 
41.03999975 -0.4989776 
41.07999975 -0.4989776 
41.11999975 -0.4989776 
49.5599997 -0.4989776 
49.6399997 -0.4989776 
49.6799997 -0.941496 
49.7199997 -0.4989776 
49.7599997 -0.941496 
49.7999997 -0.941496 
49.8399997 -0.941496 
49.8799997 -0.941496 
49.9199997 -1.382488 
49.9599997 -1.825007 
49.9999997 -1.825007 
50.0399997 -1.825007 
50.0799997 -2.267525 
50.1199997 -2.267525 
50.1599997 -2.267525 
50.19999969 -2.267525 
50.23999969 -2.708518 
50.27999969 -2.708518 
50.31999969 -2.708518 
50.35999969 -2.708518 
50.39999969 -3.151036 
50.43999969 -3.151036 
50.47999969 -2.708518 
50.51999969 -3.593554 
50.55999969 -3.593554 
50.59999969 -3.593554 
50.63999969 -3.593554 
50.67999969 -3.593554 
50.71999969 -3.593554 
50.75999969 -3.593554 
50.79999969 -4.034547 
50.83999969 -4.034547 
50.87999969 -3.593554 
50.91999969 -3.593554 
50.95999969 -3.593554 
50.99999969 -4.034547 
51.03999969 -4.034547 
51.07999969 -4.034547 
51.11999969 -4.034547 
51.15999969 -4.034547 
51.19999969 -4.034547 
51.23999969 -4.034547 
51.27999969 -4.477065 
51.31999969 -4.034547 
51.35999969 -4.034547 
51.39999969 -4.034547 
51.43999969 -4.477065 
51.47999969 -4.034547 
51.51999969 -4.034547 
51.55999969 -4.034547 
51.59999969 -4.034547 
51.63999969 -4.034547 
51.67999969 -3.593554 
51.71999969 -4.034547 
51.75999969 -3.593554 
51.79999969 -4.034547 
51.83999968 -4.034547 
51.87999968 -3.593554 
51.91999968 -3.593554 
51.95999968 -3.593554 
51.99999968 -3.593554 
52.03999968 -3.593554 
52.07999968 -3.593554 
52.11999968 -3.593554 
52.15999968 -3.151036 
52.19999968 -3.151036 
52.23999968 -2.708518 
52.27999968 -2.708518 
52.31999968 -3.151036 
52.35999968 -2.708518 
52.39999968 -2.267525 
52.43999968 -2.708518 
52.47999968 -2.267525 
52.51999968 -2.708518 
52.55999968 -2.267525 
52.59999968 -2.267525 
52.63999968 -2.267525 
52.67999968 -2.267525 
52.71999968 -1.825007 
52.75999968 -1.825007 
52.79999968 -1.825007 
52.83999968 -1.825007 
52.87999968 -1.382488 
52.91999968 -0.941496 
52.95999968 -0.941496 
52.99999968 -1.382488 
53.03999968 -0.941496 
53.07999968 -0.941496 
53.11999968 -0.941496 
53.15999968 -0.941496 
53.19999968 -0.941496 
53.23999968 -0.941496 
53.27999968 -0.4989776 
53.31999968 -0.4989776 
53.35999968 -0.4989776 
53.39999968 -0.4989776 
53.43999968 -0.4989776 
55.63999966 -0.4989776 
55.67999966 -0.4989776 
55.75999966 -0.4989776 
55.79999966 -0.4989776 
55.83999966 -0.4989776 
55.87999966 -0.4989776 
55.91999966 -0.4989776 
55.95999966 -0.941496 
55.99999966 -0.4989776 
56.03999966 -0.4989776 
56.07999966 -0.4989776 
56.11999966 -0.4989776 
56.15999966 -0.941496 
56.19999966 -0.941496 
56.27999966 -0.4989776 
56.31999966 -0.941496 
56.35999966 -0.941496 
56.39999966 -0.4989776 
56.43999966 -0.4989776 
56.47999966 -0.941496 
56.51999966 -0.4989776 
56.55999966 -0.4989776 
56.59999966 -0.4989776 
56.63999966 -0.4989776 
56.67999966 -0.4989776 
56.71999966 -0.4989776 
56.75999966 -0.4989776 
56.79999965 -0.4989776 
56.83999965 -0.4989776 
56.87999965 -0.4989776 
56.91999965 -0.4989776 
61.87999962 -0.4989776 
61.95999962 -0.4989776 
61.99999962 -0.4989776 
62.03999962 -0.4989776 
62.07999962 -0.4989776 
62.11999962 -0.4989776 
62.15999962 -0.4989776 
62.19999962 -0.941496 
62.23999962 -0.941496 
62.27999962 -0.941496 
62.31999962 -0.4989776 
62.35999962 -0.941496 
62.39999962 -0.941496 
62.43999962 -0.941496 
62.47999962 -0.941496 
62.51999962 -0.941496 
62.55999962 -0.941496 
62.59999962 -0.941496 
62.63999962 -0.941496 
62.67999962 -0.941496 
62.71999962 -0.941496 
62.75999962 -0.941496 
62.79999962 -0.941496 
62.83999962 -0.941496 
62.87999962 -0.941496 
62.91999962 -0.941496 
62.95999962 -0.941496 
62.99999962 -0.941496 
63.03999962 -0.941496 
63.07999962 -0.941496 
63.11999962 -0.941496 
63.15999962 -0.941496 
63.19999962 -0.941496 
63.23999962 -0.941496 
63.27999962 -0.941496 
63.31999962 -0.4989776 
63.35999961 -0.941496 
63.39999961 -0.4989776 
63.43999961 -0.941496 
63.47999961 -0.4989776 
63.51999961 -0.4989776 
63.55999961 -0.4989776 
63.59999961 -0.4989776 
63.63999961 -0.4989776 
63.67999961 -0.4989776 
67.55999959 -0.4989776 
67.71999959 -0.4989776 
72.43999956 -0.941496 
72.71999956 -0.941496 
72.75999956 -0.4989776 
72.87999956 -0.4989776 
72.91999956 -0.4989776 
73.03999956 -0.4989776 
73.11999956 -0.4989776 
73.23999955 -0.4989776 
73.39999955 -0.4989776 
73.43999955 -0.4989776 
73.59999955 -0.4989776 
73.63999955 -0.4989776 
73.67999955 -0.4989776 
73.87999955 -0.4989776 
76.75999953 -0.4989776 
76.79999953 -0.4989776 
76.83999953 -0.4989776 
76.87999953 -0.4989776 
76.91999953 -0.941496 
76.95999953 -0.941496 
76.99999953 -0.941496 
77.03999953 -0.941496 
77.07999953 -0.941496 
77.11999953 -0.941496 
77.15999953 -0.941496 
77.19999953 -0.941496 
77.23999953 -0.941496 
77.27999953 -1.382488 
77.31999953 -1.825007 
77.35999953 -1.825007 
77.39999953 -1.382488 
77.43999953 -1.382488 
77.47999953 -1.825007 
77.51999953 -1.825007 
77.55999953 -1.825007 
77.59999953 -1.825007 
77.63999953 -1.825007 
77.67999953 -1.825007 
77.71999953 -2.267525 
77.75999953 -2.267525 
77.79999953 -2.267525 
77.83999953 -2.267525 
77.87999953 -2.267525 
77.91999953 -2.267525 
77.95999953 -2.267525 
77.99999953 -2.708518 
78.03999953 -2.708518 
78.07999953 -2.267525 
78.11999953 -2.708518 
78.15999952 -2.267525 
78.19999952 -2.267525 
78.23999952 -2.708518 
78.27999952 -2.267525 
78.31999952 -2.267525 
78.35999952 -2.267525 
78.39999952 -2.267525 
78.43999952 -2.267525 
78.47999952 -2.708518 
78.51999952 -2.708518 
78.55999952 -2.708518 
78.59999952 -2.708518 
78.63999952 -2.708518 
78.67999952 -2.267525 
78.71999952 -2.267525 
78.75999952 -2.708518 
78.79999952 -2.267525 
78.83999952 -2.267525 
78.87999952 -2.267525 
78.91999952 -2.267525 
78.95999952 -2.267525 
78.99999952 -2.267525 
79.03999952 -2.267525 
79.07999952 -2.267525 
79.11999952 -2.267525 
79.15999952 -2.267525 
79.19999952 -2.267525 
79.23999952 -2.267525 
79.27999952 -1.825007 
79.31999952 -1.825007 
79.35999952 -2.267525 
79.39999952 -2.267525 
79.43999952 -1.825007 
79.47999952 -1.825007 
79.51999952 -1.825007 
79.55999952 -1.825007 
79.59999952 -1.825007 
79.63999952 -1.825007 
79.67999952 -1.825007 
79.71999952 -1.825007 
79.75999952 -1.825007 
79.79999952 -1.825007 
79.83999951 -1.825007 
79.87999951 -1.382488 
79.91999951 -0.941496 
79.95999951 -0.941496 
79.99999951 -0.941496 
80.03999951 -0.941496 
80.07999951 -0.941496 
80.11999951 -0.941496 
80.15999951 -0.941496 
80.19999951 -0.941496 
80.23999951 -0.4989776 
80.27999951 -0.4989776 
80.31999951 -0.4989776 
80.35999951 -0.4989776 
80.43999951 -0.4989776 
83.87999949 -0.4989776 
83.99999949 -0.4989776 
84.07999949 -0.4989776 
84.11999949 -0.4989776 
84.15999949 -0.4989776 
84.19999949 -0.4989776 
84.23999949 -0.4989776 
84.27999949 -0.4989776 
84.31999949 -0.941496 
84.35999949 -0.4989776 
84.39999949 -0.4989776 
84.43999949 -0.4989776 
84.47999949 -0.941496 
84.51999949 -0.941496 
84.55999949 -0.4989776 
84.59999949 -0.4989776 
84.63999949 -0.941496 
84.67999949 -0.4989776 
84.71999949 -0.941496 
84.75999948 -0.4989776 
84.79999948 -0.941496 
84.83999948 -0.941496 
84.87999948 -0.4989776 
84.91999948 -0.4989776 
84.95999948 -0.4989776 
84.99999948 -0.4989776 
85.03999948 -0.4989776 
85.07999948 -0.4989776 
85.11999948 -0.4989776 
85.15999948 -0.941496 
85.19999948 -0.4989776 
85.23999948 -0.4989776 
85.31999948 -0.4989776 
85.35999948 -0.4989776 
88.03999946 -0.4989776 
88.07999946 -0.4989776 
88.11999946 -0.4989776 
88.15999946 -0.4989776 
88.19999946 -0.941496 
88.23999946 -0.4989776 
88.27999946 -0.941496 
88.31999946 -0.941496 
88.35999946 -0.4989776 
88.39999946 -0.4989776 
88.43999946 -0.941496 
88.47999946 -0.941496 
88.51999946 -0.4989776 
88.55999946 -0.941496 
88.59999946 -0.941496 
88.63999946 -0.941496 
88.67999946 -0.941496 
88.71999946 -0.941496 
88.75999946 -0.941496 
88.79999946 -0.941496 
88.83999946 -0.941496 
88.87999946 -0.941496 
88.91999946 -0.941496 
88.95999946 -0.941496 
88.99999946 -0.941496 
89.03999946 -0.941496 
89.07999946 -0.941496 
89.11999946 -0.941496 
89.15999946 -1.382488 
89.19999946 -0.941496 
89.23999946 -0.941496 
89.27999946 -0.941496 
89.31999946 -0.941496 
89.35999946 -0.941496 
89.39999946 -1.382488 
89.43999946 -0.941496 
89.47999946 -0.941496 
89.51999946 -0.941496 
89.55999946 -0.941496 
89.59999946 -0.941496 
89.63999946 -0.941496 
89.67999945 -1.382488 
89.71999945 -0.941496 
89.75999945 -0.941496 
89.79999945 -0.941496 
89.83999945 -0.941496 
89.87999945 -0.941496 
89.91999945 -0.941496 
89.95999945 -0.941496 
89.99999945 -0.941496 
90.03999945 -0.941496 
90.07999945 -0.941496 
90.11999945 -0.941496 
90.15999945 -0.941496 
90.19999945 -0.941496 
90.23999945 -0.941496 
90.27999945 -0.941496 
90.31999945 -0.941496 
90.35999945 -0.941496 
90.39999945 -0.4989776 
90.43999945 -0.4989776 
90.47999945 -0.4989776 
90.51999945 -0.4989776 
90.55999945 -0.4989776 
90.63999945 -0.4989776 
99.3199994 -0.4989776 
99.3599994 -0.4989776 
99.3999994 -0.941496 
99.4399994 -0.4989776 
99.4799994 -0.941496 
99.5199994 -1.825007 
99.55999939 -0.941496 
99.63999939 -1.382488 
99.67999939 -2.267525 
99.71999939 -0.941496 
99.75999939 -0.941496 
99.79999939 -1.825007 
99.83999939 -1.382488 
99.87999939 -1.382488 
99.91999939 -1.382488 
99.95999939 -0.941496 
99.99999939 -2.267525 
100.03999939 -3.593554 
100.07999939 -1.825007 
100.11999939 -0.941496 
100.15999939 -2.267525 
100.19999939 -2.708518 
100.23999939 -1.825007 
100.27999939 -2.267525 
100.31999939 -3.151036 
100.35999939 -2.267525 
100.39999939 -1.825007 
100.43999939 -2.708518 
100.47999939 -3.151036 
100.51999939 -2.708518 
100.55999939 -2.708518 
100.59999939 -2.708518 
100.63999939 -2.708518 
100.67999939 -3.151036 
100.71999939 -2.708518 
100.75999939 -2.267525 
100.79999939 -2.708518 
100.83999939 -3.151036 
100.87999939 -2.708518 
100.91999939 -2.708518 
100.95999939 -3.151036 
100.99999939 -2.708518 
101.03999939 -2.267525 
101.07999939 -2.708518 
101.11999939 -2.708518 
101.15999939 -2.708518 
101.19999938 -2.708518 
101.23999938 -2.267525 
101.27999938 -2.708518 
101.31999938 -2.708518 
101.35999938 -2.267525 
101.39999938 -2.267525 
101.43999938 -2.267525 
101.47999938 -2.267525 
101.51999938 -2.267525 
101.55999938 -2.267525 
101.59999938 -1.825007 
101.63999938 -2.267525 
101.67999938 -2.267525 
101.71999938 -1.825007 
101.75999938 -2.267525 
101.79999938 -2.267525 
101.83999938 -1.825007 
101.87999938 -1.382488 
101.91999938 -1.825007 
101.95999938 -1.825007 
101.99999938 -1.382488 
102.03999938 -1.382488 
102.07999938 -0.941496 
102.11999938 -0.941496 
102.15999938 -0.941496 
102.19999938 -0.941496 
102.23999938 -0.941496 
102.27999938 -0.941496 
102.31999938 -0.941496 
102.35999938 -0.941496 
102.39999938 -0.4989776 
102.43999938 -0.4989776 
102.47999938 -0.4989776 
102.51999938 -0.4989776 
104.59999936 -0.4989776 
104.63999936 -0.4989776 
104.71999936 -0.4989776 
104.75999936 -0.4989776 
104.79999936 -0.941496 
104.83999936 -0.4989776 
104.87999936 -0.4989776 
104.91999936 -0.941496 
104.95999936 -0.941496 
104.99999936 -0.941496 
105.03999936 -0.941496 
105.07999936 -0.941496 
105.11999936 -0.941496 
105.15999936 -0.941496 
105.19999936 -0.941496 
105.23999936 -0.941496 
105.27999936 -0.941496 
105.31999936 -0.941496 
105.35999936 -0.941496 
105.39999936 -0.941496 
105.43999936 -0.941496 
105.47999936 -0.941496 
105.51999936 -0.941496 
105.55999936 -0.941496 
105.59999936 -0.941496 
105.63999936 -0.941496 
105.67999936 -0.941496 
105.71999936 -0.941496 
105.75999936 -0.941496 
105.79999936 -0.941496 
105.83999936 -0.941496 
105.87999936 -0.941496 
105.91999936 -0.941496 
105.95999936 -0.941496 
105.99999936 -0.941496 
106.03999936 -0.941496 
106.07999936 -0.941496 
106.11999936 -0.941496 
106.15999935 -0.941496 
106.19999935 -0.941496 
106.23999935 -0.941496 
106.27999935 -0.941496 
106.31999935 -0.4989776 
106.35999935 -0.4989776 
106.39999935 -0.4989776 
106.43999935 -0.4989776 
106.47999935 -0.4989776 
106.51999935 -0.4989776 
106.55999935 -0.941496 
106.59999935 -0.4989776 
106.63999935 -0.4989776 
106.71999935 -0.4989776 
110.83999933 -0.4989776 
110.87999933 -0.4989776 
110.91999933 -0.4989776 
110.95999933 -0.4989776 
110.99999933 -0.4989776 
111.03999933 -0.941496 
111.07999932 -0.941496 
111.11999932 -0.941496 
111.15999932 -0.941496 
111.19999932 -0.941496 
111.23999932 -0.941496 
111.27999932 -0.941496 
111.31999932 -0.941496 
111.35999932 -0.941496 
111.39999932 -1.382488 
111.43999932 -1.382488 
111.47999932 -1.382488 
111.51999932 -1.382488 
111.55999932 -1.825007 
111.59999932 -1.825007 
111.63999932 -1.825007 
111.67999932 -1.825007 
111.71999932 -1.825007 
111.75999932 -1.825007 
111.79999932 -1.825007 
111.83999932 -1.825007 
111.87999932 -1.825007 
111.91999932 -1.825007 
111.95999932 -1.825007 
111.99999932 -1.825007 
112.03999932 -2.267525 
112.07999932 -1.825007 
112.11999932 -2.267525 
112.15999932 -2.267525 
112.19999932 -2.267525 
112.23999932 -2.267525 
112.27999932 -2.267525 
112.31999932 -2.267525 
112.35999932 -2.267525 
112.39999932 -1.825007 
112.43999932 -2.267525 
112.47999932 -1.825007 
112.51999932 -2.267525 
112.55999932 -1.825007 
112.59999932 -2.267525 
112.63999932 -2.267525 
112.67999932 -1.825007 
112.71999931 -1.825007 
112.75999931 -1.825007 
112.79999931 -1.825007 
112.83999931 -1.825007 
112.87999931 -1.825007 
112.91999931 -1.825007 
112.95999931 -1.825007 
112.99999931 -1.825007 
113.03999931 -1.825007 
113.07999931 -1.825007 
113.11999931 -1.825007 
113.15999931 -1.825007 
113.19999931 -1.825007 
113.23999931 -1.825007 
113.27999931 -1.825007 
113.31999931 -1.382488 
113.35999931 -0.941496 
113.39999931 -1.382488 
113.43999931 -0.941496 
113.47999931 -1.382488 
113.51999931 -0.941496 
113.55999931 -0.941496 
113.59999931 -0.941496 
113.63999931 -0.941496 
113.67999931 -0.941496 
113.71999931 -0.941496 
113.75999931 -0.941496 
113.79999931 -0.941496 
113.83999931 -0.4989776 
113.87999931 -0.4989776 
113.91999931 -0.4989776 
113.95999931 -0.4989776 
113.99999931 -0.4989776 
114.03999931 -0.941496 
114.07999931 -0.4989776 
114.15999931 -0.4989776 
114.19999931 -0.4989776 
114.31999931 -0.4989776 
114.4799993 -0.941496 
114.5199993 -0.4989776 
116.11999929 -0.4989776 
116.23999929 -0.4989776 
116.27999929 -0.4989776 
116.35999929 -0.4989776 
116.39999929 -0.4989776 
116.43999929 -0.4989776 
116.47999929 -0.4989776 
116.51999929 -0.4989776 
116.55999929 -0.4989776 
116.59999929 -0.941496 
116.63999929 -0.4989776 
116.67999929 -0.941496 
116.71999929 -0.941496 
116.75999929 -0.941496 
116.79999929 -0.941496 
116.83999929 -0.4989776 
116.87999929 -0.941496 
116.91999929 -0.941496 
116.95999929 -0.941496 
116.99999929 -0.941496 
117.03999929 -0.941496 
117.07999929 -0.941496 
117.11999929 -0.941496 
117.15999929 -0.941496 
117.19999929 -0.941496 
117.23999929 -0.941496 
117.27999929 -0.941496 
117.31999929 -0.941496 
117.35999929 -0.941496 
117.39999929 -0.941496 
117.43999929 -0.941496 
117.47999929 -0.941496 
117.51999929 -0.941496 
117.55999929 -0.941496 
117.59999929 -0.4989776 
117.63999929 -0.941496 
117.67999928 -0.941496 
117.71999928 -0.4989776 
117.75999928 -0.941496 
117.79999928 -0.4989776 
117.83999928 -0.4989776 
117.87999928 -0.4989776 
126.95999923 -0.4989776 
126.99999923 -0.4989776 
127.07999923 -0.4989776 
127.11999923 -0.4989776 
127.15999923 -0.4989776 
127.19999923 -0.4989776 
127.23999923 -0.4989776 
127.27999923 -0.4989776 
127.31999923 -0.941496 
127.35999923 -0.941496 
127.39999923 -1.382488 
127.43999923 -0.4989776 
127.47999923 -0.941496 
127.51999923 -0.941496 
127.55999922 -0.941496 
127.59999922 -0.941496 
127.63999922 -0.941496 
127.67999922 -0.941496 
127.71999922 -0.4989776 
127.75999922 -0.4989776 
127.79999922 -0.4989776 
127.83999922 -0.4989776 
127.87999922 -1.825007 
127.91999922 -1.825007 
127.99999922 -0.4989776 
128.03999922 -0.941496 
128.07999922 -0.941496 
128.15999922 -1.825007 
128.19999922 -1.825007 
128.27999922 -0.4989776 
128.31999922 -0.941496 
128.35999922 -0.941496 
128.39999922 -0.4989776 
128.43999922 -0.4989776 
128.47999922 -0.4989776 
128.51999922 -0.941496 
128.55999922 -0.941496 
128.59999922 -0.4989776 
128.63999922 -0.4989776 
128.67999922 -0.4989776 
128.71999922 -0.941496 
128.75999922 -0.4989776 
128.79999922 -0.4989776 
128.83999922 -0.4989776 
128.87999922 -0.941496 
128.91999922 -0.4989776 
128.95999922 -0.4989776 
128.99999922 -0.4989776 
129.03999922 -0.4989776 
129.07999922 -0.4989776 
129.15999922 -0.4989776 
129.19999921 -0.4989776 
129.27999921 -0.4989776 
133.23999919 -0.4989776 
133.27999919 -0.4989776 
133.31999919 -0.4989776 
133.35999919 -0.4989776 
133.39999919 -0.941496 
133.43999919 -0.941496 
133.47999919 -0.4989776 
133.51999919 -0.4989776 
133.55999919 -0.941496 
133.59999919 -0.941496 
133.63999919 -0.941496 
133.67999919 -0.941496 
133.71999919 -0.941496 
133.75999919 -0.941496 
133.79999919 -0.941496 
133.83999919 -0.941496 
133.87999919 -0.941496 
133.91999919 -0.941496 
133.95999919 -0.941496 
133.99999919 -0.941496 
134.03999919 -0.941496 
134.07999919 -0.941496 
134.11999918 -0.941496 
134.15999918 -0.941496 
134.19999918 -0.941496 
134.23999918 -0.941496 
134.27999918 -0.941496 
134.31999918 -0.941496 
134.35999918 -0.941496 
134.39999918 -0.941496 
134.43999918 -0.941496 
134.47999918 -0.941496 
134.51999918 -1.825007 
134.55999918 -0.941496 
134.59999918 -0.941496 
134.63999918 -0.941496 
134.67999918 -0.941496 
134.71999918 -0.4989776 
134.75999918 -0.4989776 
134.79999918 -0.941496 
134.83999918 -0.4989776 
134.87999918 -0.4989776 
134.91999918 -0.941496 
134.95999918 -0.4989776 
134.99999918 -0.4989776 
135.03999918 -0.4989776 
135.07999918 -0.4989776 
135.11999918 -0.4989776 
135.15999918 -0.4989776 
136.95999917 -0.4989776 
136.99999917 -0.4989776 
137.03999917 -0.4989776 
137.07999917 -0.4989776 
137.11999917 -0.4989776 
137.15999917 -0.941496 
137.19999917 -0.941496 
137.23999917 -0.941496 
137.27999917 -0.941496 
137.31999917 -0.941496 
137.35999917 -0.941496 
137.39999916 -0.941496 
137.43999916 -0.941496 
137.47999916 -0.941496 
137.51999916 -0.941496 
137.55999916 -0.941496 
137.59999916 -0.941496 
137.63999916 -1.382488 
137.67999916 -1.382488 
137.71999916 -1.825007 
137.75999916 -1.825007 
137.79999916 -1.825007 
137.83999916 -1.825007 
137.87999916 -1.825007 
137.91999916 -1.825007 
137.95999916 -1.825007 
137.99999916 -2.267525 
138.03999916 -2.267525 
138.07999916 -2.267525 
138.11999916 -2.267525 
138.15999916 -2.267525 
138.19999916 -2.267525 
138.23999916 -2.267525 
138.27999916 -2.267525 
138.31999916 -2.267525 
138.35999916 -2.267525 
138.39999916 -2.267525 
138.43999916 -2.267525 
138.47999916 -2.267525 
138.51999916 -2.267525 
138.55999916 -2.708518 
138.59999916 -2.267525 
138.63999916 -2.267525 
138.67999916 -2.708518 
138.71999916 -2.708518 
138.75999916 -2.708518 
138.79999916 -2.708518 
138.83999916 -2.708518 
138.87999916 -2.708518 
138.91999916 -2.708518 
138.95999916 -2.267525 
138.99999916 -2.708518 
139.03999915 -2.708518 
139.07999915 -2.267525 
139.11999915 -2.267525 
139.15999915 -2.267525 
139.19999915 -2.708518 
139.23999915 -2.267525 
139.27999915 -3.151036 
139.31999915 -2.708518 
139.35999915 -2.267525 
139.39999915 -2.267525 
139.43999915 -2.267525 
139.47999915 -2.267525 
139.51999915 -2.267525 
139.55999915 -1.825007 
139.59999915 -1.825007 
139.63999915 -2.267525 
139.67999915 -1.825007 
139.71999915 -1.825007 
139.75999915 -1.825007 
139.79999915 -1.825007 
139.83999915 -1.825007 
139.87999915 -1.825007 
139.91999915 -1.825007 
139.95999915 -1.382488 
139.99999915 -0.941496 
140.03999915 -1.382488 
140.07999915 -0.941496 
140.11999915 -0.941496 
140.15999915 -0.941496 
140.19999915 -0.941496 
140.23999915 -0.941496 
140.27999915 -0.4989776 
140.31999915 -0.4989776 
140.35999915 -0.4989776 
140.39999915 -0.4989776 
140.43999915 -0.4989776 
140.47999915 -0.4989776 
140.51999915 -0.4989776 
140.63999915 -0.4989776 
140.79999914 -0.4989776 
149.23999909 -0.4989776 
149.27999909 -0.4989776 
149.31999909 -0.4989776 
149.35999909 -0.4989776 
149.39999909 -0.941496 
149.43999909 -0.4989776 
149.47999909 -0.941496 
149.51999909 -0.941496 
149.55999909 -0.941496 
149.59999909 -0.941496 
149.63999909 -0.941496 
149.67999909 -0.941496 
149.71999909 -0.941496 
149.75999909 -0.941496 
149.79999909 -0.941496 
149.83999909 -0.941496 
149.87999909 -0.941496 
149.91999909 -0.941496 
149.95999909 -0.941496 
149.99999909 -0.941496 
150.03999909 -1.382488 
150.07999909 -1.382488 
150.11999909 -1.382488 
150.15999909 -1.382488 
150.19999909 -1.382488 
150.23999909 -1.382488 
150.27999909 -1.825007 
150.31999909 -1.825007 
150.35999909 -1.382488 
150.39999909 -1.825007 
150.43999909 -1.825007 
150.47999909 -1.825007 
150.51999909 -0.941496 
150.55999908 -1.382488 
150.59999908 -1.382488 
150.63999908 -1.825007 
150.67999908 -1.825007 
150.71999908 -1.382488 
150.75999908 -0.941496 
150.79999908 -0.941496 
150.83999908 -0.941496 
150.87999908 -0.941496 
150.91999908 -0.941496 
150.95999908 -0.941496 
150.99999908 -0.941496 
151.03999908 -0.941496 
151.07999908 -0.941496 
151.11999908 -0.941496 
151.15999908 -0.941496 
151.19999908 -0.941496 
151.23999908 -0.941496 
151.27999908 -0.941496 
151.31999908 -0.4989776 
151.35999908 -0.941496 
151.39999908 -0.941496 
151.43999908 -0.4989776 
151.51999908 -0.4989776 
151.55999908 -0.4989776 
151.59999908 -0.4989776 
155.03999906 -0.4989776 
155.27999906 -0.4989776 
155.59999905 -0.4989776 
155.63999905 -0.4989776 
155.71999905 -0.4989776 
155.75999905 -0.4989776 
155.79999905 -0.4989776 
155.83999905 -0.4989776 
155.87999905 -0.4989776 
156.11999905 -0.4989776 
156.15999905 -0.4989776 
159.83999903 -0.4989776 
159.91999903 -0.4989776 
159.95999903 -0.4989776 
159.99999903 -0.4989776 
160.03999903 -0.4989776 
160.07999903 -0.941496 
160.11999903 -0.941496 
160.15999903 -0.941496 
160.19999903 -0.941496 
160.23999903 -0.941496 
160.27999903 -0.941496 
160.31999903 -1.825007 
160.35999903 -1.382488 
160.39999903 -1.825007 
160.43999902 -1.382488 
160.47999902 -1.825007 
160.51999902 -1.825007 
160.55999902 -1.825007 
160.59999902 -1.825007 
160.63999902 -0.941496 
160.67999902 -1.825007 
160.71999902 -2.267525 
160.75999902 -2.267525 
160.79999902 -2.267525 
160.83999902 -2.267525 
160.87999902 -2.267525 
160.91999902 -2.708518 
160.95999902 -2.267525 
160.99999902 -2.708518 
161.03999902 -2.708518 
161.07999902 -2.708518 
161.11999902 -2.708518 
161.15999902 -2.708518 
161.19999902 -3.151036 
161.23999902 -3.151036 
161.27999902 -3.151036 
161.31999902 -2.708518 
161.35999902 -2.708518 
161.39999902 -3.151036 
161.43999902 -2.708518 
161.47999902 -2.708518 
161.51999902 -3.151036 
161.55999902 -3.151036 
161.59999902 -3.151036 
161.63999902 -3.151036 
161.67999902 -3.151036 
161.71999902 -3.151036 
161.75999902 -3.151036 
161.79999902 -3.151036 
161.83999902 -3.151036 
161.87999902 -3.151036 
161.91999902 -3.151036 
161.95999902 -3.593554 
161.99999902 -3.151036 
162.03999902 -3.151036 
162.07999901 -2.708518 
162.11999901 -3.151036 
162.15999901 -3.151036 
162.19999901 -2.708518 
162.23999901 -3.151036 
162.27999901 -2.708518 
162.31999901 -2.708518 
162.35999901 -2.708518 
162.39999901 -2.708518 
162.43999901 -2.708518 
162.47999901 -2.708518 
162.51999901 -2.267525 
162.55999901 -2.267525 
162.59999901 -2.267525 
162.63999901 -2.267525 
162.67999901 -2.267525 
162.71999901 -2.267525 
162.75999901 -2.267525 
162.79999901 -2.267525 
162.83999901 -2.267525 
162.87999901 -1.825007 
162.91999901 -1.825007 
162.95999901 -1.825007 
162.99999901 -1.825007 
163.03999901 -1.825007 
163.07999901 -1.825007 
163.11999901 -1.825007 
163.15999901 -1.825007 
163.19999901 -1.382488 
163.23999901 -1.382488 
163.27999901 -1.382488 
163.31999901 -0.941496 
163.35999901 -0.941496 
163.39999901 -0.941496 
163.43999901 -0.941496 
163.47999901 -0.941496 
163.51999901 -0.941496 
163.55999901 -0.4989776 
163.59999901 -0.941496 
163.63999901 -0.941496 
163.67999901 -0.941496 
163.719999 -0.4989776 
163.759999 -0.4989776 
163.799999 -0.4989776 
163.839999 -0.4989776 
163.879999 -0.4989776 
163.919999 -0.4989776 
163.959999 -0.4989776 
163.999999 -0.4989776 
165.079999 -0.4989776 
165.119999 -0.4989776 
165.159999 -0.4989776 
165.199999 -0.4989776 
165.239999 -0.4989776 
165.279999 -0.4989776 
165.319999 -0.4989776 
165.359999 -0.4989776 
165.39999899 -0.941496 
165.43999899 -0.4989776 
165.47999899 -0.4989776 
165.51999899 -0.4989776 
165.55999899 -0.4989776 
165.59999899 -0.941496 
165.63999899 -0.941496 
165.67999899 -0.941496 
165.71999899 -0.941496 
165.75999899 -0.941496 
165.79999899 -0.941496 
165.83999899 -0.941496 
165.87999899 -0.941496 
165.91999899 -0.941496 
165.95999899 -0.941496 
165.99999899 -0.941496 
166.03999899 -1.382488 
166.07999899 -0.941496 
166.11999899 -1.382488 
166.15999899 -1.382488 
166.19999899 -0.941496 
166.23999899 -1.382488 
166.27999899 -1.382488 
166.31999899 -1.382488 
166.35999899 -1.825007 
166.39999899 -1.382488 
166.43999899 -1.382488 
166.47999899 -1.825007 
166.51999899 -0.941496 
166.55999899 -1.382488 
166.59999899 -1.825007 
166.63999899 -1.382488 
166.67999899 -0.941496 
166.71999899 -1.382488 
166.75999899 -1.382488 
166.79999899 -1.382488 
166.83999899 -0.941496 
166.87999899 -0.941496 
166.91999899 -0.941496 
166.95999899 -0.941496 
166.99999899 -0.941496 
167.03999898 -0.941496 
167.07999898 -0.941496 
167.11999898 -1.825007 
167.19999898 -0.941496 
167.23999898 -0.941496 
167.35999898 -0.4989776 
167.39999898 -0.4989776 
171.91999896 -0.4989776 
171.99999895 -0.4989776 
172.03999895 -0.4989776 
172.07999895 -0.4989776 
172.11999895 -0.4989776 
172.19999895 -0.4989776 
172.23999895 -0.4989776 
172.27999895 -0.4989776 
172.35999895 -0.4989776 
172.39999895 -0.4989776 
172.43999895 -0.4989776 
172.47999895 -0.4989776 
172.51999895 -0.4989776 
172.55999895 -0.4989776 
172.59999895 -0.4989776 
172.63999895 -0.4989776 
172.67999895 -0.4989776 
172.71999895 -0.4989776 
172.75999895 -0.4989776 
172.79999895 -0.4989776 
172.83999895 -0.4989776 
172.87999895 -0.4989776 
172.91999895 -0.4989776 
172.95999895 -0.4989776 
172.99999895 -0.4989776 
176.71999893 -0.4989776 
176.75999893 -0.4989776 
176.79999893 -0.4989776 
176.83999893 -0.4989776 
176.87999893 -0.4989776 
176.91999892 -0.4989776 
176.95999892 -0.941496 
176.99999892 -0.4989776 
177.03999892 -0.4989776 
177.07999892 -0.4989776 
177.11999892 -0.4989776 
177.15999892 -0.941496 
177.19999892 -0.941496 
177.23999892 -0.4989776 
177.27999892 -0.941496 
177.31999892 -0.941496 
177.35999892 -0.941496 
177.39999892 -0.4989776 
177.43999892 -0.4989776 
177.47999892 -0.941496 
177.51999892 -0.941496 
177.55999892 -0.941496 
177.59999892 -0.941496 
177.63999892 -0.4989776 
177.67999892 -0.941496 
177.71999892 -0.941496 
177.75999892 -0.941496 
177.79999892 -0.4989776 
177.83999892 -0.941496 
177.87999892 -0.941496 
177.91999892 -0.941496 
177.95999892 -0.941496 
177.99999892 -0.941496 
178.03999892 -0.941496 
178.07999892 -0.941496 
178.11999892 -0.4989776 
178.15999892 -0.941496 
178.19999892 -0.4989776 
178.23999892 -0.4989776 
178.27999892 -0.4989776 
178.31999892 -0.941496 
178.35999892 -0.941496 
178.39999892 -0.941496 
178.43999892 -0.4989776 
178.47999892 -0.941496 
178.51999892 -0.4989776 
178.55999891 -0.4989776 
178.59999891 -0.4989776 
178.63999891 -0.4989776 
178.71999891 -0.4989776 
183.03999889 -0.4989776 
183.07999889 -0.4989776 
183.11999889 -0.4989776 
183.23999889 -0.4989776 
183.27999889 -0.4989776 
183.31999889 -0.4989776 
183.35999889 -0.4989776 
183.39999889 -0.4989776 
183.43999889 -0.4989776 
183.47999888 -0.4989776 
183.51999888 -0.4989776 
183.59999888 -0.4989776 
183.63999888 -0.4989776 
183.67999888 -0.4989776 
183.71999888 -0.4989776 
183.75999888 -0.4989776 
183.79999888 -0.4989776 
183.83999888 -0.4989776 
183.91999888 -0.4989776 
184.31999888 -0.941496 
187.23999886 -0.4989776 
187.27999886 -0.4989776 
187.31999886 -0.4989776 
187.35999886 -0.4989776 
187.39999886 -0.941496 
187.43999886 -0.941496 
187.47999886 -0.941496 
187.51999886 -0.941496 
187.55999886 -0.941496 
187.59999886 -1.382488 
187.63999886 -1.825007 
187.67999886 -1.382488 
187.71999886 -1.825007 
187.75999886 -1.825007 
187.79999886 -1.825007 
187.83999886 -2.267525 
187.87999886 -2.267525 
187.91999886 -2.267525 
187.95999886 -2.267525 
187.99999886 -2.267525 
188.03999886 -2.267525 
188.07999886 -2.267525 
188.11999886 -2.267525 
188.15999886 -2.708518 
188.19999886 -2.267525 
188.23999886 -2.708518 
188.27999886 -3.151036 
188.31999886 -3.151036 
188.35999886 -2.708518 
188.39999886 -3.151036 
188.43999885 -2.708518 
188.47999885 -2.708518 
188.51999885 -3.151036 
188.55999885 -3.151036 
188.59999885 -3.151036 
188.63999885 -3.151036 
188.67999885 -3.593554 
188.71999885 -3.593554 
188.75999885 -3.151036 
188.79999885 -3.151036 
188.83999885 -3.151036 
188.87999885 -3.151036 
188.91999885 -3.151036 
188.95999885 -3.593554 
188.99999885 -3.151036 
189.03999885 -2.708518 
189.07999885 -2.708518 
189.11999885 -2.708518 
189.15999885 -3.151036 
189.19999885 -3.151036 
189.23999885 -3.151036 
189.27999885 -2.708518 
189.31999885 -2.708518 
189.35999885 -2.708518 
189.39999885 -2.708518 
189.43999885 -2.708518 
189.47999885 -2.267525 
189.51999885 -2.267525 
189.55999885 -2.267525 
189.59999885 -2.267525 
189.63999885 -2.267525 
189.67999885 -2.267525 
189.71999885 -1.825007 
189.75999885 -1.825007 
189.79999885 -2.267525 
189.83999885 -1.825007 
189.87999885 -1.825007 
189.91999885 -1.825007 
189.95999885 -1.825007 
189.99999885 -1.382488 
190.03999885 -1.382488 
190.07999884 -0.941496 
190.11999884 -0.941496 
190.15999884 -0.941496 
190.19999884 -0.941496 
190.23999884 -0.941496 
190.27999884 -0.941496 
190.31999884 -0.4989776 
190.35999884 -0.4989776 
190.39999884 -0.4989776 
190.43999884 -0.4989776 
193.95999882 -0.4989776 
193.99999882 -0.4989776 
194.03999882 -0.4989776 
194.07999882 -0.4989776 
194.11999882 -0.4989776 
194.15999882 -0.941496 
194.19999882 -0.4989776 
194.23999882 -0.4989776 
194.27999882 -0.4989776 
194.31999882 -0.4989776 
194.35999882 -0.4989776 
194.39999882 -0.4989776 
194.43999882 -0.941496 
194.47999882 -0.941496 
194.51999882 -0.4989776 
194.55999882 -0.941496 
194.59999882 -0.941496 
194.63999882 -0.4989776 
194.67999882 -0.941496 
194.71999882 -0.941496 
194.75999882 -0.941496 
194.79999882 -0.941496 
194.83999882 -0.941496 
194.87999882 -0.941496 
194.91999882 -0.4989776 
194.95999882 -0.4989776 
194.99999881 -0.941496 
195.03999881 -0.941496 
195.07999881 -0.941496 
195.11999881 -0.941496 
195.15999881 -0.4989776 
195.19999881 -0.4989776 
195.27999881 -0.4989776 
195.31999881 -0.4989776 
195.35999881 -0.4989776 
195.39999881 -0.4989776 
195.43999881 -0.4989776 
195.47999881 -0.4989776 
198.55999879 -0.4989776 
198.59999879 -0.4989776 
198.63999879 -0.4989776 
198.67999879 -0.941496 
198.71999879 -0.4989776 
198.75999879 -0.4989776 
198.79999879 -0.941496 
198.83999879 -0.941496 
198.87999879 -0.941496 
198.91999879 -0.941496 
198.95999879 -1.382488 
198.99999879 -1.825007 
199.03999879 -1.825007 
199.07999879 -1.825007 
199.11999879 -1.825007 
199.15999879 -1.825007 
199.19999879 -1.825007 
199.23999879 -1.825007 
199.27999879 -1.825007 
199.31999879 -2.267525 
199.35999879 -2.267525 
199.39999879 -2.267525 
199.43999879 -2.267525 
199.47999879 -2.267525 
199.51999879 -2.267525 
199.55999879 -2.708518 
199.59999879 -2.708518 
199.63999879 -2.708518 
199.67999879 -2.708518 
199.71999879 -2.708518 
199.75999879 -2.708518 
199.79999879 -2.708518 
199.83999879 -2.708518 
199.87999879 -3.151036 
199.91999878 -2.708518 
199.95999878 -2.708518 
199.99999878 -3.151036 
200.03999878 -3.151036 
200.07999878 -2.708518 
200.11999878 -2.708518 
0 0 
