0.04 -0.4989776 
0.08 -0.4989776 
0.12 -0.4989776 
0.16 -0.4989776 
0.2 -0.941496 
0.24 -0.4989776 
0.28 -0.941496 
0.32 -0.941496 
0.36 -0.941496 
0.4 -0.941496 
0.44 -0.941496 
0.48 -0.941496 
0.52 -0.941496 
0.56 -0.941496 
0.6 -0.941496 
0.64 -0.941496 
0.68 -0.941496 
0.72 -0.941496 
0.76 -1.382488 
0.8 -0.941496 
0.83999999 -0.941496 
0.87999999 -0.941496 
0.91999999 -1.825007 
0.95999999 -1.825007 
0.99999999 -1.825007 
1.03999999 -1.825007 
1.07999999 -1.825007 
1.11999999 -1.825007 
1.15999999 -1.825007 
1.19999999 -1.825007 
1.23999999 -1.825007 
1.27999999 -1.825007 
1.31999999 -1.825007 
1.35999999 -1.825007 
1.39999999 -1.825007 
1.43999999 -1.825007 
1.47999999 -1.825007 
1.51999999 -2.267525 
1.55999999 -2.267525 
1.59999999 -2.267525 
1.63999999 -2.708518 
1.67999999 -1.825007 
1.71999999 -2.267525 
1.75999999 -2.267525 
1.79999999 -2.267525 
1.83999999 -2.267525 
1.87999999 -1.825007 
1.91999999 -2.267525 
1.95999999 -2.267525 
1.99999999 -2.267525 
2.03999999 -2.267525 
2.07999999 -1.825007 
2.11999999 -1.825007 
2.15999999 -1.825007 
2.19999999 -1.825007 
2.23999999 -1.825007 
2.27999999 -1.825007 
2.31999999 -1.382488 
2.35999999 -1.825007 
2.39999999 -1.825007 
2.43999999 -1.825007 
2.47999998 -1.825007 
2.51999998 -1.825007 
2.55999998 -1.825007 
2.59999998 -0.941496 
2.63999998 -1.382488 
2.67999998 -0.941496 
2.71999998 -0.941496 
2.75999998 -0.941496 
2.79999998 -0.941496 
2.83999998 -0.941496 
2.87999998 -0.941496 
2.91999998 -0.941496 
2.95999998 -0.941496 
2.99999998 -0.4989776 
3.03999998 -0.941496 
3.07999998 -0.941496 
3.11999998 -0.4989776 
3.15999998 -0.4989776 
3.19999998 -0.4989776 
3.27999998 -0.4989776 
7.11999996 -0.4989776 
12.23999993 -0.4989776 
12.27999993 -0.4989776 
12.31999993 -0.4989776 
12.35999992 -0.4989776 
12.39999992 -0.4989776 
12.43999992 -0.4989776 
12.47999992 -0.941496 
12.51999992 -0.4989776 
12.55999992 -0.4989776 
12.59999992 -0.4989776 
12.63999992 -0.941496 
12.67999992 -0.4989776 
12.71999992 -0.941496 
12.75999992 -0.941496 
12.79999992 -0.941496 
12.83999992 -0.941496 
12.87999992 -0.941496 
12.91999992 -0.941496 
12.95999992 -0.941496 
12.99999992 -0.941496 
13.03999992 -0.941496 
13.07999992 -0.941496 
13.11999992 -0.941496 
13.15999992 -0.941496 
13.19999992 -0.941496 
13.23999992 -0.941496 
13.27999992 -0.941496 
13.31999992 -0.941496 
13.35999992 -0.941496 
13.39999992 -0.941496 
13.43999992 -0.941496 
13.47999992 -1.382488 
13.51999992 -0.941496 
13.55999992 -0.941496 
13.59999992 -0.941496 
13.63999992 -0.941496 
13.67999992 -0.941496 
13.71999992 -0.941496 
13.75999992 -0.941496 
13.79999992 -0.941496 
13.83999992 -0.941496 
13.87999992 -0.941496 
13.91999992 -0.941496 
13.95999992 -0.941496 
13.99999991 -0.941496 
14.03999991 -0.941496 
14.07999991 -0.941496 
14.11999991 -0.941496 
14.15999991 -0.941496 
14.19999991 -0.941496 
14.23999991 -0.941496 
14.27999991 -0.941496 
14.31999991 -0.4989776 
14.35999991 -1.382488 
14.39999991 -0.941496 
14.43999991 -0.4989776 
14.47999991 -0.4989776 
14.51999991 -0.4989776 
14.55999991 -0.4989776 
14.59999991 -0.4989776 
14.63999991 -0.4989776 
15.03999991 -0.941496 
15.19999991 -0.4989776 
15.55999991 -0.4989776 
17.59999989 -0.4989776 
17.67999989 -0.4989776 
17.71999989 -0.4989776 
17.75999989 -0.4989776 
17.79999989 -0.4989776 
17.83999989 -0.4989776 
17.87999989 -0.4989776 
17.91999989 -0.4989776 
17.95999989 -0.4989776 
17.99999989 -0.4989776 
18.03999989 -0.4989776 
18.07999989 -0.4989776 
18.11999989 -0.4989776 
18.15999989 -0.4989776 
18.19999989 -0.4989776 
18.23999989 -0.4989776 
18.27999989 -0.4989776 
18.31999989 -0.4989776 
18.35999989 -0.4989776 
18.39999989 -0.941496 
18.43999989 -0.4989776 
18.47999989 -0.4989776 
18.51999989 -0.4989776 
18.55999989 -0.4989776 
18.59999989 -0.4989776 
18.63999989 -0.4989776 
18.67999989 -0.4989776 
18.71999989 -0.4989776 
18.75999989 -0.4989776 
18.79999989 -0.4989776 
18.83999989 -0.4989776 
18.87999989 -0.4989776 
18.91999989 -0.4989776 
18.95999988 -0.4989776 
18.99999988 -0.4989776 
19.03999988 -0.4989776 
24.15999985 -0.4989776 
24.39999985 -0.4989776 
24.43999985 -0.4989776 
24.51999985 -0.4989776 
24.55999985 -0.4989776 
24.59999985 -0.4989776 
24.63999985 -0.4989776 
24.67999985 -0.4989776 
24.71999985 -0.4989776 
24.75999985 -0.941496 
24.79999985 -0.4989776 
24.83999985 -0.4989776 
24.87999985 -0.4989776 
24.91999985 -0.4989776 
24.95999985 -0.4989776 
24.99999985 -0.4989776 
25.03999985 -0.941496 
25.07999985 -0.941496 
25.11999985 -0.4989776 
25.15999985 -0.4989776 
25.19999985 -0.4989776 
25.23999985 -0.4989776 
25.27999985 -0.941496 
25.31999985 -0.4989776 
25.35999985 -0.4989776 
25.39999985 -0.941496 
25.43999985 -0.941496 
25.47999985 -0.941496 
25.51999984 -0.941496 
25.55999984 -0.941496 
25.59999984 -0.941496 
25.63999984 -0.941496 
25.67999984 -0.941496 
25.71999984 -0.941496 
25.75999984 -0.941496 
25.79999984 -0.941496 
25.83999984 -0.941496 
25.87999984 -0.4989776 
25.91999984 -0.941496 
25.95999984 -0.941496 
25.99999984 -0.941496 
26.03999984 -0.941496 
26.07999984 -0.4989776 
26.11999984 -0.941496 
26.15999984 -0.941496 
26.19999984 -0.4989776 
26.23999984 -0.4989776 
26.27999984 -0.941496 
26.31999984 -0.941496 
26.35999984 -0.941496 
26.39999984 -0.941496 
26.43999984 -0.941496 
26.47999984 -0.941496 
26.51999984 -0.941496 
26.55999984 -0.4989776 
26.59999984 -0.4989776 
26.63999984 -0.941496 
26.67999984 -0.941496 
26.71999984 -0.941496 
26.75999984 -0.941496 
26.79999984 -0.941496 
26.83999984 -0.941496 
26.87999984 -0.4989776 
26.91999984 -0.941496 
26.95999984 -0.941496 
26.99999984 -0.941496 
27.03999984 -0.941496 
27.07999984 -0.4989776 
27.11999984 -0.4989776 
27.15999983 -0.941496 
27.19999983 -0.941496 
27.23999983 -0.4989776 
27.27999983 -0.4989776 
27.31999983 -0.4989776 
27.35999983 -0.941496 
27.39999983 -0.4989776 
27.43999983 -0.941496 
27.47999983 -0.4989776 
27.51999983 -0.941496 
27.55999983 -0.941496 
27.59999983 -0.4989776 
27.63999983 -0.4989776 
27.67999983 -0.941496 
27.75999983 -0.941496 
27.79999983 -0.941496 
27.83999983 -0.4989776 
27.87999983 -0.4989776 
27.91999983 -0.941496 
27.95999983 -0.4989776 
27.99999983 -0.4989776 
28.03999983 -0.4989776 
28.07999983 -0.941496 
28.11999983 -0.4989776 
28.15999983 -0.4989776 
28.19999983 -0.941496 
28.23999983 -0.941496 
28.27999983 -0.941496 
28.31999983 -0.4989776 
28.35999983 -0.4989776 
28.39999983 -0.4989776 
28.43999983 -0.4989776 
28.47999983 -0.4989776 
28.51999983 -0.4989776 
28.55999983 -0.4989776 
28.59999983 -0.4989776 
28.63999983 -0.4989776 
28.67999983 -0.941496 
28.71999983 -0.4989776 
28.75999983 -0.941496 
28.79999982 -0.4989776 
28.83999982 -0.4989776 
28.87999982 -0.941496 
28.91999982 -0.4989776 
28.95999982 -0.4989776 
28.99999982 -0.4989776 
29.03999982 -0.4989776 
29.07999982 -0.4989776 
29.11999982 -0.4989776 
29.15999982 -0.4989776 
29.19999982 -0.4989776 
29.27999982 -0.4989776 
29.31999982 -0.4989776 
29.35999982 -0.4989776 
29.39999982 -0.4989776 
29.43999982 -0.4989776 
29.47999982 -0.4989776 
29.59999982 -0.4989776 
29.67999982 -0.4989776 
29.87999982 -0.4989776 
30.19999982 -0.4989776 
38.71999976 -0.4989776 
38.79999976 -0.4989776 
38.83999976 -0.4989776 
38.87999976 -0.4989776 
38.91999976 -0.4989776 
38.95999976 -0.4989776 
38.99999976 -0.4989776 
39.03999976 -0.4989776 
39.07999976 -0.4989776 
39.11999976 -0.4989776 
39.15999976 -0.4989776 
39.19999976 -0.4989776 
39.23999976 -0.4989776 
39.27999976 -0.4989776 
39.31999976 -0.4989776 
39.35999976 -0.941496 
39.39999976 -0.4989776 
39.43999976 -0.4989776 
39.47999976 -0.4989776 
39.51999976 -0.4989776 
39.55999976 -0.941496 
39.59999976 -0.4989776 
39.63999976 -0.941496 
39.67999976 -0.4989776 
39.71999976 -0.4989776 
39.75999976 -0.4989776 
39.79999976 -0.941496 
39.83999976 -0.4989776 
39.87999976 -0.4989776 
39.91999976 -0.4989776 
39.95999976 -0.4989776 
40.07999976 -0.4989776 
40.11999976 -0.4989776 
40.19999976 -0.4989776 
40.23999976 -0.4989776 
40.27999976 -0.4989776 
40.31999975 -0.4989776 
40.35999975 -0.4989776 
40.55999975 -0.4989776 
49.5999997 -0.4989776 
49.6799997 -0.4989776 
49.7199997 -0.4989776 
49.7599997 -0.4989776 
49.7999997 -0.4989776 
49.8399997 -0.4989776 
49.8799997 -0.941496 
49.9199997 -0.941496 
49.9599997 -0.941496 
49.9999997 -0.941496 
50.0399997 -0.941496 
50.0799997 -0.941496 
50.1199997 -0.941496 
50.1599997 -1.382488 
50.19999969 -1.382488 
50.23999969 -1.382488 
50.27999969 -1.825007 
50.31999969 -1.825007 
50.35999969 -1.825007 
50.39999969 -1.825007 
50.43999969 -1.825007 
50.47999969 -1.825007 
50.51999969 -1.825007 
50.55999969 -1.825007 
50.59999969 -1.825007 
50.63999969 -2.267525 
50.67999969 -1.825007 
50.71999969 -2.267525 
50.75999969 -2.267525 
50.79999969 -2.267525 
50.83999969 -2.267525 
50.87999969 -2.267525 
50.91999969 -2.267525 
50.95999969 -2.267525 
50.99999969 -2.708518 
51.03999969 -2.267525 
51.07999969 -2.267525 
51.11999969 -2.267525 
51.15999969 -2.267525 
51.19999969 -2.708518 
51.23999969 -2.708518 
51.27999969 -2.267525 
51.31999969 -2.267525 
51.35999969 -2.267525 
51.39999969 -2.708518 
51.43999969 -2.267525 
51.47999969 -2.267525 
51.51999969 -2.708518 
51.55999969 -2.708518 
51.59999969 -2.267525 
51.63999969 -2.267525 
51.67999969 -2.708518 
51.71999969 -2.267525 
51.75999969 -2.708518 
51.79999969 -2.267525 
51.83999968 -2.267525 
51.87999968 -2.267525 
51.91999968 -2.267525 
51.95999968 -2.267525 
51.99999968 -2.267525 
52.03999968 -2.267525 
52.07999968 -2.267525 
52.11999968 -1.825007 
52.15999968 -2.267525 
52.19999968 -1.825007 
52.23999968 -2.267525 
52.27999968 -1.825007 
52.31999968 -1.825007 
52.35999968 -1.825007 
52.39999968 -1.825007 
52.43999968 -1.825007 
52.47999968 -1.825007 
52.51999968 -1.825007 
52.55999968 -1.382488 
52.59999968 -0.941496 
52.63999968 -0.941496 
52.67999968 -1.825007 
52.71999968 -0.941496 
52.75999968 -1.382488 
52.79999968 -0.941496 
52.83999968 -0.941496 
52.87999968 -0.941496 
52.91999968 -0.941496 
52.95999968 -0.941496 
52.99999968 -0.941496 
53.03999968 -0.941496 
53.07999968 -0.4989776 
53.11999968 -0.4989776 
53.15999968 -0.4989776 
53.19999968 -0.4989776 
53.23999968 -0.4989776 
53.27999968 -0.4989776 
53.31999968 -0.4989776 
53.35999968 -0.4989776 
53.39999968 -0.4989776 
53.43999968 -0.4989776 
53.47999967 -0.4989776 
53.51999967 -0.4989776 
53.79999967 -0.4989776 
61.59999963 -0.4989776 
61.63999963 -0.4989776 
61.67999963 -0.4989776 
61.71999962 -0.4989776 
61.75999962 -0.4989776 
61.79999962 -0.4989776 
61.83999962 -0.4989776 
61.87999962 -0.4989776 
61.91999962 -0.4989776 
61.95999962 -0.941496 
61.99999962 -0.941496 
62.03999962 -0.941496 
62.07999962 -0.941496 
62.11999962 -0.941496 
62.15999962 -0.941496 
62.19999962 -0.941496 
62.23999962 -0.941496 
62.27999962 -0.941496 
62.31999962 -0.941496 
62.35999962 -0.941496 
62.39999962 -0.941496 
62.43999962 -0.941496 
62.47999962 -0.941496 
62.51999962 -1.382488 
62.55999962 -0.941496 
62.59999962 -1.382488 
62.63999962 -0.941496 
62.67999962 -1.382488 
62.71999962 -0.941496 
62.75999962 -0.941496 
62.79999962 -1.382488 
62.83999962 -0.941496 
62.87999962 -0.941496 
62.91999962 -0.941496 
62.95999962 -0.941496 
62.99999962 -1.382488 
63.03999962 -0.941496 
63.07999962 -0.941496 
63.11999962 -0.941496 
63.15999962 -0.941496 
63.19999962 -0.941496 
63.23999962 -0.941496 
63.27999962 -0.941496 
63.31999962 -0.941496 
63.35999961 -0.941496 
63.39999961 -0.941496 
63.43999961 -0.941496 
63.47999961 -0.4989776 
63.51999961 -0.4989776 
63.55999961 -0.4989776 
63.59999961 -0.4989776 
63.63999961 -0.4989776 
63.75999961 -0.4989776 
63.79999961 -0.4989776 
66.5599996 -0.4989776 
66.99999959 -0.4989776 
67.47999959 -0.4989776 
67.55999959 -0.4989776 
67.63999959 -0.4989776 
72.95999956 -0.4989776 
72.99999956 -0.4989776 
73.03999956 -0.4989776 
73.23999955 -0.4989776 
73.27999955 -0.4989776 
73.35999955 -0.941496 
73.39999955 -0.941496 
73.51999955 -0.4989776 
73.55999955 -0.4989776 
73.67999955 -0.941496 
73.83999955 -0.4989776 
73.87999955 -0.4989776 
74.03999955 -0.941496 
74.07999955 -0.4989776 
74.15999955 -0.4989776 
74.19999955 -0.4989776 
74.23999955 -0.4989776 
74.27999955 -0.4989776 
74.31999955 -0.4989776 
74.35999955 -0.4989776 
74.39999955 -0.941496 
74.43999955 -0.4989776 
74.47999955 -0.4989776 
74.51999955 -0.4989776 
74.55999955 -0.4989776 
74.59999955 -0.4989776 
74.63999955 -0.4989776 
74.67999955 -0.4989776 
74.71999955 -0.4989776 
74.75999955 -0.4989776 
74.79999955 -0.4989776 
74.87999954 -0.4989776 
74.91999954 -0.4989776 
74.95999954 -0.4989776 
74.99999954 -0.4989776 
75.03999954 -0.4989776 
75.07999954 -0.4989776 
75.11999954 -0.4989776 
75.15999954 -0.4989776 
75.19999954 -0.4989776 
75.23999954 -0.4989776 
75.27999954 -0.4989776 
75.31999954 -0.4989776 
75.35999954 -0.4989776 
75.39999954 -0.4989776 
75.43999954 -0.4989776 
75.47999954 -0.4989776 
75.51999954 -0.4989776 
75.55999954 -0.4989776 
75.59999954 -0.4989776 
75.67999954 -0.4989776 
75.71999954 -0.4989776 
75.83999954 -0.4989776 
75.87999954 -0.4989776 
75.91999954 -0.4989776 
75.95999954 -0.4989776 
75.99999954 -0.4989776 
76.07999954 -0.4989776 
76.15999954 -0.4989776 
76.19999954 -0.4989776 
76.23999954 -0.4989776 
76.31999954 -0.4989776 
76.47999954 -0.4989776 
76.51999953 -0.4989776 
76.71999953 -0.4989776 
76.75999953 -0.4989776 
76.79999953 -0.4989776 
76.83999953 -0.4989776 
76.87999953 -0.4989776 
76.91999953 -0.4989776 
76.99999953 -0.4989776 
77.03999953 -0.4989776 
77.07999953 -0.4989776 
77.15999953 -0.4989776 
77.19999953 -0.4989776 
77.23999953 -0.4989776 
77.27999953 -0.4989776 
77.31999953 -0.4989776 
77.35999953 -0.4989776 
77.39999953 -0.4989776 
77.43999953 -0.941496 
77.47999953 -0.4989776 
77.51999953 -0.4989776 
77.55999953 -0.941496 
77.59999953 -0.4989776 
77.63999953 -0.941496 
77.67999953 -0.4989776 
77.71999953 -0.941496 
77.75999953 -0.4989776 
77.79999953 -0.4989776 
77.83999953 -0.941496 
77.87999953 -0.941496 
77.91999953 -0.941496 
77.95999953 -0.941496 
77.99999953 -0.941496 
78.03999953 -0.941496 
78.07999953 -0.941496 
78.11999953 -0.941496 
78.15999952 -0.941496 
78.19999952 -0.941496 
78.23999952 -0.941496 
78.27999952 -0.941496 
78.31999952 -0.941496 
78.35999952 -0.941496 
78.39999952 -0.941496 
78.43999952 -0.941496 
78.47999952 -0.941496 
78.51999952 -0.4989776 
78.55999952 -0.941496 
78.59999952 -0.941496 
78.63999952 -0.941496 
78.67999952 -0.941496 
78.71999952 -0.941496 
78.75999952 -0.941496 
78.79999952 -0.941496 
78.83999952 -0.941496 
78.87999952 -0.941496 
78.91999952 -0.941496 
78.95999952 -0.941496 
78.99999952 -0.941496 
79.03999952 -0.941496 
79.07999952 -0.941496 
79.11999952 -0.941496 
79.15999952 -0.941496 
79.19999952 -0.941496 
79.23999952 -0.941496 
79.27999952 -0.941496 
79.31999952 -0.941496 
79.35999952 -0.941496 
79.39999952 -0.4989776 
79.43999952 -0.941496 
79.47999952 -0.4989776 
79.51999952 -0.4989776 
79.55999952 -0.941496 
79.59999952 -0.4989776 
79.63999952 -0.941496 
79.67999952 -0.4989776 
79.71999952 -0.4989776 
79.75999952 -0.4989776 
79.79999952 -0.4989776 
79.83999951 -0.4989776 
79.95999951 -0.4989776 
80.07999951 -0.4989776 
87.75999947 -0.4989776 
87.79999947 -0.4989776 
87.83999947 -0.4989776 
87.87999947 -0.4989776 
87.91999947 -0.4989776 
87.99999947 -0.4989776 
88.03999946 -0.4989776 
88.07999946 -0.4989776 
88.11999946 -0.4989776 
88.15999946 -0.941496 
88.19999946 -0.4989776 
88.23999946 -0.4989776 
88.27999946 -0.941496 
88.31999946 -0.941496 
88.35999946 -0.941496 
88.39999946 -0.941496 
88.43999946 -0.941496 
88.47999946 -0.941496 
88.51999946 -0.941496 
88.55999946 -0.941496 
88.59999946 -0.941496 
88.63999946 -0.941496 
88.67999946 -0.941496 
88.71999946 -0.941496 
88.75999946 -0.941496 
88.79999946 -0.941496 
88.83999946 -0.941496 
88.87999946 -0.941496 
88.91999946 -0.941496 
88.95999946 -0.941496 
88.99999946 -0.941496 
89.03999946 -0.941496 
89.07999946 -0.941496 
89.11999946 -0.941496 
89.15999946 -0.941496 
89.19999946 -0.941496 
89.23999946 -0.941496 
89.27999946 -0.941496 
89.31999946 -0.941496 
89.35999946 -0.941496 
89.39999946 -0.941496 
89.43999946 -0.941496 
89.47999946 -0.941496 
89.51999946 -0.941496 
89.55999946 -0.941496 
89.59999946 -0.941496 
89.63999946 -0.941496 
89.67999945 -0.941496 
89.71999945 -0.941496 
89.75999945 -0.941496 
89.79999945 -0.941496 
89.83999945 -0.941496 
89.87999945 -0.941496 
89.91999945 -0.941496 
89.95999945 -0.4989776 
89.99999945 -0.941496 
90.03999945 -0.4989776 
90.07999945 -0.4989776 
90.11999945 -0.4989776 
90.15999945 -0.4989776 
90.19999945 -0.4989776 
90.23999945 -0.4989776 
90.27999945 -0.4989776 
90.31999945 -0.4989776 
90.35999945 -0.4989776 
90.39999945 -0.4989776 
99.4799994 -0.4989776 
99.5199994 -0.4989776 
99.55999939 -0.941496 
99.59999939 -0.941496 
99.63999939 -0.4989776 
99.67999939 -0.4989776 
99.71999939 -0.941496 
99.75999939 -0.941496 
99.79999939 -0.941496 
99.83999939 -0.941496 
99.87999939 -0.941496 
99.91999939 -0.941496 
99.95999939 -0.941496 
99.99999939 -0.941496 
100.03999939 -0.941496 
100.07999939 -0.941496 
100.11999939 -1.382488 
100.15999939 -0.941496 
100.19999939 -1.382488 
100.23999939 -1.382488 
100.27999939 -0.941496 
100.31999939 -1.382488 
100.35999939 -1.382488 
100.39999939 -1.382488 
100.43999939 -1.825007 
100.47999939 -1.825007 
100.51999939 -1.382488 
100.55999939 -0.941496 
100.59999939 -1.382488 
100.63999939 -1.825007 
100.67999939 -1.382488 
100.71999939 -1.825007 
100.75999939 -1.825007 
100.79999939 -1.825007 
100.83999939 -1.825007 
100.87999939 -2.708518 
100.91999939 -1.825007 
100.95999939 -0.941496 
100.99999939 -1.825007 
101.03999939 -2.267525 
101.07999939 -0.941496 
101.11999939 -1.825007 
101.15999939 -1.825007 
101.19999938 -0.941496 
101.23999938 -0.941496 
101.27999938 -0.941496 
101.31999938 -0.941496 
101.35999938 -1.825007 
101.39999938 -2.267525 
101.43999938 -0.941496 
101.47999938 -0.4989776 
101.51999938 -0.941496 
101.55999938 -1.825007 
101.59999938 -0.941496 
101.63999938 -0.941496 
101.67999938 -1.825007 
101.71999938 -0.941496 
101.75999938 -0.4989776 
101.79999938 -0.941496 
101.83999938 -0.941496 
101.87999938 -0.941496 
101.91999938 -0.941496 
101.95999938 -0.941496 
101.99999938 -0.941496 
102.03999938 -0.941496 
102.07999938 -0.941496 
102.11999938 -0.4989776 
102.15999938 -0.4989776 
102.19999938 -0.941496 
102.23999938 -0.941496 
102.27999938 -0.4989776 
102.31999938 -0.4989776 
102.35999938 -0.4989776 
102.39999938 -0.4989776 
102.47999938 -0.4989776 
104.99999936 -0.4989776 
105.07999936 -0.4989776 
105.11999936 -0.4989776 
105.15999936 -0.4989776 
105.27999936 -0.4989776 
105.31999936 -0.4989776 
105.35999936 -0.4989776 
105.39999936 -0.4989776 
105.43999936 -0.4989776 
105.47999936 -0.4989776 
105.51999936 -0.4989776 
105.55999936 -0.4989776 
105.59999936 -0.4989776 
105.63999936 -0.4989776 
105.67999936 -0.4989776 
105.71999936 -0.4989776 
105.75999936 -0.4989776 
105.79999936 -0.4989776 
105.83999936 -0.4989776 
105.87999936 -0.4989776 
105.91999936 -0.4989776 
105.95999936 -0.4989776 
105.99999936 -0.941496 
106.07999936 -0.941496 
106.11999936 -0.4989776 
106.19999935 -0.4989776 
106.23999935 -0.4989776 
106.27999935 -0.4989776 
106.31999935 -0.4989776 
106.35999935 -0.4989776 
106.39999935 -0.4989776 
106.43999935 -0.4989776 
110.55999933 -0.4989776 
110.59999933 -0.4989776 
110.67999933 -0.4989776 
110.71999933 -0.4989776 
110.75999933 -0.941496 
110.79999933 -0.4989776 
110.83999933 -0.941496 
110.87999933 -0.941496 
110.91999933 -0.941496 
110.95999933 -0.941496 
110.99999933 -0.4989776 
111.03999933 -0.4989776 
111.07999932 -0.941496 
111.11999932 -0.941496 
111.15999932 -0.941496 
111.19999932 -0.941496 
111.23999932 -0.941496 
111.27999932 -0.941496 
111.31999932 -0.941496 
111.35999932 -0.941496 
111.39999932 -0.941496 
111.43999932 -0.941496 
111.47999932 -0.941496 
111.51999932 -0.941496 
111.55999932 -0.941496 
111.59999932 -0.941496 
111.63999932 -0.941496 
111.67999932 -0.941496 
111.71999932 -0.941496 
111.75999932 -0.941496 
111.79999932 -1.382488 
111.83999932 -1.382488 
111.87999932 -1.382488 
111.91999932 -0.941496 
111.95999932 -1.382488 
111.99999932 -1.382488 
112.03999932 -1.825007 
112.07999932 -1.382488 
112.11999932 -0.941496 
112.15999932 -1.382488 
112.19999932 -1.382488 
112.23999932 -1.382488 
112.27999932 -0.941496 
112.31999932 -1.382488 
112.35999932 -1.382488 
112.39999932 -1.382488 
112.43999932 -1.825007 
112.47999932 -1.382488 
112.51999932 -0.941496 
112.55999932 -1.825007 
112.59999932 -1.382488 
112.63999932 -0.941496 
112.67999932 -0.941496 
112.71999931 -0.941496 
112.75999931 -0.941496 
112.79999931 -1.382488 
112.83999931 -1.382488 
112.87999931 -0.941496 
112.91999931 -0.941496 
112.95999931 -0.941496 
112.99999931 -0.941496 
113.03999931 -0.941496 
113.07999931 -0.941496 
113.11999931 -0.941496 
113.15999931 -0.941496 
113.19999931 -0.941496 
113.23999931 -0.941496 
113.27999931 -0.941496 
113.31999931 -0.941496 
113.35999931 -0.941496 
113.39999931 -0.941496 
113.43999931 -0.4989776 
113.47999931 -0.4989776 
113.51999931 -0.941496 
113.55999931 -0.941496 
113.59999931 -0.4989776 
113.63999931 -0.941496 
113.67999931 -0.941496 
113.71999931 -0.941496 
113.75999931 -0.4989776 
113.79999931 -0.4989776 
113.83999931 -0.4989776 
113.87999931 -0.4989776 
113.91999931 -0.4989776 
113.95999931 -0.4989776 
113.99999931 -0.4989776 
114.03999931 -0.4989776 
114.07999931 -0.4989776 
114.19999931 -0.4989776 
115.9999993 -0.4989776 
116.11999929 -0.4989776 
116.19999929 -0.4989776 
116.23999929 -0.4989776 
116.27999929 -0.4989776 
116.31999929 -0.4989776 
116.35999929 -0.4989776 
116.39999929 -0.4989776 
116.43999929 -0.4989776 
116.47999929 -0.4989776 
116.51999929 -0.4989776 
116.55999929 -0.4989776 
116.59999929 -0.941496 
116.63999929 -0.4989776 
116.67999929 -0.4989776 
116.71999929 -0.4989776 
116.75999929 -0.4989776 
116.79999929 -0.4989776 
116.83999929 -0.4989776 
116.87999929 -0.4989776 
116.91999929 -0.4989776 
116.99999929 -0.4989776 
117.03999929 -0.4989776 
117.07999929 -0.4989776 
117.15999929 -0.4989776 
117.19999929 -0.4989776 
117.23999929 -0.4989776 
117.31999929 -0.4989776 
125.87999923 -0.4989776 
126.59999923 -0.4989776 
126.71999923 -0.4989776 
126.75999923 -0.4989776 
126.79999923 -0.4989776 
126.83999923 -0.4989776 
126.87999923 -0.4989776 
126.91999923 -0.4989776 
126.95999923 -0.4989776 
126.99999923 -0.4989776 
127.03999923 -0.4989776 
127.07999923 -0.4989776 
127.11999923 -0.4989776 
127.15999923 -0.4989776 
127.19999923 -0.941496 
127.23999923 -0.4989776 
127.27999923 -0.4989776 
127.31999923 -0.4989776 
127.35999923 -0.941496 
127.39999923 -0.941496 
127.43999923 -0.4989776 
127.47999923 -0.4989776 
127.51999923 -0.4989776 
127.55999922 -0.941496 
127.59999922 -0.941496 
127.63999922 -0.4989776 
127.67999922 -0.941496 
127.71999922 -0.941496 
127.75999922 -0.941496 
127.79999922 -0.941496 
127.83999922 -0.941496 
127.87999922 -0.941496 
127.91999922 -0.941496 
127.95999922 -0.941496 
127.99999922 -0.4989776 
128.03999922 -0.941496 
128.07999922 -0.941496 
128.11999922 -0.941496 
128.15999922 -0.941496 
128.19999922 -0.941496 
128.23999922 -1.825007 
128.27999922 -0.4989776 
128.35999922 -0.941496 
128.39999922 -1.382488 
128.43999922 -0.4989776 
128.47999922 -0.4989776 
128.51999922 -0.941496 
128.55999922 -0.4989776 
128.63999922 -0.4989776 
128.71999922 -0.941496 
128.75999922 -1.825007 
128.79999922 -0.941496 
128.91999922 -0.941496 
128.95999922 -0.4989776 
129.03999922 -0.941496 
129.07999922 -0.4989776 
129.19999921 -0.4989776 
133.27999919 -0.4989776 
133.31999919 -0.4989776 
133.35999919 -0.4989776 
133.47999919 -0.4989776 
133.51999919 -0.4989776 
133.55999919 -0.4989776 
133.59999919 -0.4989776 
133.63999919 -0.4989776 
133.67999919 -0.4989776 
133.71999919 -0.4989776 
133.75999919 -0.4989776 
133.79999919 -0.4989776 
133.83999919 -0.4989776 
133.87999919 -0.4989776 
133.91999919 -0.941496 
133.95999919 -0.4989776 
133.99999919 -0.941496 
134.03999919 -0.4989776 
134.07999919 -0.4989776 
134.11999918 -0.4989776 
134.15999918 -0.4989776 
134.19999918 -0.941496 
134.23999918 -0.4989776 
134.27999918 -0.4989776 
134.31999918 -0.4989776 
134.35999918 -0.4989776 
134.39999918 -0.4989776 
134.43999918 -0.4989776 
134.47999918 -0.4989776 
134.51999918 -0.4989776 
136.87999917 -0.4989776 
136.91999917 -0.4989776 
136.95999917 -0.4989776 
136.99999917 -0.4989776 
137.03999917 -0.4989776 
137.07999917 -0.4989776 
137.11999917 -0.941496 
137.15999917 -0.941496 
137.19999917 -0.4989776 
137.23999917 -0.941496 
137.27999917 -0.941496 
137.31999917 -0.941496 
137.35999917 -0.941496 
137.39999916 -0.941496 
137.43999916 -0.941496 
137.47999916 -0.941496 
137.51999916 -0.941496 
137.55999916 -0.941496 
137.59999916 -0.941496 
137.63999916 -0.941496 
137.67999916 -1.382488 
137.71999916 -0.941496 
137.75999916 -0.941496 
137.79999916 -0.941496 
137.83999916 -0.941496 
137.87999916 -1.382488 
137.91999916 -1.825007 
137.95999916 -1.382488 
137.99999916 -1.825007 
138.03999916 -1.382488 
138.07999916 -1.825007 
138.11999916 -1.382488 
138.15999916 -1.825007 
138.19999916 -1.825007 
138.23999916 -1.825007 
138.27999916 -1.825007 
138.31999916 -1.825007 
138.35999916 -1.825007 
138.39999916 -1.825007 
138.43999916 -1.825007 
138.47999916 -1.825007 
138.51999916 -1.825007 
138.55999916 -1.825007 
138.59999916 -1.825007 
138.63999916 -1.825007 
138.67999916 -1.825007 
138.71999916 -1.825007 
138.75999916 -2.267525 
138.79999916 -1.825007 
138.83999916 -0.941496 
138.87999916 -1.825007 
138.91999916 -1.825007 
138.95999916 -1.382488 
138.99999916 -1.825007 
139.03999915 -1.825007 
139.07999915 -1.825007 
139.11999915 -1.382488 
139.15999915 -1.825007 
139.19999915 -1.382488 
139.23999915 -1.825007 
139.27999915 -1.382488 
139.31999915 -1.382488 
139.35999915 -0.941496 
139.39999915 -1.382488 
139.43999915 -1.382488 
139.47999915 -0.941496 
139.51999915 -0.941496 
139.55999915 -0.941496 
139.59999915 -0.941496 
139.63999915 -0.941496 
139.67999915 -0.941496 
139.71999915 -0.941496 
139.75999915 -0.941496 
139.79999915 -0.941496 
139.83999915 -0.4989776 
139.87999915 -0.941496 
139.91999915 -0.941496 
139.95999915 -0.4989776 
139.99999915 -0.4989776 
140.03999915 -0.4989776 
140.07999915 -0.4989776 
140.11999915 -0.4989776 
140.15999915 -0.4989776 
144.87999912 -0.941496 
144.91999912 -0.4989776 
149.35999909 -0.4989776 
149.39999909 -0.4989776 
149.43999909 -0.4989776 
149.47999909 -0.4989776 
149.51999909 -0.4989776 
149.55999909 -0.4989776 
149.59999909 -0.4989776 
149.63999909 -0.4989776 
149.67999909 -0.941496 
149.71999909 -0.941496 
149.75999909 -0.941496 
149.79999909 -0.4989776 
149.83999909 -0.941496 
149.87999909 -0.941496 
149.91999909 -0.941496 
149.95999909 -0.941496 
149.99999909 -0.941496 
150.03999909 -0.941496 
150.07999909 -0.941496 
150.11999909 -0.941496 
150.15999909 -0.941496 
150.19999909 -0.941496 
150.23999909 -0.941496 
150.27999909 -0.941496 
150.31999909 -0.941496 
150.35999909 -0.941496 
150.39999909 -0.941496 
150.43999909 -0.941496 
150.47999909 -0.941496 
150.51999909 -0.941496 
150.55999908 -0.941496 
150.59999908 -0.941496 
150.63999908 -0.941496 
150.67999908 -0.941496 
150.71999908 -0.941496 
150.75999908 -0.941496 
150.79999908 -0.941496 
150.83999908 -0.941496 
150.87999908 -0.941496 
150.91999908 -1.382488 
150.95999908 -0.941496 
150.99999908 -0.941496 
151.03999908 -0.941496 
151.07999908 -0.941496 
151.11999908 -0.4989776 
151.15999908 -0.941496 
151.19999908 -0.941496 
151.23999908 -0.4989776 
151.27999908 -0.4989776 
151.31999908 -0.941496 
151.35999908 -0.4989776 
151.39999908 -0.4989776 
151.43999908 -0.4989776 
151.47999908 -0.4989776 
151.51999908 -0.4989776 
151.55999908 -0.4989776 
151.59999908 -0.4989776 
155.11999906 -0.941496 
155.27999906 -0.4989776 
155.63999905 -0.941496 
155.91999905 -0.4989776 
160.07999903 -0.4989776 
160.11999903 -0.4989776 
160.19999903 -0.4989776 
160.23999903 -0.4989776 
160.27999903 -0.4989776 
160.31999903 -0.4989776 
160.35999903 -0.941496 
160.39999903 -0.941496 
160.43999902 -0.941496 
160.47999902 -0.941496 
160.51999902 -0.941496 
160.55999902 -0.941496 
160.59999902 -1.382488 
160.63999902 -1.825007 
160.67999902 -1.825007 
160.71999902 -1.825007 
160.75999902 -1.825007 
160.79999902 -1.825007 
160.83999902 -1.825007 
160.87999902 -1.825007 
160.91999902 -1.825007 
160.95999902 -1.825007 
160.99999902 -1.825007 
161.03999902 -1.825007 
161.07999902 -1.825007 
161.11999902 -2.267525 
161.15999902 -1.825007 
161.19999902 -1.825007 
161.23999902 -2.267525 
161.27999902 -2.267525 
161.31999902 -2.267525 
161.35999902 -2.267525 
161.39999902 -2.267525 
161.43999902 -2.267525 
161.47999902 -2.267525 
161.51999902 -2.267525 
161.55999902 -2.267525 
161.59999902 -2.267525 
161.63999902 -2.267525 
161.67999902 -2.267525 
161.71999902 -2.267525 
161.75999902 -2.267525 
161.79999902 -2.267525 
161.83999902 -2.708518 
161.87999902 -2.267525 
161.91999902 -2.267525 
161.95999902 -2.267525 
161.99999902 -2.267525 
162.03999902 -2.267525 
162.07999901 -2.267525 
162.11999901 -2.267525 
162.15999901 -2.267525 
162.19999901 -2.267525 
162.23999901 -2.267525 
162.27999901 -2.267525 
162.31999901 -2.267525 
162.35999901 -2.267525 
162.39999901 -2.267525 
162.43999901 -2.267525 
162.47999901 -2.267525 
162.51999901 -2.267525 
162.55999901 -2.267525 
162.59999901 -1.825007 
162.63999901 -2.267525 
162.67999901 -2.267525 
162.71999901 -1.825007 
162.75999901 -1.825007 
162.79999901 -1.825007 
162.83999901 -1.825007 
162.87999901 -1.825007 
162.91999901 -1.825007 
162.95999901 -1.825007 
162.99999901 -1.825007 
163.03999901 -1.825007 
163.07999901 -1.825007 
163.11999901 -1.382488 
163.15999901 -0.941496 
163.19999901 -0.941496 
163.23999901 -0.941496 
163.27999901 -0.941496 
163.31999901 -0.941496 
163.35999901 -0.941496 
163.39999901 -0.941496 
163.43999901 -0.941496 
163.47999901 -0.941496 
163.51999901 -0.941496 
163.55999901 -0.941496 
163.59999901 -0.941496 
163.63999901 -0.4989776 
163.67999901 -0.4989776 
163.719999 -0.941496 
163.759999 -0.4989776 
163.799999 -0.4989776 
163.839999 -0.4989776 
163.879999 -0.4989776 
163.919999 -0.4989776 
163.959999 -0.4989776 
163.999999 -0.4989776 
164.079999 -0.4989776 
164.159999 -0.4989776 
164.239999 -0.4989776 
165.079999 -0.4989776 
165.51999899 -0.4989776 
165.55999899 -0.4989776 
165.59999899 -0.4989776 
165.63999899 -0.4989776 
165.67999899 -0.4989776 
165.71999899 -0.4989776 
165.75999899 -0.4989776 
165.79999899 -0.4989776 
165.83999899 -0.4989776 
165.87999899 -0.4989776 
165.91999899 -0.4989776 
165.95999899 -0.4989776 
165.99999899 -0.4989776 
166.03999899 -0.941496 
166.07999899 -0.4989776 
166.11999899 -0.4989776 
166.15999899 -0.941496 
166.19999899 -0.941496 
166.23999899 -0.941496 
166.27999899 -0.4989776 
166.31999899 -0.4989776 
166.35999899 -0.941496 
166.39999899 -0.4989776 
166.43999899 -0.4989776 
166.47999899 -0.941496 
166.51999899 -0.4989776 
166.55999899 -0.941496 
166.59999899 -0.941496 
166.63999899 -0.4989776 
166.67999899 -0.941496 
166.71999899 -0.941496 
166.75999899 -0.941496 
166.79999899 -0.4989776 
166.83999899 -0.941496 
166.87999899 -0.941496 
166.91999899 -0.4989776 
166.95999899 -0.941496 
166.99999899 -0.4989776 
167.03999898 -0.941496 
167.07999898 -0.4989776 
167.11999898 -0.4989776 
167.15999898 -0.4989776 
167.19999898 -0.4989776 
167.23999898 -0.4989776 
167.27999898 -0.4989776 
167.31999898 -0.4989776 
167.35999898 -0.4989776 
167.39999898 -0.4989776 
167.43999898 -0.4989776 
183.35999889 -0.4989776 
183.51999888 -0.4989776 
183.79999888 -0.4989776 
183.99999888 -0.4989776 
184.31999888 -0.4989776 
186.75999886 -0.4989776 
186.91999886 -0.4989776 
186.95999886 -0.4989776 
186.99999886 -0.4989776 
187.03999886 -0.4989776 
187.11999886 -0.4989776 
187.15999886 -0.4989776 
187.19999886 -0.941496 
187.23999886 -0.941496 
187.27999886 -0.4989776 
187.31999886 -0.941496 
187.35999886 -0.941496 
187.39999886 -0.941496 
187.43999886 -0.941496 
187.47999886 -0.941496 
187.51999886 -0.941496 
187.55999886 -0.941496 
187.59999886 -0.941496 
187.63999886 -0.941496 
187.67999886 -1.382488 
187.71999886 -0.941496 
187.75999886 -0.941496 
187.79999886 -0.941496 
187.83999886 -1.382488 
187.87999886 -1.382488 
187.91999886 -1.382488 
187.95999886 -1.382488 
187.99999886 -1.382488 
188.03999886 -1.382488 
188.07999886 -1.382488 
188.11999886 -1.382488 
188.15999886 -1.825007 
188.19999886 -1.825007 
188.23999886 -1.382488 
188.27999886 -1.382488 
188.31999886 -1.825007 
188.35999886 -1.825007 
188.39999886 -1.825007 
188.43999885 -1.825007 
188.47999885 -1.825007 
188.51999885 -1.382488 
188.55999885 -1.825007 
188.59999885 -1.825007 
188.63999885 -1.382488 
188.67999885 -1.382488 
188.71999885 -1.825007 
188.75999885 -1.382488 
188.79999885 -1.825007 
188.83999885 -1.382488 
188.87999885 -1.382488 
188.91999885 -1.382488 
188.95999885 -1.382488 
188.99999885 -1.382488 
189.03999885 -1.382488 
189.07999885 -0.941496 
189.11999885 -0.941496 
189.15999885 -0.941496 
189.19999885 -0.941496 
189.23999885 -0.941496 
189.27999885 -0.941496 
189.31999885 -0.941496 
189.35999885 -0.941496 
189.39999885 -1.382488 
189.43999885 -0.941496 
189.47999885 -0.941496 
189.51999885 -0.4989776 
189.55999885 -0.941496 
189.59999885 -0.941496 
189.63999885 -0.941496 
189.67999885 -0.941496 
189.71999885 -0.4989776 
189.75999885 -0.941496 
189.79999885 -0.941496 
189.83999885 -0.941496 
189.87999885 -0.4989776 
189.91999885 -0.941496 
189.95999885 -0.4989776 
189.99999885 -0.4989776 
190.03999885 -0.4989776 
190.07999884 -0.4989776 
190.11999884 -0.4989776 
190.23999884 -0.4989776 
198.31999879 -0.4989776 
198.35999879 -0.4989776 
198.39999879 -0.4989776 
198.43999879 -0.4989776 
198.47999879 -0.4989776 
198.51999879 -0.941496 
198.55999879 -0.4989776 
198.59999879 -0.4989776 
198.63999879 -0.941496 
198.67999879 -0.941496 
198.71999879 -0.941496 
198.75999879 -0.941496 
198.79999879 -0.941496 
198.83999879 -0.941496 
198.87999879 -0.941496 
198.91999879 -0.941496 
198.95999879 -0.941496 
198.99999879 -0.941496 
199.03999879 -1.382488 
199.07999879 -1.382488 
199.11999879 -1.382488 
199.15999879 -0.941496 
199.19999879 -1.382488 
199.23999879 -1.382488 
199.27999879 -1.382488 
199.31999879 -1.825007 
199.35999879 -1.382488 
199.39999879 -1.825007 
199.43999879 -1.825007 
199.47999879 -1.825007 
199.51999879 -1.825007 
199.55999879 -1.825007 
199.59999879 -1.825007 
199.63999879 -1.825007 
199.67999879 -1.825007 
199.71999879 -1.825007 
199.75999879 -1.825007 
199.79999879 -1.825007 
199.83999879 -1.825007 
199.87999879 -1.825007 
199.91999878 -1.825007 
199.95999878 -1.825007 
199.99999878 -1.825007 
200.03999878 -1.825007 
200.07999878 -1.825007 
200.11999878 -1.382488 
0 0 
