49.4399997 -0.3503525 
49.4799997 -0.3503525 
49.9199997 -0.3503525 
49.9599997 -0.3503525 
49.9999997 -0.3503525 
50.0799997 -0.3503525 
50.1199997 -0.3503525 
50.1599997 -0.3503525 
50.19999969 -0.3503525 
50.23999969 -0.3503525 
50.27999969 -0.3503525 
50.31999969 -0.3503525 
50.35999969 -0.3503525 
50.39999969 -0.3503525 
50.43999969 -0.3503525 
50.47999969 -0.3503525 
50.51999969 -0.3503525 
50.55999969 -0.3503525 
50.59999969 -0.3503525 
50.63999969 -0.3503525 
50.67999969 -0.3503525 
50.71999969 -0.3503525 
50.75999969 -0.3503525 
50.79999969 -0.3503525 
50.83999969 -0.3503525 
50.87999969 -0.3503525 
50.91999969 -0.3503525 
50.95999969 -0.3503525 
50.99999969 -0.3503525 
51.03999969 -0.3503525 
51.07999969 -0.3503525 
51.11999969 -0.3503525 
51.15999969 -0.3503525 
51.19999969 -0.3503525 
51.23999969 -0.3503525 
51.27999969 -0.3503525 
51.31999969 -0.3503525 
51.35999969 -0.3503525 
51.39999969 -0.3503525 
51.43999969 -0.3503525 
51.47999969 -0.3503525 
51.51999969 -0.3503525 
51.55999969 -0.3503525 
51.59999969 -0.3503525 
51.63999969 -0.524308 
51.67999969 -0.3503525 
51.71999969 -0.3503525 
51.75999969 -0.3503525 
51.79999969 -0.524308 
51.83999968 -0.524308 
51.87999968 -0.3503525 
51.91999968 -0.524308 
51.95999968 -0.524308 
51.99999968 -0.524308 
52.03999968 -0.524308 
52.07999968 -0.3503525 
52.11999968 -0.6988739 
52.15999968 -0.3503525 
52.19999968 -0.524308 
52.23999968 -0.6988739 
52.27999968 -0.6988739 
52.31999968 -0.524308 
52.35999968 -0.6988739 
52.39999968 -0.6988739 
52.43999968 -0.6988739 
52.47999968 -0.6988739 
52.51999968 -0.524308 
52.55999968 -0.6988739 
52.59999968 -0.524308 
52.63999968 -0.6988739 
52.67999968 -0.6988739 
52.71999968 -0.6988739 
52.75999968 -0.6988739 
52.79999968 -0.6988739 
52.83999968 -0.6988739 
52.87999968 -0.6988739 
52.91999968 -0.6988739 
52.95999968 -0.6988739 
52.99999968 -0.6988739 
53.03999968 -0.6988739 
53.07999968 -0.6988739 
53.11999968 -0.6988739 
53.15999968 -0.6988739 
53.19999968 -0.6988739 
53.23999968 -0.6988739 
53.27999968 -0.6988739 
53.31999968 -0.6988739 
53.35999968 -0.6988739 
53.39999968 -0.6988739 
53.43999968 -0.6988739 
53.47999967 -0.6988739 
53.51999967 -0.6988739 
53.55999967 -0.6988739 
53.59999967 -0.6988739 
53.63999967 -0.6988739 
53.67999967 -0.6988739 
53.71999967 -0.6988739 
53.75999967 -0.8728294 
53.79999967 -0.6988739 
53.83999967 -0.8728294 
53.87999967 -0.8728294 
53.91999967 -0.6988739 
53.95999967 -0.8728294 
53.99999967 -0.6988739 
54.03999967 -0.8728294 
54.07999967 -0.8728294 
54.11999967 -0.8728294 
54.15999967 -0.8728294 
54.19999967 -0.8728294 
54.23999967 -0.8728294 
54.27999967 -0.8728294 
54.31999967 -0.8728294 
54.35999967 -0.8728294 
54.39999967 -0.8728294 
54.43999967 -0.8728294 
54.47999967 -0.8728294 
54.51999967 -0.8728294 
54.55999967 -0.8728294 
54.59999967 -0.8728294 
54.63999967 -0.8728294 
54.67999967 -0.8728294 
54.71999967 -0.8728294 
54.75999967 -0.8728294 
54.79999967 -0.8728294 
54.83999967 -0.8728294 
54.87999967 -0.8728294 
54.91999967 -0.8728294 
54.95999967 -0.8728294 
54.99999967 -0.8728294 
55.03999967 -0.8728294 
55.07999967 -1.046785 
55.11999967 -0.8728294 
55.15999966 -0.8728294 
55.19999966 -0.8728294 
55.23999966 -0.8728294 
55.27999966 -0.8728294 
55.31999966 -0.8728294 
55.35999966 -1.046785 
55.39999966 -0.8728294 
55.43999966 -1.046785 
55.47999966 -1.046785 
55.51999966 -1.046785 
55.55999966 -1.046785 
55.59999966 -1.046785 
55.63999966 -0.8728294 
55.67999966 -1.046785 
55.71999966 -1.046785 
55.75999966 -1.046785 
55.79999966 -1.046785 
55.83999966 -1.046785 
55.87999966 -1.046785 
55.91999966 -1.046785 
55.95999966 -1.046785 
55.99999966 -1.046785 
56.03999966 -1.046785 
56.07999966 -1.22074 
56.11999966 -1.046785 
56.15999966 -1.046785 
56.19999966 -1.046785 
56.23999966 -1.046785 
56.27999966 -1.22074 
56.31999966 -1.22074 
56.35999966 -1.22074 
56.39999966 -1.22074 
56.43999966 -1.22074 
56.47999966 -1.22074 
56.51999966 -1.22074 
56.55999966 -1.046785 
56.59999966 -1.22074 
56.63999966 -1.22074 
56.67999966 -1.22074 
56.71999966 -1.22074 
56.75999966 -1.395306 
56.79999965 -1.22074 
56.83999965 -1.22074 
56.87999965 -1.22074 
56.91999965 -1.046785 
56.95999965 -1.22074 
56.99999965 -1.22074 
57.03999965 -1.395306 
57.07999965 -1.395306 
57.11999965 -1.395306 
57.15999965 -1.22074 
57.19999965 -1.395306 
57.23999965 -1.395306 
57.27999965 -1.22074 
57.31999965 -1.395306 
57.35999965 -1.395306 
57.39999965 -1.395306 
57.43999965 -1.395306 
57.47999965 -1.395306 
57.51999965 -1.22074 
57.55999965 -1.395306 
57.59999965 -1.395306 
57.63999965 -1.395306 
57.67999965 -1.395306 
57.71999965 -1.395306 
57.75999965 -1.395306 
57.79999965 -1.395306 
57.83999965 -1.395306 
57.87999965 -1.395306 
57.91999965 -1.395306 
57.95999965 -1.395306 
57.99999965 -1.395306 
58.03999965 -1.395306 
58.07999965 -1.395306 
58.11999965 -1.395306 
58.15999965 -1.395306 
58.19999965 -1.395306 
58.23999965 -1.395306 
58.27999965 -1.395306 
58.31999965 -1.395306 
58.35999965 -1.395306 
58.39999965 -1.395306 
58.43999964 -1.395306 
58.47999964 -1.395306 
58.51999964 -1.395306 
58.55999964 -1.395306 
58.59999964 -1.569262 
58.63999964 -1.395306 
58.67999964 -1.395306 
58.71999964 -1.395306 
58.75999964 -1.395306 
58.79999964 -1.569262 
58.83999964 -1.569262 
58.87999964 -1.569262 
58.91999964 -1.569262 
58.95999964 -1.395306 
58.99999964 -1.569262 
59.03999964 -1.569262 
59.07999964 -1.569262 
59.11999964 -1.569262 
59.15999964 -1.569262 
59.19999964 -1.569262 
59.23999964 -1.569262 
59.27999964 -1.569262 
59.31999964 -1.569262 
59.35999964 -1.569262 
59.39999964 -1.569262 
59.43999964 -1.569262 
59.47999964 -1.569262 
59.51999964 -1.569262 
59.55999964 -1.569262 
59.59999964 -1.569262 
59.63999964 -1.569262 
59.67999964 -1.569262 
59.71999964 -1.569262 
59.75999964 -1.569262 
59.79999964 -1.569262 
59.83999964 -1.569262 
59.87999964 -1.743217 
59.91999964 -1.743217 
59.95999964 -1.743217 
59.99999964 -1.743217 
60.03999964 -1.743217 
60.07999963 -1.743217 
60.11999963 -1.743217 
60.15999963 -1.569262 
60.19999963 -1.743217 
60.23999963 -1.743217 
60.27999963 -1.569262 
60.31999963 -1.743217 
60.35999963 -1.743217 
60.39999963 -1.743217 
60.43999963 -1.569262 
60.47999963 -1.743217 
60.51999963 -1.743217 
60.55999963 -1.743217 
60.59999963 -1.743217 
60.63999963 -1.743217 
60.67999963 -1.743217 
60.71999963 -1.743217 
60.75999963 -1.743217 
60.79999963 -1.743217 
60.83999963 -1.743217 
60.87999963 -1.743217 
60.91999963 -1.743217 
60.95999963 -1.743217 
60.99999963 -1.743217 
61.03999963 -1.743217 
61.07999963 -1.743217 
61.11999963 -1.743217 
61.15999963 -1.743217 
61.19999963 -1.743217 
61.23999963 -1.743217 
61.27999963 -1.743217 
61.31999963 -1.743217 
61.35999963 -1.743217 
61.39999963 -1.743217 
61.43999963 -1.743217 
61.47999963 -1.743217 
61.51999963 -1.743217 
61.55999963 -1.743217 
61.59999963 -1.743217 
61.63999963 -1.743217 
61.67999963 -1.743217 
61.71999962 -1.743217 
61.75999962 -1.917173 
61.79999962 -1.743217 
61.83999962 -1.743217 
61.87999962 -1.917173 
61.91999962 -1.917173 
61.95999962 -1.917173 
61.99999962 -1.743217 
62.03999962 -1.743217 
62.07999962 -1.917173 
62.11999962 -1.917173 
62.15999962 -1.917173 
62.19999962 -1.917173 
62.23999962 -2.091739 
62.27999962 -1.917173 
62.31999962 -1.917173 
62.35999962 -1.917173 
62.39999962 -2.091739 
62.43999962 -1.917173 
62.47999962 -1.917173 
62.51999962 -1.917173 
62.55999962 -1.917173 
62.59999962 -2.091739 
62.63999962 -2.091739 
62.67999962 -2.091739 
62.71999962 -2.091739 
62.75999962 -2.091739 
62.79999962 -2.091739 
62.83999962 -2.091739 
62.87999962 -2.091739 
62.91999962 -2.091739 
62.95999962 -2.091739 
62.99999962 -2.091739 
63.03999962 -2.091739 
63.07999962 -2.091739 
63.11999962 -2.091739 
63.15999962 -2.091739 
63.19999962 -2.091739 
63.23999962 -2.091739 
63.27999962 -2.091739 
63.31999962 -2.091739 
63.35999961 -2.091739 
63.39999961 -2.091739 
63.43999961 -2.091739 
63.47999961 -2.091739 
63.51999961 -2.091739 
63.55999961 -2.091739 
63.59999961 -2.091739 
63.63999961 -2.091739 
63.67999961 -2.091739 
63.71999961 -2.091739 
63.75999961 -2.091739 
63.79999961 -2.091739 
63.83999961 -2.091739 
63.87999961 -2.091739 
63.91999961 -2.091739 
63.95999961 -2.265694 
63.99999961 -2.091739 
64.03999961 -2.265694 
64.07999961 -2.265694 
64.11999961 -2.265694 
64.15999961 -2.265694 
64.19999961 -2.265694 
64.23999961 -2.265694 
64.27999961 -2.265694 
64.31999961 -2.265694 
64.35999961 -2.265694 
64.39999961 -2.265694 
64.43999961 -2.265694 
64.47999961 -2.265694 
64.51999961 -2.265694 
64.55999961 -2.265694 
64.59999961 -2.265694 
64.63999961 -2.265694 
64.67999961 -2.265694 
64.71999961 -2.265694 
64.75999961 -2.265694 
64.79999961 -2.265694 
64.83999961 -2.265694 
64.87999961 -2.265694 
64.91999961 -2.265694 
64.95999961 -2.265694 
64.9999996 -2.265694 
65.0399996 -2.265694 
65.0799996 -2.265694 
65.1199996 -2.265694 
65.1599996 -2.265694 
65.1999996 -2.265694 
65.2399996 -2.265694 
65.2799996 -2.265694 
65.3199996 -2.265694 
65.3599996 -2.265694 
65.3999996 -2.265694 
65.4399996 -2.265694 
65.4799996 -2.265694 
65.5199996 -2.265694 
65.5599996 -2.43965 
65.5999996 -2.43965 
65.6399996 -2.43965 
65.6799996 -2.265694 
65.7199996 -2.43965 
65.7599996 -2.43965 
65.7999996 -2.43965 
65.8399996 -2.43965 
65.8799996 -2.613605 
65.9199996 -2.43965 
65.9599996 -2.43965 
65.9999996 -2.43965 
66.0399996 -2.43965 
66.0799996 -2.613605 
66.1199996 -2.43965 
66.1599996 -2.43965 
66.1999996 -2.43965 
66.2399996 -2.43965 
66.2799996 -2.43965 
66.3199996 -2.613605 
66.3599996 -2.43965 
66.3999996 -2.613605 
66.4399996 -2.43965 
66.4799996 -2.43965 
66.5199996 -2.43965 
66.5599996 -2.613605 
66.5999996 -2.613605 
66.63999959 -2.613605 
66.67999959 -2.613605 
66.71999959 -2.613605 
66.75999959 -2.613605 
66.79999959 -2.43965 
66.83999959 -2.613605 
66.87999959 -2.613605 
66.91999959 -2.43965 
66.95999959 -2.613605 
66.99999959 -2.43965 
67.03999959 -2.613605 
67.07999959 -2.613605 
67.11999959 -2.613605 
67.15999959 -2.613605 
67.19999959 -2.613605 
67.23999959 -2.613605 
67.27999959 -2.43965 
67.31999959 -2.613605 
67.35999959 -2.613605 
67.39999959 -2.613605 
67.43999959 -2.788171 
67.47999959 -2.613605 
67.51999959 -2.613605 
67.55999959 -2.788171 
67.59999959 -2.613605 
67.63999959 -2.613605 
67.67999959 -2.788171 
67.71999959 -2.788171 
67.75999959 -2.613605 
67.79999959 -2.788171 
67.83999959 -2.788171 
67.87999959 -2.788171 
67.91999959 -2.613605 
67.95999959 -2.613605 
67.99999959 -2.788171 
68.03999959 -2.788171 
68.07999959 -2.788171 
68.11999959 -2.788171 
68.15999959 -2.788171 
68.19999959 -2.788171 
68.23999959 -2.788171 
68.27999959 -2.788171 
68.31999958 -2.788171 
68.35999958 -2.788171 
68.39999958 -2.788171 
68.43999958 -2.788171 
68.47999958 -2.788171 
68.51999958 -2.788171 
68.55999958 -2.788171 
68.59999958 -2.788171 
68.63999958 -2.788171 
68.67999958 -2.788171 
68.71999958 -2.788171 
68.75999958 -2.788171 
68.79999958 -2.788171 
68.83999958 -2.788171 
68.87999958 -2.788171 
68.91999958 -2.788171 
68.95999958 -2.788171 
68.99999958 -2.788171 
69.03999958 -2.788171 
69.07999958 -2.788171 
69.11999958 -2.788171 
69.15999958 -2.962126 
69.19999958 -2.788171 
69.23999958 -2.788171 
69.27999958 -2.962126 
69.31999958 -2.788171 
69.35999958 -2.788171 
69.39999958 -2.788171 
69.43999958 -2.788171 
69.47999958 -2.788171 
69.51999958 -2.788171 
69.55999958 -2.788171 
69.59999958 -2.788171 
69.63999958 -2.962126 
69.67999958 -2.962126 
69.71999958 -2.962126 
69.75999958 -2.962126 
69.79999958 -2.962126 
69.83999958 -2.962126 
69.87999958 -2.962126 
69.91999958 -2.962126 
69.95999957 -2.962126 
69.99999957 -2.962126 
70.03999957 -2.962126 
70.07999957 -2.962126 
70.11999957 -2.962126 
70.15999957 -2.962126 
70.19999957 -2.962126 
70.23999957 -2.962126 
70.27999957 -2.962126 
70.31999957 -2.962126 
70.35999957 -2.962126 
70.39999957 -2.962126 
70.43999957 -3.136082 
70.47999957 -3.136082 
70.51999957 -2.962126 
70.55999957 -2.962126 
70.59999957 -2.962126 
70.63999957 -2.962126 
70.67999957 -2.962126 
70.71999957 -2.962126 
70.75999957 -2.962126 
70.79999957 -2.962126 
70.83999957 -3.136082 
70.87999957 -2.962126 
70.91999957 -3.136082 
70.95999957 -2.962126 
70.99999957 -3.136082 
71.03999957 -3.136082 
71.07999957 -3.136082 
71.11999957 -3.136082 
71.15999957 -3.136082 
71.19999957 -2.962126 
71.23999957 -3.136082 
71.27999957 -2.962126 
71.31999957 -3.136082 
71.35999957 -3.136082 
71.39999957 -3.136082 
71.43999957 -3.136082 
71.47999957 -3.136082 
71.51999957 -3.136082 
71.55999957 -3.136082 
71.59999956 -3.136082 
71.63999956 -3.136082 
71.67999956 -3.136082 
71.71999956 -3.136082 
71.75999956 -3.136082 
71.79999956 -3.136082 
71.83999956 -3.136082 
71.87999956 -3.136082 
71.91999956 -3.136082 
71.95999956 -3.136082 
71.99999956 -3.136082 
72.03999956 -3.136082 
72.07999956 -3.136082 
72.11999956 -3.136082 
72.15999956 -3.136082 
72.19999956 -3.136082 
72.23999956 -3.136082 
72.27999956 -3.136082 
72.31999956 -3.136082 
72.35999956 -3.310038 
72.39999956 -3.136082 
72.43999956 -3.310038 
72.47999956 -3.136082 
72.51999956 -3.310038 
72.55999956 -3.136082 
72.59999956 -3.136082 
72.63999956 -3.310038 
72.67999956 -3.310038 
72.71999956 -3.136082 
72.75999956 -3.136082 
72.79999956 -3.310038 
72.83999956 -3.136082 
72.87999956 -3.310038 
72.91999956 -3.310038 
72.95999956 -3.310038 
72.99999956 -3.310038 
73.03999956 -3.310038 
73.07999956 -3.484603 
73.11999956 -3.136082 
73.15999956 -3.310038 
73.19999956 -3.310038 
73.23999955 -3.310038 
73.27999955 -3.484603 
73.31999955 -3.484603 
73.35999955 -3.310038 
73.39999955 -3.484603 
73.43999955 -3.310038 
73.47999955 -3.484603 
73.51999955 -3.484603 
73.55999955 -3.484603 
73.59999955 -3.484603 
73.63999955 -3.484603 
73.67999955 -3.484603 
73.71999955 -3.484603 
73.75999955 -3.484603 
73.79999955 -3.484603 
73.83999955 -3.484603 
73.87999955 -3.484603 
73.91999955 -3.484603 
73.95999955 -3.484603 
73.99999955 -3.484603 
74.03999955 -3.484603 
74.07999955 -3.484603 
74.11999955 -3.484603 
74.15999955 -3.484603 
74.19999955 -3.484603 
74.23999955 -3.484603 
74.27999955 -3.484603 
74.31999955 -3.484603 
74.35999955 -3.484603 
74.39999955 -3.484603 
74.43999955 -3.484603 
74.47999955 -3.484603 
74.51999955 -3.484603 
74.55999955 -3.484603 
74.59999955 -3.484603 
74.63999955 -3.484603 
74.67999955 -3.484603 
74.71999955 -3.484603 
74.75999955 -3.484603 
74.79999955 -3.484603 
74.83999955 -3.484603 
74.87999954 -3.484603 
74.91999954 -3.658559 
74.95999954 -3.658559 
74.99999954 -3.658559 
75.03999954 -3.484603 
75.07999954 -3.484603 
75.11999954 -3.658559 
75.15999954 -3.658559 
75.19999954 -3.658559 
75.23999954 -3.658559 
75.27999954 -3.658559 
75.31999954 -3.658559 
75.35999954 -3.658559 
75.39999954 -3.484603 
75.43999954 -3.658559 
75.47999954 -3.484603 
75.51999954 -3.658559 
75.55999954 -3.658559 
75.59999954 -3.658559 
75.63999954 -3.484603 
75.67999954 -3.658559 
75.71999954 -3.658559 
75.75999954 -3.658559 
75.79999954 -3.658559 
75.83999954 -3.658559 
75.87999954 -3.658559 
75.91999954 -3.658559 
75.95999954 -3.658559 
75.99999954 -3.658559 
76.03999954 -3.658559 
76.07999954 -3.658559 
76.11999954 -3.658559 
76.15999954 -3.658559 
76.19999954 -3.658559 
76.23999954 -3.658559 
76.27999954 -3.658559 
76.31999954 -3.658559 
76.35999954 -3.658559 
76.39999954 -3.658559 
76.43999954 -3.658559 
76.47999954 -3.658559 
76.51999953 -3.658559 
76.55999953 -3.658559 
76.59999953 -3.658559 
76.63999953 -3.658559 
76.67999953 -3.658559 
76.71999953 -3.658559 
76.75999953 -3.658559 
76.79999953 -3.658559 
76.83999953 -3.658559 
76.87999953 -3.658559 
76.91999953 -3.658559 
76.95999953 -3.832515 
76.99999953 -3.658559 
77.03999953 -3.658559 
77.07999953 -3.832515 
77.11999953 -3.832515 
77.15999953 -3.832515 
77.19999953 -3.658559 
77.23999953 -3.832515 
77.27999953 -3.832515 
77.31999953 -3.832515 
77.35999953 -3.832515 
77.39999953 -3.832515 
77.43999953 -3.832515 
77.47999953 -3.832515 
77.51999953 -3.832515 
77.55999953 -3.832515 
77.59999953 -3.832515 
77.63999953 -3.832515 
77.67999953 -3.832515 
77.71999953 -3.832515 
77.75999953 -3.832515 
77.79999953 -3.832515 
77.83999953 -3.832515 
77.87999953 -3.832515 
77.91999953 -4.00647 
77.95999953 -3.832515 
77.99999953 -3.832515 
78.03999953 -3.832515 
78.07999953 -4.00647 
78.11999953 -3.832515 
78.15999952 -4.00647 
78.19999952 -4.00647 
78.23999952 -3.832515 
78.27999952 -4.00647 
78.31999952 -3.832515 
78.35999952 -4.00647 
78.39999952 -4.00647 
78.43999952 -4.00647 
78.47999952 -4.00647 
78.51999952 -4.00647 
78.55999952 -4.00647 
78.59999952 -3.832515 
78.63999952 -3.832515 
78.67999952 -4.00647 
78.71999952 -3.832515 
78.75999952 -4.00647 
78.79999952 -4.00647 
78.83999952 -3.832515 
78.87999952 -3.832515 
78.91999952 -4.00647 
78.95999952 -4.00647 
78.99999952 -3.832515 
79.03999952 -4.00647 
79.07999952 -4.00647 
79.11999952 -4.00647 
79.15999952 -3.832515 
79.19999952 -4.00647 
79.23999952 -4.00647 
79.27999952 -4.00647 
79.31999952 -4.00647 
79.35999952 -4.00647 
79.39999952 -4.00647 
79.43999952 -4.00647 
79.47999952 -4.00647 
79.51999952 -4.00647 
79.55999952 -4.00647 
79.59999952 -4.00647 
79.63999952 -4.181036 
79.67999952 -4.00647 
79.71999952 -4.181036 
79.75999952 -4.181036 
79.79999952 -4.181036 
79.83999951 -4.181036 
79.87999951 -4.181036 
79.91999951 -4.181036 
79.95999951 -4.181036 
79.99999951 -4.00647 
80.03999951 -4.181036 
80.07999951 -4.181036 
80.11999951 -4.181036 
80.15999951 -4.181036 
80.19999951 -4.181036 
80.23999951 -4.181036 
80.27999951 -4.181036 
80.31999951 -4.181036 
80.35999951 -4.181036 
80.39999951 -4.181036 
80.43999951 -4.181036 
80.47999951 -4.181036 
80.51999951 -4.181036 
80.55999951 -4.181036 
80.59999951 -4.181036 
80.63999951 -4.181036 
80.67999951 -4.181036 
80.71999951 -4.181036 
80.75999951 -4.181036 
80.79999951 -4.181036 
80.83999951 -4.181036 
80.87999951 -4.181036 
80.91999951 -4.181036 
80.95999951 -4.181036 
80.99999951 -4.181036 
81.03999951 -4.181036 
81.07999951 -4.181036 
81.11999951 -4.181036 
81.15999951 -4.181036 
81.19999951 -4.181036 
81.23999951 -4.181036 
81.27999951 -4.181036 
81.31999951 -4.181036 
81.35999951 -4.181036 
81.39999951 -4.181036 
81.43999951 -4.181036 
81.4799995 -4.181036 
81.5199995 -4.181036 
81.5599995 -4.181036 
81.5999995 -4.181036 
81.6399995 -4.181036 
81.6799995 -4.354991 
81.7199995 -4.354991 
81.7599995 -4.354991 
81.7999995 -4.354991 
81.8399995 -4.354991 
81.8799995 -4.354991 
81.9199995 -4.354991 
81.9599995 -4.354991 
81.9999995 -4.354991 
82.0399995 -4.354991 
82.0799995 -4.354991 
82.1199995 -4.181036 
82.1599995 -4.354991 
82.1999995 -4.354991 
82.2399995 -4.354991 
82.2799995 -4.354991 
82.3199995 -4.354991 
82.3599995 -4.354991 
82.3999995 -4.354991 
82.4399995 -4.354991 
82.4799995 -4.354991 
82.5199995 -4.354991 
82.5599995 -4.354991 
82.5999995 -4.354991 
82.6399995 -4.354991 
82.6799995 -4.354991 
82.7199995 -4.354991 
82.7599995 -4.354991 
82.7999995 -4.354991 
82.8399995 -4.354991 
82.8799995 -4.354991 
82.9199995 -4.354991 
82.9599995 -4.354991 
82.9999995 -4.354991 
83.0399995 -4.354991 
83.0799995 -4.528947 
83.11999949 -4.528947 
83.15999949 -4.354991 
83.19999949 -4.354991 
83.23999949 -4.354991 
83.27999949 -4.528947 
83.31999949 -4.528947 
83.35999949 -4.528947 
83.39999949 -4.354991 
83.43999949 -4.528947 
83.47999949 -4.528947 
83.51999949 -4.528947 
83.55999949 -4.528947 
83.59999949 -4.528947 
83.63999949 -4.528947 
83.67999949 -4.528947 
83.71999949 -4.528947 
83.75999949 -4.528947 
83.79999949 -4.354991 
83.83999949 -4.528947 
83.87999949 -4.528947 
83.91999949 -4.528947 
83.95999949 -4.528947 
83.99999949 -4.528947 
84.03999949 -4.528947 
84.07999949 -4.528947 
84.11999949 -4.528947 
84.15999949 -4.528947 
84.19999949 -4.528947 
84.23999949 -4.528947 
84.27999949 -4.528947 
84.31999949 -4.528947 
84.35999949 -4.528947 
84.39999949 -4.528947 
84.43999949 -4.528947 
84.47999949 -4.528947 
84.51999949 -4.528947 
84.55999949 -4.528947 
84.59999949 -4.528947 
84.63999949 -4.528947 
84.67999949 -4.528947 
84.71999949 -4.528947 
84.75999948 -4.528947 
84.79999948 -4.528947 
84.83999948 -4.528947 
84.87999948 -4.528947 
84.91999948 -4.528947 
84.95999948 -4.528947 
84.99999948 -4.702902 
85.03999948 -4.528947 
85.07999948 -4.528947 
85.11999948 -4.528947 
85.15999948 -4.702902 
85.19999948 -4.528947 
85.23999948 -4.702902 
85.27999948 -4.702902 
85.31999948 -4.528947 
85.35999948 -4.528947 
85.39999948 -4.528947 
85.43999948 -4.528947 
85.47999948 -4.702902 
85.51999948 -4.528947 
85.55999948 -4.528947 
85.59999948 -4.528947 
85.63999948 -4.528947 
85.67999948 -4.528947 
85.71999948 -4.702902 
85.75999948 -4.702902 
85.79999948 -4.528947 
85.83999948 -4.702902 
85.87999948 -4.702902 
85.91999948 -4.702902 
85.95999948 -4.877468 
85.99999948 -4.702902 
86.03999948 -4.702902 
86.07999948 -4.702902 
86.11999948 -4.877468 
86.15999948 -4.528947 
86.19999948 -4.702902 
86.23999948 -4.702902 
86.27999948 -4.877468 
86.31999948 -4.702902 
86.35999948 -4.877468 
86.39999947 -4.877468 
86.43999947 -4.877468 
86.47999947 -4.877468 
86.51999947 -4.877468 
86.55999947 -4.877468 
86.59999947 -4.877468 
86.63999947 -4.877468 
86.67999947 -4.877468 
86.71999947 -4.877468 
86.75999947 -4.877468 
86.79999947 -4.877468 
86.83999947 -4.877468 
86.87999947 -4.877468 
86.91999947 -4.877468 
86.95999947 -4.877468 
86.99999947 -4.877468 
87.03999947 -4.877468 
87.07999947 -4.877468 
87.11999947 -4.877468 
87.15999947 -4.877468 
87.19999947 -4.877468 
87.23999947 -4.877468 
87.27999947 -4.877468 
87.31999947 -4.877468 
87.35999947 -4.877468 
87.39999947 -4.877468 
87.43999947 -4.877468 
87.47999947 -4.877468 
87.51999947 -4.877468 
87.55999947 -4.877468 
87.59999947 -4.877468 
87.63999947 -4.877468 
87.67999947 -4.877468 
87.71999947 -4.877468 
87.75999947 -4.877468 
87.79999947 -4.877468 
87.83999947 -4.877468 
87.87999947 -4.877468 
87.91999947 -4.877468 
87.95999947 -4.877468 
87.99999947 -4.877468 
88.03999946 -4.877468 
88.07999946 -4.877468 
88.11999946 -5.051424 
88.15999946 -4.877468 
88.19999946 -4.877468 
88.23999946 -4.877468 
88.27999946 -4.877468 
88.31999946 -5.051424 
88.35999946 -4.877468 
88.39999946 -4.877468 
88.43999946 -5.051424 
88.47999946 -4.877468 
88.51999946 -4.877468 
88.55999946 -5.051424 
88.59999946 -5.051424 
88.63999946 -5.051424 
88.67999946 -5.051424 
88.71999946 -5.051424 
88.75999946 -5.051424 
88.79999946 -5.051424 
88.83999946 -4.877468 
88.87999946 -5.051424 
88.91999946 -5.051424 
88.95999946 -5.051424 
88.99999946 -5.051424 
89.03999946 -5.051424 
89.07999946 -5.051424 
89.11999946 -5.051424 
89.15999946 -5.051424 
89.19999946 -5.051424 
89.23999946 -5.051424 
89.27999946 -5.051424 
89.31999946 -5.051424 
89.35999946 -5.051424 
89.39999946 -5.051424 
89.43999946 -5.051424 
89.47999946 -5.051424 
89.51999946 -5.051424 
89.55999946 -5.051424 
89.59999946 -5.051424 
89.63999946 -5.051424 
89.67999945 -5.051424 
89.71999945 -5.051424 
89.75999945 -5.051424 
89.79999945 -5.051424 
89.83999945 -5.051424 
89.87999945 -5.051424 
89.91999945 -5.051424 
89.95999945 -5.051424 
89.99999945 -5.051424 
90.03999945 -5.051424 
90.07999945 -5.225379 
90.11999945 -5.051424 
90.15999945 -5.051424 
90.19999945 -5.051424 
90.23999945 -5.051424 
90.27999945 -5.225379 
90.31999945 -5.051424 
90.35999945 -5.051424 
90.39999945 -5.051424 
90.43999945 -5.051424 
90.47999945 -5.051424 
90.51999945 -5.051424 
90.55999945 -5.051424 
90.59999945 -5.225379 
90.63999945 -5.051424 
90.67999945 -5.051424 
90.71999945 -5.225379 
90.75999945 -5.225379 
90.79999945 -5.051424 
90.83999945 -5.225379 
90.87999945 -5.051424 
90.91999945 -5.225379 
90.95999945 -5.225379 
90.99999945 -5.225379 
91.03999945 -5.225379 
91.07999945 -5.225379 
91.11999945 -5.225379 
91.15999945 -5.225379 
91.19999945 -5.225379 
91.23999945 -5.225379 
91.27999945 -5.225379 
91.31999945 -5.225379 
91.35999944 -5.225379 
91.39999944 -5.225379 
91.43999944 -5.225379 
91.47999944 -5.225379 
91.51999944 -5.225379 
91.55999944 -5.225379 
91.59999944 -5.225379 
91.63999944 -5.225379 
91.67999944 -5.225379 
91.71999944 -5.225379 
91.75999944 -5.225379 
91.79999944 -5.225379 
91.83999944 -5.225379 
91.87999944 -5.225379 
91.91999944 -5.225379 
91.95999944 -5.225379 
91.99999944 -5.399335 
92.03999944 -5.399335 
92.07999944 -5.225379 
92.11999944 -5.225379 
92.15999944 -5.225379 
92.19999944 -5.399335 
92.23999944 -5.399335 
92.27999944 -5.399335 
92.31999944 -5.399335 
92.35999944 -5.225379 
92.39999944 -5.225379 
92.43999944 -5.399335 
92.47999944 -5.399335 
92.51999944 -5.399335 
92.55999944 -5.399335 
92.59999944 -5.399335 
92.63999944 -5.399335 
92.67999944 -5.399335 
92.71999944 -5.399335 
92.75999944 -5.399335 
92.79999944 -5.399335 
92.83999944 -5.399335 
92.87999944 -5.399335 
92.91999944 -5.399335 
92.95999944 -5.399335 
92.99999943 -5.225379 
93.03999943 -5.399335 
93.07999943 -5.399335 
93.11999943 -5.399335 
93.15999943 -5.399335 
93.19999943 -5.399335 
93.23999943 -5.399335 
93.27999943 -5.399335 
93.31999943 -5.399335 
93.35999943 -5.399335 
93.39999943 -5.399335 
93.43999943 -5.399335 
93.47999943 -5.399335 
93.51999943 -5.399335 
93.55999943 -5.399335 
93.59999943 -5.399335 
93.63999943 -5.399335 
93.67999943 -5.573901 
93.71999943 -5.399335 
93.75999943 -5.573901 
93.79999943 -5.573901 
93.83999943 -5.573901 
93.87999943 -5.573901 
93.91999943 -5.399335 
93.95999943 -5.573901 
93.99999943 -5.573901 
94.03999943 -5.573901 
94.07999943 -5.573901 
94.11999943 -5.573901 
94.15999943 -5.573901 
94.19999943 -5.573901 
94.23999943 -5.573901 
94.27999943 -5.573901 
94.31999943 -5.573901 
94.35999943 -5.573901 
94.39999943 -5.573901 
94.43999943 -5.573901 
94.47999943 -5.573901 
94.51999943 -5.573901 
94.55999943 -5.573901 
94.59999943 -5.573901 
94.63999942 -5.573901 
94.67999942 -5.573901 
94.71999942 -5.573901 
94.75999942 -5.573901 
94.79999942 -5.573901 
94.83999942 -5.573901 
94.87999942 -5.573901 
94.91999942 -5.573901 
94.95999942 -5.573901 
94.99999942 -5.573901 
95.03999942 -5.573901 
95.07999942 -5.573901 
95.11999942 -5.573901 
95.15999942 -5.573901 
95.19999942 -5.573901 
95.23999942 -5.573901 
95.27999942 -5.573901 
95.31999942 -5.573901 
95.35999942 -5.573901 
95.39999942 -5.573901 
95.43999942 -5.573901 
95.47999942 -5.573901 
95.51999942 -5.573901 
95.55999942 -5.573901 
95.59999942 -5.573901 
95.63999942 -5.573901 
95.67999942 -5.573901 
95.71999942 -5.573901 
95.75999942 -5.747856 
95.79999942 -5.573901 
95.83999942 -5.573901 
95.87999942 -5.573901 
95.91999942 -5.573901 
95.95999942 -5.573901 
95.99999942 -5.573901 
96.03999942 -5.747856 
96.07999942 -5.573901 
96.11999942 -5.747856 
96.15999942 -5.573901 
96.19999942 -5.747856 
96.23999942 -5.747856 
96.27999941 -5.747856 
96.31999941 -5.747856 
96.35999941 -5.747856 
96.39999941 -5.573901 
96.43999941 -5.747856 
96.47999941 -5.573901 
96.51999941 -5.573901 
96.55999941 -5.747856 
96.59999941 -5.747856 
96.63999941 -5.747856 
96.67999941 -5.747856 
96.71999941 -5.747856 
96.75999941 -5.747856 
96.79999941 -5.747856 
96.83999941 -5.747856 
96.87999941 -5.747856 
96.91999941 -5.747856 
96.95999941 -5.747856 
96.99999941 -5.747856 
97.03999941 -5.747856 
97.07999941 -5.747856 
97.11999941 -5.747856 
97.15999941 -5.747856 
97.19999941 -5.747856 
97.23999941 -5.747856 
97.27999941 -5.747856 
97.31999941 -5.747856 
97.35999941 -5.747856 
97.39999941 -5.747856 
97.43999941 -5.747856 
97.47999941 -5.747856 
97.51999941 -5.747856 
97.55999941 -5.747856 
97.59999941 -5.747856 
97.63999941 -5.747856 
97.67999941 -5.747856 
97.71999941 -5.747856 
97.75999941 -5.747856 
97.79999941 -5.747856 
97.83999941 -5.921812 
97.87999941 -5.747856 
97.9199994 -5.747856 
97.9599994 -5.747856 
97.9999994 -5.747856 
98.0399994 -5.747856 
98.0799994 -5.921812 
98.1199994 -5.747856 
98.1599994 -5.747856 
98.1999994 -5.747856 
98.2399994 -5.921812 
98.2799994 -5.747856 
98.3199994 -5.921812 
98.3599994 -5.921812 
98.3999994 -5.921812 
98.4399994 -5.921812 
98.4799994 -5.921812 
98.5199994 -5.921812 
98.5599994 -5.921812 
98.5999994 -5.921812 
98.6399994 -5.921812 
98.6799994 -5.921812 
98.7199994 -5.921812 
98.7599994 -5.921812 
98.7999994 -5.921812 
98.8399994 -5.921812 
98.8799994 -5.921812 
98.9199994 -5.921812 
98.9599994 -5.921812 
98.9999994 -5.921812 
99.0399994 -5.921812 
99.0799994 -5.921812 
99.1199994 -5.921812 
99.1599994 -5.921812 
99.1999994 -5.921812 
99.2399994 -5.921812 
99.2799994 -5.921812 
99.3199994 -5.921812 
99.3599994 -5.921812 
99.3999994 -5.921812 
99.4399994 -5.921812 
99.4799994 -5.921812 
99.5199994 -5.921812 
99.55999939 -5.921812 
99.59999939 -5.921812 
99.63999939 -5.921812 
99.67999939 -5.921812 
99.71999939 -5.921812 
99.75999939 -5.921812 
99.79999939 -5.921812 
99.83999939 -5.921812 
99.87999939 -5.921812 
99.91999939 -5.921812 
99.95999939 -5.921812 
99.99999939 -5.921812 
100.03999939 -5.921812 
100.07999939 -5.921812 
100.11999939 -5.921812 
100.15999939 -5.921812 
100.19999939 -5.921812 
100.23999939 -5.921812 
100.27999939 -5.921812 
100.31999939 -5.921812 
100.35999939 -5.921812 
100.39999939 -5.921812 
100.43999939 -5.921812 
100.47999939 -5.921812 
100.51999939 -5.921812 
100.55999939 -5.921812 
100.59999939 -6.095767 
100.63999939 -5.921812 
100.67999939 -5.921812 
100.71999939 -5.921812 
100.75999939 -5.921812 
100.79999939 -6.095767 
100.83999939 -6.095767 
100.87999939 -5.921812 
100.91999939 -6.095767 
100.95999939 -5.921812 
100.99999939 -6.095767 
101.03999939 -5.921812 
101.07999939 -6.095767 
101.11999939 -5.921812 
101.15999939 -6.095767 
101.19999938 -6.095767 
101.23999938 -6.095767 
101.27999938 -6.095767 
101.31999938 -5.921812 
101.35999938 -5.921812 
101.39999938 -5.921812 
101.43999938 -5.921812 
101.47999938 -6.095767 
101.51999938 -6.095767 
101.55999938 -6.095767 
101.59999938 -6.095767 
101.63999938 -5.921812 
101.67999938 -6.095767 
101.71999938 -6.270333 
101.75999938 -6.095767 
101.79999938 -6.095767 
101.83999938 -6.270333 
101.87999938 -6.270333 
101.91999938 -6.095767 
101.95999938 -6.095767 
101.99999938 -6.270333 
102.03999938 -6.270333 
102.07999938 -6.270333 
102.11999938 -6.270333 
102.15999938 -6.270333 
102.19999938 -6.270333 
102.23999938 -6.270333 
102.27999938 -6.270333 
102.31999938 -6.095767 
102.35999938 -6.270333 
102.39999938 -6.270333 
102.43999938 -6.270333 
102.47999938 -6.270333 
102.51999938 -6.270333 
102.55999938 -6.270333 
102.59999938 -6.270333 
102.63999938 -6.270333 
102.67999938 -6.270333 
102.71999938 -6.270333 
102.75999938 -6.270333 
102.79999938 -6.270333 
102.83999937 -6.270333 
102.87999937 -6.270333 
102.91999937 -6.270333 
102.95999937 -6.270333 
102.99999937 -6.270333 
103.03999937 -6.270333 
103.07999937 -6.270333 
103.11999937 -6.270333 
103.15999937 -6.270333 
103.19999937 -6.270333 
103.23999937 -6.270333 
103.27999937 -6.270333 
103.31999937 -6.270333 
103.35999937 -6.270333 
103.39999937 -6.270333 
103.43999937 -6.270333 
103.47999937 -6.270333 
103.51999937 -6.270333 
103.55999937 -6.270333 
103.59999937 -6.270333 
103.63999937 -6.270333 
103.67999937 -6.270333 
103.71999937 -6.270333 
103.75999937 -6.270333 
103.79999937 -6.270333 
103.83999937 -6.270333 
103.87999937 -6.270333 
103.91999937 -6.270333 
103.95999937 -6.270333 
103.99999937 -6.270333 
104.03999937 -6.270333 
104.07999937 -6.270333 
104.11999937 -6.270333 
104.15999937 -6.270333 
104.19999937 -6.270333 
104.23999937 -6.270333 
104.27999937 -6.270333 
104.31999937 -6.270333 
104.35999937 -6.270333 
104.39999937 -6.270333 
104.43999937 -6.270333 
104.47999937 -6.444288 
104.51999936 -6.270333 
104.55999936 -6.270333 
104.59999936 -6.444288 
104.63999936 -6.270333 
104.67999936 -6.270333 
104.71999936 -6.270333 
104.75999936 -6.270333 
104.79999936 -6.270333 
104.83999936 -6.270333 
104.87999936 -6.270333 
104.91999936 -6.444288 
104.95999936 -6.444288 
104.99999936 -6.444288 
105.03999936 -6.444288 
105.07999936 -6.444288 
105.11999936 -6.444288 
105.15999936 -6.444288 
105.19999936 -6.444288 
105.23999936 -6.270333 
105.27999936 -6.444288 
105.31999936 -6.444288 
105.35999936 -6.444288 
105.39999936 -6.444288 
105.43999936 -6.444288 
105.47999936 -6.444288 
105.51999936 -6.444288 
105.55999936 -6.270333 
105.59999936 -6.444288 
105.63999936 -6.444288 
105.67999936 -6.444288 
105.71999936 -6.444288 
105.75999936 -6.444288 
105.79999936 -6.444288 
105.83999936 -6.444288 
105.87999936 -6.444288 
105.91999936 -6.444288 
105.95999936 -6.444288 
105.99999936 -6.444288 
106.03999936 -6.444288 
106.07999936 -6.444288 
106.11999936 -6.444288 
106.15999935 -6.444288 
106.19999935 -6.444288 
106.23999935 -6.444288 
106.27999935 -6.444288 
106.31999935 -6.444288 
106.35999935 -6.444288 
106.39999935 -6.444288 
106.43999935 -6.444288 
106.47999935 -6.444288 
106.51999935 -6.444288 
106.55999935 -6.444288 
106.59999935 -6.444288 
106.63999935 -6.444288 
106.67999935 -6.444288 
106.71999935 -6.444288 
106.75999935 -6.444288 
106.79999935 -6.444288 
106.83999935 -6.444288 
106.87999935 -6.444288 
106.91999935 -6.444288 
106.95999935 -6.444288 
106.99999935 -6.444288 
107.03999935 -6.618244 
107.07999935 -6.444288 
107.11999935 -6.444288 
107.15999935 -6.444288 
107.19999935 -6.444288 
107.23999935 -6.444288 
107.27999935 -6.444288 
107.31999935 -6.444288 
107.35999935 -6.444288 
107.39999935 -6.444288 
107.43999935 -6.618244 
107.47999935 -6.618244 
107.51999935 -6.444288 
107.55999935 -6.444288 
107.59999935 -6.444288 
107.63999935 -6.618244 
107.67999935 -6.618244 
107.71999935 -6.444288 
107.75999935 -6.618244 
107.79999934 -6.618244 
107.83999934 -6.618244 
107.87999934 -6.444288 
107.91999934 -6.618244 
107.95999934 -6.618244 
107.99999934 -6.618244 
108.03999934 -6.444288 
108.07999934 -6.618244 
108.11999934 -6.618244 
108.15999934 -6.618244 
108.19999934 -6.618244 
108.23999934 -6.618244 
108.27999934 -6.618244 
108.31999934 -6.618244 
108.35999934 -6.618244 
108.39999934 -6.618244 
108.43999934 -6.618244 
108.47999934 -6.618244 
108.51999934 -6.618244 
108.55999934 -6.618244 
108.59999934 -6.618244 
108.63999934 -6.618244 
108.67999934 -6.618244 
108.71999934 -6.618244 
108.75999934 -6.618244 
108.79999934 -6.618244 
108.83999934 -6.618244 
108.87999934 -6.618244 
108.91999934 -6.618244 
108.95999934 -6.7922 
108.99999934 -6.618244 
109.03999934 -6.618244 
109.07999934 -6.618244 
109.11999934 -6.618244 
109.15999934 -6.618244 
109.19999934 -6.618244 
109.23999934 -6.618244 
109.27999934 -6.7922 
109.31999934 -6.618244 
109.35999934 -6.618244 
109.39999934 -6.618244 
109.43999933 -6.7922 
109.47999933 -6.618244 
109.51999933 -6.618244 
109.55999933 -6.7922 
109.59999933 -6.7922 
109.63999933 -6.618244 
109.67999933 -6.7922 
109.71999933 -6.7922 
109.75999933 -6.7922 
109.79999933 -6.7922 
109.83999933 -6.7922 
109.87999933 -6.7922 
109.91999933 -6.7922 
109.95999933 -6.618244 
109.99999933 -6.7922 
110.03999933 -6.618244 
110.07999933 -6.618244 
110.11999933 -6.618244 
110.15999933 -6.7922 
110.19999933 -6.618244 
110.23999933 -6.618244 
110.27999933 -6.618244 
110.31999933 -6.7922 
110.35999933 -6.7922 
110.39999933 -6.618244 
110.43999933 -6.7922 
110.47999933 -6.618244 
110.51999933 -6.966765 
110.55999933 -6.7922 
110.59999933 -6.7922 
110.63999933 -6.618244 
110.67999933 -6.7922 
110.71999933 -6.7922 
110.75999933 -6.7922 
110.79999933 -6.7922 
110.83999933 -6.7922 
110.87999933 -6.7922 
110.91999933 -6.618244 
110.95999933 -6.7922 
110.99999933 -6.7922 
111.03999933 -6.7922 
111.07999932 -6.7922 
111.11999932 -6.7922 
111.15999932 -6.7922 
111.19999932 -6.7922 
111.23999932 -6.7922 
111.27999932 -6.966765 
111.31999932 -6.966765 
111.35999932 -6.966765 
111.39999932 -6.7922 
111.43999932 -6.7922 
111.47999932 -6.7922 
111.51999932 -6.7922 
111.55999932 -6.966765 
111.59999932 -6.7922 
111.63999932 -6.966765 
111.67999932 -6.966765 
111.71999932 -6.966765 
111.75999932 -6.966765 
111.79999932 -6.966765 
111.83999932 -6.966765 
111.87999932 -6.7922 
111.91999932 -6.966765 
111.95999932 -6.966765 
111.99999932 -6.966765 
112.03999932 -6.966765 
112.07999932 -6.966765 
112.11999932 -6.966765 
112.15999932 -6.966765 
112.19999932 -6.966765 
112.23999932 -6.966765 
112.27999932 -6.966765 
112.31999932 -6.966765 
112.35999932 -6.966765 
112.39999932 -6.966765 
112.43999932 -6.7922 
112.47999932 -6.966765 
112.51999932 -6.966765 
112.55999932 -6.966765 
112.59999932 -6.966765 
112.63999932 -6.966765 
112.67999932 -6.966765 
112.71999931 -6.966765 
112.75999931 -6.966765 
112.79999931 -6.966765 
112.83999931 -6.966765 
112.87999931 -6.966765 
112.91999931 -6.966765 
112.95999931 -6.966765 
112.99999931 -6.966765 
113.03999931 -6.966765 
113.07999931 -6.966765 
113.11999931 -6.966765 
113.15999931 -6.966765 
113.19999931 -6.966765 
113.23999931 -6.966765 
113.27999931 -6.966765 
113.31999931 -6.966765 
113.35999931 -6.966765 
113.39999931 -6.966765 
113.43999931 -6.966765 
113.47999931 -6.966765 
113.51999931 -6.966765 
113.55999931 -6.966765 
113.59999931 -6.966765 
113.63999931 -6.966765 
113.67999931 -6.966765 
113.71999931 -6.966765 
113.75999931 -6.966765 
113.79999931 -6.966765 
113.83999931 -6.966765 
113.87999931 -6.966765 
113.91999931 -6.966765 
113.95999931 -6.966765 
113.99999931 -6.966765 
114.03999931 -6.966765 
114.07999931 -6.966765 
114.11999931 -6.966765 
114.15999931 -7.140721 
114.19999931 -6.966765 
114.23999931 -6.966765 
114.27999931 -7.140721 
114.31999931 -6.966765 
114.3599993 -7.140721 
114.3999993 -7.140721 
114.4399993 -6.966765 
114.4799993 -6.966765 
114.5199993 -6.966765 
114.5599993 -7.140721 
114.5999993 -7.140721 
114.6399993 -7.140721 
114.6799993 -7.140721 
114.7199993 -7.140721 
114.7599993 -7.140721 
114.7999993 -7.140721 
114.8399993 -7.140721 
114.8799993 -6.966765 
114.9199993 -7.140721 
114.9599993 -7.140721 
114.9999993 -7.140721 
115.0399993 -7.140721 
115.0799993 -7.140721 
115.1199993 -7.140721 
115.1599993 -7.140721 
115.1999993 -7.140721 
115.2399993 -7.140721 
115.2799993 -7.140721 
115.3199993 -7.140721 
115.3599993 -7.140721 
115.3999993 -7.140721 
115.4399993 -7.140721 
115.4799993 -7.140721 
115.5199993 -7.140721 
115.5599993 -7.140721 
115.5999993 -7.140721 
115.6399993 -7.140721 
115.6799993 -7.140721 
115.7199993 -7.140721 
115.7599993 -7.140721 
115.7999993 -7.140721 
115.8399993 -7.140721 
115.8799993 -7.140721 
115.9199993 -7.140721 
115.9599993 -7.140721 
115.9999993 -7.140721 
116.03999929 -7.140721 
116.07999929 -7.140721 
116.11999929 -7.140721 
116.15999929 -7.140721 
116.19999929 -7.140721 
116.23999929 -7.140721 
116.27999929 -7.140721 
116.31999929 -7.314676 
116.35999929 -7.140721 
116.39999929 -7.140721 
116.43999929 -7.140721 
116.47999929 -7.140721 
116.51999929 -7.140721 
116.55999929 -7.140721 
116.59999929 -7.140721 
116.63999929 -7.314676 
116.67999929 -7.140721 
116.71999929 -7.140721 
116.75999929 -7.140721 
116.79999929 -7.140721 
116.83999929 -7.314676 
116.87999929 -7.140721 
116.91999929 -7.140721 
116.95999929 -7.314676 
116.99999929 -7.140721 
117.03999929 -7.314676 
117.07999929 -7.140721 
117.11999929 -7.140721 
117.15999929 -7.314676 
117.19999929 -7.314676 
117.23999929 -7.140721 
117.27999929 -7.140721 
117.31999929 -7.314676 
117.35999929 -7.140721 
117.39999929 -7.140721 
117.43999929 -7.140721 
117.47999929 -7.314676 
117.51999929 -7.140721 
117.55999929 -7.140721 
117.59999929 -7.140721 
117.63999929 -7.314676 
117.67999928 -7.140721 
117.71999928 -7.314676 
117.75999928 -7.314676 
117.79999928 -7.314676 
117.83999928 -7.314676 
117.87999928 -7.140721 
117.91999928 -7.314676 
117.95999928 -7.140721 
117.99999928 -7.314676 
118.03999928 -7.314676 
118.07999928 -7.314676 
118.11999928 -7.314676 
118.15999928 -7.314676 
118.19999928 -7.314676 
118.23999928 -7.314676 
118.27999928 -7.140721 
118.31999928 -7.314676 
118.35999928 -7.314676 
118.39999928 -7.314676 
118.43999928 -7.314676 
118.47999928 -7.314676 
118.51999928 -7.314676 
118.55999928 -7.314676 
118.59999928 -7.314676 
118.63999928 -7.314676 
118.67999928 -7.314676 
118.71999928 -7.314676 
118.75999928 -7.314676 
118.79999928 -7.314676 
118.83999928 -7.314676 
118.87999928 -7.314676 
118.91999928 -7.314676 
118.95999928 -7.314676 
118.99999928 -7.314676 
119.03999928 -7.314676 
119.07999928 -7.314676 
119.11999928 -7.314676 
119.15999928 -7.314676 
119.19999928 -7.314676 
119.23999928 -7.314676 
119.27999928 -7.314676 
119.31999927 -7.314676 
119.35999927 -7.314676 
119.39999927 -7.314676 
119.43999927 -7.314676 
119.47999927 -7.314676 
119.51999927 -7.314676 
119.55999927 -7.314676 
119.59999927 -7.314676 
119.63999927 -7.314676 
119.67999927 -7.314676 
119.71999927 -7.314676 
119.75999927 -7.314676 
119.79999927 -7.314676 
119.83999927 -7.314676 
119.87999927 -7.314676 
119.91999927 -7.314676 
119.95999927 -7.314676 
119.99999927 -7.314676 
120.03999927 -7.314676 
120.07999927 -7.314676 
120.11999927 -7.314676 
120.15999927 -7.314676 
120.19999927 -7.314676 
120.23999927 -7.314676 
120.27999927 -7.314676 
120.31999927 -7.314676 
120.35999927 -7.314676 
120.39999927 -7.314676 
120.43999927 -7.314676 
120.47999927 -7.314676 
120.51999927 -7.314676 
120.55999927 -7.314676 
120.59999927 -7.314676 
120.63999927 -7.314676 
120.67999927 -7.314676 
120.71999927 -7.314676 
120.75999927 -7.314676 
120.79999927 -7.314676 
120.83999927 -7.314676 
120.87999927 -7.314676 
120.91999927 -7.314676 
120.95999926 -7.314676 
120.99999926 -7.314676 
121.03999926 -7.488632 
121.07999926 -7.314676 
121.11999926 -7.488632 
121.15999926 -7.314676 
121.19999926 -7.314676 
121.23999926 -7.314676 
121.27999926 -7.314676 
121.31999926 -7.488632 
121.35999926 -7.314676 
121.39999926 -7.488632 
121.43999926 -7.488632 
121.47999926 -7.488632 
121.51999926 -7.314676 
121.55999926 -7.314676 
121.59999926 -7.488632 
121.63999926 -7.314676 
121.67999926 -7.488632 
121.71999926 -7.488632 
121.75999926 -7.488632 
121.79999926 -7.488632 
121.83999926 -7.314676 
121.87999926 -7.488632 
121.91999926 -7.488632 
121.95999926 -7.488632 
121.99999926 -7.488632 
122.03999926 -7.488632 
122.07999926 -7.488632 
122.11999926 -7.488632 
122.15999926 -7.314676 
122.19999926 -7.488632 
122.23999926 -7.488632 
122.27999926 -7.488632 
122.31999926 -7.488632 
122.35999926 -7.488632 
122.39999926 -7.488632 
122.43999926 -7.488632 
122.47999926 -7.488632 
122.51999926 -7.488632 
122.55999926 -7.488632 
122.59999925 -7.488632 
122.63999925 -7.488632 
122.67999925 -7.663198 
122.71999925 -7.488632 
122.75999925 -7.488632 
122.79999925 -7.488632 
122.83999925 -7.663198 
122.87999925 -7.488632 
122.91999925 -7.488632 
122.95999925 -7.488632 
122.99999925 -7.488632 
123.03999925 -7.663198 
123.07999925 -7.488632 
123.11999925 -7.663198 
123.15999925 -7.488632 
123.19999925 -7.663198 
123.23999925 -7.663198 
123.27999925 -7.663198 
123.31999925 -7.488632 
123.35999925 -7.488632 
123.39999925 -7.663198 
123.43999925 -7.663198 
123.47999925 -7.663198 
123.51999925 -7.663198 
123.55999925 -7.663198 
123.59999925 -7.663198 
123.63999925 -7.488632 
123.67999925 -7.663198 
123.71999925 -7.663198 
123.75999925 -7.663198 
123.79999925 -7.663198 
123.83999925 -7.663198 
123.87999925 -7.663198 
123.91999925 -7.663198 
123.95999925 -7.663198 
123.99999925 -7.663198 
124.03999925 -7.663198 
124.07999925 -7.663198 
124.11999925 -7.663198 
124.15999925 -7.663198 
124.19999925 -7.663198 
124.23999924 -7.663198 
124.27999924 -7.663198 
124.31999924 -7.663198 
124.35999924 -7.663198 
124.39999924 -7.663198 
124.43999924 -7.663198 
124.47999924 -7.663198 
124.51999924 -7.663198 
124.55999924 -7.663198 
124.59999924 -7.663198 
124.63999924 -7.663198 
124.67999924 -7.663198 
124.71999924 -7.663198 
124.75999924 -7.663198 
124.79999924 -7.663198 
124.83999924 -7.663198 
124.87999924 -7.663198 
124.91999924 -7.663198 
124.95999924 -7.663198 
124.99999924 -7.663198 
125.03999924 -7.663198 
125.07999924 -7.663198 
125.11999924 -7.663198 
125.15999924 -7.663198 
125.19999924 -7.663198 
125.23999924 -7.663198 
125.27999924 -7.663198 
125.31999924 -7.663198 
125.35999924 -7.663198 
125.39999924 -7.663198 
125.43999924 -7.663198 
125.47999924 -7.663198 
125.51999924 -7.663198 
125.55999924 -7.663198 
125.59999924 -7.663198 
125.63999924 -7.837153 
125.67999924 -7.663198 
125.71999924 -7.663198 
125.75999924 -7.663198 
125.79999924 -7.663198 
125.83999924 -7.663198 
125.87999923 -7.663198 
125.91999923 -7.663198 
125.95999923 -7.663198 
125.99999923 -7.663198 
126.03999923 -7.663198 
126.07999923 -7.663198 
126.11999923 -7.663198 
126.15999923 -7.663198 
126.19999923 -7.663198 
126.23999923 -7.663198 
126.27999923 -7.837153 
126.31999923 -7.663198 
126.35999923 -7.663198 
126.39999923 -7.663198 
126.43999923 -7.663198 
126.47999923 -7.663198 
126.51999923 -7.663198 
126.55999923 -7.663198 
126.59999923 -7.663198 
126.63999923 -7.663198 
126.67999923 -7.663198 
126.71999923 -7.663198 
126.75999923 -7.663198 
126.79999923 -7.837153 
126.83999923 -7.837153 
126.87999923 -7.837153 
126.91999923 -7.663198 
126.95999923 -7.837153 
126.99999923 -7.663198 
127.03999923 -7.837153 
127.07999923 -7.837153 
127.11999923 -7.663198 
127.15999923 -7.663198 
127.19999923 -7.837153 
127.23999923 -7.837153 
127.27999923 -7.837153 
127.31999923 -7.837153 
127.35999923 -7.837153 
127.39999923 -7.837153 
127.43999923 -7.663198 
127.47999923 -7.837153 
127.51999923 -7.663198 
127.55999922 -7.837153 
127.59999922 -7.837153 
127.63999922 -7.837153 
127.67999922 -7.837153 
127.71999922 -7.837153 
127.75999922 -7.663198 
127.79999922 -7.837153 
127.83999922 -7.837153 
127.87999922 -7.837153 
127.91999922 -7.663198 
127.95999922 -7.837153 
127.99999922 -7.837153 
128.03999922 -7.837153 
128.07999922 -7.837153 
128.11999922 -7.837153 
128.15999922 -7.837153 
128.19999922 -7.837153 
128.23999922 -7.837153 
128.27999922 -7.837153 
128.31999922 -7.837153 
128.35999922 -7.837153 
128.39999922 -7.837153 
128.43999922 -7.837153 
128.47999922 -7.837153 
128.51999922 -7.837153 
128.55999922 -7.837153 
128.59999922 -7.837153 
128.63999922 -7.837153 
128.67999922 -7.837153 
128.71999922 -7.837153 
128.75999922 -7.837153 
128.79999922 -7.837153 
128.83999922 -7.837153 
128.87999922 -7.837153 
128.91999922 -7.837153 
128.95999922 -7.837153 
128.99999922 -7.837153 
129.03999922 -7.837153 
129.07999922 -7.837153 
129.11999922 -7.837153 
129.15999922 -7.837153 
129.19999921 -7.837153 
129.23999921 -7.837153 
129.27999921 -7.837153 
129.31999921 -7.837153 
129.35999921 -7.837153 
129.39999921 -7.837153 
129.43999921 -7.837153 
129.47999921 -7.837153 
129.51999921 -7.837153 
129.55999921 -7.837153 
129.59999921 -7.837153 
129.63999921 -7.837153 
129.67999921 -7.837153 
129.71999921 -7.837153 
129.75999921 -7.837153 
129.79999921 -7.837153 
129.83999921 -7.837153 
129.87999921 -7.837153 
129.91999921 -7.837153 
129.95999921 -7.837153 
129.99999921 -7.837153 
130.03999921 -7.837153 
130.07999921 -7.837153 
130.11999921 -7.837153 
130.15999921 -7.837153 
130.19999921 -7.837153 
130.23999921 -7.837153 
130.27999921 -7.837153 
130.31999921 -7.837153 
130.35999921 -7.837153 
130.39999921 -7.837153 
130.43999921 -7.837153 
130.47999921 -7.837153 
130.51999921 -8.011108 
130.55999921 -7.837153 
130.59999921 -7.837153 
130.63999921 -8.011108 
130.67999921 -7.837153 
130.71999921 -8.011108 
130.75999921 -7.837153 
130.79999921 -7.837153 
130.8399992 -8.011108 
130.8799992 -7.837153 
130.9199992 -8.011108 
130.9599992 -7.837153 
130.9999992 -8.011108 
131.0399992 -8.011108 
131.0799992 -7.837153 
131.1199992 -7.837153 
131.1599992 -7.837153 
131.1999992 -7.837153 
131.2399992 -7.837153 
131.2799992 -7.837153 
131.3199992 -8.011108 
131.3599992 -8.011108 
131.3999992 -8.011108 
131.4399992 -8.011108 
131.4799992 -8.011108 
131.5199992 -8.011108 
131.5599992 -7.837153 
131.5999992 -8.011108 
131.6399992 -7.837153 
131.6799992 -8.011108 
131.7199992 -7.837153 
131.7599992 -8.011108 
131.7999992 -8.011108 
131.8399992 -7.837153 
131.8799992 -8.011108 
131.9199992 -8.011108 
131.9599992 -8.011108 
131.9999992 -8.011108 
132.0399992 -8.011108 
132.0799992 -8.011108 
132.1199992 -8.011108 
132.1599992 -8.011108 
132.1999992 -8.011108 
132.2399992 -8.011108 
132.2799992 -8.011108 
132.3199992 -8.011108 
132.3599992 -8.011108 
132.3999992 -8.011108 
132.4399992 -8.011108 
132.47999919 -8.011108 
132.51999919 -8.011108 
132.55999919 -8.011108 
132.59999919 -8.011108 
132.63999919 -8.011108 
132.67999919 -8.011108 
132.71999919 -8.011108 
132.75999919 -8.185064 
132.79999919 -8.011108 
132.83999919 -8.011108 
132.87999919 -8.011108 
132.91999919 -8.011108 
132.95999919 -8.011108 
132.99999919 -8.011108 
133.03999919 -8.011108 
133.07999919 -8.185064 
133.11999919 -8.011108 
133.15999919 -8.011108 
133.19999919 -8.185064 
133.23999919 -8.011108 
133.27999919 -8.011108 
133.31999919 -8.185064 
133.35999919 -8.011108 
133.39999919 -8.011108 
133.43999919 -8.011108 
133.47999919 -8.011108 
133.51999919 -8.011108 
133.55999919 -8.185064 
133.59999919 -8.011108 
133.63999919 -8.185064 
133.67999919 -8.011108 
133.71999919 -8.185064 
133.75999919 -8.185064 
133.79999919 -8.185064 
133.83999919 -8.011108 
133.87999919 -8.185064 
133.91999919 -8.185064 
133.95999919 -8.185064 
133.99999919 -8.185064 
134.03999919 -8.185064 
134.07999919 -8.011108 
134.11999918 -8.011108 
134.15999918 -8.185064 
134.19999918 -8.185064 
134.23999918 -8.185064 
134.27999918 -8.185064 
134.31999918 -8.185064 
134.35999918 -8.185064 
134.39999918 -8.185064 
134.43999918 -8.185064 
134.47999918 -8.185064 
134.51999918 -8.011108 
134.55999918 -8.185064 
134.59999918 -8.185064 
134.63999918 -8.011108 
134.67999918 -8.011108 
134.71999918 -8.185064 
134.75999918 -8.185064 
134.79999918 -8.185064 
134.83999918 -8.185064 
134.87999918 -8.185064 
134.91999918 -8.185064 
134.95999918 -8.185064 
134.99999918 -8.185064 
135.03999918 -8.185064 
135.07999918 -8.011108 
135.11999918 -8.185064 
135.15999918 -8.185064 
135.19999918 -8.185064 
135.23999918 -8.011108 
135.27999918 -8.185064 
135.31999918 -8.185064 
135.35999918 -8.011108 
135.39999918 -8.185064 
135.43999918 -8.185064 
135.47999918 -8.011108 
135.51999918 -8.185064 
135.55999918 -8.185064 
135.59999918 -8.185064 
135.63999918 -8.185064 
135.67999918 -8.185064 
135.71999918 -8.185064 
135.75999917 -8.185064 
135.79999917 -8.185064 
135.83999917 -8.185064 
135.87999917 -8.185064 
135.91999917 -8.185064 
135.95999917 -8.011108 
135.99999917 -8.185064 
136.03999917 -8.185064 
136.07999917 -8.185064 
136.11999917 -8.185064 
136.15999917 -8.185064 
136.19999917 -8.185064 
136.23999917 -8.011108 
136.27999917 -8.185064 
136.31999917 -8.359631 
136.35999917 -8.185064 
136.39999917 -8.185064 
136.43999917 -8.185064 
136.47999917 -8.185064 
136.51999917 -8.185064 
136.55999917 -8.185064 
136.59999917 -8.359631 
136.63999917 -8.185064 
136.67999917 -8.185064 
136.71999917 -8.185064 
136.75999917 -8.185064 
136.79999917 -8.185064 
136.83999917 -8.185064 
136.87999917 -8.185064 
136.91999917 -8.185064 
136.95999917 -8.185064 
136.99999917 -8.185064 
137.03999917 -8.359631 
137.07999917 -8.185064 
137.11999917 -8.185064 
137.15999917 -8.185064 
137.19999917 -8.359631 
137.23999917 -8.359631 
137.27999917 -8.185064 
137.31999917 -8.359631 
137.35999917 -8.359631 
137.39999916 -8.185064 
137.43999916 -8.185064 
137.47999916 -8.185064 
137.51999916 -8.185064 
137.55999916 -8.359631 
137.59999916 -8.359631 
137.63999916 -8.185064 
137.67999916 -8.359631 
137.71999916 -8.359631 
137.75999916 -8.359631 
137.79999916 -8.185064 
137.83999916 -8.359631 
137.87999916 -8.359631 
137.91999916 -8.185064 
137.95999916 -8.185064 
137.99999916 -8.359631 
138.03999916 -8.185064 
138.07999916 -8.359631 
138.11999916 -8.359631 
138.15999916 -8.185064 
138.19999916 -8.359631 
138.23999916 -8.359631 
138.27999916 -8.359631 
138.31999916 -8.359631 
138.35999916 -8.359631 
138.39999916 -8.359631 
138.43999916 -8.359631 
138.47999916 -8.359631 
138.51999916 -8.359631 
138.55999916 -8.359631 
138.59999916 -8.359631 
138.63999916 -8.359631 
138.67999916 -8.359631 
138.71999916 -8.359631 
138.75999916 -8.359631 
138.79999916 -8.359631 
138.83999916 -8.359631 
138.87999916 -8.359631 
138.91999916 -8.359631 
138.95999916 -8.359631 
138.99999916 -8.359631 
139.03999915 -8.359631 
139.07999915 -8.359631 
139.11999915 -8.359631 
139.15999915 -8.359631 
139.19999915 -8.359631 
139.23999915 -8.359631 
139.27999915 -8.359631 
139.31999915 -8.359631 
139.35999915 -8.359631 
139.39999915 -8.359631 
139.43999915 -8.359631 
139.47999915 -8.359631 
139.51999915 -8.359631 
139.55999915 -8.359631 
139.59999915 -8.359631 
139.63999915 -8.359631 
139.67999915 -8.359631 
139.71999915 -8.359631 
139.75999915 -8.359631 
139.79999915 -8.359631 
139.83999915 -8.359631 
139.87999915 -8.359631 
139.91999915 -8.359631 
139.95999915 -8.359631 
139.99999915 -8.359631 
140.03999915 -8.359631 
140.07999915 -8.359631 
140.11999915 -8.359631 
140.15999915 -8.359631 
140.19999915 -8.359631 
140.23999915 -8.359631 
140.27999915 -8.359631 
140.31999915 -8.359631 
140.35999915 -8.359631 
140.39999915 -8.359631 
140.43999915 -8.359631 
140.47999915 -8.359631 
140.51999915 -8.359631 
140.55999915 -8.359631 
140.59999915 -8.359631 
140.63999915 -8.359631 
140.67999915 -8.359631 
140.71999914 -8.359631 
140.75999914 -8.359631 
140.79999914 -8.359631 
140.83999914 -8.359631 
140.87999914 -8.359631 
140.91999914 -8.359631 
140.95999914 -8.359631 
140.99999914 -8.359631 
141.03999914 -8.359631 
141.07999914 -8.359631 
141.11999914 -8.359631 
141.15999914 -8.359631 
141.19999914 -8.359631 
141.23999914 -8.359631 
141.27999914 -8.359631 
141.31999914 -8.359631 
141.35999914 -8.359631 
141.39999914 -8.359631 
141.43999914 -8.359631 
141.47999914 -8.359631 
141.51999914 -8.359631 
141.55999914 -8.359631 
141.59999914 -8.359631 
141.63999914 -8.359631 
141.67999914 -8.359631 
141.71999914 -8.359631 
141.75999914 -8.359631 
141.79999914 -8.359631 
141.83999914 -8.359631 
141.87999914 -8.359631 
141.91999914 -8.359631 
141.95999914 -8.359631 
141.99999914 -8.359631 
142.03999914 -8.359631 
142.07999914 -8.359631 
142.11999914 -8.359631 
142.15999914 -8.359631 
142.19999914 -8.533586 
142.23999914 -8.359631 
142.27999914 -8.359631 
142.31999914 -8.359631 
142.35999913 -8.533586 
142.39999913 -8.533586 
142.43999913 -8.533586 
142.47999913 -8.359631 
142.51999913 -8.533586 
142.55999913 -8.533586 
142.59999913 -8.533586 
142.63999913 -8.533586 
142.67999913 -8.533586 
142.71999913 -8.533586 
142.75999913 -8.359631 
142.79999913 -8.359631 
142.83999913 -8.533586 
142.87999913 -8.359631 
142.91999913 -8.533586 
142.95999913 -8.533586 
142.99999913 -8.359631 
143.03999913 -8.533586 
143.07999913 -8.533586 
143.11999913 -8.533586 
143.15999913 -8.533586 
143.19999913 -8.359631 
143.23999913 -8.533586 
143.27999913 -8.533586 
143.31999913 -8.533586 
143.35999913 -8.533586 
143.39999913 -8.533586 
143.43999913 -8.533586 
143.47999913 -8.533586 
143.51999913 -8.533586 
143.55999913 -8.533586 
143.59999913 -8.533586 
143.63999913 -8.533586 
143.67999913 -8.533586 
143.71999913 -8.533586 
143.75999913 -8.533586 
143.79999913 -8.533586 
143.83999913 -8.533586 
143.87999913 -8.533586 
143.91999913 -8.533586 
143.95999913 -8.533586 
143.99999912 -8.533586 
144.03999912 -8.533586 
144.07999912 -8.533586 
144.11999912 -8.533586 
144.15999912 -8.533586 
144.19999912 -8.533586 
144.23999912 -8.533586 
144.27999912 -8.533586 
144.31999912 -8.533586 
144.35999912 -8.533586 
144.39999912 -8.533586 
144.43999912 -8.533586 
144.47999912 -8.533586 
144.51999912 -8.533586 
144.55999912 -8.533586 
144.59999912 -8.533586 
144.63999912 -8.533586 
144.67999912 -8.533586 
144.71999912 -8.533586 
144.75999912 -8.533586 
144.79999912 -8.533586 
144.83999912 -8.533586 
144.87999912 -8.533586 
144.91999912 -8.533586 
144.95999912 -8.533586 
144.99999912 -8.533586 
145.03999912 -8.533586 
145.07999912 -8.533586 
145.11999912 -8.533586 
145.15999912 -8.533586 
145.19999912 -8.533586 
145.23999912 -8.533586 
145.27999912 -8.533586 
145.31999912 -8.533586 
145.35999912 -8.533586 
145.39999912 -8.533586 
145.43999912 -8.533586 
145.47999912 -8.533586 
145.51999912 -8.533586 
145.55999912 -8.533586 
145.59999912 -8.533586 
145.63999911 -8.533586 
145.67999911 -8.533586 
145.71999911 -8.533586 
145.75999911 -8.533586 
145.79999911 -8.533586 
145.83999911 -8.533586 
145.87999911 -8.533586 
145.91999911 -8.533586 
145.95999911 -8.533586 
145.99999911 -8.707541 
146.03999911 -8.533586 
146.07999911 -8.533586 
146.11999911 -8.533586 
146.15999911 -8.533586 
146.19999911 -8.533586 
146.23999911 -8.533586 
146.27999911 -8.533586 
146.31999911 -8.533586 
146.35999911 -8.707541 
146.39999911 -8.533586 
146.43999911 -8.533586 
146.47999911 -8.707541 
146.51999911 -8.707541 
146.55999911 -8.533586 
146.59999911 -8.533586 
146.63999911 -8.533586 
146.67999911 -8.707541 
146.71999911 -8.533586 
146.75999911 -8.533586 
146.79999911 -8.533586 
146.83999911 -8.707541 
146.87999911 -8.533586 
146.91999911 -8.707541 
146.95999911 -8.707541 
146.99999911 -8.533586 
147.03999911 -8.707541 
147.07999911 -8.533586 
147.11999911 -8.707541 
147.15999911 -8.707541 
147.19999911 -8.707541 
147.23999911 -8.707541 
147.2799991 -8.707541 
147.3199991 -8.533586 
147.3599991 -8.707541 
147.3999991 -8.533586 
147.4399991 -8.533586 
147.4799991 -8.533586 
147.5199991 -8.707541 
147.5599991 -8.707541 
147.5999991 -8.533586 
147.6399991 -8.707541 
147.6799991 -8.707541 
147.7199991 -8.707541 
147.7599991 -8.707541 
147.7999991 -8.707541 
147.8399991 -8.707541 
147.8799991 -8.533586 
147.9199991 -8.707541 
147.9599991 -8.707541 
147.9999991 -8.707541 
148.0399991 -8.707541 
148.0799991 -8.707541 
148.1199991 -8.707541 
148.1599991 -8.707541 
148.1999991 -8.707541 
148.2399991 -8.707541 
148.2799991 -8.707541 
148.3199991 -8.707541 
148.3599991 -8.707541 
148.3999991 -8.707541 
148.4399991 -8.707541 
148.4799991 -8.707541 
148.5199991 -8.707541 
148.5599991 -8.707541 
148.5999991 -8.707541 
148.6399991 -8.707541 
148.6799991 -8.707541 
148.7199991 -8.707541 
148.7599991 -8.707541 
148.7999991 -8.707541 
148.8399991 -8.707541 
148.8799991 -8.707541 
148.91999909 -8.707541 
148.95999909 -8.707541 
148.99999909 -8.707541 
149.03999909 -8.707541 
149.07999909 -8.707541 
149.11999909 -8.707541 
149.15999909 -8.707541 
149.19999909 -8.707541 
149.23999909 -8.707541 
149.27999909 -8.707541 
149.31999909 -8.707541 
149.35999909 -8.707541 
149.39999909 -8.707541 
149.43999909 -8.707541 
149.47999909 -8.707541 
149.51999909 -8.707541 
149.55999909 -8.707541 
149.59999909 -8.707541 
149.63999909 -8.707541 
149.67999909 -8.707541 
149.71999909 -8.707541 
149.75999909 -8.707541 
149.79999909 -8.707541 
149.83999909 -8.707541 
149.87999909 -8.707541 
149.91999909 -8.707541 
149.95999909 -8.707541 
149.99999909 -8.707541 
150.03999909 -8.707541 
150.07999909 -8.707541 
150.11999909 -8.707541 
150.15999909 -8.707541 
150.19999909 -8.707541 
150.23999909 -8.707541 
150.27999909 -8.707541 
150.31999909 -8.707541 
150.35999909 -8.707541 
150.39999909 -8.707541 
150.43999909 -8.707541 
150.47999909 -8.707541 
150.51999909 -8.707541 
150.55999908 -8.707541 
150.59999908 -8.707541 
150.63999908 -8.707541 
150.67999908 -8.707541 
150.71999908 -8.707541 
150.75999908 -8.707541 
150.79999908 -8.707541 
150.83999908 -8.707541 
150.87999908 -8.707541 
150.91999908 -8.707541 
150.95999908 -8.707541 
150.99999908 -8.707541 
151.03999908 -8.707541 
151.07999908 -8.707541 
151.11999908 -8.707541 
151.15999908 -8.707541 
151.19999908 -8.707541 
151.23999908 -8.707541 
151.27999908 -8.707541 
151.31999908 -8.707541 
151.35999908 -8.707541 
151.39999908 -8.707541 
151.43999908 -8.707541 
151.47999908 -8.707541 
151.51999908 -8.707541 
151.55999908 -8.707541 
151.59999908 -8.707541 
151.63999908 -8.707541 
151.67999908 -8.707541 
151.71999908 -8.707541 
151.75999908 -8.707541 
151.79999908 -8.707541 
151.83999908 -8.707541 
151.87999908 -8.707541 
151.91999908 -8.707541 
151.95999908 -8.707541 
151.99999908 -8.707541 
152.03999908 -8.707541 
152.07999908 -8.707541 
152.11999908 -8.707541 
152.15999908 -8.707541 
152.19999908 -8.707541 
152.23999907 -8.707541 
152.27999907 -8.707541 
152.31999907 -8.707541 
152.35999907 -8.707541 
152.39999907 -8.707541 
152.43999907 -8.707541 
152.47999907 -8.707541 
152.51999907 -8.707541 
152.55999907 -8.707541 
152.59999907 -8.707541 
152.63999907 -8.707541 
152.67999907 -8.707541 
152.71999907 -8.707541 
152.75999907 -8.707541 
152.79999907 -8.707541 
152.83999907 -8.707541 
152.87999907 -8.707541 
152.91999907 -8.707541 
152.95999907 -8.707541 
152.99999907 -8.707541 
153.03999907 -8.707541 
153.07999907 -8.707541 
153.11999907 -8.707541 
153.15999907 -8.707541 
153.19999907 -8.707541 
153.23999907 -8.707541 
153.27999907 -8.707541 
153.31999907 -8.707541 
153.35999907 -8.707541 
153.39999907 -8.707541 
153.43999907 -8.707541 
153.47999907 -8.707541 
153.51999907 -8.881496 
153.55999907 -8.707541 
153.59999907 -8.881496 
153.63999907 -8.881496 
153.67999907 -8.707541 
153.71999907 -8.881496 
153.75999907 -8.707541 
153.79999907 -8.707541 
153.83999907 -8.707541 
153.87999906 -8.707541 
153.91999906 -8.707541 
153.95999906 -8.707541 
153.99999906 -8.707541 
154.03999906 -8.707541 
154.07999906 -8.881496 
154.15999906 -8.881496 
154.19999906 -8.707541 
154.23999906 -8.707541 
154.27999906 -8.707541 
154.31999906 -8.881496 
154.35999906 -8.707541 
154.39999906 -8.881496 
154.43999906 -8.881496 
154.47999906 -8.881496 
154.55999906 -8.707541 
154.59999906 -8.881496 
154.63999906 -8.707541 
154.67999906 -8.881496 
154.71999906 -8.881496 
154.75999906 -8.881496 
154.79999906 -8.707541 
154.83999906 -8.881496 
154.87999906 -8.881496 
154.91999906 -8.881496 
154.95999906 -8.707541 
154.99999906 -8.881496 
155.03999906 -8.707541 
155.15999906 -8.881496 
155.27999906 -8.881496 
155.35999906 -8.881496 
155.39999906 -8.881496 
155.43999906 -8.881496 
155.51999905 -8.881496 
155.59999905 -8.881496 
155.67999905 -8.881496 
155.71999905 -8.881496 
155.75999905 -8.881496 
155.79999905 -8.881496 
155.83999905 -8.707541 
155.87999905 -8.881496 
155.91999905 -8.881496 
155.95999905 -8.881496 
155.99999905 -8.881496 
156.03999905 -8.881496 
156.07999905 -8.881496 
156.11999905 -8.881496 
156.19999905 -8.881496 
156.23999905 -8.881496 
156.27999905 -8.881496 
156.35999905 -8.881496 
156.39999905 -8.881496 
156.43999905 -8.881496 
156.51999905 -8.881496 
156.55999905 -8.881496 
156.59999905 -8.881496 
156.63999905 -8.881496 
156.67999905 -8.881496 
156.99999905 -8.881496 
157.07999905 -8.881496 
157.11999905 -8.881496 
157.27999904 -8.881496 
157.35999904 -8.881496 
157.39999904 -8.881496 
157.43999904 -8.881496 
157.51999904 -8.881496 
157.63999904 -8.881496 
157.71999904 -8.881496 
157.83999904 -8.881496 
157.87999904 -8.881496 
157.95999904 -8.881496 
158.35999904 -8.881496 
180.2799989 -8.881496 
180.4799989 -8.881496 
180.5599989 -8.881496 
180.5999989 -8.881496 
180.6399989 -8.881496 
180.6799989 -8.881496 
180.7199989 -8.881496 
180.7599989 -8.707541 
180.7999989 -8.707541 
180.8399989 -8.707541 
180.8799989 -8.707541 
180.9199989 -8.881496 
180.9599989 -8.707541 
180.9999989 -8.707541 
181.0399989 -8.707541 
181.0799989 -8.881496 
181.1199989 -8.707541 
181.1599989 -8.881496 
181.1999989 -8.707541 
181.2399989 -8.707541 
181.2799989 -8.707541 
181.3199989 -8.707541 
181.3599989 -8.707541 
181.3999989 -8.707541 
181.4399989 -8.707541 
181.4799989 -8.707541 
181.5199989 -8.707541 
181.5599989 -8.707541 
181.5999989 -8.707541 
181.6399989 -8.707541 
181.6799989 -8.707541 
181.7199989 -8.707541 
181.7599989 -8.707541 
181.7999989 -8.707541 
181.83999889 -8.707541 
181.87999889 -8.707541 
181.91999889 -8.707541 
181.95999889 -8.533586 
181.99999889 -8.707541 
182.03999889 -8.707541 
182.07999889 -8.707541 
182.11999889 -8.707541 
182.15999889 -8.707541 
182.19999889 -8.533586 
182.23999889 -8.707541 
182.27999889 -8.707541 
182.31999889 -8.707541 
182.35999889 -8.533586 
182.39999889 -8.533586 
182.43999889 -8.533586 
182.47999889 -8.707541 
182.51999889 -8.533586 
182.55999889 -8.533586 
182.59999889 -8.533586 
182.63999889 -8.533586 
182.67999889 -8.533586 
182.71999889 -8.533586 
182.75999889 -8.533586 
182.79999889 -8.533586 
182.83999889 -8.533586 
182.87999889 -8.533586 
182.91999889 -8.533586 
182.95999889 -8.533586 
182.99999889 -8.533586 
183.03999889 -8.533586 
183.07999889 -8.533586 
183.11999889 -8.533586 
183.15999889 -8.533586 
183.19999889 -8.533586 
183.23999889 -8.359631 
183.27999889 -8.533586 
183.31999889 -8.359631 
183.35999889 -8.533586 
183.39999889 -8.359631 
183.43999889 -8.359631 
183.47999888 -8.533586 
183.51999888 -8.359631 
183.55999888 -8.359631 
183.59999888 -8.359631 
183.63999888 -8.359631 
183.67999888 -8.359631 
183.71999888 -8.359631 
183.75999888 -8.359631 
183.79999888 -8.359631 
183.83999888 -8.359631 
183.87999888 -8.359631 
183.91999888 -8.359631 
183.95999888 -8.359631 
183.99999888 -8.359631 
184.03999888 -8.359631 
184.07999888 -8.359631 
184.11999888 -8.359631 
184.15999888 -8.185064 
184.19999888 -8.185064 
184.23999888 -8.359631 
184.27999888 -8.359631 
184.31999888 -8.185064 
184.35999888 -8.185064 
184.39999888 -8.359631 
184.43999888 -8.185064 
184.47999888 -8.185064 
184.51999888 -8.185064 
184.55999888 -8.185064 
184.59999888 -8.185064 
184.63999888 -8.185064 
184.67999888 -8.185064 
184.71999888 -8.185064 
184.75999888 -8.185064 
184.79999888 -8.185064 
184.83999888 -8.185064 
184.87999888 -8.185064 
184.91999888 -8.185064 
184.95999888 -8.185064 
184.99999888 -8.185064 
185.03999888 -8.185064 
185.07999888 -8.185064 
185.11999887 -8.011108 
185.15999887 -8.185064 
185.19999887 -8.185064 
185.23999887 -8.185064 
185.27999887 -8.185064 
185.31999887 -8.185064 
185.35999887 -8.185064 
185.39999887 -8.011108 
185.43999887 -8.185064 
185.47999887 -8.011108 
185.51999887 -8.011108 
185.55999887 -8.011108 
185.59999887 -8.011108 
185.63999887 -8.011108 
185.67999887 -8.011108 
185.71999887 -8.011108 
185.75999887 -8.011108 
185.79999887 -8.011108 
185.83999887 -7.837153 
185.87999887 -7.837153 
185.91999887 -8.011108 
185.95999887 -7.837153 
185.99999887 -7.837153 
186.03999887 -7.837153 
186.07999887 -7.837153 
186.11999887 -7.837153 
186.15999887 -7.837153 
186.19999887 -7.837153 
186.23999887 -7.837153 
186.27999887 -7.837153 
186.31999887 -7.837153 
186.35999887 -7.837153 
186.39999887 -7.837153 
186.43999887 -7.837153 
186.47999887 -7.837153 
186.51999887 -7.837153 
186.55999887 -7.837153 
186.59999887 -7.837153 
186.63999887 -7.837153 
186.67999887 -7.837153 
186.71999887 -7.837153 
186.75999886 -7.663198 
186.79999886 -7.837153 
186.83999886 -7.837153 
186.87999886 -7.663198 
186.91999886 -7.837153 
186.95999886 -7.837153 
186.99999886 -7.837153 
187.03999886 -7.837153 
187.07999886 -7.663198 
187.11999886 -7.663198 
187.15999886 -7.663198 
187.19999886 -7.663198 
187.23999886 -7.663198 
187.27999886 -7.663198 
187.31999886 -7.663198 
187.35999886 -7.663198 
187.39999886 -7.663198 
187.43999886 -7.663198 
187.47999886 -7.663198 
187.51999886 -7.663198 
187.55999886 -7.663198 
187.59999886 -7.663198 
187.63999886 -7.663198 
187.67999886 -7.663198 
187.71999886 -7.663198 
187.75999886 -7.663198 
187.79999886 -7.663198 
187.83999886 -7.663198 
187.87999886 -7.663198 
187.91999886 -7.663198 
187.95999886 -7.663198 
187.99999886 -7.663198 
188.03999886 -7.663198 
188.07999886 -7.663198 
188.11999886 -7.488632 
188.15999886 -7.663198 
188.19999886 -7.663198 
188.23999886 -7.488632 
188.27999886 -7.663198 
188.31999886 -7.488632 
188.35999886 -7.488632 
188.39999886 -7.663198 
188.43999885 -7.488632 
188.47999885 -7.488632 
188.51999885 -7.488632 
188.55999885 -7.314676 
188.59999885 -7.488632 
188.63999885 -7.314676 
188.67999885 -7.314676 
188.71999885 -7.488632 
188.75999885 -7.314676 
188.79999885 -7.314676 
188.83999885 -7.314676 
188.87999885 -7.314676 
188.91999885 -7.314676 
188.95999885 -7.314676 
188.99999885 -7.314676 
189.03999885 -7.314676 
189.07999885 -7.314676 
189.11999885 -7.314676 
189.15999885 -7.314676 
189.19999885 -7.314676 
189.23999885 -7.314676 
189.27999885 -7.314676 
189.31999885 -7.314676 
189.35999885 -7.314676 
189.39999885 -7.314676 
189.43999885 -7.314676 
189.47999885 -7.314676 
189.51999885 -7.314676 
189.55999885 -7.314676 
189.59999885 -7.314676 
189.63999885 -7.314676 
189.67999885 -7.314676 
189.71999885 -7.314676 
189.75999885 -7.314676 
189.79999885 -7.314676 
189.83999885 -7.314676 
189.87999885 -7.140721 
189.91999885 -7.140721 
189.95999885 -7.314676 
189.99999885 -7.314676 
190.03999885 -7.140721 
190.07999884 -7.140721 
190.11999884 -7.140721 
190.15999884 -7.140721 
190.19999884 -7.140721 
190.23999884 -7.140721 
190.27999884 -7.140721 
190.31999884 -7.140721 
190.35999884 -7.140721 
190.39999884 -7.140721 
190.43999884 -7.140721 
190.47999884 -7.140721 
190.51999884 -7.140721 
190.55999884 -7.140721 
190.59999884 -7.140721 
190.63999884 -7.140721 
190.67999884 -7.140721 
190.71999884 -6.966765 
190.75999884 -7.140721 
190.79999884 -7.140721 
190.83999884 -7.140721 
190.87999884 -6.966765 
190.91999884 -7.140721 
190.95999884 -7.140721 
190.99999884 -6.966765 
191.03999884 -6.966765 
191.07999884 -6.966765 
191.11999884 -6.966765 
191.15999884 -6.966765 
191.19999884 -6.966765 
191.23999884 -6.966765 
191.27999884 -6.966765 
191.31999884 -6.966765 
191.35999884 -6.966765 
191.39999884 -6.966765 
191.43999884 -6.966765 
191.47999884 -6.966765 
191.51999884 -6.966765 
191.55999884 -6.966765 
191.59999884 -6.966765 
191.63999884 -6.966765 
191.67999884 -6.966765 
191.71999883 -6.966765 
191.75999883 -6.966765 
191.79999883 -6.7922 
191.83999883 -6.966765 
191.87999883 -6.966765 
191.91999883 -6.7922 
191.95999883 -6.7922 
191.99999883 -6.966765 
192.03999883 -6.7922 
192.07999883 -6.966765 
192.11999883 -6.7922 
192.15999883 -6.966765 
192.19999883 -6.7922 
192.23999883 -6.618244 
192.27999883 -6.7922 
192.31999883 -6.966765 
192.35999883 -6.618244 
192.39999883 -6.618244 
192.43999883 -6.7922 
192.47999883 -6.7922 
192.51999883 -6.7922 
192.55999883 -6.7922 
192.59999883 -6.7922 
192.63999883 -6.7922 
192.67999883 -6.618244 
192.71999883 -6.618244 
192.75999883 -6.618244 
192.79999883 -6.618244 
192.83999883 -6.618244 
192.87999883 -6.618244 
192.91999883 -6.618244 
192.95999883 -6.618244 
192.99999883 -6.618244 
193.03999883 -6.618244 
193.07999883 -6.618244 
193.11999883 -6.618244 
193.15999883 -6.618244 
193.19999883 -6.618244 
193.23999883 -6.618244 
193.27999883 -6.618244 
193.31999883 -6.618244 
193.35999882 -6.444288 
193.39999882 -6.618244 
193.43999882 -6.618244 
193.47999882 -6.444288 
193.51999882 -6.444288 
193.55999882 -6.444288 
193.59999882 -6.618244 
193.63999882 -6.444288 
193.67999882 -6.444288 
193.71999882 -6.444288 
193.75999882 -6.444288 
193.79999882 -6.444288 
193.83999882 -6.444288 
193.87999882 -6.444288 
193.91999882 -6.444288 
193.95999882 -6.444288 
193.99999882 -6.444288 
194.03999882 -6.444288 
194.07999882 -6.444288 
194.11999882 -6.444288 
194.15999882 -6.444288 
194.19999882 -6.444288 
194.23999882 -6.444288 
194.27999882 -6.444288 
194.31999882 -6.444288 
194.35999882 -6.270333 
194.39999882 -6.444288 
194.43999882 -6.444288 
194.47999882 -6.444288 
194.51999882 -6.444288 
194.55999882 -6.444288 
194.59999882 -6.444288 
194.63999882 -6.270333 
194.67999882 -6.270333 
194.71999882 -6.270333 
194.75999882 -6.270333 
194.79999882 -6.270333 
194.83999882 -6.270333 
194.87999882 -6.270333 
194.91999882 -6.270333 
194.95999882 -6.270333 
194.99999881 -6.270333 
195.03999881 -6.270333 
195.07999881 -6.270333 
195.11999881 -6.270333 
195.15999881 -6.270333 
195.19999881 -6.270333 
195.23999881 -6.270333 
195.27999881 -6.270333 
195.31999881 -6.270333 
195.35999881 -6.270333 
195.39999881 -6.270333 
195.43999881 -6.095767 
195.47999881 -6.270333 
195.51999881 -6.270333 
195.55999881 -6.270333 
195.59999881 -6.270333 
195.63999881 -6.270333 
195.67999881 -6.270333 
195.71999881 -6.270333 
195.75999881 -6.095767 
195.79999881 -6.095767 
195.83999881 -6.095767 
195.87999881 -6.095767 
195.91999881 -6.095767 
195.95999881 -6.095767 
195.99999881 -6.095767 
196.03999881 -6.095767 
196.07999881 -5.921812 
196.11999881 -6.095767 
196.15999881 -6.095767 
196.19999881 -6.095767 
196.23999881 -5.921812 
196.27999881 -5.921812 
196.31999881 -6.095767 
196.35999881 -5.921812 
196.39999881 -5.921812 
196.43999881 -5.921812 
196.47999881 -5.921812 
196.51999881 -5.921812 
196.55999881 -5.921812 
196.59999881 -5.921812 
196.6399988 -5.921812 
196.6799988 -5.921812 
196.7199988 -5.921812 
196.7599988 -5.921812 
196.7999988 -5.921812 
196.8399988 -5.921812 
196.8799988 -5.921812 
196.9199988 -5.921812 
196.9599988 -5.921812 
196.9999988 -5.921812 
197.0399988 -5.921812 
197.0799988 -5.921812 
197.1199988 -5.921812 
197.1599988 -5.921812 
197.1999988 -5.921812 
197.2399988 -5.747856 
197.2799988 -5.747856 
197.3199988 -5.921812 
197.3599988 -5.921812 
197.3999988 -5.921812 
197.4399988 -5.921812 
197.4799988 -5.921812 
197.5199988 -5.747856 
197.5599988 -5.747856 
197.5999988 -5.747856 
197.6399988 -5.747856 
197.6799988 -5.747856 
197.7199988 -5.747856 
197.7599988 -5.747856 
197.7999988 -5.747856 
197.8399988 -5.747856 
197.8799988 -5.747856 
197.9199988 -5.747856 
197.9599988 -5.747856 
197.9999988 -5.747856 
198.0399988 -5.747856 
198.0799988 -5.747856 
198.1199988 -5.747856 
198.1599988 -5.747856 
198.1999988 -5.747856 
198.2399988 -5.747856 
198.27999879 -5.747856 
198.31999879 -5.573901 
198.35999879 -5.747856 
198.39999879 -5.573901 
198.43999879 -5.747856 
198.47999879 -5.573901 
198.51999879 -5.573901 
198.55999879 -5.573901 
198.59999879 -5.573901 
198.63999879 -5.573901 
198.67999879 -5.573901 
198.71999879 -5.573901 
198.75999879 -5.573901 
198.79999879 -5.573901 
198.83999879 -5.573901 
198.87999879 -5.573901 
198.91999879 -5.573901 
198.95999879 -5.573901 
198.99999879 -5.573901 
199.03999879 -5.573901 
199.07999879 -5.573901 
199.11999879 -5.573901 
199.15999879 -5.573901 
199.19999879 -5.573901 
199.23999879 -5.573901 
199.27999879 -5.573901 
199.31999879 -5.573901 
199.35999879 -5.573901 
199.39999879 -5.573901 
199.43999879 -5.573901 
199.47999879 -5.573901 
199.51999879 -5.573901 
199.55999879 -5.573901 
199.59999879 -5.573901 
199.63999879 -5.399335 
199.67999879 -5.399335 
199.71999879 -5.399335 
199.75999879 -5.399335 
199.79999879 -5.399335 
199.83999879 -5.399335 
199.87999879 -5.399335 
199.91999878 -5.399335 
199.95999878 -5.399335 
199.99999878 -5.399335 
200.03999878 -5.399335 
200.07999878 -5.399335 
200.11999878 -5.399335 
0 0 
