0.0 -1.382488 
0.04 -1.825007 
0.08 -1.825007 
0.12 -1.825007 
0.16 -1.825007 
0.2 -1.825007 
0.24 -1.825007 
0.28 -1.825007 
0.32 -1.825007 
0.36 -1.825007 
0.4 -1.825007 
0.44 -1.825007 
0.48 -1.825007 
0.52 -1.825007 
0.56 -2.267525 
0.6 -1.825007 
0.64 -1.825007 
0.68 -1.825007 
0.72 -2.267525 
0.76 -2.267525 
0.8 -2.267525 
0.83999999 -2.267525 
0.87999999 -2.267525 
0.91999999 -2.267525 
0.95999999 -2.267525 
0.99999999 -2.708518 
1.03999999 -2.267525 
1.07999999 -2.267525 
1.11999999 -2.267525 
1.15999999 -2.708518 
1.19999999 -2.267525 
1.23999999 -2.267525 
1.27999999 -2.267525 
1.31999999 -2.267525 
1.35999999 -2.267525 
1.39999999 -2.267525 
1.43999999 -2.267525 
1.47999999 -2.708518 
1.51999999 -2.708518 
1.55999999 -2.267525 
1.59999999 -2.708518 
1.63999999 -2.708518 
1.67999999 -2.267525 
1.71999999 -2.267525 
1.75999999 -2.267525 
1.79999999 -2.267525 
1.83999999 -2.267525 
1.87999999 -2.267525 
1.91999999 -2.267525 
1.95999999 -2.267525 
1.99999999 -2.267525 
2.03999999 -2.267525 
2.07999999 -2.267525 
2.11999999 -2.267525 
2.15999999 -2.267525 
2.19999999 -2.267525 
2.23999999 -2.267525 
2.27999999 -2.267525 
2.31999999 -2.267525 
2.35999999 -2.267525 
2.39999999 -2.267525 
2.43999999 -2.267525 
2.47999998 -2.267525 
2.51999998 -1.825007 
2.55999998 -1.825007 
2.59999998 -1.825007 
2.63999998 -1.825007 
2.67999998 -0.941496 
2.71999998 -1.825007 
2.75999998 -1.825007 
2.79999998 -1.382488 
2.83999998 -1.825007 
2.87999998 -1.825007 
2.91999998 -1.825007 
2.95999998 -1.825007 
2.99999998 -1.825007 
3.03999998 -1.382488 
3.07999998 -1.382488 
3.11999998 -1.382488 
3.15999998 -1.382488 
3.19999998 -0.941496 
3.23999998 -0.941496 
3.27999998 -0.941496 
3.31999998 -0.941496 
3.35999998 -0.941496 
3.39999998 -0.941496 
3.43999998 -0.941496 
3.47999998 -0.941496 
3.51999998 -0.941496 
3.55999998 -0.941496 
3.59999998 -0.941496 
3.63999998 -0.941496 
3.67999998 -2.267525 
3.71999998 -0.941496 
3.79999998 -0.941496 
3.83999998 -1.825007 
3.87999998 -0.4989776 
3.91999998 -0.4989776 
3.95999998 -0.941496 
3.99999998 -0.4989776 
4.03999998 -0.4989776 
4.11999997 -0.4989776 
4.15999997 -2.267525 
4.19999997 -1.825007 
4.27999997 -0.4989776 
4.31999997 -0.941496 
4.35999997 -0.941496 
4.39999997 -0.941496 
4.43999997 -2.267525 
4.47999997 -1.382488 
4.51999997 -0.4989776 
4.55999997 -1.382488 
4.59999997 -2.267525 
4.63999997 -1.825007 
4.67999997 -0.941496 
4.71999997 -1.382488 
4.75999997 -1.825007 
4.79999997 -1.825007 
4.83999997 -1.825007 
4.87999997 -1.825007 
4.91999997 -1.825007 
4.95999997 -2.267525 
4.99999997 -2.267525 
5.03999997 -1.825007 
5.07999997 -2.267525 
5.11999997 -2.708518 
5.15999997 -2.267525 
5.19999997 -2.267525 
5.23999997 -2.267525 
5.27999997 -2.708518 
5.31999997 -2.708518 
5.35999997 -2.708518 
5.39999997 -2.708518 
5.43999997 -2.708518 
5.47999997 -2.708518 
5.51999997 -2.708518 
5.55999997 -2.708518 
5.59999997 -3.151036 
5.63999997 -2.708518 
5.67999997 -3.151036 
5.71999997 -2.708518 
5.75999996 -3.151036 
5.79999996 -3.151036 
5.83999996 -2.708518 
5.87999996 -3.593554 
5.91999996 -3.593554 
5.95999996 -3.151036 
5.99999996 -3.593554 
6.03999996 -3.593554 
6.07999996 -3.151036 
6.11999996 -3.151036 
6.15999996 -3.593554 
6.19999996 -3.593554 
6.23999996 -3.151036 
6.27999996 -3.151036 
6.31999996 -3.593554 
6.35999996 -3.151036 
6.39999996 -3.593554 
6.43999996 -3.151036 
6.47999996 -3.593554 
6.51999996 -3.593554 
6.55999996 -3.593554 
6.59999996 -3.151036 
6.63999996 -3.151036 
6.67999996 -3.151036 
6.71999996 -3.151036 
6.75999996 -3.151036 
6.79999996 -3.151036 
6.83999996 -3.151036 
6.87999996 -3.151036 
6.91999996 -2.708518 
6.95999996 -2.267525 
6.99999996 -2.708518 
7.03999996 -2.708518 
7.07999996 -2.267525 
7.11999996 -2.267525 
7.15999996 -2.267525 
7.19999996 -2.267525 
7.23999996 -2.267525 
7.27999996 -2.267525 
7.31999996 -1.825007 
7.35999996 -1.825007 
7.39999996 -1.825007 
7.43999995 -1.825007 
7.47999995 -1.825007 
7.51999995 -1.825007 
7.55999995 -1.825007 
7.59999995 -1.382488 
7.63999995 -0.941496 
7.67999995 -0.941496 
7.71999995 -0.941496 
7.75999995 -0.941496 
7.79999995 -0.941496 
7.83999995 -0.941496 
7.87999995 -0.941496 
7.91999995 -0.941496 
7.95999995 -0.941496 
7.99999995 -0.4989776 
8.03999995 -0.4989776 
8.07999995 -0.4989776 
8.11999995 -0.4989776 
8.15999995 -0.4989776 
8.35999995 -0.4989776 
8.39999995 -0.4989776 
8.43999995 -0.4989776 
9.63999994 -0.4989776 
9.67999994 -0.4989776 
9.75999994 -0.4989776 
9.79999994 -0.4989776 
9.83999994 -0.4989776 
9.87999994 -0.941496 
9.91999994 -0.4989776 
9.95999994 -0.4989776 
9.99999994 -0.941496 
10.03999994 -0.941496 
10.07999994 -0.941496 
10.11999994 -0.941496 
10.15999994 -0.941496 
10.19999994 -0.941496 
10.23999994 -1.382488 
10.27999994 -1.825007 
10.31999994 -1.825007 
10.35999994 -1.825007 
10.39999994 -1.825007 
10.43999994 -1.825007 
10.47999994 -1.825007 
10.51999994 -1.825007 
10.55999994 -1.825007 
10.59999994 -2.267525 
10.63999994 -1.825007 
10.67999994 -2.267525 
10.71999993 -2.267525 
10.75999993 -2.267525 
10.79999993 -2.267525 
10.83999993 -2.708518 
10.87999993 -2.708518 
10.91999993 -2.267525 
10.95999993 -2.708518 
10.99999993 -2.708518 
11.03999993 -3.151036 
11.07999993 -2.708518 
11.11999993 -2.708518 
11.15999993 -3.151036 
11.19999993 -3.151036 
11.23999993 -3.151036 
11.27999993 -3.151036 
11.31999993 -3.151036 
11.35999993 -3.593554 
11.39999993 -3.151036 
11.43999993 -3.593554 
11.47999993 -3.593554 
11.51999993 -3.593554 
11.55999993 -3.593554 
11.59999993 -3.593554 
11.63999993 -3.593554 
11.67999993 -3.593554 
11.71999993 -3.593554 
11.75999993 -4.034547 
11.79999993 -2.708518 
11.83999993 -2.708518 
11.87999993 -3.151036 
11.91999993 -3.593554 
11.95999993 -3.151036 
11.99999993 -3.593554 
12.03999993 -2.708518 
12.07999993 -2.708518 
12.11999993 -2.708518 
12.15999993 -2.708518 
12.19999993 -2.267525 
12.23999993 -2.708518 
12.27999993 -2.267525 
12.31999993 -2.267525 
12.35999992 -2.267525 
12.39999992 -1.825007 
12.43999992 -1.825007 
12.47999992 -1.825007 
12.51999992 -1.825007 
12.55999992 -1.382488 
12.59999992 -0.941496 
12.63999992 -1.382488 
12.67999992 -0.941496 
12.71999992 -0.941496 
12.75999992 -0.941496 
12.79999992 -0.941496 
12.83999992 -0.941496 
12.87999992 -0.941496 
12.91999992 -0.941496 
12.95999992 -0.941496 
12.99999992 -0.4989776 
13.03999992 -0.4989776 
13.15999992 -0.4989776 
14.99999991 -0.4989776 
15.03999991 -0.4989776 
15.07999991 -0.4989776 
15.11999991 -0.941496 
15.15999991 -0.4989776 
15.19999991 -0.941496 
15.23999991 -0.941496 
15.27999991 -0.941496 
15.31999991 -0.941496 
15.35999991 -0.941496 
15.39999991 -1.382488 
15.43999991 -0.941496 
15.47999991 -1.825007 
15.51999991 -1.382488 
15.55999991 -1.825007 
15.59999991 -2.267525 
15.6399999 -1.825007 
15.6799999 -1.825007 
15.7199999 -2.267525 
15.7599999 -2.267525 
15.7999999 -2.267525 
15.8399999 -2.708518 
15.8799999 -2.708518 
15.9199999 -2.708518 
15.9599999 -3.151036 
15.9999999 -3.593554 
16.0399999 -2.267525 
16.0799999 -3.151036 
16.1199999 -3.593554 
16.1599999 -3.151036 
16.1999999 -3.151036 
16.2399999 -3.593554 
16.2799999 -3.593554 
16.3199999 -3.593554 
16.3599999 -3.593554 
16.3999999 -3.593554 
16.4399999 -4.034547 
16.4799999 -4.034547 
16.5199999 -4.477065 
16.5599999 -4.477065 
16.5999999 -4.034547 
16.6399999 -4.477065 
16.6799999 -4.477065 
16.7199999 -4.477065 
16.7599999 -4.477065 
16.7999999 -4.477065 
16.8399999 -4.477065 
16.8799999 -4.477065 
16.9199999 -4.477065 
16.9599999 -4.477065 
16.9999999 -4.919584 
17.0399999 -4.919584 
17.0799999 -4.477065 
17.1199999 -4.477065 
17.1599999 -4.919584 
17.1999999 -4.919584 
17.2399999 -4.919584 
17.27999989 -4.477065 
17.31999989 -5.360576 
17.35999989 -4.477065 
17.39999989 -5.803094 
17.43999989 -4.919584 
17.47999989 -4.477065 
17.51999989 -4.477065 
17.55999989 -4.477065 
17.59999989 -4.477065 
17.63999989 -4.477065 
17.67999989 -4.477065 
17.71999989 -4.477065 
17.75999989 -4.477065 
17.79999989 -4.477065 
17.83999989 -4.034547 
17.87999989 -4.477065 
17.91999989 -4.034547 
17.95999989 -3.593554 
17.99999989 -4.034547 
18.03999989 -3.593554 
18.07999989 -3.593554 
18.11999989 -3.593554 
18.15999989 -3.593554 
18.19999989 -3.151036 
18.23999989 -2.708518 
18.27999989 -2.708518 
18.31999989 -2.708518 
18.35999989 -2.267525 
18.39999989 -2.267525 
18.43999989 -2.267525 
18.47999989 -2.267525 
18.51999989 -1.825007 
18.55999989 -1.382488 
18.59999989 -1.825007 
18.63999989 -0.941496 
18.67999989 -0.941496 
18.71999989 -0.941496 
18.75999989 -0.941496 
18.79999989 -0.4989776 
18.83999989 -0.4989776 
18.87999989 -0.4989776 
23.55999986 -0.4989776 
23.67999986 -0.4989776 
23.79999986 -0.4989776 
23.91999985 -0.4989776 
26.51999984 -0.4989776 
26.55999984 -0.4989776 
26.59999984 -0.4989776 
26.63999984 -0.4989776 
26.67999984 -0.4989776 
26.71999984 -0.941496 
26.75999984 -0.941496 
26.79999984 -0.941496 
26.83999984 -0.941496 
26.87999984 -0.941496 
26.91999984 -0.941496 
26.95999984 -0.941496 
26.99999984 -1.825007 
27.03999984 -1.825007 
27.07999984 -1.825007 
27.11999984 -1.825007 
27.15999983 -1.825007 
27.19999983 -1.825007 
27.23999983 -2.267525 
27.27999983 -2.267525 
27.31999983 -2.267525 
27.35999983 -2.267525 
27.39999983 -2.267525 
27.43999983 -3.151036 
27.47999983 -3.151036 
27.51999983 -2.708518 
27.55999983 -2.708518 
27.59999983 -2.708518 
27.63999983 -3.593554 
27.67999983 -3.593554 
27.71999983 -3.151036 
27.75999983 -2.708518 
27.79999983 -3.593554 
27.83999983 -3.593554 
27.87999983 -4.477065 
27.91999983 -3.593554 
27.95999983 -2.267525 
27.99999983 -4.034547 
28.03999983 -4.477065 
28.07999983 -3.593554 
28.11999983 -3.593554 
28.15999983 -4.034547 
28.19999983 -3.593554 
28.23999983 -3.593554 
28.27999983 -3.593554 
28.31999983 -3.593554 
28.35999983 -5.360576 
28.39999983 -4.919584 
28.43999983 -3.593554 
28.47999983 -3.151036 
28.51999983 -4.477065 
28.55999983 -4.034547 
28.59999983 -3.593554 
28.63999983 -4.477065 
28.67999983 -4.477065 
28.71999983 -3.593554 
28.75999983 -4.034547 
28.79999982 -4.034547 
28.83999982 -4.034547 
28.87999982 -3.593554 
28.91999982 -3.593554 
28.95999982 -3.593554 
28.99999982 -4.034547 
29.03999982 -3.593554 
29.07999982 -3.593554 
29.11999982 -3.593554 
29.15999982 -4.034547 
29.19999982 -3.593554 
29.23999982 -3.151036 
29.27999982 -3.593554 
29.31999982 -3.593554 
29.35999982 -3.151036 
29.39999982 -3.151036 
29.43999982 -3.151036 
29.47999982 -3.151036 
29.51999982 -3.151036 
29.55999982 -2.708518 
29.59999982 -2.708518 
29.63999982 -2.708518 
29.67999982 -2.708518 
29.71999982 -2.708518 
29.75999982 -2.708518 
29.79999982 -2.267525 
29.83999982 -2.267525 
29.87999982 -2.267525 
29.91999982 -2.267525 
29.95999982 -2.708518 
29.99999982 -1.825007 
30.03999982 -1.825007 
30.07999982 -1.825007 
30.11999982 -1.825007 
30.15999982 -1.825007 
30.19999982 -1.825007 
30.23999982 -1.825007 
30.27999982 -1.382488 
30.31999982 -1.825007 
30.35999982 -0.941496 
30.39999982 -1.382488 
30.43999982 -0.941496 
30.47999981 -0.941496 
30.51999981 -0.941496 
30.55999981 -0.941496 
30.59999981 -0.941496 
30.63999981 -0.941496 
30.67999981 -0.941496 
30.71999981 -0.941496 
30.75999981 -0.4989776 
30.79999981 -0.941496 
30.83999981 -0.4989776 
30.87999981 -0.4989776 
30.91999981 -0.4989776 
30.95999981 -0.4989776 
30.99999981 -0.4989776 
31.03999981 -0.4989776 
31.07999981 -0.4989776 
31.11999981 -0.4989776 
31.15999981 -0.4989776 
31.19999981 -0.4989776 
31.27999981 -0.4989776 
31.35999981 -0.4989776 
31.39999981 -0.4989776 
31.59999981 -0.4989776 
31.67999981 -0.4989776 
31.83999981 -0.4989776 
31.87999981 -0.4989776 
31.91999981 -0.4989776 
31.95999981 -0.4989776 
31.99999981 -0.4989776 
32.03999981 -0.4989776 
32.07999981 -0.4989776 
32.1199998 -0.4989776 
32.1599998 -0.4989776 
32.1999998 -0.4989776 
32.2399998 -0.941496 
32.2799998 -0.941496 
32.3199998 -0.941496 
32.3599998 -0.941496 
32.3999998 -0.941496 
32.4399998 -0.941496 
32.4799998 -0.941496 
32.5199998 -0.941496 
32.5599998 -1.382488 
32.5999998 -1.382488 
32.6399998 -1.382488 
32.6799998 -0.941496 
32.7199998 -1.382488 
32.7599998 -1.382488 
32.7999998 -0.941496 
32.8399998 -1.382488 
32.8799998 -1.825007 
32.9199998 -1.382488 
32.9599998 -1.825007 
32.9999998 -1.825007 
33.0399998 -1.825007 
33.0799998 -1.825007 
33.1199998 -1.825007 
33.1599998 -2.267525 
33.1999998 -1.382488 
33.2399998 -1.825007 
33.2799998 -1.825007 
33.3199998 -1.825007 
33.3599998 -1.825007 
33.3999998 -1.825007 
33.4399998 -2.267525 
33.4799998 -1.825007 
33.5199998 -2.267525 
33.5599998 -2.267525 
33.5999998 -2.267525 
33.6399998 -2.267525 
33.6799998 -2.267525 
33.7199998 -2.267525 
33.75999979 -2.267525 
33.79999979 -2.267525 
33.83999979 -2.267525 
33.87999979 -2.267525 
33.91999979 -2.267525 
33.95999979 -2.267525 
33.99999979 -2.267525 
34.03999979 -2.267525 
34.07999979 -2.267525 
34.11999979 -2.267525 
34.15999979 -2.267525 
34.19999979 -2.267525 
34.23999979 -2.267525 
34.27999979 -2.267525 
34.31999979 -2.708518 
34.35999979 -2.267525 
34.39999979 -2.267525 
34.43999979 -2.267525 
34.47999979 -2.267525 
34.51999979 -2.267525 
34.55999979 -2.267525 
34.59999979 -2.267525 
34.63999979 -2.267525 
34.67999979 -2.267525 
34.71999979 -2.267525 
34.75999979 -2.267525 
34.79999979 -2.267525 
34.83999979 -1.825007 
34.87999979 -1.825007 
34.91999979 -2.267525 
34.95999979 -2.267525 
34.99999979 -2.267525 
35.03999979 -2.267525 
35.07999979 -1.825007 
35.11999979 -1.825007 
35.15999979 -1.825007 
35.19999979 -1.825007 
35.23999979 -1.825007 
35.27999979 -1.825007 
35.31999979 -1.825007 
35.35999979 -1.825007 
35.39999978 -1.825007 
35.43999978 -1.825007 
35.47999978 -1.825007 
35.51999978 -0.941496 
35.55999978 -2.267525 
35.59999978 -1.825007 
35.63999978 -1.825007 
35.67999978 -1.382488 
35.71999978 -0.941496 
35.75999978 -0.941496 
35.79999978 -0.941496 
35.83999978 -0.941496 
35.87999978 -0.941496 
35.91999978 -0.941496 
35.95999978 -1.382488 
35.99999978 -0.941496 
36.03999978 -0.941496 
36.07999978 -0.941496 
36.11999978 -0.941496 
36.15999978 -0.941496 
36.19999978 -0.941496 
36.23999978 -0.941496 
36.27999978 -0.4989776 
36.31999978 -0.941496 
36.35999978 -0.941496 
36.39999978 -0.941496 
36.43999978 -0.4989776 
36.47999978 -0.941496 
36.51999978 -0.4989776 
36.55999978 -0.4989776 
36.59999978 -0.4989776 
36.63999978 -0.4989776 
36.67999978 -0.4989776 
36.71999978 -0.4989776 
36.75999978 -0.4989776 
36.79999978 -0.4989776 
36.83999978 -0.4989776 
36.87999978 -0.4989776 
36.91999978 -0.4989776 
36.95999978 -0.4989776 
36.99999978 -0.4989776 
37.03999977 -0.4989776 
37.07999977 -0.4989776 
37.11999977 -0.4989776 
37.15999977 -0.4989776 
37.19999977 -0.4989776 
37.23999977 -0.4989776 
37.27999977 -0.4989776 
37.31999977 -0.4989776 
37.35999977 -0.4989776 
37.39999977 -0.4989776 
37.43999977 -0.4989776 
37.47999977 -0.4989776 
37.51999977 -0.4989776 
37.55999977 -0.941496 
37.59999977 -0.4989776 
37.63999977 -0.941496 
37.67999977 -0.941496 
37.71999977 -0.4989776 
37.75999977 -0.4989776 
37.79999977 -0.941496 
37.83999977 -0.941496 
37.87999977 -0.941496 
37.91999977 -0.941496 
37.95999977 -0.941496 
37.99999977 -1.382488 
38.03999977 -0.941496 
38.07999977 -0.941496 
38.11999977 -1.382488 
38.15999977 -1.825007 
38.19999977 -1.825007 
38.23999977 -1.825007 
38.27999977 -1.825007 
38.31999977 -1.825007 
38.35999977 -2.267525 
38.39999977 -2.267525 
38.43999977 -1.825007 
38.47999977 -2.267525 
38.51999977 -2.267525 
38.55999977 -2.708518 
38.59999977 -2.267525 
38.63999977 -2.267525 
38.67999976 -2.708518 
38.71999976 -2.708518 
38.75999976 -2.708518 
38.79999976 -3.151036 
38.83999976 -3.151036 
38.87999976 -3.593554 
38.91999976 -2.708518 
38.95999976 -3.593554 
38.99999976 -3.151036 
39.03999976 -2.708518 
39.07999976 -3.593554 
39.11999976 -3.593554 
39.15999976 -3.593554 
39.19999976 -3.593554 
39.23999976 -3.593554 
39.27999976 -3.593554 
39.31999976 -3.593554 
39.35999976 -3.593554 
39.39999976 -3.593554 
39.43999976 -3.593554 
39.47999976 -4.034547 
39.51999976 -4.034547 
39.55999976 -3.593554 
39.59999976 -4.034547 
39.63999976 -4.034547 
39.67999976 -4.034547 
39.71999976 -4.034547 
39.75999976 -4.034547 
39.79999976 -4.034547 
39.83999976 -4.034547 
39.87999976 -4.034547 
39.91999976 -4.034547 
39.95999976 -4.034547 
39.99999976 -4.034547 
40.03999976 -4.034547 
40.07999976 -4.034547 
40.11999976 -3.593554 
40.15999976 -3.593554 
40.19999976 -3.593554 
40.23999976 -3.593554 
40.27999976 -3.593554 
40.31999975 -3.593554 
40.35999975 -3.593554 
40.39999975 -3.593554 
40.43999975 -3.593554 
40.47999975 -3.151036 
40.51999975 -3.151036 
40.55999975 -3.593554 
40.59999975 -3.151036 
40.63999975 -3.593554 
40.67999975 -2.708518 
40.71999975 -2.708518 
40.75999975 -3.151036 
40.79999975 -2.267525 
40.83999975 -2.708518 
40.87999975 -2.267525 
40.91999975 -2.267525 
40.95999975 -2.267525 
40.99999975 -2.708518 
41.03999975 -2.267525 
41.07999975 -2.267525 
41.11999975 -2.267525 
41.15999975 -2.267525 
41.19999975 -2.267525 
41.23999975 -2.267525 
41.27999975 -1.825007 
41.31999975 -1.825007 
41.35999975 -1.825007 
41.39999975 -1.825007 
41.43999975 -1.825007 
41.47999975 -1.825007 
41.51999975 -1.825007 
41.55999975 -1.825007 
41.59999975 -1.825007 
41.63999975 -1.382488 
41.67999975 -1.825007 
41.71999975 -1.382488 
41.75999975 -0.941496 
41.79999975 -0.941496 
41.83999975 -0.941496 
41.87999975 -0.941496 
41.91999975 -0.941496 
41.95999974 -0.941496 
41.99999974 -0.4989776 
42.03999974 -0.4989776 
42.07999974 -0.941496 
42.11999974 -0.941496 
42.15999974 -0.941496 
42.19999974 -0.4989776 
42.23999974 -0.941496 
42.27999974 -0.941496 
42.31999974 -0.4989776 
42.35999974 -0.4989776 
42.39999974 -0.4989776 
42.43999974 -0.4989776 
42.47999974 -0.4989776 
42.51999974 -0.4989776 
42.55999974 -0.4989776 
42.59999974 -0.4989776 
42.63999974 -0.4989776 
42.67999974 -0.4989776 
42.71999974 -0.4989776 
42.75999974 -0.4989776 
42.83999974 -0.4989776 
42.87999974 -0.4989776 
42.91999974 -0.4989776 
42.99999974 -0.4989776 
43.07999974 -0.4989776 
43.15999974 -0.4989776 
43.27999974 -0.4989776 
43.31999974 -0.4989776 
43.35999974 -0.4989776 
43.39999974 -0.4989776 
43.43999974 -0.4989776 
43.47999974 -0.4989776 
43.51999974 -0.4989776 
43.55999974 -0.941496 
43.59999974 -0.941496 
43.63999973 -0.941496 
43.67999973 -0.4989776 
43.71999973 -0.4989776 
43.75999973 -0.4989776 
43.79999973 -0.4989776 
43.83999973 -0.4989776 
43.87999973 -0.4989776 
43.91999973 -0.941496 
43.95999973 -0.4989776 
43.99999973 -0.4989776 
44.03999973 -0.4989776 
44.07999973 -0.4989776 
44.11999973 -0.941496 
44.15999973 -0.4989776 
44.19999973 -0.4989776 
44.23999973 -0.4989776 
44.27999973 -0.4989776 
44.31999973 -0.4989776 
44.35999973 -0.4989776 
44.39999973 -0.4989776 
44.43999973 -0.4989776 
44.47999973 -0.4989776 
44.51999973 -0.4989776 
44.55999973 -0.4989776 
44.83999973 -0.4989776 
49.4799997 -0.4989776 
49.5199997 -0.4989776 
49.5599997 -0.4989776 
49.5999997 -0.4989776 
49.6399997 -0.4989776 
49.6799997 -0.4989776 
49.7199997 -0.941496 
49.7599997 -0.4989776 
49.7999997 -0.941496 
49.8399997 -0.941496 
49.8799997 -0.941496 
49.9199997 -0.941496 
49.9599997 -0.941496 
49.9999997 -0.941496 
50.0399997 -0.941496 
50.0799997 -0.941496 
50.1199997 -0.941496 
50.1599997 -0.941496 
50.19999969 -1.382488 
50.23999969 -1.825007 
50.27999969 -0.941496 
50.31999969 -1.825007 
50.35999969 -1.825007 
50.39999969 -1.825007 
50.43999969 -1.825007 
50.47999969 -1.825007 
50.51999969 -1.825007 
50.55999969 -1.825007 
50.59999969 -1.825007 
50.63999969 -1.825007 
50.67999969 -1.825007 
50.71999969 -1.825007 
50.75999969 -1.825007 
50.79999969 -1.825007 
50.83999969 -2.267525 
50.87999969 -1.825007 
50.91999969 -2.267525 
50.95999969 -1.825007 
50.99999969 -1.825007 
51.03999969 -1.825007 
51.07999969 -2.267525 
51.11999969 -1.825007 
51.15999969 -1.825007 
51.19999969 -1.382488 
51.23999969 -1.825007 
51.27999969 -1.825007 
51.31999969 -1.825007 
51.35999969 -1.825007 
51.39999969 -1.825007 
51.43999969 -1.825007 
51.47999969 -1.825007 
51.51999969 -1.825007 
51.55999969 -1.825007 
51.59999969 -1.825007 
51.63999969 -1.382488 
51.67999969 -0.941496 
51.71999969 -1.382488 
51.75999969 -0.941496 
51.79999969 -1.382488 
51.83999968 -1.382488 
51.87999968 -0.941496 
51.91999968 -0.941496 
51.95999968 -0.941496 
51.99999968 -0.941496 
52.03999968 -0.941496 
52.07999968 -0.941496 
52.11999968 -0.941496 
52.15999968 -0.941496 
52.19999968 -1.825007 
52.23999968 -0.4989776 
52.31999968 -0.941496 
52.35999968 -1.825007 
52.47999968 -0.4989776 
52.67999968 -0.941496 
52.71999968 -0.941496 
52.83999968 -0.4989776 
52.95999968 -0.4989776 
54.51999967 -0.4989776 
54.55999967 -0.4989776 
54.59999967 -0.4989776 
54.63999967 -0.4989776 
54.71999967 -0.4989776 
54.75999967 -0.4989776 
54.79999967 -0.941496 
54.83999967 -0.941496 
54.87999967 -0.941496 
54.91999967 -1.382488 
54.95999967 -0.941496 
54.99999967 -0.941496 
55.03999967 -0.941496 
55.07999967 -0.941496 
55.11999967 -1.382488 
55.15999966 -0.941496 
55.19999966 -1.382488 
55.23999966 -1.382488 
55.27999966 -0.941496 
55.31999966 -1.825007 
55.35999966 -1.825007 
55.39999966 -1.382488 
55.43999966 -1.825007 
55.47999966 -1.825007 
55.51999966 -1.825007 
55.55999966 -1.825007 
55.59999966 -1.825007 
55.63999966 -1.825007 
55.67999966 -1.825007 
55.71999966 -1.825007 
55.75999966 -1.825007 
55.79999966 -2.267525 
55.83999966 -1.825007 
55.87999966 -2.267525 
55.91999966 -2.267525 
55.95999966 -2.267525 
55.99999966 -2.267525 
56.03999966 -2.267525 
56.07999966 -2.267525 
56.11999966 -1.825007 
56.15999966 -2.267525 
56.19999966 -2.267525 
56.23999966 -2.267525 
56.27999966 -1.825007 
56.31999966 -2.267525 
56.35999966 -1.825007 
56.39999966 -2.267525 
56.43999966 -2.267525 
56.47999966 -2.267525 
56.51999966 -2.267525 
56.55999966 -1.825007 
56.59999966 -1.825007 
56.63999966 -1.825007 
56.67999966 -1.825007 
56.71999966 -1.382488 
56.75999966 -1.382488 
56.79999965 -0.941496 
56.83999965 -0.941496 
56.87999965 -1.382488 
56.91999965 -0.941496 
56.95999965 -0.941496 
56.99999965 -0.941496 
57.03999965 -0.941496 
57.07999965 -0.941496 
57.11999965 -0.941496 
57.15999965 -0.4989776 
57.19999965 -0.4989776 
57.23999965 -0.4989776 
57.27999965 -0.4989776 
57.35999965 -0.4989776 
60.03999964 -0.4989776 
60.11999963 -0.4989776 
60.15999963 -0.4989776 
60.19999963 -0.4989776 
60.23999963 -0.4989776 
60.27999963 -0.4989776 
60.31999963 -0.4989776 
60.35999963 -0.941496 
60.39999963 -0.941496 
60.43999963 -0.941496 
60.47999963 -0.941496 
60.51999963 -0.941496 
60.55999963 -0.941496 
60.59999963 -1.382488 
60.63999963 -1.382488 
60.67999963 -1.825007 
60.71999963 -1.825007 
60.75999963 -1.825007 
60.79999963 -1.825007 
60.83999963 -1.825007 
60.87999963 -1.825007 
60.91999963 -1.825007 
60.95999963 -1.825007 
60.99999963 -1.825007 
61.03999963 -1.825007 
61.07999963 -1.825007 
61.11999963 -2.267525 
61.15999963 -2.267525 
61.19999963 -2.267525 
61.23999963 -2.267525 
61.27999963 -2.267525 
61.31999963 -2.267525 
61.35999963 -2.267525 
61.39999963 -2.267525 
61.43999963 -2.267525 
61.47999963 -2.267525 
61.51999963 -2.267525 
61.55999963 -2.267525 
61.59999963 -2.267525 
61.63999963 -2.267525 
61.67999963 -2.267525 
61.71999962 -2.267525 
61.75999962 -2.267525 
61.79999962 -2.267525 
61.83999962 -2.708518 
61.87999962 -2.708518 
61.91999962 -1.825007 
61.95999962 -2.267525 
61.99999962 -1.825007 
62.03999962 -1.825007 
62.07999962 -1.825007 
62.11999962 -1.825007 
62.15999962 -1.825007 
62.19999962 -1.825007 
62.23999962 -1.825007 
62.27999962 -1.825007 
62.31999962 -2.267525 
62.35999962 -2.267525 
62.39999962 -1.825007 
62.43999962 -1.382488 
62.47999962 -0.941496 
62.51999962 -1.825007 
62.55999962 -1.825007 
62.59999962 -1.382488 
62.63999962 -1.825007 
62.67999962 -1.825007 
62.71999962 -1.382488 
62.75999962 -1.382488 
62.79999962 -1.825007 
62.83999962 -0.941496 
62.87999962 -1.825007 
62.91999962 -1.382488 
62.95999962 -1.382488 
62.99999962 -1.825007 
63.03999962 -1.825007 
63.07999962 -1.382488 
63.11999962 -1.382488 
63.15999962 -1.825007 
63.19999962 -1.825007 
63.23999962 -1.825007 
63.27999962 -0.941496 
63.31999962 -1.382488 
63.35999961 -1.382488 
63.39999961 -1.382488 
63.43999961 -1.382488 
63.47999961 -1.825007 
63.51999961 -1.825007 
63.55999961 -1.825007 
63.59999961 -1.825007 
63.63999961 -1.825007 
63.67999961 -1.825007 
63.71999961 -1.825007 
63.75999961 -1.825007 
63.79999961 -2.267525 
63.83999961 -1.825007 
63.87999961 -2.267525 
63.91999961 -1.825007 
63.95999961 -1.825007 
63.99999961 -2.267525 
64.03999961 -2.267525 
64.07999961 -2.267525 
64.11999961 -2.267525 
64.15999961 -2.267525 
64.19999961 -2.267525 
64.23999961 -2.267525 
64.27999961 -2.708518 
64.31999961 -2.708518 
64.35999961 -2.267525 
64.39999961 -2.708518 
64.43999961 -2.708518 
64.47999961 -2.708518 
64.51999961 -2.708518 
64.55999961 -2.708518 
64.59999961 -2.708518 
64.63999961 -3.151036 
64.67999961 -3.151036 
64.71999961 -3.151036 
64.75999961 -3.151036 
64.79999961 -3.151036 
64.83999961 -3.151036 
64.87999961 -3.593554 
64.91999961 -3.593554 
64.95999961 -3.593554 
64.9999996 -3.593554 
65.0399996 -3.593554 
65.0799996 -3.593554 
65.1199996 -3.593554 
65.1599996 -4.034547 
65.1999996 -4.034547 
65.2399996 -4.034547 
65.2799996 -4.034547 
65.3199996 -4.034547 
65.3599996 -4.034547 
65.3999996 -4.034547 
65.4399996 -4.477065 
65.4799996 -4.034547 
65.5199996 -4.477065 
65.5599996 -4.477065 
65.5999996 -4.477065 
65.6399996 -4.477065 
65.6799996 -4.477065 
65.7199996 -4.477065 
65.7599996 -4.477065 
65.7999996 -4.477065 
65.8399996 -4.477065 
65.8799996 -4.477065 
65.9199996 -4.477065 
65.9599996 -4.477065 
65.9999996 -4.477065 
66.0399996 -4.477065 
66.0799996 -4.477065 
66.1199996 -4.919584 
66.1599996 -4.477065 
66.1999996 -4.477065 
66.2399996 -4.919584 
66.2799996 -4.919584 
66.3199996 -4.477065 
66.3599996 -4.477065 
66.3999996 -4.919584 
66.4399996 -4.477065 
66.4799996 -4.919584 
66.5199996 -5.360576 
66.5599996 -4.477065 
66.5999996 -4.477065 
66.63999959 -4.477065 
66.67999959 -4.477065 
66.71999959 -4.477065 
66.75999959 -4.477065 
66.79999959 -4.477065 
66.83999959 -4.477065 
66.87999959 -4.477065 
66.91999959 -4.477065 
66.95999959 -4.477065 
66.99999959 -4.477065 
67.03999959 -4.477065 
67.07999959 -4.034547 
67.11999959 -4.034547 
67.15999959 -4.477065 
67.19999959 -4.034547 
67.23999959 -4.034547 
67.27999959 -3.593554 
67.31999959 -3.593554 
67.35999959 -3.593554 
67.39999959 -3.593554 
67.43999959 -3.593554 
67.47999959 -3.593554 
67.51999959 -3.593554 
67.55999959 -3.151036 
67.59999959 -3.151036 
67.63999959 -3.151036 
67.67999959 -3.151036 
67.71999959 -2.708518 
67.75999959 -2.708518 
67.79999959 -2.708518 
67.83999959 -2.267525 
67.87999959 -2.267525 
67.91999959 -2.267525 
67.95999959 -2.267525 
67.99999959 -2.267525 
68.03999959 -2.267525 
68.07999959 -2.267525 
68.11999959 -1.825007 
68.15999959 -1.825007 
68.19999959 -2.267525 
68.23999959 -0.941496 
68.27999959 -1.825007 
68.31999958 -1.825007 
68.35999958 -0.941496 
68.39999958 -0.941496 
68.43999958 -0.941496 
68.47999958 -0.941496 
68.51999958 -0.941496 
68.55999958 -0.941496 
68.59999958 -0.4989776 
68.63999958 -0.4989776 
68.67999958 -0.4989776 
72.19999956 -0.4989776 
72.27999956 -0.4989776 
72.35999956 -0.4989776 
72.39999956 -1.382488 
72.43999956 -0.941496 
72.51999956 -0.941496 
72.55999956 -0.941496 
72.59999956 -0.941496 
72.63999956 -0.941496 
72.67999956 -0.941496 
72.71999956 -0.4989776 
72.75999956 -0.941496 
72.79999956 -1.382488 
72.83999956 -0.941496 
72.87999956 -0.941496 
72.91999956 -0.941496 
72.95999956 -0.941496 
72.99999956 -0.941496 
73.03999956 -0.941496 
73.07999956 -0.4989776 
73.11999956 -0.941496 
73.15999956 -0.941496 
73.19999956 -0.941496 
73.23999955 -0.4989776 
73.27999955 -0.4989776 
73.31999955 -0.4989776 
73.35999955 -0.4989776 
73.43999955 -0.4989776 
73.47999955 -0.4989776 
73.51999955 -0.4989776 
76.39999954 -0.4989776 
76.43999954 -0.4989776 
76.47999954 -0.4989776 
76.51999953 -0.941496 
76.55999953 -0.4989776 
76.59999953 -0.941496 
76.63999953 -0.941496 
76.67999953 -0.941496 
76.71999953 -0.941496 
76.75999953 -2.267525 
76.79999953 -1.825007 
76.83999953 -0.4989776 
76.87999953 -1.825007 
76.91999953 -2.267525 
76.95999953 -1.382488 
76.99999953 -1.825007 
77.03999953 -2.267525 
77.07999953 -1.825007 
77.11999953 -0.941496 
77.15999953 -0.941496 
77.19999953 -1.825007 
77.23999953 -3.593554 
77.27999953 -2.708518 
77.31999953 -0.941496 
77.35999953 -1.825007 
77.39999953 -2.708518 
77.43999953 -1.825007 
77.47999953 -1.825007 
77.51999953 -2.708518 
77.55999953 -2.708518 
77.59999953 -0.941496 
77.63999953 -2.267525 
77.67999953 -3.151036 
77.71999953 -2.267525 
77.75999953 -1.825007 
77.79999953 -1.825007 
77.83999953 -2.267525 
77.87999953 -2.267525 
77.91999953 -2.267525 
77.95999953 -1.825007 
77.99999953 -2.267525 
78.03999953 -2.267525 
78.07999953 -1.825007 
78.11999953 -1.825007 
78.15999952 -2.267525 
78.19999952 -2.267525 
78.23999952 -1.825007 
78.27999952 -1.825007 
78.31999952 -1.825007 
78.35999952 -1.825007 
78.39999952 -1.825007 
78.43999952 -1.382488 
78.47999952 -0.941496 
78.51999952 -1.825007 
78.55999952 -1.382488 
78.59999952 -0.941496 
78.63999952 -0.941496 
78.67999952 -0.941496 
78.71999952 -0.941496 
78.75999952 -0.941496 
78.79999952 -0.941496 
78.83999952 -0.941496 
78.87999952 -0.941496 
78.91999952 -0.4989776 
78.95999952 -0.4989776 
78.99999952 -0.4989776 
79.03999952 -0.4989776 
79.11999952 -0.4989776 
82.5599995 -0.4989776 
82.5999995 -0.4989776 
82.6399995 -0.4989776 
82.7199995 -0.4989776 
82.7599995 -0.941496 
82.7999995 -0.941496 
82.8399995 -0.941496 
82.8799995 -0.4989776 
82.9199995 -0.941496 
82.9599995 -0.941496 
82.9999995 -0.941496 
83.0399995 -0.941496 
83.0799995 -0.941496 
83.11999949 -0.941496 
83.15999949 -0.941496 
83.19999949 -0.941496 
83.23999949 -0.941496 
83.27999949 -0.941496 
83.31999949 -0.941496 
83.35999949 -0.941496 
83.39999949 -0.941496 
83.43999949 -0.941496 
83.47999949 -0.941496 
83.51999949 -0.941496 
83.55999949 -0.941496 
83.59999949 -0.941496 
83.63999949 -0.941496 
83.67999949 -1.382488 
83.71999949 -0.941496 
83.75999949 -0.941496 
83.79999949 -0.941496 
83.83999949 -0.941496 
83.87999949 -0.941496 
83.91999949 -0.941496 
83.95999949 -0.941496 
83.99999949 -0.941496 
84.03999949 -0.941496 
84.07999949 -0.941496 
84.11999949 -0.941496 
84.15999949 -0.941496 
84.19999949 -0.941496 
84.23999949 -0.941496 
84.27999949 -0.941496 
84.31999949 -0.941496 
84.35999949 -0.941496 
84.39999949 -0.941496 
84.43999949 -0.941496 
84.47999949 -0.941496 
84.51999949 -0.941496 
84.55999949 -0.941496 
84.59999949 -0.4989776 
84.63999949 -0.941496 
84.67999949 -0.4989776 
84.71999949 -0.4989776 
84.75999948 -0.4989776 
84.79999948 -0.4989776 
84.83999948 -0.4989776 
84.87999948 -0.941496 
84.91999948 -0.4989776 
84.95999948 -0.4989776 
87.15999947 -0.4989776 
87.19999947 -0.4989776 
87.23999947 -0.4989776 
87.27999947 -0.941496 
87.31999947 -0.941496 
87.35999947 -0.941496 
87.39999947 -1.382488 
87.43999947 -1.382488 
87.47999947 -1.825007 
87.51999947 -1.825007 
87.55999947 -1.825007 
87.59999947 -1.825007 
87.63999947 -2.267525 
87.67999947 -2.267525 
87.71999947 -2.267525 
87.75999947 -2.708518 
87.79999947 -2.708518 
87.83999947 -2.708518 
87.87999947 -3.151036 
87.91999947 -3.151036 
87.95999947 -3.593554 
87.99999947 -3.593554 
88.03999946 -3.593554 
88.07999946 -3.593554 
88.11999946 -3.593554 
88.15999946 -4.477065 
88.19999946 -4.477065 
88.23999946 -4.034547 
88.27999946 -4.477065 
88.31999946 -4.477065 
88.35999946 -4.477065 
88.39999946 -4.477065 
88.43999946 -4.477065 
88.47999946 -4.477065 
88.51999946 -4.477065 
88.55999946 -4.919584 
88.59999946 -5.360576 
88.63999946 -5.360576 
88.67999946 -5.360576 
88.71999946 -5.360576 
88.75999946 -4.919584 
88.79999946 -5.360576 
88.83999946 -5.360576 
88.87999946 -5.360576 
88.91999946 -5.803094 
88.95999946 -5.803094 
88.99999946 -5.803094 
89.03999946 -5.803094 
89.07999946 -5.803094 
89.11999946 -6.244087 
89.15999946 -5.803094 
89.19999946 -5.803094 
89.23999946 -5.803094 
89.27999946 -6.244087 
89.31999946 -5.803094 
89.35999946 -5.803094 
89.39999946 -5.803094 
89.43999946 -5.803094 
89.47999946 -5.803094 
89.51999946 -5.803094 
89.55999946 -5.803094 
89.59999946 -5.803094 
89.63999946 -5.803094 
89.67999945 -5.803094 
89.71999945 -5.803094 
89.75999945 -5.803094 
89.79999945 -5.360576 
89.83999945 -5.360576 
89.87999945 -5.360576 
89.91999945 -5.360576 
89.95999945 -5.360576 
89.99999945 -5.360576 
90.03999945 -5.360576 
90.07999945 -5.360576 
90.11999945 -5.360576 
90.15999945 -4.919584 
90.19999945 -4.477065 
90.23999945 -4.919584 
90.27999945 -4.477065 
90.31999945 -4.477065 
90.35999945 -4.477065 
90.39999945 -4.477065 
90.43999945 -4.477065 
90.47999945 -4.477065 
90.51999945 -4.034547 
90.55999945 -4.477065 
90.59999945 -4.034547 
90.63999945 -4.477065 
90.67999945 -4.034547 
90.71999945 -3.593554 
90.75999945 -4.034547 
90.79999945 -4.034547 
90.83999945 -3.593554 
90.87999945 -3.593554 
90.91999945 -3.593554 
90.95999945 -3.593554 
90.99999945 -3.151036 
91.03999945 -3.593554 
91.07999945 -3.593554 
91.11999945 -3.151036 
91.15999945 -2.708518 
91.19999945 -2.708518 
91.23999945 -2.708518 
91.27999945 -3.151036 
91.31999945 -2.708518 
91.35999944 -2.708518 
91.39999944 -2.267525 
91.43999944 -2.708518 
91.47999944 -2.708518 
91.51999944 -2.708518 
91.55999944 -2.708518 
91.59999944 -2.267525 
91.63999944 -2.267525 
91.67999944 -2.267525 
91.71999944 -2.267525 
91.75999944 -2.267525 
91.79999944 -2.267525 
91.83999944 -2.267525 
91.87999944 -2.267525 
91.91999944 -2.267525 
91.95999944 -2.267525 
91.99999944 -2.267525 
92.03999944 -2.267525 
92.07999944 -2.267525 
92.11999944 -2.267525 
92.15999944 -2.267525 
92.19999944 -2.267525 
92.23999944 -1.825007 
92.27999944 -2.267525 
92.31999944 -2.267525 
92.35999944 -2.267525 
92.39999944 -2.267525 
92.43999944 -2.267525 
92.47999944 -2.267525 
92.51999944 -2.267525 
92.55999944 -2.267525 
92.59999944 -2.267525 
92.63999944 -2.267525 
92.67999944 -2.267525 
92.71999944 -2.267525 
92.75999944 -2.267525 
92.79999944 -2.708518 
92.83999944 -2.708518 
92.87999944 -2.708518 
92.91999944 -2.708518 
92.95999944 -2.708518 
92.99999943 -2.267525 
93.03999943 -2.708518 
93.07999943 -2.708518 
93.11999943 -2.708518 
93.15999943 -2.708518 
93.19999943 -2.708518 
93.23999943 -2.708518 
93.27999943 -2.708518 
93.31999943 -2.708518 
93.35999943 -2.708518 
93.39999943 -2.708518 
93.43999943 -2.708518 
93.47999943 -2.267525 
93.51999943 -2.267525 
93.55999943 -2.708518 
93.59999943 -2.708518 
93.63999943 -2.267525 
93.67999943 -2.267525 
93.71999943 -2.708518 
93.75999943 -2.267525 
93.79999943 -2.267525 
93.83999943 -2.267525 
93.87999943 -2.267525 
93.91999943 -2.267525 
93.95999943 -2.267525 
93.99999943 -2.267525 
94.03999943 -1.825007 
94.07999943 -1.825007 
94.11999943 -1.825007 
94.15999943 -1.825007 
94.19999943 -1.825007 
94.23999943 -1.825007 
94.27999943 -1.825007 
94.31999943 -2.267525 
94.35999943 -1.825007 
94.39999943 -0.941496 
94.43999943 -0.941496 
94.47999943 -1.382488 
94.51999943 -0.941496 
94.55999943 -0.941496 
94.59999943 -0.941496 
94.63999942 -0.941496 
94.67999942 -0.941496 
94.71999942 -0.4989776 
94.75999942 -0.4989776 
94.79999942 -0.4989776 
98.7599994 -0.4989776 
98.7999994 -0.4989776 
98.8399994 -0.4989776 
98.8799994 -0.941496 
98.9199994 -0.941496 
98.9599994 -0.941496 
98.9999994 -0.941496 
99.0399994 -0.941496 
99.0799994 -1.382488 
99.1199994 -1.382488 
99.1599994 -0.941496 
99.1999994 -0.941496 
99.2399994 -1.825007 
99.2799994 -1.825007 
99.3199994 -1.825007 
99.3599994 -1.825007 
99.3999994 -1.825007 
99.4399994 -2.267525 
99.4799994 -2.267525 
99.5199994 -2.267525 
99.55999939 -2.267525 
99.59999939 -2.267525 
99.63999939 -2.267525 
99.67999939 -2.708518 
99.71999939 -2.267525 
99.75999939 -2.708518 
99.79999939 -2.708518 
99.83999939 -2.708518 
99.87999939 -2.708518 
99.91999939 -3.151036 
99.95999939 -3.151036 
99.99999939 -2.708518 
100.03999939 -3.151036 
100.07999939 -3.151036 
100.11999939 -3.593554 
100.15999939 -3.593554 
100.19999939 -3.593554 
100.23999939 -2.708518 
100.27999939 -3.151036 
100.31999939 -3.593554 
100.35999939 -2.708518 
100.39999939 -3.593554 
100.43999939 -3.593554 
100.47999939 -3.151036 
100.51999939 -3.151036 
100.55999939 -3.151036 
100.59999939 -2.708518 
100.63999939 -3.151036 
100.67999939 -3.151036 
100.71999939 -3.151036 
100.75999939 -2.708518 
100.79999939 -2.708518 
100.83999939 -2.267525 
100.87999939 -2.267525 
100.91999939 -2.267525 
100.95999939 -2.267525 
100.99999939 -2.267525 
101.03999939 -2.708518 
101.07999939 -2.267525 
101.11999939 -1.825007 
101.15999939 -2.267525 
101.19999938 -1.825007 
101.23999938 -1.382488 
101.27999938 -1.825007 
101.31999938 -1.382488 
101.35999938 -1.382488 
101.39999938 -0.941496 
101.43999938 -1.382488 
101.47999938 -0.941496 
101.51999938 -0.941496 
101.55999938 -0.941496 
101.59999938 -0.4989776 
101.63999938 -0.4989776 
101.71999938 -0.4989776 
101.75999938 -0.4989776 
101.79999938 -1.382488 
102.27999938 -0.4989776 
104.27999937 -0.4989776 
104.39999937 -0.4989776 
104.51999936 -0.4989776 
104.55999936 -0.4989776 
104.59999936 -0.941496 
104.63999936 -0.941496 
104.67999936 -0.941496 
104.71999936 -0.941496 
104.75999936 -0.941496 
104.79999936 -0.941496 
104.83999936 -0.941496 
104.87999936 -0.941496 
104.91999936 -1.382488 
104.95999936 -0.941496 
104.99999936 -0.941496 
105.03999936 -0.941496 
105.07999936 -1.382488 
105.11999936 -1.382488 
105.15999936 -1.382488 
105.19999936 -1.382488 
105.23999936 -1.825007 
105.27999936 -1.825007 
105.31999936 -1.825007 
105.35999936 -1.825007 
105.39999936 -2.267525 
105.43999936 -1.825007 
105.47999936 -0.941496 
105.51999936 -1.382488 
105.55999936 -1.825007 
105.59999936 -1.825007 
105.63999936 -1.825007 
105.67999936 -1.825007 
105.71999936 -1.825007 
105.75999936 -1.825007 
105.79999936 -1.825007 
105.83999936 -1.825007 
105.87999936 -1.382488 
105.91999936 -0.941496 
105.95999936 -0.941496 
105.99999936 -0.941496 
106.03999936 -0.941496 
106.07999936 -0.941496 
106.11999936 -0.941496 
106.15999935 -0.941496 
106.19999935 -0.941496 
106.23999935 -0.4989776 
106.27999935 -0.4989776 
106.31999935 -0.4989776 
106.35999935 -0.4989776 
109.99999933 -0.4989776 
110.03999933 -0.941496 
110.07999933 -0.941496 
110.11999933 -0.941496 
110.15999933 -0.941496 
110.19999933 -0.941496 
110.23999933 -0.941496 
110.27999933 -0.941496 
110.31999933 -1.825007 
110.35999933 -1.825007 
110.39999933 -1.825007 
110.43999933 -1.825007 
110.47999933 -1.825007 
110.51999933 -1.825007 
110.55999933 -1.825007 
110.59999933 -2.267525 
110.63999933 -2.267525 
110.67999933 -2.267525 
110.71999933 -2.708518 
110.75999933 -2.708518 
110.79999933 -2.267525 
110.83999933 -2.267525 
110.87999933 -2.708518 
110.91999933 -3.151036 
110.95999933 -2.708518 
110.99999933 -3.151036 
111.03999933 -2.708518 
111.07999932 -2.708518 
111.11999932 -3.151036 
111.15999932 -2.708518 
111.19999932 -3.151036 
111.23999932 -3.151036 
111.27999932 -2.708518 
111.31999932 -2.708518 
111.35999932 -2.708518 
111.39999932 -2.708518 
111.43999932 -2.708518 
111.47999932 -3.151036 
111.51999932 -2.708518 
111.55999932 -2.708518 
111.59999932 -2.708518 
111.63999932 -2.708518 
111.67999932 -2.708518 
111.71999932 -3.151036 
111.75999932 -2.708518 
111.79999932 -3.151036 
111.83999932 -3.151036 
111.87999932 -3.151036 
111.91999932 -2.267525 
111.95999932 -3.151036 
111.99999932 -3.151036 
112.03999932 -2.708518 
112.07999932 -2.708518 
112.11999932 -2.708518 
112.15999932 -3.151036 
112.19999932 -2.267525 
112.23999932 -2.267525 
112.27999932 -3.151036 
112.31999932 -2.708518 
112.35999932 -2.708518 
112.39999932 -2.267525 
112.43999932 -2.267525 
112.47999932 -2.267525 
112.51999932 -2.267525 
112.55999932 -2.267525 
112.59999932 -2.267525 
112.63999932 -2.267525 
112.67999932 -2.267525 
112.71999931 -1.825007 
112.75999931 -2.267525 
112.79999931 -2.267525 
112.83999931 -1.825007 
112.87999931 -1.825007 
112.91999931 -1.825007 
112.95999931 -1.825007 
112.99999931 -1.825007 
113.03999931 -1.825007 
113.07999931 -1.825007 
113.11999931 -1.825007 
113.15999931 -1.825007 
113.19999931 -1.382488 
113.23999931 -0.941496 
113.27999931 -0.941496 
113.31999931 -0.941496 
113.35999931 -1.382488 
113.39999931 -0.941496 
113.43999931 -0.941496 
113.47999931 -0.941496 
113.51999931 -0.941496 
113.55999931 -0.4989776 
113.59999931 -0.941496 
113.63999931 -0.4989776 
113.67999931 -0.941496 
113.71999931 -0.941496 
113.75999931 -0.941496 
113.79999931 -0.941496 
113.83999931 -0.941496 
113.87999931 -0.941496 
113.91999931 -0.941496 
113.95999931 -0.4989776 
113.99999931 -0.4989776 
114.03999931 -0.941496 
114.07999931 -0.941496 
114.11999931 -0.4989776 
114.15999931 -0.941496 
114.19999931 -0.941496 
114.23999931 -0.941496 
114.27999931 -0.941496 
114.31999931 -0.941496 
114.3599993 -0.941496 
114.3999993 -0.941496 
114.4399993 -1.382488 
114.4799993 -1.825007 
114.5199993 -0.941496 
114.5599993 -1.382488 
114.5999993 -1.825007 
114.6399993 -1.382488 
114.6799993 -1.825007 
114.7199993 -1.825007 
114.7599993 -1.382488 
114.7999993 -1.825007 
114.8399993 -1.825007 
114.8799993 -2.267525 
114.9199993 -2.267525 
114.9599993 -2.267525 
114.9999993 -2.267525 
115.0399993 -2.267525 
115.0799993 -2.267525 
115.1199993 -2.267525 
115.1599993 -2.267525 
115.1999993 -2.267525 
115.2399993 -2.708518 
115.2799993 -3.151036 
115.3199993 -2.708518 
115.3599993 -2.708518 
115.3999993 -2.708518 
115.4399993 -3.151036 
115.4799993 -3.151036 
115.5199993 -3.593554 
115.5599993 -3.151036 
115.5999993 -3.593554 
115.6399993 -3.593554 
115.6799993 -3.593554 
115.7199993 -3.593554 
115.7599993 -3.593554 
115.7999993 -3.593554 
115.8399993 -3.593554 
115.8799993 -4.034547 
115.9199993 -4.034547 
115.9599993 -3.593554 
115.9999993 -4.034547 
116.03999929 -4.034547 
116.07999929 -4.034547 
116.11999929 -4.034547 
116.15999929 -4.477065 
116.19999929 -4.034547 
116.23999929 -4.477065 
116.27999929 -4.477065 
116.31999929 -4.477065 
116.35999929 -4.477065 
116.39999929 -4.034547 
116.43999929 -4.034547 
116.47999929 -4.477065 
116.51999929 -4.477065 
116.55999929 -4.477065 
116.59999929 -4.477065 
116.63999929 -4.477065 
116.67999929 -4.477065 
116.71999929 -4.477065 
116.75999929 -4.477065 
116.79999929 -4.477065 
116.83999929 -4.477065 
116.87999929 -4.477065 
116.91999929 -4.477065 
116.95999929 -4.477065 
116.99999929 -4.477065 
117.03999929 -4.477065 
117.07999929 -4.477065 
117.11999929 -4.477065 
117.15999929 -4.477065 
117.19999929 -4.477065 
117.23999929 -4.477065 
117.27999929 -4.034547 
117.31999929 -4.477065 
117.35999929 -4.477065 
117.39999929 -4.034547 
117.43999929 -4.034547 
117.47999929 -4.034547 
117.51999929 -4.034547 
117.55999929 -4.034547 
117.59999929 -4.034547 
117.63999929 -3.593554 
117.67999928 -4.034547 
117.71999928 -4.034547 
117.75999928 -4.034547 
117.79999928 -3.593554 
117.83999928 -3.593554 
117.87999928 -3.593554 
117.91999928 -3.593554 
117.95999928 -3.593554 
117.99999928 -3.151036 
118.03999928 -3.593554 
118.07999928 -3.151036 
118.11999928 -2.708518 
118.15999928 -2.708518 
118.19999928 -2.708518 
118.23999928 -2.267525 
118.27999928 -2.267525 
118.31999928 -2.267525 
118.35999928 -2.267525 
118.39999928 -2.267525 
118.43999928 -2.267525 
118.47999928 -1.825007 
118.51999928 -1.825007 
118.55999928 -1.825007 
118.59999928 -1.825007 
118.63999928 -1.382488 
118.67999928 -0.941496 
118.71999928 -0.941496 
118.75999928 -0.941496 
118.79999928 -0.941496 
118.83999928 -0.4989776 
118.87999928 -0.941496 
118.91999928 -0.941496 
118.95999928 -0.4989776 
118.99999928 -0.941496 
119.03999928 -0.4989776 
119.07999928 -0.4989776 
119.11999928 -0.4989776 
121.31999926 -0.4989776 
121.35999926 -0.4989776 
121.39999926 -0.4989776 
121.43999926 -0.4989776 
121.47999926 -0.4989776 
121.51999926 -0.941496 
121.55999926 -0.941496 
121.59999926 -0.4989776 
121.63999926 -0.941496 
121.67999926 -0.941496 
121.71999926 -0.941496 
121.75999926 -0.941496 
121.79999926 -0.941496 
121.83999926 -0.4989776 
121.87999926 -0.941496 
121.91999926 -1.825007 
121.95999926 -0.941496 
121.99999926 -1.382488 
122.03999926 -1.825007 
122.07999926 -0.941496 
122.11999926 -1.825007 
122.15999926 -0.941496 
122.19999926 -1.825007 
122.23999926 -1.825007 
122.27999926 -1.825007 
122.31999926 -1.825007 
122.35999926 -1.825007 
122.39999926 -1.825007 
122.43999926 -1.825007 
122.47999926 -1.825007 
122.51999926 -1.825007 
122.55999926 -1.825007 
122.59999925 -1.825007 
122.63999925 -1.825007 
122.67999925 -1.825007 
122.71999925 -1.825007 
122.75999925 -1.825007 
122.79999925 -1.825007 
122.83999925 -1.825007 
122.87999925 -1.825007 
122.91999925 -2.267525 
122.95999925 -1.825007 
122.99999925 -1.825007 
123.03999925 -1.825007 
123.07999925 -1.382488 
123.11999925 -1.825007 
123.15999925 -1.825007 
123.19999925 -1.825007 
123.23999925 -1.825007 
123.27999925 -1.825007 
123.31999925 -1.382488 
123.35999925 -1.382488 
123.39999925 -1.825007 
123.43999925 -1.825007 
123.47999925 -1.382488 
123.51999925 -1.382488 
123.55999925 -1.382488 
123.59999925 -0.941496 
123.63999925 -0.941496 
123.67999925 -1.825007 
123.71999925 -0.941496 
123.75999925 -0.941496 
123.79999925 -0.941496 
123.83999925 -0.941496 
123.87999925 -0.941496 
123.91999925 -0.941496 
123.95999925 -0.941496 
123.99999925 -0.941496 
124.03999925 -0.941496 
124.07999925 -1.382488 
124.11999925 -0.941496 
124.15999925 -0.941496 
124.19999925 -0.941496 
124.23999924 -1.382488 
124.27999924 -0.941496 
124.31999924 -1.382488 
124.35999924 -1.382488 
124.39999924 -1.382488 
124.43999924 -0.941496 
124.47999924 -1.382488 
124.51999924 -1.382488 
124.55999924 -1.382488 
124.59999924 -1.382488 
124.63999924 -1.825007 
124.67999924 -1.825007 
124.71999924 -1.825007 
124.75999924 -1.825007 
124.79999924 -1.825007 
124.83999924 -1.825007 
124.87999924 -1.825007 
124.91999924 -1.825007 
124.95999924 -1.825007 
124.99999924 -2.267525 
125.03999924 -1.825007 
125.07999924 -1.825007 
125.11999924 -1.825007 
125.15999924 -1.825007 
125.19999924 -1.825007 
125.23999924 -2.267525 
125.27999924 -1.825007 
125.31999924 -1.825007 
125.35999924 -1.825007 
125.39999924 -2.267525 
125.43999924 -2.267525 
125.47999924 -2.267525 
125.51999924 -2.708518 
125.55999924 -2.267525 
125.59999924 -2.708518 
125.63999924 -2.267525 
125.67999924 -2.267525 
125.71999924 -2.708518 
125.75999924 -2.708518 
125.79999924 -2.708518 
125.83999924 -2.708518 
125.87999923 -2.708518 
125.91999923 -2.267525 
125.95999923 -3.151036 
125.99999923 -3.151036 
126.03999923 -3.151036 
126.07999923 -3.151036 
126.11999923 -3.593554 
126.15999923 -3.593554 
126.19999923 -3.151036 
126.23999923 -3.151036 
126.27999923 -3.593554 
126.31999923 -3.593554 
126.35999923 -3.151036 
126.39999923 -3.593554 
126.43999923 -3.151036 
126.47999923 -3.593554 
126.51999923 -3.593554 
126.55999923 -3.593554 
126.59999923 -3.593554 
126.63999923 -3.593554 
126.67999923 -3.593554 
126.71999923 -3.593554 
126.75999923 -3.593554 
126.79999923 -3.593554 
126.83999923 -3.593554 
126.87999923 -3.593554 
126.91999923 -3.593554 
126.95999923 -3.593554 
126.99999923 -3.593554 
127.03999923 -3.593554 
127.07999923 -3.593554 
127.11999923 -4.034547 
127.15999923 -3.593554 
127.19999923 -3.593554 
127.23999923 -4.477065 
127.27999923 -3.593554 
127.31999923 -3.151036 
127.35999923 -4.477065 
127.39999923 -4.034547 
127.43999923 -2.708518 
127.47999923 -3.593554 
127.51999923 -4.034547 
127.55999922 -3.151036 
127.59999922 -2.708518 
127.63999922 -3.151036 
127.67999922 -3.151036 
127.71999922 -4.477065 
127.75999922 -4.034547 
127.79999922 -2.267525 
127.83999922 -2.267525 
127.87999922 -3.593554 
127.91999922 -2.708518 
127.95999922 -2.267525 
127.99999922 -3.151036 
128.03999922 -2.708518 
128.07999922 -1.825007 
128.11999922 -2.267525 
128.15999922 -2.708518 
128.19999922 -2.267525 
128.23999922 -1.382488 
128.27999922 -1.825007 
128.31999922 -1.825007 
128.35999922 -1.825007 
128.39999922 -1.825007 
128.43999922 -0.941496 
128.47999922 -0.941496 
128.51999922 -1.382488 
128.55999922 -0.941496 
128.59999922 -0.4989776 
128.63999922 -0.941496 
128.67999922 -0.941496 
128.71999922 -0.4989776 
137.07999917 -0.4989776 
137.11999917 -0.941496 
137.15999917 -0.4989776 
137.19999917 -0.4989776 
137.23999917 -0.941496 
137.27999917 -0.941496 
137.31999917 -0.941496 
137.35999917 -0.941496 
137.39999916 -1.825007 
137.43999916 -1.825007 
137.47999916 -1.825007 
137.51999916 -1.825007 
137.55999916 -1.825007 
137.59999916 -1.825007 
137.63999916 -2.267525 
137.67999916 -2.267525 
137.71999916 -3.151036 
137.75999916 -2.708518 
137.79999916 -3.593554 
137.83999916 -3.151036 
137.87999916 -2.708518 
137.91999916 -2.708518 
137.95999916 -3.151036 
137.99999916 -3.593554 
138.03999916 -3.151036 
138.07999916 -3.151036 
138.11999916 -3.593554 
138.15999916 -3.593554 
138.19999916 -3.593554 
138.23999916 -3.593554 
138.27999916 -3.593554 
138.31999916 -4.034547 
138.35999916 -3.593554 
138.39999916 -4.034547 
138.43999916 -4.034547 
138.47999916 -4.034547 
138.51999916 -4.034547 
138.55999916 -4.477065 
138.59999916 -4.034547 
138.63999916 -4.034547 
138.67999916 -4.034547 
138.71999916 -4.477065 
138.75999916 -4.477065 
138.79999916 -4.034547 
138.83999916 -4.034547 
138.87999916 -4.477065 
138.91999916 -4.034547 
138.95999916 -4.034547 
138.99999916 -4.034547 
139.03999915 -4.477065 
139.07999915 -4.034547 
139.11999915 -4.477065 
139.15999915 -4.034547 
139.19999915 -4.477065 
139.23999915 -4.034547 
139.27999915 -4.034547 
139.31999915 -4.034547 
139.35999915 -4.034547 
139.39999915 -4.034547 
139.43999915 -4.034547 
139.47999915 -4.034547 
139.51999915 -4.034547 
139.55999915 -4.034547 
139.59999915 -4.034547 
139.63999915 -3.593554 
139.67999915 -4.034547 
139.71999915 -3.593554 
139.75999915 -3.593554 
139.79999915 -3.593554 
139.83999915 -3.593554 
139.87999915 -3.593554 
139.91999915 -3.151036 
139.95999915 -3.593554 
139.99999915 -3.593554 
140.03999915 -3.151036 
140.07999915 -3.151036 
140.11999915 -2.708518 
140.15999915 -2.708518 
140.19999915 -2.708518 
140.23999915 -2.708518 
140.27999915 -2.708518 
140.31999915 -2.267525 
140.35999915 -2.267525 
140.39999915 -2.267525 
140.43999915 -2.267525 
140.47999915 -2.267525 
140.51999915 -2.267525 
140.55999915 -2.267525 
140.59999915 -2.267525 
140.63999915 -2.267525 
140.67999915 -1.825007 
140.71999914 -1.825007 
140.75999914 -1.825007 
140.79999914 -1.825007 
140.83999914 -0.4989776 
140.87999914 -1.825007 
140.91999914 -1.825007 
140.95999914 -1.382488 
140.99999914 -1.825007 
141.03999914 -1.825007 
141.07999914 -1.382488 
141.11999914 -0.941496 
141.15999914 -1.825007 
141.19999914 -1.382488 
141.23999914 -0.941496 
141.27999914 -0.941496 
141.31999914 -1.382488 
141.35999914 -1.382488 
141.39999914 -0.941496 
141.43999914 -0.941496 
141.47999914 -0.941496 
141.51999914 -1.382488 
141.55999914 -0.941496 
141.59999914 -0.941496 
141.63999914 -0.941496 
141.67999914 -0.941496 
141.71999914 -0.941496 
141.75999914 -0.941496 
141.79999914 -0.941496 
141.83999914 -1.382488 
141.87999914 -1.825007 
141.91999914 -1.382488 
141.95999914 -1.825007 
141.99999914 -1.825007 
142.03999914 -1.825007 
142.07999914 -1.825007 
142.11999914 -1.825007 
142.15999914 -2.267525 
142.19999914 -2.267525 
142.23999914 -2.267525 
142.27999914 -2.267525 
142.31999914 -2.267525 
142.35999913 -2.267525 
142.39999913 -2.267525 
142.43999913 -2.708518 
142.47999913 -2.708518 
142.51999913 -2.708518 
142.55999913 -2.708518 
142.59999913 -2.708518 
142.63999913 -2.708518 
142.67999913 -2.708518 
142.71999913 -3.151036 
142.75999913 -3.151036 
142.79999913 -2.708518 
142.83999913 -3.151036 
142.87999913 -3.151036 
142.91999913 -2.708518 
142.95999913 -3.151036 
142.99999913 -3.593554 
143.03999913 -3.151036 
143.07999913 -3.151036 
143.11999913 -3.593554 
143.15999913 -3.151036 
143.19999913 -3.151036 
143.23999913 -3.593554 
143.27999913 -3.593554 
143.31999913 -3.151036 
143.35999913 -3.593554 
143.39999913 -3.593554 
143.43999913 -3.151036 
143.47999913 -3.593554 
143.51999913 -3.593554 
143.55999913 -3.593554 
143.59999913 -3.151036 
143.63999913 -3.593554 
143.67999913 -3.151036 
143.71999913 -3.593554 
143.75999913 -3.593554 
143.79999913 -3.593554 
143.83999913 -3.151036 
143.87999913 -3.151036 
143.91999913 -2.708518 
143.95999913 -3.151036 
143.99999912 -2.708518 
144.03999912 -2.708518 
144.07999912 -2.708518 
144.11999912 -2.708518 
144.15999912 -2.708518 
144.19999912 -2.267525 
144.23999912 -2.708518 
144.27999912 -2.708518 
144.31999912 -2.267525 
144.35999912 -2.708518 
144.39999912 -2.267525 
144.43999912 -2.267525 
144.47999912 -2.267525 
144.51999912 -2.267525 
144.55999912 -2.267525 
144.59999912 -2.267525 
144.63999912 -1.825007 
144.67999912 -1.825007 
144.71999912 -1.825007 
144.75999912 -1.825007 
144.79999912 -1.825007 
144.83999912 -1.825007 
144.87999912 -1.382488 
144.91999912 -1.825007 
144.95999912 -1.382488 
144.99999912 -0.941496 
145.03999912 -0.941496 
145.07999912 -0.941496 
145.11999912 -0.941496 
145.15999912 -0.941496 
145.19999912 -0.941496 
145.23999912 -0.4989776 
145.27999912 -0.941496 
145.31999912 -0.941496 
145.35999912 -0.4989776 
145.39999912 -0.4989776 
145.43999912 -0.941496 
145.47999912 -0.4989776 
145.51999912 -0.4989776 
145.55999912 -0.4989776 
145.59999912 -0.4989776 
145.63999911 -0.4989776 
145.67999911 -0.4989776 
145.71999911 -0.4989776 
145.83999911 -0.941496 
145.91999911 -0.4989776 
146.23999911 -0.4989776 
146.51999911 -0.941496 
146.55999911 -0.4989776 
146.71999911 -0.4989776 
146.75999911 -0.4989776 
146.79999911 -0.4989776 
146.83999911 -0.4989776 
146.87999911 -0.4989776 
146.91999911 -0.4989776 
146.95999911 -0.4989776 
146.99999911 -0.4989776 
147.03999911 -0.4989776 
147.07999911 -0.941496 
147.11999911 -0.941496 
147.15999911 -0.941496 
147.19999911 -0.4989776 
147.23999911 -0.941496 
147.2799991 -0.941496 
147.3199991 -0.941496 
147.3599991 -0.941496 
147.3999991 -0.941496 
147.4399991 -0.941496 
147.4799991 -1.382488 
147.5199991 -0.941496 
147.5599991 -0.941496 
147.5999991 -1.825007 
147.6399991 -1.825007 
147.6799991 -1.825007 
147.7199991 -1.825007 
147.7599991 -2.267525 
147.7999991 -2.267525 
147.8399991 -2.267525 
147.8799991 -2.267525 
147.9199991 -2.267525 
147.9599991 -2.267525 
147.9999991 -2.267525 
148.0399991 -2.267525 
148.0799991 -2.267525 
148.1199991 -2.708518 
148.1599991 -2.708518 
148.1999991 -2.708518 
148.2399991 -2.708518 
148.2799991 -2.708518 
148.3199991 -3.151036 
148.3599991 -3.151036 
148.3999991 -2.708518 
148.4399991 -3.593554 
148.4799991 -3.151036 
148.5199991 -3.593554 
148.5599991 -3.151036 
148.5999991 -3.151036 
148.6399991 -3.593554 
148.6799991 -3.593554 
148.7199991 -3.593554 
148.7599991 -3.593554 
148.7999991 -3.593554 
148.8399991 -3.593554 
148.8799991 -4.034547 
148.91999909 -4.034547 
148.95999909 -3.593554 
148.99999909 -4.034547 
149.03999909 -4.034547 
149.07999909 -4.477065 
149.11999909 -4.034547 
149.15999909 -3.593554 
149.19999909 -4.477065 
149.23999909 -4.477065 
149.27999909 -4.477065 
149.31999909 -4.034547 
149.35999909 -4.477065 
149.39999909 -4.477065 
149.43999909 -4.477065 
149.47999909 -4.477065 
149.51999909 -4.477065 
149.55999909 -4.477065 
149.59999909 -4.477065 
149.63999909 -4.477065 
149.67999909 -4.919584 
149.71999909 -4.919584 
149.75999909 -4.477065 
149.79999909 -4.477065 
149.83999909 -4.919584 
149.87999909 -4.477065 
149.91999909 -4.477065 
149.95999909 -4.477065 
149.99999909 -4.919584 
150.03999909 -4.477065 
150.07999909 -4.477065 
150.11999909 -4.477065 
150.15999909 -4.477065 
150.19999909 -4.477065 
150.23999909 -4.477065 
150.27999909 -4.477065 
150.31999909 -4.477065 
150.35999909 -4.477065 
150.39999909 -4.477065 
150.43999909 -4.477065 
150.47999909 -4.477065 
150.51999909 -4.034547 
150.55999908 -4.034547 
150.59999908 -4.034547 
150.63999908 -4.034547 
150.67999908 -3.593554 
150.71999908 -4.034547 
150.75999908 -4.034547 
150.79999908 -3.593554 
150.83999908 -3.593554 
150.87999908 -3.593554 
150.91999908 -3.593554 
150.95999908 -3.151036 
150.99999908 -3.593554 
151.03999908 -3.151036 
151.07999908 -3.151036 
151.11999908 -3.151036 
151.15999908 -2.708518 
151.19999908 -2.708518 
151.23999908 -2.708518 
151.27999908 -2.708518 
151.31999908 -2.267525 
151.35999908 -2.267525 
151.39999908 -2.267525 
151.43999908 -2.267525 
151.47999908 -2.267525 
151.51999908 -1.825007 
151.55999908 -1.825007 
151.59999908 -1.825007 
151.63999908 -1.825007 
151.67999908 -1.825007 
151.71999908 -1.825007 
151.75999908 -1.825007 
151.79999908 -0.941496 
151.83999908 -0.941496 
151.87999908 -1.382488 
151.91999908 -0.941496 
151.95999908 -0.941496 
151.99999908 -0.941496 
152.03999908 -0.941496 
152.07999908 -0.4989776 
152.11999908 -0.941496 
152.15999908 -0.941496 
152.19999908 -0.4989776 
152.23999907 -0.4989776 
152.27999907 -0.4989776 
152.31999907 -0.4989776 
152.35999907 -0.4989776 
152.39999907 -0.4989776 
152.47999907 -0.4989776 
152.51999907 -0.4989776 
153.43999907 -0.4989776 
153.55999907 -0.4989776 
153.59999907 -0.4989776 
153.67999907 -0.4989776 
153.79999907 -0.941496 
153.83999907 -0.4989776 
153.95999906 -0.4989776 
154.07999906 -0.941496 
154.11999906 -0.941496 
154.23999906 -0.941496 
154.27999906 -0.941496 
154.31999906 -0.4989776 
154.35999906 -0.941496 
154.39999906 -0.941496 
154.43999906 -0.941496 
154.47999906 -0.941496 
154.51999906 -0.941496 
154.55999906 -0.941496 
154.59999906 -1.825007 
154.63999906 -0.941496 
154.67999906 -0.941496 
154.71999906 -1.825007 
154.75999906 -1.825007 
154.79999906 -1.825007 
154.83999906 -1.825007 
154.87999906 -0.941496 
154.91999906 -1.382488 
154.95999906 -1.382488 
154.99999906 -1.382488 
155.03999906 -1.382488 
155.07999906 -1.825007 
155.11999906 -0.941496 
155.15999906 -1.382488 
155.19999906 -0.941496 
155.23999906 -1.825007 
155.27999906 -1.382488 
155.31999906 -0.941496 
155.35999906 -0.941496 
155.39999906 -0.941496 
155.43999906 -0.941496 
155.47999906 -0.941496 
155.51999905 -0.941496 
155.55999905 -0.941496 
155.59999905 -0.941496 
155.63999905 -0.941496 
155.67999905 -0.4989776 
155.71999905 -0.4989776 
155.75999905 -0.4989776 
160.87999902 -0.4989776 
161.11999902 -0.4989776 
161.31999902 -0.941496 
161.35999902 -0.4989776 
161.39999902 -0.4989776 
161.51999902 -0.4989776 
161.55999902 -0.4989776 
161.63999902 -0.4989776 
161.75999902 -0.4989776 
161.79999902 -0.4989776 
161.91999902 -0.4989776 
161.95999902 -0.4989776 
162.07999901 -0.4989776 
162.11999901 -0.4989776 
162.19999901 -0.4989776 
162.23999901 -0.4989776 
162.27999901 -0.4989776 
162.39999901 -0.4989776 
162.47999901 -0.4989776 
162.51999901 -0.4989776 
162.55999901 -0.4989776 
162.59999901 -0.4989776 
162.63999901 -0.4989776 
162.67999901 -0.4989776 
162.71999901 -0.4989776 
162.75999901 -0.4989776 
162.79999901 -0.4989776 
162.83999901 -0.4989776 
162.87999901 -0.4989776 
162.91999901 -0.4989776 
162.95999901 -0.4989776 
162.99999901 -0.941496 
163.03999901 -0.941496 
163.07999901 -0.4989776 
163.11999901 -0.941496 
163.15999901 -0.941496 
163.19999901 -0.941496 
163.23999901 -0.941496 
163.27999901 -0.941496 
163.31999901 -0.941496 
163.35999901 -0.941496 
163.39999901 -0.941496 
163.43999901 -0.941496 
163.47999901 -0.941496 
163.51999901 -0.941496 
163.55999901 -0.941496 
163.59999901 -0.941496 
163.63999901 -1.382488 
163.67999901 -1.382488 
163.719999 -1.825007 
163.759999 -1.825007 
163.799999 -1.382488 
163.839999 -1.825007 
163.879999 -1.825007 
163.919999 -1.825007 
163.959999 -1.825007 
163.999999 -1.825007 
164.039999 -2.267525 
164.079999 -1.825007 
164.119999 -2.267525 
164.159999 -2.267525 
164.199999 -2.708518 
164.239999 -2.267525 
164.279999 -2.267525 
164.319999 -2.708518 
164.359999 -2.267525 
164.399999 -2.708518 
164.439999 -2.708518 
164.479999 -2.708518 
164.519999 -3.151036 
164.559999 -3.151036 
164.599999 -2.708518 
164.639999 -3.151036 
164.679999 -3.593554 
164.719999 -3.593554 
164.759999 -3.593554 
164.799999 -3.593554 
164.839999 -3.593554 
164.879999 -3.593554 
164.919999 -3.593554 
164.959999 -3.593554 
164.999999 -3.593554 
165.039999 -3.593554 
165.079999 -4.034547 
165.119999 -3.593554 
165.159999 -3.593554 
165.199999 -3.593554 
165.239999 -3.593554 
165.279999 -4.034547 
165.319999 -4.034547 
165.359999 -4.034547 
165.39999899 -4.034547 
165.43999899 -4.477065 
165.47999899 -4.034547 
165.51999899 -4.034547 
165.55999899 -4.034547 
165.59999899 -4.034547 
165.63999899 -4.477065 
165.67999899 -4.034547 
165.71999899 -4.477065 
165.75999899 -4.477065 
165.79999899 -4.477065 
165.83999899 -4.477065 
165.87999899 -4.034547 
165.91999899 -4.034547 
165.95999899 -4.034547 
165.99999899 -4.477065 
166.03999899 -4.034547 
166.07999899 -4.034547 
166.11999899 -4.477065 
166.15999899 -4.034547 
166.19999899 -4.034547 
166.23999899 -4.034547 
166.27999899 -4.034547 
166.31999899 -4.034547 
166.35999899 -4.034547 
166.39999899 -3.593554 
166.43999899 -4.034547 
166.47999899 -4.034547 
166.51999899 -4.034547 
166.55999899 -3.593554 
166.59999899 -3.593554 
166.63999899 -4.034547 
166.67999899 -3.593554 
166.71999899 -3.593554 
166.75999899 -3.593554 
166.79999899 -3.593554 
166.83999899 -3.593554 
166.87999899 -3.151036 
166.91999899 -3.151036 
166.95999899 -3.593554 
166.99999899 -3.151036 
167.03999898 -3.151036 
167.07999898 -3.151036 
167.11999898 -2.708518 
167.15999898 -1.825007 
167.19999898 -3.151036 
167.23999898 -2.267525 
167.27999898 -2.708518 
167.31999898 -2.708518 
167.35999898 -2.267525 
167.39999898 -2.267525 
167.43999898 -2.267525 
167.47999898 -1.825007 
167.51999898 -1.825007 
167.55999898 -1.825007 
167.59999898 -1.825007 
167.63999898 -0.941496 
167.67999898 -0.941496 
167.71999898 -0.941496 
167.75999898 -0.941496 
167.79999898 -0.941496 
167.83999898 -0.941496 
167.87999898 -0.4989776 
167.91999898 -0.4989776 
167.95999898 -0.4989776 
167.99999898 -0.4989776 
170.39999896 -0.4989776 
170.43999896 -0.4989776 
170.47999896 -0.4989776 
170.51999896 -0.4989776 
170.55999896 -0.941496 
170.59999896 -0.941496 
170.63999896 -0.941496 
170.67999896 -0.941496 
170.71999896 -0.941496 
170.75999896 -0.941496 
170.79999896 -0.941496 
170.83999896 -1.825007 
170.87999896 -0.941496 
170.91999896 -1.382488 
170.95999896 -1.825007 
170.99999896 -1.825007 
171.03999896 -1.825007 
171.07999896 -2.267525 
171.11999896 -1.825007 
171.15999896 -1.825007 
171.19999896 -2.267525 
171.23999896 -1.825007 
171.27999896 -2.267525 
171.31999896 -2.267525 
171.35999896 -2.267525 
171.39999896 -2.267525 
171.43999896 -2.267525 
171.47999896 -2.267525 
171.51999896 -2.708518 
171.55999896 -2.708518 
171.59999896 -2.708518 
171.63999896 -2.708518 
171.67999896 -2.708518 
171.71999896 -2.708518 
171.75999896 -2.708518 
171.79999896 -2.708518 
171.83999896 -3.151036 
171.87999896 -2.708518 
171.91999896 -2.708518 
171.95999895 -3.151036 
171.99999895 -2.708518 
172.03999895 -2.708518 
172.07999895 -3.151036 
172.11999895 -3.151036 
172.15999895 -2.708518 
172.19999895 -2.708518 
172.23999895 -2.708518 
172.27999895 -3.151036 
172.31999895 -3.151036 
172.35999895 -2.708518 
172.39999895 -2.708518 
172.43999895 -2.708518 
172.47999895 -2.708518 
172.51999895 -2.267525 
172.55999895 -2.708518 
172.59999895 -2.708518 
172.63999895 -1.825007 
172.67999895 -2.708518 
172.71999895 -2.267525 
172.75999895 -2.708518 
172.79999895 -2.708518 
172.83999895 -2.267525 
172.87999895 -1.825007 
172.91999895 -2.267525 
172.95999895 -2.267525 
172.99999895 -2.267525 
173.03999895 -2.267525 
173.07999895 -1.825007 
173.11999895 -1.825007 
173.15999895 -1.825007 
173.19999895 -2.267525 
173.23999895 -1.825007 
173.27999895 -2.267525 
173.31999895 -1.825007 
173.35999895 -1.825007 
173.39999895 -1.825007 
173.43999895 -1.825007 
173.47999895 -2.267525 
173.51999895 -1.825007 
173.55999895 -1.825007 
173.59999894 -1.825007 
173.63999894 -1.825007 
173.67999894 -1.825007 
173.71999894 -1.825007 
173.75999894 -1.825007 
173.79999894 -1.825007 
173.83999894 -1.825007 
173.87999894 -1.825007 
173.91999894 -1.825007 
173.95999894 -1.825007 
173.99999894 -1.825007 
174.03999894 -1.825007 
174.07999894 -1.825007 
174.11999894 -1.825007 
174.15999894 -1.825007 
174.19999894 -2.267525 
174.23999894 -2.267525 
174.27999894 -2.267525 
174.31999894 -2.267525 
174.35999894 -2.267525 
174.39999894 -2.267525 
174.43999894 -2.267525 
174.47999894 -2.267525 
174.51999894 -2.267525 
174.55999894 -2.708518 
174.59999894 -2.267525 
174.63999894 -2.708518 
174.67999894 -2.708518 
174.71999894 -2.708518 
174.75999894 -3.151036 
174.79999894 -3.151036 
174.83999894 -3.151036 
174.87999894 -3.151036 
174.91999894 -3.593554 
174.95999894 -2.708518 
174.99999894 -3.151036 
175.03999894 -3.593554 
175.07999894 -3.593554 
175.11999894 -3.593554 
175.15999894 -3.593554 
175.19999894 -3.593554 
175.23999893 -4.034547 
175.27999893 -3.593554 
175.31999893 -4.034547 
175.35999893 -4.034547 
175.39999893 -4.034547 
175.43999893 -4.034547 
175.47999893 -4.034547 
175.51999893 -4.477065 
175.55999893 -4.477065 
175.59999893 -4.034547 
175.63999893 -4.477065 
175.67999893 -4.477065 
175.71999893 -4.477065 
175.75999893 -4.477065 
175.79999893 -4.919584 
175.83999893 -4.477065 
175.87999893 -4.477065 
175.91999893 -4.919584 
175.95999893 -4.919584 
175.99999893 -4.477065 
176.03999893 -4.477065 
176.07999893 -4.919584 
176.11999893 -4.477065 
176.15999893 -4.477065 
176.19999893 -4.477065 
176.23999893 -4.919584 
176.27999893 -4.919584 
176.31999893 -4.919584 
176.35999893 -4.477065 
176.39999893 -4.477065 
176.43999893 -5.360576 
176.47999893 -4.919584 
176.51999893 -4.919584 
176.55999893 -4.477065 
176.59999893 -4.477065 
176.63999893 -4.477065 
176.67999893 -5.360576 
176.71999893 -4.919584 
176.75999893 -4.477065 
176.79999893 -5.360576 
176.83999893 -4.477065 
176.87999893 -4.919584 
176.91999892 -4.477065 
176.95999892 -4.477065 
176.99999892 -4.477065 
177.03999892 -4.477065 
177.07999892 -4.477065 
177.11999892 -4.477065 
177.15999892 -4.477065 
177.19999892 -4.034547 
177.23999892 -4.034547 
177.27999892 -4.034547 
177.31999892 -4.034547 
177.35999892 -4.034547 
177.39999892 -3.593554 
177.43999892 -3.593554 
177.47999892 -4.034547 
177.51999892 -3.593554 
177.55999892 -3.593554 
177.59999892 -3.593554 
177.63999892 -3.151036 
177.67999892 -3.593554 
177.71999892 -2.708518 
177.75999892 -3.151036 
177.79999892 -2.708518 
177.83999892 -2.708518 
177.87999892 -2.267525 
177.91999892 -2.267525 
177.95999892 -2.267525 
177.99999892 -2.267525 
178.03999892 -2.267525 
178.07999892 -1.825007 
178.11999892 -1.825007 
178.15999892 -1.825007 
178.19999892 -1.825007 
178.23999892 -1.825007 
178.27999892 -1.825007 
178.31999892 -1.825007 
178.35999892 -1.382488 
178.39999892 -0.941496 
178.43999892 -0.941496 
178.47999892 -0.941496 
178.51999892 -0.941496 
178.55999891 -0.941496 
178.59999891 -0.4989776 
178.63999891 -0.4989776 
178.67999891 -0.4989776 
178.71999891 -0.4989776 
178.75999891 -0.4989776 
178.87999891 -0.4989776 
179.75999891 -0.4989776 
181.3599989 -0.4989776 
181.3999989 -0.4989776 
181.4399989 -0.4989776 
181.4799989 -0.4989776 
181.5199989 -0.4989776 
181.5599989 -0.941496 
181.5999989 -0.4989776 
181.6399989 -0.4989776 
181.6799989 -0.941496 
181.7199989 -0.941496 
181.7599989 -0.941496 
181.7999989 -0.941496 
181.83999889 -0.941496 
181.87999889 -0.941496 
181.91999889 -0.941496 
181.95999889 -1.825007 
181.99999889 -1.382488 
182.03999889 -1.825007 
182.07999889 -1.825007 
182.11999889 -1.825007 
182.15999889 -1.825007 
182.19999889 -1.825007 
182.23999889 -1.825007 
182.27999889 -1.825007 
182.31999889 -1.825007 
182.35999889 -1.825007 
182.39999889 -2.267525 
182.43999889 -2.267525 
182.47999889 -1.825007 
182.51999889 -2.267525 
182.55999889 -2.267525 
182.59999889 -1.825007 
182.63999889 -2.267525 
182.67999889 -2.267525 
182.71999889 -2.267525 
182.75999889 -2.267525 
182.79999889 -1.825007 
182.83999889 -1.825007 
182.87999889 -1.825007 
182.91999889 -1.825007 
182.95999889 -2.267525 
182.99999889 -1.825007 
183.03999889 -1.825007 
183.07999889 -1.825007 
183.11999889 -1.825007 
183.15999889 -1.825007 
183.19999889 -1.825007 
183.23999889 -1.825007 
183.27999889 -1.825007 
183.31999889 -1.382488 
183.35999889 -0.941496 
183.39999889 -0.941496 
183.43999889 -0.941496 
183.47999888 -0.941496 
183.51999888 -0.941496 
183.55999888 -0.941496 
183.59999888 -0.941496 
183.63999888 -0.4989776 
183.67999888 -0.4989776 
183.75999888 -0.4989776 
183.79999888 -0.4989776 
183.83999888 -0.4989776 
187.07999886 -0.4989776 
187.11999886 -0.4989776 
187.15999886 -0.4989776 
187.19999886 -0.941496 
187.23999886 -0.941496 
187.27999886 -0.941496 
187.31999886 -0.941496 
187.35999886 -0.941496 
187.39999886 -0.941496 
187.43999886 -1.825007 
187.47999886 -1.825007 
187.51999886 -1.825007 
187.55999886 -1.825007 
187.59999886 -1.825007 
187.63999886 -1.825007 
187.67999886 -2.267525 
187.71999886 -2.267525 
187.75999886 -2.267525 
187.79999886 -2.267525 
187.83999886 -2.267525 
187.87999886 -2.267525 
187.91999886 -2.267525 
187.95999886 -2.708518 
187.99999886 -2.708518 
188.03999886 -2.708518 
188.07999886 -2.708518 
188.11999886 -3.151036 
188.15999886 -3.151036 
188.19999886 -3.151036 
188.23999886 -3.151036 
188.27999886 -3.593554 
188.31999886 -3.151036 
188.35999886 -3.593554 
188.39999886 -3.151036 
188.43999885 -3.151036 
188.47999885 -3.151036 
188.51999885 -3.593554 
188.55999885 -3.151036 
188.59999885 -3.593554 
188.63999885 -3.151036 
188.67999885 -3.593554 
188.71999885 -3.593554 
188.75999885 -2.708518 
188.79999885 -3.151036 
188.83999885 -3.151036 
188.87999885 -3.593554 
188.91999885 -3.151036 
188.95999885 -3.151036 
188.99999885 -2.708518 
189.03999885 -3.151036 
189.07999885 -2.708518 
189.11999885 -2.708518 
189.15999885 -2.708518 
189.19999885 -2.708518 
189.23999885 -2.708518 
189.27999885 -2.708518 
189.31999885 -2.708518 
189.35999885 -2.267525 
189.39999885 -2.267525 
189.43999885 -2.267525 
189.47999885 -2.267525 
189.51999885 -1.825007 
189.55999885 -1.825007 
189.59999885 -1.825007 
189.63999885 -1.825007 
189.67999885 -1.825007 
189.71999885 -1.825007 
189.75999885 -1.825007 
189.79999885 -1.382488 
189.83999885 -1.382488 
189.87999885 -1.382488 
189.91999885 -1.382488 
189.95999885 -0.941496 
189.99999885 -0.941496 
190.03999885 -0.941496 
190.07999884 -0.941496 
190.11999884 -0.941496 
190.15999884 -0.941496 
190.19999884 -0.941496 
190.23999884 -0.941496 
190.27999884 -0.941496 
190.31999884 -0.4989776 
190.35999884 -0.4989776 
190.39999884 -0.4989776 
190.43999884 -0.4989776 
191.83999883 -0.4989776 
192.07999883 -0.941496 
192.15999883 -0.941496 
192.19999883 -0.4989776 
192.23999883 -0.4989776 
192.31999883 -0.4989776 
192.35999883 -0.4989776 
192.39999883 -0.4989776 
192.43999883 -0.941496 
192.47999883 -0.4989776 
192.51999883 -0.4989776 
192.55999883 -0.941496 
192.59999883 -0.4989776 
192.63999883 -0.4989776 
192.67999883 -0.941496 
192.71999883 -0.941496 
192.75999883 -0.4989776 
192.79999883 -0.4989776 
192.83999883 -0.4989776 
192.87999883 -0.941496 
192.91999883 -0.941496 
192.95999883 -0.941496 
192.99999883 -0.941496 
193.03999883 -0.941496 
193.07999883 -0.941496 
193.11999883 -0.941496 
193.15999883 -0.941496 
193.19999883 -0.941496 
193.23999883 -0.4989776 
193.27999883 -0.941496 
193.31999883 -0.4989776 
193.35999882 -0.4989776 
193.39999882 -0.4989776 
193.43999882 -0.4989776 
193.47999882 -0.4989776 
193.51999882 -0.941496 
193.59999882 -0.4989776 
193.63999882 -0.4989776 
193.67999882 -0.4989776 
193.79999882 -0.4989776 
197.3999988 -0.4989776 
197.4399988 -0.4989776 
197.4799988 -0.941496 
197.5199988 -0.941496 
197.5599988 -0.941496 
197.5999988 -0.941496 
197.6399988 -0.941496 
197.6799988 -0.941496 
197.7199988 -1.825007 
197.7599988 -1.825007 
197.7999988 -1.825007 
197.8399988 -1.825007 
197.8799988 -1.825007 
197.9199988 -1.825007 
197.9599988 -2.267525 
197.9999988 -2.267525 
198.0399988 -2.267525 
198.0799988 -2.267525 
198.1199988 -2.708518 
198.1599988 -3.151036 
198.1999988 -3.151036 
198.2399988 -2.708518 
198.27999879 -3.151036 
198.31999879 -3.593554 
198.35999879 -3.593554 
198.39999879 -3.593554 
198.43999879 -3.593554 
198.47999879 -4.034547 
198.51999879 -4.034547 
198.55999879 -4.034547 
198.59999879 -4.034547 
198.63999879 -4.477065 
198.67999879 -4.477065 
198.71999879 -4.477065 
198.75999879 -3.593554 
198.79999879 -4.919584 
198.83999879 -5.360576 
198.87999879 -4.477065 
198.91999879 -4.477065 
198.95999879 -4.919584 
198.99999879 -5.360576 
199.03999879 -5.360576 
199.07999879 -5.360576 
199.11999879 -5.360576 
199.15999879 -5.360576 
199.19999879 -5.360576 
199.23999879 -5.360576 
199.27999879 -5.803094 
199.31999879 -5.803094 
199.35999879 -5.803094 
199.39999879 -5.803094 
199.43999879 -5.803094 
199.47999879 -6.686605 
199.51999879 -5.803094 
199.55999879 -6.686605 
199.59999879 -6.244087 
199.63999879 -5.803094 
199.67999879 -5.803094 
199.71999879 -5.803094 
199.75999879 -6.244087 
199.79999879 -5.803094 
199.83999879 -6.244087 
199.87999879 -5.803094 
199.91999878 -5.803094 
199.95999878 -5.803094 
199.99999878 -5.803094 
200.03999878 -5.803094 
200.07999878 -6.244087 
200.11999878 -5.803094 
0 0 
