0.0 -2.267525 
0.04 -2.708518 
0.08 -2.267525 
0.12 -2.267525 
0.16 -2.267525 
0.2 -2.267525 
0.24 -2.267525 
0.28 -2.267525 
0.32 -3.151036 
0.36 -1.382488 
0.4 -2.267525 
0.44 -2.708518 
0.48 -2.267525 
0.52 -1.825007 
0.56 -2.267525 
0.6 -2.267525 
0.64 -2.267525 
0.68 -1.825007 
0.72 -1.825007 
0.76 -2.267525 
0.8 -1.825007 
0.83999999 -1.825007 
0.87999999 -1.825007 
0.91999999 -1.825007 
0.95999999 -1.825007 
0.99999999 -1.825007 
1.03999999 -1.382488 
1.07999999 -1.382488 
1.11999999 -0.941496 
1.15999999 -0.941496 
1.19999999 -0.941496 
1.23999999 -0.941496 
1.27999999 -0.941496 
1.31999999 -0.941496 
1.35999999 -0.941496 
1.39999999 -0.941496 
1.43999999 -0.941496 
1.47999999 -0.941496 
1.51999999 -0.941496 
1.55999999 -0.941496 
1.59999999 -0.4989776 
1.63999999 -0.4989776 
1.67999999 -0.4989776 
1.71999999 -0.4989776 
1.75999999 -0.4989776 
1.79999999 -0.941496 
1.83999999 -0.4989776 
1.87999999 -0.4989776 
1.91999999 -0.4989776 
1.95999999 -0.4989776 
1.99999999 -0.4989776 
2.03999999 -0.4989776 
2.11999999 -0.4989776 
2.15999999 -0.4989776 
2.19999999 -0.4989776 
2.23999999 -0.4989776 
2.27999999 -0.4989776 
2.31999999 -0.4989776 
2.35999999 -0.4989776 
2.39999999 -0.4989776 
2.43999999 -0.4989776 
2.47999998 -0.4989776 
2.51999998 -0.4989776 
2.55999998 -0.4989776 
2.59999998 -0.4989776 
2.63999998 -0.4989776 
2.67999998 -0.4989776 
2.71999998 -0.4989776 
2.75999998 -0.941496 
2.79999998 -0.4989776 
2.83999998 -0.941496 
2.87999998 -0.4989776 
2.91999998 -0.4989776 
2.95999998 -0.4989776 
2.99999998 -0.941496 
3.03999998 -0.941496 
3.07999998 -0.941496 
3.11999998 -0.941496 
3.15999998 -0.941496 
3.19999998 -0.941496 
3.23999998 -0.941496 
3.27999998 -0.941496 
3.31999998 -0.941496 
3.35999998 -0.941496 
3.39999998 -0.941496 
3.43999998 -1.382488 
3.47999998 -1.382488 
3.51999998 -1.825007 
3.55999998 -1.825007 
3.59999998 -1.825007 
3.63999998 -1.825007 
3.67999998 -1.825007 
3.71999998 -1.825007 
3.75999998 -1.825007 
3.79999998 -1.825007 
3.83999998 -1.825007 
3.87999998 -1.825007 
3.91999998 -1.825007 
3.95999998 -1.825007 
3.99999998 -2.267525 
4.03999998 -2.267525 
4.07999998 -2.267525 
4.11999997 -2.267525 
4.15999997 -2.267525 
4.19999997 -2.267525 
4.23999997 -2.267525 
4.27999997 -2.267525 
4.31999997 -2.267525 
4.35999997 -2.267525 
4.39999997 -2.267525 
4.43999997 -2.708518 
4.47999997 -2.708518 
4.51999997 -2.267525 
4.55999997 -2.708518 
4.59999997 -2.708518 
4.63999997 -2.708518 
4.67999997 -2.708518 
4.71999997 -2.708518 
4.75999997 -2.708518 
4.79999997 -2.708518 
4.83999997 -1.825007 
4.87999997 -2.708518 
4.91999997 -2.708518 
4.95999997 -3.151036 
4.99999997 -3.151036 
5.03999997 -2.708518 
5.07999997 -2.708518 
5.11999997 -2.708518 
5.15999997 -2.708518 
5.19999997 -2.267525 
5.23999997 -2.708518 
5.27999997 -3.151036 
5.31999997 -2.708518 
5.35999997 -2.708518 
5.39999997 -2.708518 
5.43999997 -2.708518 
5.47999997 -2.708518 
5.51999997 -2.708518 
5.55999997 -2.708518 
5.59999997 -2.267525 
5.63999997 -2.267525 
5.67999997 -2.267525 
5.71999997 -2.267525 
5.75999996 -2.267525 
5.79999996 -2.267525 
5.83999996 -2.267525 
5.87999996 -2.267525 
5.91999996 -1.825007 
5.95999996 -1.825007 
5.99999996 -2.267525 
6.03999996 -1.825007 
6.07999996 -1.825007 
6.11999996 -1.825007 
6.15999996 -1.825007 
6.19999996 -1.825007 
6.23999996 -1.825007 
6.27999996 -1.382488 
6.31999996 -1.825007 
6.35999996 -0.941496 
6.39999996 -0.941496 
6.43999996 -0.941496 
6.47999996 -0.941496 
6.51999996 -1.382488 
6.55999996 -0.941496 
6.59999996 -0.941496 
6.63999996 -0.941496 
6.67999996 -0.941496 
6.71999996 -0.941496 
6.75999996 -0.941496 
6.79999996 -0.4989776 
6.83999996 -0.4989776 
6.87999996 -0.4989776 
6.91999996 -0.4989776 
6.95999996 -0.4989776 
7.03999996 -0.4989776 
7.07999996 -0.4989776 
15.11999991 -0.4989776 
15.15999991 -0.4989776 
15.19999991 -0.941496 
15.23999991 -0.4989776 
15.27999991 -0.941496 
15.31999991 -0.941496 
15.35999991 -0.941496 
15.39999991 -0.941496 
15.43999991 -0.941496 
15.47999991 -1.382488 
15.51999991 -0.941496 
15.55999991 -1.825007 
15.59999991 -1.825007 
15.6399999 -1.382488 
15.6799999 -1.382488 
15.7199999 -1.825007 
15.7599999 -1.825007 
15.7999999 -2.267525 
15.8399999 -1.825007 
15.8799999 -2.267525 
15.9199999 -1.825007 
15.9599999 -2.267525 
15.9999999 -1.825007 
16.0399999 -2.267525 
16.0799999 -2.267525 
16.1199999 -2.267525 
16.1599999 -2.267525 
16.1999999 -2.708518 
16.2399999 -2.267525 
16.2799999 -2.708518 
16.3199999 -2.267525 
16.3599999 -2.267525 
16.3999999 -2.267525 
16.4399999 -2.708518 
16.4799999 -2.267525 
16.5199999 -2.267525 
16.5599999 -2.708518 
16.5999999 -2.267525 
16.6399999 -2.267525 
16.6799999 -2.267525 
16.7199999 -2.267525 
16.7599999 -2.267525 
16.7999999 -2.708518 
16.8399999 -2.708518 
16.8799999 -2.267525 
16.9199999 -2.267525 
16.9599999 -1.825007 
16.9999999 -2.267525 
17.0399999 -2.267525 
17.0799999 -2.267525 
17.1199999 -1.825007 
17.1599999 -1.825007 
17.1999999 -1.825007 
17.2399999 -1.825007 
17.27999989 -1.825007 
17.31999989 -1.825007 
17.35999989 -1.825007 
17.39999989 -1.825007 
17.43999989 -0.941496 
17.47999989 -1.382488 
17.51999989 -1.382488 
17.55999989 -1.382488 
17.59999989 -0.941496 
17.63999989 -1.825007 
17.67999989 -0.941496 
17.71999989 -0.941496 
17.75999989 -0.941496 
17.79999989 -0.4989776 
17.83999989 -0.941496 
17.87999989 -0.4989776 
17.91999989 -0.4989776 
17.95999989 -0.4989776 
17.99999989 -0.4989776 
18.03999989 -0.4989776 
18.07999989 -0.4989776 
18.11999989 -0.4989776 
21.27999987 -0.4989776 
26.15999984 -0.4989776 
26.27999984 -0.4989776 
26.31999984 -0.4989776 
26.35999984 -0.4989776 
26.39999984 -0.941496 
26.43999984 -0.941496 
26.47999984 -0.941496 
26.51999984 -0.941496 
26.55999984 -0.941496 
26.59999984 -0.941496 
26.63999984 -1.825007 
26.67999984 -0.4989776 
26.71999984 -1.825007 
26.75999984 -1.825007 
26.79999984 -1.825007 
26.83999984 -1.825007 
26.87999984 -1.825007 
26.91999984 -1.825007 
26.95999984 -2.267525 
26.99999984 -2.267525 
27.03999984 -2.708518 
27.07999984 -2.267525 
27.11999984 -2.267525 
27.15999983 -2.267525 
27.19999983 -2.708518 
27.23999983 -3.151036 
27.27999983 -2.708518 
27.31999983 -3.151036 
27.35999983 -2.708518 
27.39999983 -2.708518 
27.43999983 -3.151036 
27.47999983 -3.151036 
27.51999983 -3.151036 
27.55999983 -3.151036 
27.59999983 -3.151036 
27.63999983 -3.593554 
27.67999983 -3.151036 
27.71999983 -3.593554 
27.75999983 -3.593554 
27.79999983 -3.593554 
27.83999983 -3.151036 
27.87999983 -3.593554 
27.91999983 -3.593554 
27.95999983 -3.593554 
27.99999983 -3.593554 
28.03999983 -3.593554 
28.07999983 -3.593554 
28.11999983 -3.151036 
28.15999983 -3.593554 
28.19999983 -3.151036 
28.23999983 -2.708518 
28.27999983 -3.151036 
28.31999983 -3.593554 
28.35999983 -3.151036 
28.39999983 -2.708518 
28.43999983 -2.267525 
28.47999983 -2.267525 
28.51999983 -2.708518 
28.55999983 -2.708518 
28.59999983 -2.708518 
28.63999983 -2.267525 
28.67999983 -2.267525 
28.71999983 -2.267525 
28.75999983 -2.267525 
28.79999982 -2.267525 
28.83999982 -2.267525 
28.87999982 -1.825007 
28.91999982 -2.267525 
28.95999982 -1.825007 
28.99999982 -1.825007 
29.03999982 -1.825007 
29.07999982 -1.825007 
29.11999982 -1.825007 
29.15999982 -1.382488 
29.19999982 -1.382488 
29.23999982 -1.825007 
29.27999982 -1.382488 
29.31999982 -0.941496 
29.35999982 -0.941496 
29.39999982 -0.941496 
29.43999982 -0.941496 
29.47999982 -0.941496 
29.51999982 -0.941496 
29.55999982 -0.4989776 
29.59999982 -0.4989776 
29.63999982 -0.4989776 
29.67999982 -0.4989776 
29.71999982 -0.4989776 
29.75999982 -0.4989776 
29.79999982 -0.4989776 
29.83999982 -0.4989776 
29.91999982 -0.4989776 
31.31999981 -0.4989776 
31.35999981 -0.4989776 
31.43999981 -0.4989776 
31.47999981 -0.4989776 
31.51999981 -0.4989776 
31.55999981 -0.4989776 
31.59999981 -0.4989776 
31.63999981 -0.4989776 
31.67999981 -0.941496 
31.71999981 -0.941496 
31.75999981 -0.941496 
31.79999981 -0.941496 
31.83999981 -0.941496 
31.87999981 -0.941496 
31.91999981 -0.941496 
31.95999981 -0.941496 
31.99999981 -0.941496 
32.03999981 -0.941496 
32.07999981 -1.382488 
32.1199998 -0.941496 
32.1599998 -0.941496 
32.1999998 -1.382488 
32.2399998 -0.941496 
32.2799998 -0.941496 
32.3199998 -0.941496 
32.3599998 -1.382488 
32.3999998 -1.825007 
32.4399998 -1.825007 
32.4799998 -0.941496 
32.5199998 -0.941496 
32.5599998 -1.382488 
32.5999998 -1.825007 
32.6399998 -1.825007 
32.6799998 -1.825007 
32.7199998 -1.382488 
32.7599998 -0.941496 
32.7999998 -0.941496 
32.8399998 -1.382488 
32.8799998 -1.382488 
32.9199998 -1.382488 
32.9599998 -0.941496 
32.9999998 -0.941496 
33.0399998 -0.941496 
33.0799998 -0.941496 
33.1199998 -0.941496 
33.1599998 -1.382488 
33.1999998 -0.941496 
33.2399998 -0.941496 
33.2799998 -0.941496 
33.3199998 -0.941496 
33.3599998 -0.941496 
33.3999998 -0.941496 
33.4399998 -0.941496 
33.4799998 -0.4989776 
33.5199998 -0.4989776 
33.5599998 -0.4989776 
33.5999998 -0.4989776 
33.6399998 -0.4989776 
33.6799998 -0.4989776 
33.7199998 -0.4989776 
33.75999979 -0.4989776 
37.63999977 -0.4989776 
37.79999977 -0.4989776 
37.83999977 -0.941496 
37.91999977 -0.4989776 
37.95999977 -0.4989776 
37.99999977 -0.941496 
38.03999977 -0.941496 
38.07999977 -0.941496 
38.11999977 -0.941496 
38.15999977 -0.941496 
38.19999977 -0.941496 
38.23999977 -0.941496 
38.27999977 -0.941496 
38.31999977 -0.941496 
38.35999977 -0.941496 
38.39999977 -1.825007 
38.43999977 -0.941496 
38.47999977 -1.825007 
38.51999977 -1.825007 
38.55999977 -1.825007 
38.59999977 -1.382488 
38.63999977 -1.382488 
38.67999976 -1.825007 
38.71999976 -1.825007 
38.75999976 -1.825007 
38.79999976 -1.825007 
38.83999976 -1.825007 
38.87999976 -1.825007 
38.91999976 -1.825007 
38.95999976 -1.825007 
38.99999976 -1.825007 
39.03999976 -2.267525 
39.07999976 -2.267525 
39.11999976 -1.825007 
39.15999976 -1.825007 
39.19999976 -2.267525 
39.23999976 -2.267525 
39.27999976 -1.825007 
39.31999976 -2.267525 
39.35999976 -2.267525 
39.39999976 -2.267525 
39.43999976 -1.825007 
39.47999976 -1.825007 
39.51999976 -1.825007 
39.55999976 -1.825007 
39.59999976 -1.825007 
39.63999976 -1.825007 
39.67999976 -1.825007 
39.71999976 -1.825007 
39.75999976 -1.825007 
39.79999976 -1.825007 
39.83999976 -0.941496 
39.87999976 -1.382488 
39.91999976 -1.382488 
39.95999976 -0.941496 
39.99999976 -0.941496 
40.03999976 -0.941496 
40.07999976 -0.941496 
40.11999976 -0.941496 
40.15999976 -0.941496 
40.19999976 -0.941496 
40.23999976 -0.941496 
40.27999976 -0.941496 
40.31999975 -0.941496 
40.35999975 -0.941496 
40.39999975 -0.941496 
40.43999975 -0.941496 
40.47999975 -0.4989776 
40.51999975 -0.941496 
40.55999975 -0.941496 
40.59999975 -0.4989776 
40.63999975 -0.4989776 
40.67999975 -0.4989776 
40.71999975 -0.4989776 
40.75999975 -0.4989776 
40.79999975 -0.4989776 
43.95999973 -0.4989776 
44.27999973 -0.4989776 
44.31999973 -0.4989776 
44.35999973 -0.4989776 
44.55999973 -0.4989776 
49.7599997 -0.4989776 
52.03999968 -0.4989776 
52.11999968 -0.4989776 
52.15999968 -0.4989776 
52.19999968 -0.4989776 
52.23999968 -0.4989776 
52.27999968 -0.4989776 
52.31999968 -0.4989776 
52.35999968 -0.4989776 
52.39999968 -0.4989776 
52.43999968 -0.4989776 
52.47999968 -0.4989776 
52.51999968 -0.941496 
52.55999968 -0.4989776 
52.59999968 -0.941496 
52.63999968 -0.941496 
52.67999968 -0.941496 
52.71999968 -0.941496 
52.75999968 -0.941496 
52.79999968 -0.941496 
52.83999968 -0.941496 
52.87999968 -1.382488 
52.91999968 -0.941496 
52.95999968 -0.941496 
52.99999968 -0.4989776 
53.03999968 -1.825007 
53.07999968 -0.941496 
53.11999968 -1.825007 
53.15999968 -1.825007 
53.19999968 -1.825007 
53.23999968 -1.825007 
53.27999968 -1.825007 
53.31999968 -1.825007 
53.35999968 -2.267525 
53.39999968 -1.825007 
53.43999968 -2.267525 
53.47999967 -2.267525 
53.51999967 -2.267525 
53.55999967 -2.267525 
53.59999967 -2.267525 
53.63999967 -2.708518 
53.67999967 -2.708518 
53.71999967 -2.708518 
53.75999967 -2.267525 
53.79999967 -2.708518 
53.83999967 -3.151036 
53.87999967 -2.708518 
53.91999967 -3.151036 
53.95999967 -3.151036 
53.99999967 -3.151036 
54.03999967 -3.151036 
54.07999967 -3.593554 
54.11999967 -3.151036 
54.15999967 -3.151036 
54.19999967 -3.151036 
54.23999967 -3.151036 
54.27999967 -3.593554 
54.31999967 -3.151036 
54.35999967 -3.151036 
54.39999967 -3.151036 
54.43999967 -3.593554 
54.47999967 -3.151036 
54.51999967 -3.151036 
54.55999967 -3.151036 
54.59999967 -3.593554 
54.63999967 -3.151036 
54.67999967 -3.151036 
54.71999967 -3.593554 
54.75999967 -3.593554 
54.79999967 -3.593554 
54.83999967 -3.151036 
54.87999967 -3.151036 
54.91999967 -3.151036 
54.95999967 -3.593554 
54.99999967 -3.151036 
55.03999967 -2.708518 
55.07999967 -2.708518 
55.11999967 -3.151036 
55.15999966 -3.151036 
55.19999966 -3.151036 
55.23999966 -3.151036 
55.27999966 -2.708518 
55.31999966 -2.708518 
55.35999966 -2.708518 
55.39999966 -2.708518 
55.43999966 -2.708518 
55.47999966 -2.267525 
55.51999966 -2.708518 
55.55999966 -2.267525 
55.59999966 -2.267525 
55.63999966 -2.267525 
55.67999966 -2.267525 
55.71999966 -2.267525 
55.75999966 -2.267525 
55.79999966 -2.267525 
55.83999966 -1.825007 
55.87999966 -1.825007 
55.91999966 -1.825007 
55.95999966 -1.825007 
55.99999966 -1.825007 
56.03999966 -1.825007 
56.07999966 -1.825007 
56.11999966 -1.382488 
56.15999966 -1.825007 
56.19999966 -1.825007 
56.23999966 -1.382488 
56.27999966 -0.941496 
56.31999966 -0.941496 
56.35999966 -0.941496 
56.39999966 -1.382488 
56.43999966 -0.941496 
56.47999966 -0.941496 
56.51999966 -0.941496 
56.55999966 -0.941496 
56.59999966 -0.941496 
56.63999966 -0.941496 
56.67999966 -0.941496 
56.71999966 -0.941496 
56.75999966 -0.941496 
56.79999965 -0.4989776 
56.83999965 -0.4989776 
56.87999965 -0.4989776 
56.91999965 -0.4989776 
57.03999965 -0.941496 
57.07999965 -0.4989776 
60.15999963 -0.4989776 
60.27999963 -0.4989776 
60.39999963 -0.4989776 
60.43999963 -0.4989776 
60.51999963 -0.941496 
60.55999963 -0.4989776 
60.59999963 -0.4989776 
60.63999963 -0.4989776 
60.67999963 -0.4989776 
60.71999963 -0.4989776 
60.75999963 -0.4989776 
60.79999963 -0.4989776 
60.83999963 -0.4989776 
60.87999963 -0.4989776 
60.91999963 -0.4989776 
60.95999963 -0.4989776 
60.99999963 -0.4989776 
61.03999963 -0.4989776 
61.07999963 -0.941496 
61.11999963 -0.4989776 
61.15999963 -0.4989776 
61.19999963 -0.4989776 
61.23999963 -0.4989776 
61.27999963 -0.4989776 
61.31999963 -0.4989776 
61.35999963 -0.4989776 
61.39999963 -0.4989776 
61.43999963 -0.4989776 
61.47999963 -0.4989776 
61.51999963 -0.4989776 
61.59999963 -0.4989776 
61.63999963 -0.4989776 
64.19999961 -0.4989776 
64.23999961 -0.4989776 
64.27999961 -0.4989776 
64.31999961 -0.4989776 
64.35999961 -0.4989776 
64.39999961 -0.941496 
64.43999961 -0.941496 
64.47999961 -0.4989776 
64.51999961 -0.4989776 
64.55999961 -0.941496 
64.59999961 -1.382488 
64.63999961 -0.941496 
64.67999961 -0.941496 
64.71999961 -0.941496 
64.75999961 -0.941496 
64.79999961 -0.941496 
64.83999961 -0.941496 
64.87999961 -1.382488 
64.91999961 -1.382488 
64.95999961 -1.825007 
64.9999996 -1.825007 
65.0399996 -1.825007 
65.0799996 -1.825007 
65.1199996 -2.267525 
65.1599996 -1.825007 
65.1999996 -1.825007 
65.2399996 -1.825007 
65.2799996 -1.825007 
65.3199996 -2.267525 
65.3599996 -2.267525 
65.3999996 -2.267525 
65.4399996 -2.267525 
65.4799996 -2.267525 
65.5199996 -2.267525 
65.5599996 -2.267525 
65.5999996 -2.267525 
65.6399996 -2.708518 
65.6799996 -2.708518 
65.7199996 -2.708518 
65.7599996 -2.267525 
65.7999996 -2.708518 
65.8399996 -2.267525 
65.8799996 -1.825007 
65.9199996 -2.708518 
65.9599996 -2.267525 
65.9999996 -2.267525 
66.0399996 -2.267525 
66.0799996 -2.267525 
66.1199996 -2.267525 
66.1599996 -2.267525 
66.1999996 -2.267525 
66.2399996 -2.267525 
66.2799996 -2.267525 
66.3199996 -2.267525 
66.3599996 -2.267525 
66.3999996 -2.267525 
66.4399996 -2.267525 
66.4799996 -2.267525 
66.5199996 -2.267525 
66.5599996 -2.267525 
66.5999996 -1.825007 
66.63999959 -1.825007 
66.67999959 -1.825007 
66.71999959 -1.825007 
66.75999959 -1.825007 
66.79999959 -1.825007 
66.83999959 -1.382488 
66.87999959 -1.825007 
66.91999959 -1.382488 
66.95999959 -0.941496 
66.99999959 -0.941496 
67.03999959 -0.941496 
67.07999959 -0.941496 
67.11999959 -0.941496 
67.15999959 -0.941496 
67.19999959 -0.4989776 
67.23999959 -0.4989776 
67.27999959 -0.4989776 
67.31999959 -0.4989776 
67.35999959 -0.4989776 
67.39999959 -0.4989776 
75.75999954 -0.4989776 
75.79999954 -0.4989776 
75.87999954 -0.4989776 
75.91999954 -0.4989776 
75.95999954 -0.941496 
75.99999954 -0.4989776 
76.03999954 -0.941496 
76.07999954 -0.941496 
76.11999954 -0.941496 
76.15999954 -0.941496 
76.19999954 -0.941496 
76.23999954 -0.941496 
76.27999954 -1.825007 
76.31999954 -1.825007 
76.35999954 -1.825007 
76.39999954 -1.825007 
76.43999954 -1.825007 
76.47999954 -1.825007 
76.51999953 -1.825007 
76.55999953 -1.825007 
76.59999953 -2.267525 
76.63999953 -2.267525 
76.67999953 -2.267525 
76.71999953 -2.267525 
76.75999953 -2.267525 
76.79999953 -2.708518 
76.83999953 -2.267525 
76.87999953 -2.267525 
76.91999953 -2.708518 
76.95999953 -2.708518 
76.99999953 -2.708518 
77.03999953 -2.708518 
77.07999953 -2.708518 
77.11999953 -2.708518 
77.15999953 -2.708518 
77.19999953 -2.708518 
77.23999953 -2.708518 
77.27999953 -2.708518 
77.31999953 -2.708518 
77.35999953 -3.151036 
77.39999953 -2.708518 
77.43999953 -2.708518 
77.47999953 -2.708518 
77.51999953 -2.708518 
77.55999953 -2.708518 
77.59999953 -3.151036 
77.63999953 -3.151036 
77.67999953 -3.151036 
77.71999953 -2.267525 
77.75999953 -2.708518 
77.79999953 -2.708518 
77.83999953 -2.708518 
77.87999953 -2.708518 
77.91999953 -2.267525 
77.95999953 -2.708518 
77.99999953 -2.267525 
78.03999953 -2.708518 
78.07999953 -2.267525 
78.11999953 -2.267525 
78.15999952 -2.267525 
78.19999952 -2.267525 
78.23999952 -2.267525 
78.27999952 -1.825007 
78.31999952 -1.825007 
78.35999952 -2.267525 
78.39999952 -1.825007 
78.43999952 -1.825007 
78.47999952 -1.382488 
78.51999952 -1.825007 
78.55999952 -1.825007 
78.59999952 -1.825007 
78.63999952 -1.825007 
78.67999952 -0.941496 
78.71999952 -1.382488 
78.75999952 -1.382488 
78.79999952 -0.941496 
78.83999952 -0.941496 
78.87999952 -0.941496 
78.91999952 -0.941496 
78.95999952 -0.941496 
78.99999952 -0.4989776 
79.03999952 -0.4989776 
79.07999952 -0.4989776 
79.11999952 -0.4989776 
79.15999952 -0.4989776 
79.19999952 -0.4989776 
79.31999952 -0.4989776 
79.35999952 -0.4989776 
81.27999951 -0.4989776 
81.35999951 -0.4989776 
81.39999951 -0.941496 
81.43999951 -0.4989776 
81.4799995 -0.4989776 
81.5199995 -0.4989776 
81.5599995 -0.941496 
81.5999995 -0.4989776 
81.6399995 -0.4989776 
81.6799995 -0.941496 
81.7199995 -0.941496 
81.7599995 -0.941496 
81.7999995 -0.941496 
81.8399995 -0.941496 
81.8799995 -0.941496 
81.9199995 -0.941496 
81.9599995 -0.941496 
81.9999995 -0.941496 
82.0399995 -0.941496 
82.0799995 -0.941496 
82.1199995 -0.941496 
82.1599995 -0.941496 
82.1999995 -0.941496 
82.2399995 -1.382488 
82.2799995 -1.382488 
82.3199995 -0.941496 
82.3599995 -0.941496 
82.3999995 -1.825007 
82.4399995 -0.941496 
82.4799995 -0.941496 
82.5199995 -0.941496 
82.5599995 -0.941496 
82.5999995 -1.382488 
82.6399995 -0.941496 
82.6799995 -0.941496 
82.7199995 -0.941496 
82.7599995 -0.941496 
82.7999995 -0.941496 
82.8399995 -0.941496 
82.8799995 -0.941496 
82.9199995 -0.941496 
82.9599995 -0.941496 
82.9999995 -0.941496 
83.0399995 -0.941496 
83.0799995 -0.941496 
83.11999949 -0.941496 
83.19999949 -0.941496 
83.23999949 -0.941496 
83.27999949 -0.4989776 
83.31999949 -0.4989776 
83.35999949 -0.941496 
83.39999949 -0.4989776 
83.43999949 -0.4989776 
83.47999949 -0.4989776 
83.55999949 -0.4989776 
83.59999949 -0.4989776 
83.63999949 -0.4989776 
86.95999947 -0.4989776 
86.99999947 -0.4989776 
87.07999947 -0.4989776 
87.11999947 -0.4989776 
87.19999947 -0.4989776 
87.23999947 -0.4989776 
87.27999947 -0.4989776 
87.31999947 -0.4989776 
87.35999947 -0.4989776 
87.39999947 -0.4989776 
87.43999947 -0.4989776 
87.47999947 -0.941496 
87.51999947 -0.941496 
87.55999947 -0.4989776 
87.59999947 -0.941496 
87.63999947 -0.941496 
87.67999947 -0.941496 
87.71999947 -0.941496 
87.75999947 -0.941496 
87.79999947 -0.941496 
87.83999947 -0.941496 
87.87999947 -0.941496 
87.91999947 -0.941496 
87.95999947 -0.941496 
87.99999947 -1.382488 
88.03999946 -1.382488 
88.07999946 -1.382488 
88.11999946 -1.382488 
88.15999946 -1.382488 
88.19999946 -1.825007 
88.23999946 -1.825007 
88.27999946 -1.825007 
88.31999946 -1.382488 
88.35999946 -1.825007 
88.39999946 -1.825007 
88.43999946 -1.825007 
88.47999946 -1.825007 
88.51999946 -1.825007 
88.55999946 -1.825007 
88.59999946 -1.825007 
88.63999946 -1.825007 
88.67999946 -1.825007 
88.71999946 -1.825007 
88.75999946 -1.825007 
88.79999946 -1.825007 
88.83999946 -1.825007 
88.87999946 -1.825007 
88.91999946 -1.825007 
88.95999946 -1.825007 
88.99999946 -1.825007 
89.03999946 -1.825007 
89.07999946 -1.825007 
89.11999946 -1.825007 
89.15999946 -1.825007 
89.19999946 -1.825007 
89.23999946 -1.825007 
89.27999946 -1.825007 
89.31999946 -1.382488 
89.35999946 -1.382488 
89.39999946 -1.825007 
89.43999946 -1.825007 
89.47999946 -1.825007 
89.51999946 -1.825007 
89.55999946 -1.382488 
89.59999946 -1.825007 
89.63999946 -1.382488 
89.67999945 -1.382488 
89.71999945 -1.825007 
89.75999945 -1.382488 
89.79999945 -1.825007 
89.83999945 -0.941496 
89.87999945 -1.382488 
89.91999945 -1.825007 
89.95999945 -1.382488 
89.99999945 -0.941496 
90.03999945 -0.941496 
90.07999945 -0.941496 
90.11999945 -1.382488 
90.15999945 -0.941496 
90.19999945 -0.941496 
90.23999945 -0.941496 
90.27999945 -0.941496 
90.31999945 -0.941496 
90.35999945 -0.941496 
90.39999945 -0.941496 
90.43999945 -0.941496 
90.47999945 -0.941496 
90.51999945 -0.941496 
90.55999945 -0.941496 
90.59999945 -0.941496 
90.63999945 -0.941496 
90.67999945 -0.941496 
90.71999945 -0.941496 
90.75999945 -0.941496 
90.79999945 -0.941496 
90.83999945 -0.941496 
90.87999945 -0.941496 
90.91999945 -0.941496 
90.95999945 -0.941496 
90.99999945 -0.941496 
91.03999945 -0.941496 
91.07999945 -0.941496 
91.11999945 -0.941496 
91.15999945 -0.941496 
91.19999945 -0.941496 
91.23999945 -0.941496 
91.27999945 -0.941496 
91.31999945 -0.941496 
91.35999944 -0.941496 
91.39999944 -0.941496 
91.43999944 -0.941496 
91.47999944 -0.941496 
91.51999944 -0.941496 
91.55999944 -0.941496 
91.59999944 -0.941496 
91.63999944 -0.941496 
91.67999944 -0.941496 
91.71999944 -0.941496 
91.75999944 -0.941496 
91.79999944 -0.941496 
91.83999944 -1.382488 
91.87999944 -0.941496 
91.91999944 -0.941496 
91.95999944 -0.941496 
91.99999944 -0.941496 
92.03999944 -1.382488 
92.07999944 -0.941496 
92.11999944 -0.941496 
92.15999944 -0.941496 
92.19999944 -0.941496 
92.23999944 -1.382488 
92.27999944 -0.941496 
92.31999944 -1.382488 
92.35999944 -1.382488 
92.39999944 -1.825007 
92.43999944 -1.825007 
92.47999944 -0.941496 
92.51999944 -1.382488 
92.55999944 -1.382488 
92.59999944 -1.825007 
92.63999944 -0.941496 
92.67999944 -1.382488 
92.71999944 -1.825007 
92.75999944 -1.825007 
92.79999944 -1.825007 
92.83999944 -1.825007 
92.87999944 -1.825007 
92.91999944 -1.825007 
92.95999944 -1.825007 
92.99999943 -1.825007 
93.03999943 -1.825007 
93.07999943 -1.825007 
93.11999943 -1.825007 
93.15999943 -1.825007 
93.19999943 -1.825007 
93.23999943 -1.825007 
93.27999943 -1.825007 
93.31999943 -1.825007 
93.35999943 -1.825007 
93.39999943 -1.825007 
93.43999943 -1.825007 
93.47999943 -1.825007 
93.51999943 -1.825007 
93.55999943 -1.825007 
93.59999943 -1.825007 
93.63999943 -1.825007 
93.67999943 -1.382488 
93.71999943 -1.825007 
93.75999943 -1.825007 
93.79999943 -0.941496 
93.83999943 -0.941496 
93.87999943 -1.825007 
93.91999943 -0.941496 
93.95999943 -0.941496 
93.99999943 -0.941496 
94.03999943 -0.941496 
94.07999943 -0.941496 
94.11999943 -0.941496 
94.15999943 -0.941496 
94.19999943 -0.4989776 
94.23999943 -0.4989776 
94.27999943 -0.4989776 
94.31999943 -0.4989776 
99.59999939 -0.941496 
99.75999939 -0.941496 
100.11999939 -0.941496 
100.39999939 -0.941496 
100.55999939 -0.4989776 
101.99999938 -0.4989776 
102.23999938 -0.4989776 
102.31999938 -0.4989776 
102.35999938 -0.4989776 
102.43999938 -0.4989776 
102.47999938 -0.4989776 
102.51999938 -0.4989776 
102.55999938 -0.4989776 
102.59999938 -0.4989776 
102.63999938 -0.4989776 
102.67999938 -0.941496 
102.71999938 -0.4989776 
102.75999938 -0.4989776 
102.79999938 -0.4989776 
102.83999937 -0.941496 
102.87999937 -0.941496 
102.91999937 -0.941496 
102.95999937 -0.941496 
102.99999937 -0.941496 
103.03999937 -0.941496 
103.07999937 -0.941496 
103.11999937 -0.941496 
103.15999937 -0.941496 
103.19999937 -0.941496 
103.23999937 -0.941496 
103.27999937 -0.941496 
103.31999937 -0.941496 
103.35999937 -0.941496 
103.39999937 -0.941496 
103.43999937 -0.941496 
103.47999937 -1.382488 
103.51999937 -1.382488 
103.55999937 -1.382488 
103.59999937 -1.382488 
103.63999937 -0.941496 
103.67999937 -1.825007 
103.71999937 -1.825007 
103.75999937 -1.382488 
103.79999937 -1.825007 
103.83999937 -1.382488 
103.87999937 -1.825007 
103.91999937 -1.825007 
103.95999937 -1.825007 
103.99999937 -1.382488 
104.03999937 -1.382488 
104.07999937 -1.825007 
104.11999937 -1.825007 
104.15999937 -1.825007 
104.19999937 -1.825007 
104.23999937 -1.825007 
104.27999937 -1.825007 
104.31999937 -1.825007 
104.35999937 -1.825007 
104.39999937 -1.825007 
104.43999937 -1.825007 
104.47999937 -0.941496 
104.51999936 -1.382488 
104.55999936 -1.382488 
104.59999936 -1.825007 
104.63999936 -1.825007 
104.67999936 -1.382488 
104.71999936 -0.941496 
104.75999936 -1.382488 
104.79999936 -0.941496 
104.83999936 -0.941496 
104.87999936 -0.941496 
104.91999936 -0.941496 
104.95999936 -0.941496 
104.99999936 -1.382488 
105.03999936 -0.941496 
105.07999936 -0.941496 
105.11999936 -0.941496 
105.15999936 -0.941496 
105.19999936 -0.941496 
105.23999936 -0.941496 
105.27999936 -0.941496 
105.31999936 -0.941496 
105.35999936 -0.941496 
105.39999936 -0.941496 
105.43999936 -0.941496 
105.47999936 -0.941496 
105.51999936 -0.941496 
105.55999936 -0.4989776 
105.59999936 -0.941496 
105.63999936 -1.825007 
105.67999936 -0.4989776 
105.71999936 -0.4989776 
105.75999936 -0.941496 
105.79999936 -0.4989776 
105.83999936 -0.4989776 
105.87999936 -0.4989776 
105.91999936 -0.4989776 
105.95999936 -0.4989776 
105.99999936 -0.4989776 
106.03999936 -0.4989776 
108.87999934 -0.4989776 
108.91999934 -0.4989776 
108.95999934 -0.4989776 
108.99999934 -0.4989776 
109.03999934 -0.4989776 
109.07999934 -0.4989776 
109.11999934 -0.941496 
109.15999934 -0.941496 
109.19999934 -0.941496 
109.23999934 -1.825007 
109.27999934 -0.941496 
109.31999934 -0.941496 
109.35999934 -0.941496 
109.39999934 -0.941496 
109.43999933 -0.941496 
109.47999933 -0.941496 
109.51999933 -0.941496 
109.55999933 -1.382488 
109.59999933 -0.941496 
109.63999933 -1.825007 
109.67999933 -1.382488 
109.71999933 -1.382488 
109.75999933 -1.382488 
109.79999933 -1.825007 
109.83999933 -1.825007 
109.87999933 -1.825007 
109.91999933 -1.825007 
109.95999933 -1.825007 
109.99999933 -1.825007 
110.03999933 -1.825007 
110.07999933 -1.825007 
110.11999933 -1.825007 
110.15999933 -1.825007 
110.19999933 -1.825007 
110.23999933 -1.825007 
110.27999933 -1.825007 
110.31999933 -1.825007 
110.35999933 -1.825007 
110.39999933 -1.825007 
110.43999933 -1.382488 
110.47999933 -1.825007 
110.51999933 -1.825007 
110.55999933 -1.825007 
110.59999933 -1.825007 
110.63999933 -1.825007 
110.67999933 -1.382488 
110.71999933 -1.825007 
110.75999933 -1.382488 
110.79999933 -0.941496 
110.83999933 -1.382488 
110.87999933 -0.941496 
110.91999933 -0.941496 
110.95999933 -0.941496 
110.99999933 -0.941496 
111.03999933 -0.941496 
111.07999932 -0.941496 
111.11999932 -0.941496 
111.15999932 -0.941496 
111.19999932 -0.941496 
111.23999932 -0.941496 
111.27999932 -0.941496 
111.31999932 -0.941496 
111.35999932 -0.941496 
111.39999932 -0.4989776 
111.43999932 -0.941496 
111.47999932 -0.4989776 
111.59999932 -0.4989776 
113.27999931 -0.4989776 
113.35999931 -0.4989776 
113.39999931 -0.4989776 
113.43999931 -0.941496 
113.47999931 -0.4989776 
113.51999931 -0.4989776 
113.55999931 -0.941496 
113.59999931 -0.941496 
113.63999931 -0.941496 
113.67999931 -0.941496 
113.71999931 -0.941496 
113.75999931 -0.941496 
113.79999931 -0.941496 
113.83999931 -0.941496 
113.87999931 -1.825007 
113.91999931 -1.825007 
113.95999931 -1.825007 
113.99999931 -1.825007 
114.03999931 -1.825007 
114.07999931 -1.825007 
114.11999931 -1.825007 
114.15999931 -1.825007 
114.19999931 -2.267525 
114.23999931 -1.825007 
114.27999931 -2.267525 
114.31999931 -2.267525 
114.3599993 -2.267525 
114.3999993 -2.708518 
114.4399993 -2.708518 
114.4799993 -2.267525 
114.5199993 -2.708518 
114.5599993 -2.708518 
114.5999993 -3.151036 
114.6399993 -2.708518 
114.6799993 -3.151036 
114.7199993 -2.708518 
114.7599993 -2.708518 
114.7999993 -2.708518 
114.8399993 -3.151036 
114.8799993 -2.708518 
114.9199993 -3.593554 
114.9599993 -3.151036 
114.9999993 -3.151036 
115.0399993 -2.708518 
115.0799993 -3.593554 
115.1199993 -3.593554 
115.1599993 -3.151036 
115.1999993 -3.151036 
115.2399993 -3.151036 
115.2799993 -3.151036 
115.3199993 -3.593554 
115.3599993 -3.593554 
115.3999993 -3.593554 
115.4399993 -3.593554 
115.4799993 -3.593554 
115.5199993 -2.708518 
115.5599993 -3.151036 
115.5999993 -3.593554 
115.6399993 -3.593554 
115.6799993 -3.593554 
115.7199993 -3.593554 
115.7599993 -3.151036 
115.7999993 -3.151036 
115.8399993 -2.708518 
115.8799993 -3.151036 
115.9199993 -2.708518 
115.9599993 -3.593554 
115.9999993 -2.708518 
116.03999929 -2.708518 
116.07999929 -2.708518 
116.11999929 -2.708518 
116.15999929 -3.151036 
116.19999929 -2.267525 
116.23999929 -2.267525 
116.27999929 -2.267525 
116.31999929 -2.267525 
116.35999929 -2.267525 
116.39999929 -2.267525 
116.43999929 -2.267525 
116.47999929 -1.825007 
116.51999929 -1.825007 
116.55999929 -1.825007 
116.59999929 -1.825007 
116.63999929 -1.825007 
116.67999929 -1.825007 
116.71999929 -1.825007 
116.75999929 -0.941496 
116.79999929 -1.382488 
116.83999929 -0.941496 
116.87999929 -0.941496 
116.91999929 -0.941496 
116.95999929 -0.941496 
116.99999929 -0.941496 
117.03999929 -0.4989776 
117.07999929 -0.4989776 
117.11999929 -0.4989776 
125.39999924 -0.4989776 
125.43999924 -0.4989776 
125.47999924 -0.941496 
125.51999924 -0.4989776 
125.55999924 -0.4989776 
125.59999924 -0.941496 
125.63999924 -0.941496 
125.67999924 -0.941496 
125.71999924 -0.941496 
125.75999924 -0.941496 
125.79999924 -0.941496 
125.83999924 -1.825007 
125.87999923 -1.825007 
125.91999923 -1.825007 
125.95999923 -1.825007 
125.99999923 -1.825007 
126.03999923 -1.825007 
126.07999923 -2.267525 
126.11999923 -2.267525 
126.15999923 -2.267525 
126.19999923 -2.267525 
126.23999923 -3.593554 
126.27999923 -2.267525 
126.31999923 -0.941496 
126.35999923 -2.708518 
126.39999923 -3.593554 
126.43999923 -2.267525 
126.47999923 -2.267525 
126.51999923 -2.708518 
126.55999923 -2.708518 
126.59999923 -2.267525 
126.63999923 -2.267525 
126.67999923 -2.267525 
126.71999923 -3.151036 
126.75999923 -3.593554 
126.79999923 -3.151036 
126.83999923 -2.267525 
126.87999923 -2.708518 
126.91999923 -2.708518 
126.95999923 -2.267525 
126.99999923 -2.708518 
127.03999923 -3.593554 
127.07999923 -2.708518 
127.11999923 -1.825007 
127.15999923 -2.267525 
127.19999923 -2.708518 
127.23999923 -2.708518 
127.27999923 -1.825007 
127.31999923 -2.267525 
127.35999923 -2.267525 
127.39999923 -2.267525 
127.43999923 -2.267525 
127.47999923 -1.825007 
127.51999923 -2.267525 
127.55999922 -2.267525 
127.59999922 -1.825007 
127.63999922 -1.382488 
127.67999922 -1.825007 
127.71999922 -1.825007 
127.75999922 -1.825007 
127.79999922 -0.941496 
127.83999922 -1.382488 
127.87999922 -1.825007 
127.91999922 -1.825007 
127.95999922 -0.941496 
127.99999922 -0.941496 
128.03999922 -0.941496 
128.07999922 -0.941496 
128.11999922 -0.941496 
128.15999922 -0.941496 
128.19999922 -0.941496 
128.23999922 -0.4989776 
128.27999922 -0.4989776 
128.31999922 -0.4989776 
131.3199992 -0.4989776 
131.3599992 -0.4989776 
131.3999992 -0.4989776 
131.4399992 -0.4989776 
131.4799992 -0.4989776 
131.5599992 -0.4989776 
131.5999992 -0.4989776 
131.6399992 -0.4989776 
131.6799992 -0.4989776 
131.7199992 -0.941496 
131.7599992 -0.4989776 
131.8399992 -0.941496 
131.8799992 -0.941496 
131.9199992 -0.4989776 
131.9599992 -0.941496 
132.0399992 -0.4989776 
132.0799992 -0.941496 
132.1199992 -0.941496 
132.1599992 -0.4989776 
132.1999992 -0.941496 
132.2399992 -0.941496 
132.2799992 -0.941496 
132.3199992 -0.941496 
132.3599992 -0.941496 
132.3999992 -0.941496 
132.4399992 -0.941496 
132.47999919 -0.4989776 
132.51999919 -0.4989776 
132.55999919 -0.4989776 
132.59999919 -0.941496 
132.63999919 -0.4989776 
132.67999919 -0.4989776 
132.71999919 -0.4989776 
132.79999919 -0.4989776 
132.83999919 -0.4989776 
132.87999919 -0.4989776 
132.91999919 -0.4989776 
133.07999919 -0.4989776 
136.87999917 -0.4989776 
136.91999917 -0.4989776 
136.95999917 -0.4989776 
136.99999917 -0.4989776 
137.03999917 -0.4989776 
137.07999917 -0.941496 
137.11999917 -0.941496 
137.15999917 -0.941496 
137.19999917 -0.941496 
137.23999917 -0.941496 
137.27999917 -0.941496 
137.31999917 -1.382488 
137.35999917 -0.941496 
137.39999916 -0.941496 
137.43999916 -1.382488 
137.47999916 -1.825007 
137.51999916 -1.825007 
137.55999916 -1.825007 
137.59999916 -1.825007 
137.63999916 -1.825007 
137.67999916 -1.825007 
137.71999916 -1.825007 
137.75999916 -1.825007 
137.79999916 -1.825007 
137.83999916 -1.825007 
137.87999916 -1.825007 
137.91999916 -1.825007 
137.95999916 -2.267525 
137.99999916 -2.267525 
138.03999916 -2.267525 
138.07999916 -2.267525 
138.11999916 -2.267525 
138.15999916 -2.708518 
138.19999916 -2.267525 
138.23999916 -2.267525 
138.27999916 -2.267525 
138.31999916 -2.267525 
138.35999916 -2.267525 
138.39999916 -2.708518 
138.43999916 -2.267525 
138.47999916 -2.708518 
138.51999916 -2.708518 
138.55999916 -2.267525 
138.59999916 -2.267525 
138.63999916 -2.267525 
138.67999916 -2.708518 
138.71999916 -2.708518 
138.75999916 -2.708518 
138.79999916 -2.267525 
138.83999916 -2.708518 
138.87999916 -2.708518 
138.91999916 -2.708518 
138.95999916 -2.708518 
138.99999916 -2.267525 
139.03999915 -2.267525 
139.07999915 -2.267525 
139.11999915 -2.267525 
139.15999915 -2.267525 
139.19999915 -2.267525 
139.23999915 -2.267525 
139.27999915 -2.267525 
139.31999915 -2.267525 
139.35999915 -2.267525 
139.39999915 -2.267525 
139.43999915 -2.267525 
139.47999915 -2.267525 
139.51999915 -1.825007 
139.55999915 -2.267525 
139.59999915 -1.825007 
139.63999915 -1.825007 
139.67999915 -1.825007 
139.71999915 -2.267525 
139.75999915 -1.825007 
139.79999915 -2.267525 
139.83999915 -1.825007 
139.87999915 -1.825007 
139.91999915 -1.825007 
139.95999915 -1.825007 
139.99999915 -1.825007 
140.03999915 -1.825007 
140.07999915 -1.825007 
140.11999915 -1.825007 
140.15999915 -1.825007 
140.19999915 -1.825007 
140.23999915 -1.382488 
140.27999915 -1.825007 
140.31999915 -1.825007 
140.35999915 -1.382488 
140.39999915 -1.382488 
140.43999915 -1.382488 
140.47999915 -0.941496 
140.51999915 -1.382488 
140.55999915 -0.941496 
140.59999915 -0.941496 
140.63999915 -1.382488 
140.67999915 -1.382488 
140.71999914 -0.941496 
140.75999914 -1.382488 
140.79999914 -1.382488 
140.83999914 -1.382488 
140.87999914 -0.941496 
140.91999914 -0.941496 
140.95999914 -0.941496 
140.99999914 -0.941496 
141.03999914 -0.941496 
141.07999914 -0.941496 
141.11999914 -0.941496 
141.15999914 -0.941496 
141.19999914 -0.941496 
141.23999914 -0.941496 
141.27999914 -0.941496 
141.31999914 -1.382488 
141.35999914 -0.941496 
141.39999914 -1.825007 
141.43999914 -0.941496 
141.47999914 -0.941496 
141.51999914 -1.382488 
141.55999914 -1.382488 
141.59999914 -0.941496 
141.63999914 -0.941496 
141.67999914 -1.825007 
141.71999914 -1.825007 
141.75999914 -1.825007 
141.79999914 -1.825007 
141.83999914 -1.825007 
141.87999914 -1.825007 
141.91999914 -1.382488 
141.95999914 -1.825007 
141.99999914 -1.825007 
142.03999914 -1.825007 
142.07999914 -1.825007 
142.11999914 -1.825007 
142.15999914 -1.825007 
142.19999914 -1.825007 
142.23999914 -1.825007 
142.27999914 -1.825007 
142.31999914 -1.825007 
142.35999913 -1.825007 
142.39999913 -1.825007 
142.43999913 -1.825007 
142.47999913 -1.825007 
142.51999913 -1.825007 
142.55999913 -1.825007 
142.59999913 -1.825007 
142.63999913 -1.825007 
142.67999913 -1.825007 
142.71999913 -2.267525 
142.75999913 -1.825007 
142.79999913 -1.825007 
142.83999913 -1.825007 
142.87999913 -2.267525 
142.91999913 -1.825007 
142.95999913 -1.825007 
142.99999913 -1.825007 
143.03999913 -1.825007 
143.07999913 -1.825007 
143.11999913 -1.825007 
143.15999913 -1.825007 
143.19999913 -1.825007 
143.23999913 -1.825007 
143.27999913 -1.825007 
143.31999913 -1.825007 
143.35999913 -1.825007 
143.39999913 -1.825007 
143.43999913 -1.825007 
143.47999913 -1.382488 
143.51999913 -0.941496 
143.55999913 -0.941496 
143.59999913 -1.382488 
143.63999913 -0.941496 
143.67999913 -1.382488 
143.71999913 -0.941496 
143.75999913 -0.941496 
143.79999913 -0.941496 
143.83999913 -0.941496 
143.87999913 -0.4989776 
143.91999913 -0.4989776 
143.95999913 -0.4989776 
143.99999912 -0.4989776 
147.6399991 -0.4989776 
147.7199991 -0.4989776 
147.7599991 -0.4989776 
147.7999991 -0.4989776 
147.8399991 -0.4989776 
147.8799991 -0.4989776 
147.9199991 -0.941496 
147.9599991 -0.4989776 
147.9999991 -0.941496 
148.0399991 -0.941496 
148.0799991 -0.941496 
148.1199991 -0.4989776 
148.1599991 -0.941496 
148.1999991 -0.4989776 
148.2399991 -0.941496 
148.2799991 -0.941496 
148.3199991 -0.941496 
148.3599991 -0.941496 
148.3999991 -0.941496 
148.4399991 -0.941496 
148.4799991 -0.941496 
148.5199991 -0.941496 
148.5599991 -0.941496 
148.5999991 -0.941496 
148.6399991 -0.941496 
148.6799991 -0.941496 
148.7199991 -0.4989776 
148.7599991 -0.941496 
148.7999991 -1.382488 
148.8399991 -0.941496 
148.8799991 -0.4989776 
148.91999909 -0.941496 
148.95999909 -0.941496 
148.99999909 -0.941496 
149.03999909 -0.941496 
149.07999909 -0.941496 
149.11999909 -0.4989776 
149.15999909 -0.941496 
149.19999909 -0.941496 
149.23999909 -0.941496 
149.27999909 -0.4989776 
149.31999909 -0.941496 
149.35999909 -0.941496 
149.39999909 -0.941496 
149.43999909 -0.4989776 
149.47999909 -0.4989776 
149.51999909 -0.4989776 
149.55999909 -0.4989776 
149.59999909 -0.4989776 
149.63999909 -0.4989776 
149.71999909 -0.4989776 
152.51999907 -0.4989776 
152.67999907 -0.4989776 
152.71999907 -0.4989776 
152.75999907 -0.4989776 
152.79999907 -0.4989776 
152.83999907 -0.4989776 
152.87999907 -0.4989776 
152.91999907 -0.4989776 
152.95999907 -0.941496 
152.99999907 -0.4989776 
153.03999907 -0.941496 
153.07999907 -1.825007 
153.11999907 -0.941496 
153.15999907 -0.4989776 
153.19999907 -1.382488 
153.23999907 -1.825007 
153.27999907 -0.941496 
153.31999907 -0.941496 
153.35999907 -1.382488 
153.39999907 -0.941496 
153.43999907 -0.4989776 
153.47999907 -0.4989776 
153.51999907 -0.941496 
153.55999907 -2.267525 
153.59999907 -1.825007 
153.63999907 -0.4989776 
153.71999907 -1.825007 
153.75999907 -0.941496 
153.79999907 -0.4989776 
153.83999907 -1.825007 
153.87999906 -1.825007 
153.91999906 -0.4989776 
153.95999906 -0.4989776 
153.99999906 -1.825007 
154.03999906 -1.825007 
154.07999906 -0.941496 
154.11999906 -0.941496 
154.15999906 -0.941496 
154.19999906 -0.941496 
154.23999906 -1.382488 
154.27999906 -0.941496 
154.31999906 -0.941496 
154.35999906 -1.382488 
154.39999906 -0.941496 
154.43999906 -0.941496 
154.47999906 -0.941496 
154.51999906 -0.941496 
154.55999906 -0.941496 
154.59999906 -0.941496 
154.63999906 -0.941496 
154.67999906 -0.941496 
154.71999906 -0.941496 
154.75999906 -0.941496 
154.79999906 -0.941496 
154.83999906 -0.4989776 
154.87999906 -0.941496 
154.91999906 -0.941496 
154.95999906 -0.941496 
154.99999906 -0.941496 
155.03999906 -0.941496 
155.07999906 -0.4989776 
155.11999906 -0.4989776 
155.15999906 -0.4989776 
155.19999906 -0.4989776 
155.23999906 -0.941496 
155.27999906 -0.4989776 
159.87999903 -0.4989776 
160.07999903 -0.4989776 
160.11999903 -0.4989776 
160.19999903 -0.4989776 
160.23999903 -0.4989776 
160.31999903 -0.4989776 
160.35999903 -0.4989776 
160.39999903 -0.4989776 
160.59999902 -0.4989776 
160.63999902 -0.4989776 
160.75999902 -0.4989776 
160.87999902 -0.4989776 
162.95999901 -0.4989776 
162.99999901 -0.4989776 
163.07999901 -0.4989776 
163.11999901 -0.4989776 
163.15999901 -0.4989776 
163.19999901 -0.941496 
163.23999901 -0.4989776 
163.27999901 -0.4989776 
163.31999901 -0.941496 
163.35999901 -0.941496 
163.39999901 -0.941496 
163.43999901 -0.941496 
163.47999901 -1.382488 
163.51999901 -1.825007 
163.55999901 -1.382488 
163.59999901 -1.825007 
163.63999901 -1.825007 
163.67999901 -1.825007 
163.719999 -1.825007 
163.759999 -1.825007 
163.799999 -1.825007 
163.839999 -1.825007 
163.879999 -2.267525 
163.919999 -2.267525 
163.959999 -2.267525 
163.999999 -2.267525 
164.039999 -2.267525 
164.079999 -2.267525 
164.119999 -2.708518 
164.159999 -2.708518 
164.199999 -2.708518 
164.239999 -2.267525 
164.279999 -2.267525 
164.319999 -2.267525 
164.359999 -3.151036 
164.399999 -3.151036 
164.439999 -3.151036 
164.479999 -2.708518 
164.519999 -2.708518 
164.559999 -3.151036 
164.599999 -3.151036 
164.639999 -2.708518 
164.679999 -3.151036 
164.719999 -3.151036 
164.759999 -2.708518 
164.799999 -3.151036 
164.839999 -3.151036 
164.879999 -2.708518 
164.919999 -2.708518 
164.959999 -3.151036 
164.999999 -3.151036 
165.039999 -3.151036 
165.079999 -3.151036 
165.119999 -3.151036 
165.159999 -2.708518 
165.199999 -2.708518 
165.239999 -2.708518 
165.279999 -2.708518 
165.319999 -2.708518 
165.359999 -2.708518 
165.39999899 -3.151036 
165.43999899 -2.708518 
165.47999899 -2.708518 
165.51999899 -2.708518 
165.55999899 -2.708518 
165.59999899 -2.267525 
165.63999899 -2.708518 
165.67999899 -2.708518 
165.71999899 -2.267525 
165.75999899 -2.267525 
165.79999899 -2.267525 
165.83999899 -2.267525 
165.87999899 -2.267525 
165.91999899 -2.267525 
165.95999899 -2.267525 
165.99999899 -2.267525 
166.03999899 -2.267525 
166.07999899 -2.267525 
166.11999899 -2.267525 
166.15999899 -1.825007 
166.19999899 -1.825007 
166.23999899 -1.825007 
166.27999899 -1.825007 
166.31999899 -1.825007 
166.35999899 -1.825007 
166.39999899 -1.382488 
166.43999899 -1.825007 
166.47999899 -1.382488 
166.51999899 -1.382488 
166.55999899 -0.941496 
166.59999899 -1.382488 
166.63999899 -0.941496 
166.67999899 -0.941496 
166.71999899 -0.941496 
166.75999899 -1.382488 
166.79999899 -0.941496 
166.83999899 -0.941496 
166.87999899 -0.941496 
166.91999899 -0.941496 
166.95999899 -0.4989776 
166.99999899 -0.941496 
167.03999898 -0.4989776 
167.07999898 -0.4989776 
167.11999898 -0.4989776 
167.15999898 -0.4989776 
167.19999898 -0.941496 
167.23999898 -0.4989776 
167.27999898 -0.4989776 
167.31999898 -0.941496 
167.35999898 -0.4989776 
167.39999898 -0.4989776 
167.43999898 -0.4989776 
167.47999898 -0.4989776 
167.51999898 -0.4989776 
167.55999898 -0.4989776 
170.15999897 -0.4989776 
170.19999897 -0.4989776 
170.23999897 -0.4989776 
170.31999896 -0.4989776 
170.35999896 -0.4989776 
170.39999896 -0.4989776 
170.43999896 -0.4989776 
170.47999896 -0.941496 
170.51999896 -0.4989776 
170.55999896 -0.4989776 
170.59999896 -0.4989776 
170.63999896 -0.4989776 
170.67999896 -0.941496 
170.71999896 -0.941496 
170.75999896 -0.941496 
170.79999896 -0.4989776 
170.83999896 -0.941496 
170.87999896 -0.941496 
170.91999896 -0.4989776 
170.95999896 -0.941496 
170.99999896 -0.941496 
171.03999896 -0.941496 
171.07999896 -0.941496 
171.11999896 -0.941496 
171.15999896 -0.941496 
171.23999896 -0.941496 
171.27999896 -0.941496 
171.31999896 -0.4989776 
171.35999896 -0.941496 
171.39999896 -0.941496 
171.43999896 -0.4989776 
171.47999896 -0.4989776 
171.51999896 -0.4989776 
171.55999896 -0.4989776 
171.59999896 -0.4989776 
171.63999896 -0.4989776 
171.67999896 -0.4989776 
171.71999896 -0.4989776 
171.75999896 -0.4989776 
171.79999896 -0.4989776 
171.83999896 -0.4989776 
171.87999896 -0.4989776 
174.39999894 -0.4989776 
174.59999894 -0.4989776 
174.71999894 -0.4989776 
174.75999894 -0.941496 
174.79999894 -0.4989776 
174.83999894 -0.4989776 
174.87999894 -0.941496 
174.91999894 -0.941496 
174.95999894 -0.4989776 
174.99999894 -0.941496 
175.03999894 -0.941496 
175.07999894 -0.941496 
175.11999894 -0.941496 
175.15999894 -0.941496 
175.19999894 -1.382488 
175.23999893 -1.825007 
175.27999893 -1.382488 
175.31999893 -1.382488 
175.35999893 -0.941496 
175.39999893 -1.382488 
175.43999893 -1.825007 
175.47999893 -1.825007 
175.51999893 -1.825007 
175.55999893 -1.825007 
175.59999893 -1.825007 
175.63999893 -1.825007 
175.67999893 -1.825007 
175.71999893 -1.825007 
175.75999893 -1.825007 
175.79999893 -2.267525 
175.83999893 -2.267525 
175.87999893 -1.825007 
175.91999893 -1.825007 
175.95999893 -2.267525 
175.99999893 -2.267525 
176.03999893 -2.267525 
176.07999893 -2.267525 
176.11999893 -2.267525 
176.15999893 -2.267525 
176.19999893 -2.267525 
176.23999893 -2.267525 
176.27999893 -2.267525 
176.31999893 -2.267525 
176.35999893 -1.825007 
176.39999893 -1.825007 
176.43999893 -2.267525 
176.47999893 -2.267525 
176.51999893 -1.825007 
176.55999893 -1.825007 
176.59999893 -1.825007 
176.63999893 -1.825007 
176.67999893 -1.825007 
176.71999893 -1.825007 
176.75999893 -1.825007 
176.79999893 -1.825007 
176.83999893 -1.825007 
176.87999893 -1.382488 
176.91999892 -1.382488 
176.95999892 -1.382488 
176.99999892 -0.941496 
177.03999892 -0.941496 
177.07999892 -0.941496 
177.11999892 -0.941496 
177.15999892 -0.941496 
177.19999892 -0.4989776 
177.23999892 -0.4989776 
177.27999892 -0.4989776 
177.31999892 -0.4989776 
177.35999892 -0.4989776 
177.39999892 -0.4989776 
180.5599989 -0.4989776 
186.35999887 -0.4989776 
186.39999887 -0.4989776 
186.43999887 -0.4989776 
186.47999887 -0.4989776 
186.51999887 -0.941496 
186.55999887 -0.941496 
186.59999887 -0.941496 
186.63999887 -0.941496 
186.67999887 -0.941496 
186.71999887 -0.941496 
186.75999886 -1.825007 
186.79999886 -1.825007 
186.83999886 -1.825007 
186.87999886 -1.825007 
186.91999886 -1.825007 
186.95999886 -1.825007 
186.99999886 -2.267525 
187.03999886 -1.825007 
187.07999886 -1.825007 
187.11999886 -2.267525 
187.15999886 -2.267525 
187.19999886 -2.267525 
187.23999886 -2.267525 
187.27999886 -2.267525 
187.31999886 -2.267525 
187.35999886 -2.267525 
187.39999886 -2.267525 
187.43999886 -2.267525 
187.47999886 -2.708518 
187.51999886 -2.708518 
187.55999886 -3.151036 
187.59999886 -3.151036 
187.63999886 -2.267525 
187.67999886 -2.708518 
187.71999886 -2.708518 
187.75999886 -2.708518 
187.79999886 -2.708518 
187.83999886 -2.708518 
187.87999886 -2.708518 
187.91999886 -2.708518 
187.95999886 -2.708518 
187.99999886 -2.708518 
188.03999886 -2.708518 
188.07999886 -2.708518 
188.11999886 -2.708518 
188.15999886 -2.708518 
188.19999886 -2.708518 
188.23999886 -2.708518 
188.27999886 -2.267525 
188.31999886 -2.708518 
188.35999886 -2.708518 
188.39999886 -2.708518 
188.43999885 -2.267525 
188.47999885 -2.708518 
188.51999885 -2.708518 
188.55999885 -2.708518 
188.59999885 -2.267525 
188.63999885 -2.267525 
188.67999885 -2.267525 
188.71999885 -2.267525 
188.75999885 -2.267525 
188.79999885 -2.267525 
188.83999885 -2.267525 
188.87999885 -1.825007 
188.91999885 -2.267525 
188.95999885 -1.825007 
188.99999885 -1.825007 
189.03999885 -1.825007 
189.07999885 -1.825007 
189.11999885 -1.825007 
189.15999885 -1.825007 
189.19999885 -1.825007 
189.23999885 -1.382488 
189.27999885 -1.382488 
189.31999885 -0.941496 
189.35999885 -0.941496 
189.39999885 -1.382488 
189.43999885 -0.941496 
189.47999885 -0.941496 
189.51999885 -0.941496 
189.55999885 -0.941496 
189.59999885 -0.941496 
189.63999885 -0.941496 
189.67999885 -0.941496 
189.71999885 -0.4989776 
189.75999885 -0.4989776 
189.79999885 -0.4989776 
189.83999885 -0.4989776 
189.87999885 -0.4989776 
189.91999885 -0.4989776 
189.95999885 -0.4989776 
189.99999885 -0.4989776 
190.03999885 -0.4989776 
190.07999884 -0.4989776 
190.11999884 -0.4989776 
190.15999884 -0.4989776 
190.19999884 -0.4989776 
190.23999884 -0.4989776 
190.27999884 -0.4989776 
190.31999884 -0.4989776 
190.35999884 -0.4989776 
190.63999884 -0.4989776 
190.67999884 -0.4989776 
190.71999884 -0.4989776 
190.79999884 -0.4989776 
190.83999884 -0.4989776 
190.87999884 -0.4989776 
190.91999884 -0.4989776 
190.95999884 -0.4989776 
190.99999884 -0.941496 
191.03999884 -0.4989776 
191.07999884 -0.941496 
191.11999884 -0.941496 
191.15999884 -0.941496 
191.19999884 -0.941496 
191.23999884 -0.941496 
191.27999884 -0.941496 
191.31999884 -1.825007 
191.35999884 -0.941496 
191.39999884 -0.941496 
191.43999884 -1.382488 
191.47999884 -1.382488 
191.51999884 -1.825007 
191.55999884 -1.825007 
191.59999884 -1.825007 
191.63999884 -1.825007 
191.67999884 -1.825007 
191.71999883 -1.825007 
191.75999883 -1.825007 
191.79999883 -2.267525 
191.83999883 -2.267525 
191.87999883 -2.267525 
191.91999883 -2.267525 
191.95999883 -2.267525 
191.99999883 -2.267525 
192.03999883 -2.267525 
192.07999883 -2.267525 
192.11999883 -2.267525 
192.15999883 -2.708518 
192.19999883 -2.708518 
192.23999883 -2.267525 
192.27999883 -2.267525 
192.31999883 -2.267525 
192.35999883 -2.708518 
192.39999883 -2.708518 
192.43999883 -2.267525 
192.47999883 -2.267525 
192.51999883 -2.267525 
192.55999883 -2.267525 
192.59999883 -2.267525 
192.63999883 -2.267525 
192.67999883 -2.267525 
192.71999883 -2.267525 
192.75999883 -2.267525 
192.79999883 -2.267525 
192.83999883 -2.267525 
192.87999883 -2.267525 
192.91999883 -1.825007 
192.95999883 -1.825007 
192.99999883 -1.825007 
193.03999883 -1.825007 
193.07999883 -1.825007 
193.11999883 -1.825007 
193.15999883 -1.825007 
193.19999883 -1.825007 
193.23999883 -1.825007 
193.27999883 -1.825007 
193.31999883 -1.382488 
193.35999882 -1.382488 
193.39999882 -1.382488 
193.43999882 -0.941496 
193.47999882 -0.941496 
193.51999882 -0.941496 
193.55999882 -0.941496 
193.59999882 -0.941496 
193.63999882 -0.941496 
193.67999882 -0.941496 
193.71999882 -0.4989776 
193.75999882 -0.941496 
193.79999882 -0.4989776 
193.83999882 -0.4989776 
193.87999882 -0.4989776 
197.0399988 -0.4989776 
197.1599988 -0.4989776 
197.1999988 -0.4989776 
197.2399988 -0.4989776 
197.2799988 -0.941496 
197.3199988 -0.4989776 
197.3599988 -0.941496 
197.3999988 -0.941496 
197.4399988 -0.941496 
197.4799988 -0.941496 
197.5599988 -0.941496 
197.5999988 -0.941496 
197.6399988 -0.941496 
197.6799988 -0.941496 
197.7199988 -0.941496 
197.7599988 -0.941496 
197.7999988 -0.941496 
197.8399988 -0.941496 
197.8799988 -0.941496 
197.9199988 -0.941496 
197.9599988 -0.941496 
197.9999988 -0.941496 
198.0399988 -0.941496 
198.0799988 -0.941496 
198.1199988 -0.941496 
198.1599988 -0.941496 
198.1999988 -0.941496 
198.2399988 -0.941496 
198.27999879 -0.941496 
198.31999879 -0.941496 
198.35999879 -0.941496 
198.39999879 -0.941496 
198.43999879 -0.941496 
198.47999879 -0.941496 
198.51999879 -0.941496 
198.55999879 -0.941496 
198.59999879 -0.941496 
198.63999879 -0.941496 
198.67999879 -0.941496 
198.71999879 -0.941496 
198.75999879 -0.4989776 
198.79999879 -0.941496 
198.83999879 -0.941496 
198.87999879 -0.941496 
198.91999879 -0.941496 
198.95999879 -0.941496 
198.99999879 -0.4989776 
199.03999879 -0.4989776 
199.07999879 -0.4989776 
199.11999879 -0.4989776 
199.15999879 -0.941496 
199.19999879 -0.4989776 
199.23999879 -0.941496 
199.27999879 -0.4989776 
199.31999879 -0.4989776 
199.35999879 -0.4989776 
199.39999879 -0.4989776 
199.43999879 -0.4989776 
199.47999879 -0.4989776 
199.51999879 -0.4989776 
199.55999879 -0.4989776 
199.59999879 -0.4989776 
199.63999879 -0.4989776 
199.67999879 -0.4989776 
199.71999879 -0.4989776 
199.75999879 -0.4989776 
199.79999879 -0.4989776 
199.83999879 -0.4989776 
199.87999879 -0.4989776 
199.91999878 -0.4989776 
199.99999878 -0.4989776 
200.11999878 -0.4989776 
0 0 
