0.08 -0.4989776 
1.55999999 -0.941496 
1.91999999 -1.382488 
1.95999999 -0.941496 
4.99999997 -1.825007 
5.19999997 -0.4989776 
5.23999997 -0.4989776 
5.43999997 -0.4989776 
5.71999997 -0.941496 
6.07999996 -1.825007 
6.11999996 -1.382488 
6.35999996 -0.4989776 
6.79999996 -1.825007 
6.83999996 -0.941496 
7.03999996 -0.941496 
7.07999996 -0.4989776 
12.03999993 -0.941496 
12.07999993 -0.4989776 
14.67999991 -2.267525 
14.71999991 -0.941496 
15.15999991 -0.4989776 
15.9999999 -0.4989776 
16.1999999 -0.4989776 
16.4399999 -0.941496 
16.6399999 -0.4989776 
16.6799999 -0.941496 
16.8399999 -0.941496 
16.8799999 -0.4989776 
16.9999999 -4.919584 
17.0399999 -8.896146 
17.1999999 -2.267525 
17.2399999 -3.151036 
17.27999989 -3.593554 
17.31999989 -1.825007 
17.47999989 -1.382488 
17.51999989 -2.267525 
17.55999989 -1.825007 
17.59999989 -0.4989776 
17.71999989 -1.382488 
17.75999989 -1.382488 
17.79999989 -0.941496 
17.83999989 -0.941496 
17.87999989 -1.382488 
17.91999989 -0.941496 
17.95999989 -0.4989776 
17.99999989 -0.941496 
18.03999989 -0.941496 
18.07999989 -0.941496 
18.11999989 -0.941496 
18.15999989 -0.941496 
18.19999989 -0.4989776 
18.23999989 -0.941496 
18.27999989 -0.941496 
18.31999989 -0.941496 
18.35999989 -0.941496 
18.39999989 -0.4989776 
18.43999989 -0.4989776 
18.47999989 -0.941496 
18.51999989 -0.941496 
18.55999989 -0.941496 
18.59999989 -0.4989776 
18.63999989 -0.4989776 
18.67999989 -0.941496 
18.71999989 -0.941496 
18.75999989 -0.4989776 
18.79999989 -0.4989776 
18.83999989 -0.4989776 
18.91999989 -0.4989776 
18.95999988 -0.4989776 
18.99999988 -0.941496 
19.03999988 -0.4989776 
19.15999988 -0.4989776 
19.19999988 -0.4989776 
19.47999988 -0.4989776 
19.51999988 -0.4989776 
19.63999988 -0.4989776 
20.55999988 -1.382488 
20.59999987 -0.941496 
20.79999987 -0.941496 
20.83999987 -0.941496 
21.03999987 -0.941496 
21.07999987 -1.825007 
21.19999987 -4.919584 
21.35999987 -6.244087 
21.39999987 -2.708518 
21.59999987 -0.4989776 
21.67999987 -3.593554 
21.71999987 -1.825007 
21.83999987 -4.034547 
21.95999987 -3.151036 
21.99999987 -2.708518 
22.11999987 -2.267525 
22.15999987 -0.941496 
22.27999986 -0.4989776 
22.31999986 -0.941496 
22.35999986 -0.4989776 
22.59999986 -2.708518 
22.63999986 -2.708518 
22.79999986 -0.4989776 
22.83999986 -1.825007 
22.87999986 -0.941496 
23.03999986 -0.4989776 
23.07999986 -0.4989776 
23.35999986 -0.941496 
23.39999986 -0.4989776 
25.31999985 -4.034547 
25.35999985 -2.708518 
25.83999984 -0.4989776 
25.87999984 -0.4989776 
27.67999983 -1.382488 
27.71999983 -1.382488 
27.91999983 -2.267525 
27.95999983 -4.477065 
28.39999983 -0.4989776 
31.07999981 -0.941496 
31.31999981 -0.4989776 
31.79999981 -0.4989776 
32.9599998 -0.4989776 
33.1599998 -0.4989776 
33.1999998 -0.4989776 
38.23999977 -2.267525 
38.27999977 -0.4989776 
38.47999977 -0.4989776 
40.67999975 -0.4989776 
40.71999975 -0.941496 
40.83999975 -0.4989776 
40.87999975 -1.825007 
41.35999975 -0.4989776 
41.39999975 -0.4989776 
41.63999975 -0.941496 
42.51999974 -0.4989776 
42.71999974 -2.708518 
42.87999974 -3.593554 
42.91999974 -2.267525 
43.15999974 -0.941496 
43.39999974 -1.825007 
43.43999974 -1.825007 
43.59999974 -0.4989776 
43.63999973 -1.825007 
43.67999973 -1.825007 
43.71999973 -0.941496 
43.87999973 -0.941496 
43.91999973 -0.941496 
43.95999973 -0.4989776 
43.99999973 -0.4989776 
44.03999973 -0.4989776 
44.07999973 -0.4989776 
44.11999973 -0.4989776 
44.15999973 -0.941496 
44.19999973 -0.941496 
44.23999973 -0.4989776 
44.27999973 -0.941496 
44.31999973 -0.4989776 
44.35999973 -0.4989776 
44.39999973 -0.4989776 
44.43999973 -0.4989776 
44.47999973 -0.941496 
44.51999973 -0.4989776 
44.55999973 -0.941496 
44.59999973 -0.941496 
44.63999973 -0.941496 
44.67999973 -0.941496 
44.71999973 -0.941496 
44.75999973 -0.4989776 
44.79999973 -0.4989776 
44.83999973 -0.941496 
44.87999973 -1.382488 
44.91999973 -0.4989776 
44.99999973 -0.4989776 
45.03999973 -1.825007 
45.07999973 -1.382488 
45.11999973 -0.4989776 
45.19999973 -0.941496 
45.23999973 -0.941496 
45.27999972 -0.4989776 
45.31999972 -0.941496 
45.35999972 -1.825007 
45.47999972 -1.825007 
45.51999972 -3.593554 
45.55999972 -2.267525 
45.71999972 -0.941496 
45.75999972 -1.825007 
45.79999972 -0.941496 
45.95999972 -0.941496 
45.99999972 -0.941496 
46.15999972 -0.4989776 
46.19999972 -1.382488 
46.23999972 -0.4989776 
46.35999972 -0.4989776 
46.39999972 -1.825007 
46.55999972 -2.267525 
46.59999972 -1.825007 
46.79999972 -1.382488 
46.91999971 -5.360576 
47.07999971 -5.803094 
47.11999971 -3.151036 
47.39999971 -3.593554 
47.43999971 -0.4989776 
47.55999971 -2.708518 
47.67999971 -0.941496 
47.83999971 -0.941496 
48.03999971 -0.4989776 
49.8799997 -0.4989776 
50.1599997 -0.4989776 
50.19999969 -0.4989776 
50.31999969 -0.4989776 
50.55999969 -0.4989776 
50.59999969 -0.4989776 
50.79999969 -0.4989776 
50.83999969 -0.4989776 
51.59999969 -0.4989776 
51.63999969 -2.708518 
51.79999969 -1.825007 
51.83999968 -0.4989776 
53.71999967 -0.941496 
53.95999967 -0.4989776 
53.99999967 -0.941496 
54.07999967 -0.941496 
54.11999967 -3.593554 
54.67999967 -0.4989776 
54.71999967 -0.4989776 
54.87999967 -0.4989776 
54.91999967 -0.941496 
54.95999967 -0.4989776 
55.11999967 -0.4989776 
55.15999966 -0.941496 
55.19999966 -0.4989776 
55.31999966 -0.4989776 
55.35999966 -0.941496 
55.39999966 -0.941496 
55.43999966 -0.4989776 
55.47999966 -0.4989776 
55.51999966 -0.941496 
55.55999966 -0.941496 
55.59999966 -0.941496 
55.63999966 -0.4989776 
55.67999966 -0.4989776 
55.75999966 -0.4989776 
55.79999966 -0.941496 
55.83999966 -1.382488 
55.87999966 -0.941496 
55.91999966 -0.4989776 
55.95999966 -0.4989776 
55.99999966 -0.941496 
56.03999966 -0.941496 
56.07999966 -0.941496 
56.11999966 -0.4989776 
56.23999966 -0.941496 
56.27999966 -1.825007 
56.31999966 -0.941496 
56.43999966 -0.4989776 
56.47999966 -0.941496 
56.51999966 -0.941496 
56.55999966 -0.4989776 
56.71999966 -0.941496 
56.75999966 -0.4989776 
56.79999965 -0.941496 
56.83999965 -0.941496 
56.87999965 -0.4989776 
57.07999965 -0.941496 
57.11999965 -0.4989776 
57.51999965 -0.4989776 
57.99999965 -0.4989776 
62.23999962 -0.4989776 
64.51999961 -0.941496 
65.7199996 -0.941496 
66.83999959 -4.477065 
66.87999959 -4.477065 
67.03999959 -1.825007 
67.31999959 -0.941496 
67.35999959 -1.382488 
67.51999959 -0.4989776 
67.55999959 -0.941496 
67.59999959 -0.4989776 
67.75999959 -0.4989776 
68.19999959 -0.941496 
68.23999959 -0.4989776 
68.43999958 -0.4989776 
68.47999958 -0.4989776 
68.63999958 -5.360576 
68.67999958 -5.360576 
68.83999958 -1.825007 
69.07999958 -1.825007 
69.27999958 -3.593554 
69.31999958 -2.267525 
69.47999958 -0.941496 
69.51999958 -1.382488 
72.07999956 -0.4989776 
72.11999956 -0.4989776 
72.27999956 -0.4989776 
72.47999956 -0.941496 
72.51999956 -2.267525 
72.55999956 -0.4989776 
72.75999956 -1.382488 
72.79999956 -0.941496 
72.83999956 -0.4989776 
72.91999956 -4.034547 
72.95999956 -2.267525 
73.11999956 -1.825007 
73.35999955 -4.477065 
73.39999955 -0.941496 
73.63999955 -2.708518 
73.79999955 -0.4989776 
74.43999955 -0.4989776 
74.47999955 -0.941496 
75.87999954 -1.382488 
75.91999954 -0.4989776 
77.11999953 -0.4989776 
77.15999953 -0.4989776 
77.27999953 -0.941496 
77.31999953 -0.941496 
77.47999953 -0.941496 
77.51999953 -2.708518 
77.55999953 -2.267525 
77.71999953 -0.941496 
77.75999953 -3.593554 
77.79999953 -2.708518 
77.91999953 -0.4989776 
78.07999953 -3.593554 
78.11999953 -0.941496 
78.19999952 -1.382488 
78.23999952 -1.825007 
78.27999952 -0.941496 
78.31999952 -0.4989776 
78.35999952 -0.4989776 
78.39999952 -0.941496 
78.43999952 -0.941496 
78.47999952 -0.941496 
78.51999952 -0.941496 
78.55999952 -1.825007 
78.59999952 -1.825007 
78.63999952 -0.941496 
78.67999952 -0.941496 
78.71999952 -0.941496 
78.75999952 -0.4989776 
78.79999952 -0.4989776 
78.83999952 -0.4989776 
78.87999952 -0.941496 
78.91999952 -0.941496 
78.95999952 -0.941496 
78.99999952 -0.4989776 
79.03999952 -0.4989776 
79.07999952 -0.4989776 
79.11999952 -0.4989776 
79.15999952 -0.941496 
79.19999952 -0.941496 
79.23999952 -0.4989776 
79.27999952 -0.4989776 
79.43999952 -0.941496 
79.47999952 -4.034547 
79.51999952 -3.593554 
79.67999952 -3.593554 
79.71999952 -4.477065 
79.75999952 -0.941496 
79.87999951 -0.941496 
79.91999951 -3.151036 
79.95999951 -1.825007 
80.11999951 -1.825007 
80.27999951 -2.267525 
80.31999951 -0.4989776 
80.43999951 -0.4989776 
82.5999995 -0.941496 
82.6399995 -0.941496 
82.6799995 -0.4989776 
82.8399995 -0.941496 
82.8799995 -1.825007 
83.0399995 -0.4989776 
83.0799995 -0.941496 
83.11999949 -0.4989776 
83.15999949 -0.4989776 
83.27999949 -0.4989776 
83.31999949 -1.825007 
83.35999949 -0.4989776 
83.55999949 -0.941496 
83.75999949 -0.4989776 
83.95999949 -0.4989776 
83.99999949 -0.4989776 
84.43999949 -0.4989776 
84.47999949 -0.4989776 
84.71999949 -0.4989776 
89.67999945 -0.4989776 
89.87999945 -0.941496 
89.91999945 -2.267525 
90.11999945 -1.825007 
90.79999945 -0.4989776 
90.83999945 -0.941496 
92.87999944 -0.4989776 
93.03999943 -1.382488 
93.15999943 -0.941496 
93.35999943 -0.4989776 
93.39999943 -0.4989776 
94.15999943 -0.941496 
94.19999943 -0.4989776 
94.43999943 -4.477065 
94.47999943 -7.570117 
94.63999942 -1.825007 
94.67999942 -0.941496 
94.83999942 -0.4989776 
94.99999942 -0.4989776 
95.03999942 -1.825007 
95.07999942 -0.941496 
95.27999942 -0.4989776 
95.31999942 -0.4989776 
96.03999942 -0.4989776 
96.07999942 -2.267525 
96.31999941 -0.4989776 
98.6399994 -4.477065 
98.7999994 -5.803094 
98.8399994 -2.267525 
99.1199994 -2.708518 
99.1599994 -0.4989776 
99.2799994 -3.593554 
99.3999994 -1.825007 
99.4399994 -1.825007 
99.55999939 -1.382488 
99.71999939 -1.382488 
99.75999939 -1.825007 
99.91999939 -2.267525 
99.95999939 -2.708518 
100.15999939 -1.382488 
100.19999939 -2.267525 
100.23999939 -0.941496 
100.39999939 -0.941496 
100.43999939 -1.825007 
100.47999939 -0.4989776 
100.63999939 -0.4989776 
100.67999939 -0.941496 
100.71999939 -0.4989776 
100.91999939 -0.4989776 
100.95999939 -0.4989776 
101.15999939 -0.941496 
101.19999938 -0.4989776 
101.31999938 -0.941496 
101.35999938 -1.382488 
101.51999938 -1.825007 
101.55999938 -0.4989776 
101.71999938 -1.825007 
101.75999938 -1.825007 
102.03999938 -0.4989776 
103.23999937 -0.941496 
103.27999937 -0.941496 
103.75999937 -0.4989776 
103.79999937 -0.4989776 
103.87999937 -0.4989776 
104.07999937 -0.4989776 
104.11999937 -0.4989776 
104.23999937 -0.4989776 
104.35999937 -3.593554 
104.39999937 -4.034547 
104.51999936 -0.941496 
104.55999936 -1.382488 
104.67999936 -0.4989776 
104.71999936 -0.4989776 
104.75999936 -1.825007 
104.79999936 -1.382488 
104.95999936 -2.267525 
104.99999936 -0.941496 
105.07999936 -0.941496 
105.11999936 -0.941496 
105.23999936 -0.4989776 
105.27999936 -1.825007 
105.31999936 -1.825007 
105.35999936 -0.4989776 
105.47999936 -0.4989776 
105.51999936 -1.382488 
105.55999936 -0.941496 
105.59999936 -0.4989776 
105.67999936 -0.4989776 
105.71999936 -0.4989776 
105.75999936 -0.4989776 
105.79999936 -0.4989776 
105.83999936 -0.4989776 
105.87999936 -0.4989776 
105.91999936 -0.941496 
105.95999936 -0.4989776 
106.15999935 -0.4989776 
106.19999935 -3.151036 
106.23999935 -3.151036 
106.27999935 -4.034547 
106.43999935 -1.382488 
106.47999935 -0.941496 
106.95999935 -0.4989776 
110.15999933 -0.941496 
110.35999933 -0.941496 
110.39999933 -0.941496 
115.3599993 -1.382488 
115.3999993 -0.4989776 
115.8399993 -0.941496 
116.03999929 -0.4989776 
116.23999929 -0.4989776 
116.71999929 -0.941496 
116.91999929 -0.941496 
116.95999929 -0.4989776 
117.11999929 -0.941496 
117.15999929 -0.4989776 
117.39999929 -0.941496 
117.43999929 -0.4989776 
118.43999928 -0.4989776 
118.47999928 -0.941496 
118.99999928 -0.4989776 
119.03999928 -1.825007 
119.19999928 -0.941496 
120.39999927 -2.708518 
120.43999927 -0.941496 
120.59999927 -2.267525 
120.63999927 -1.382488 
120.83999927 -0.4989776 
124.51999924 -3.593554 
124.67999924 -3.593554 
124.71999924 -1.825007 
124.99999924 -0.941496 
125.15999924 -0.941496 
125.27999924 -0.941496 
125.79999924 -0.941496 
126.39999923 -0.4989776 
126.43999923 -0.941496 
127.39999923 -0.4989776 
127.43999923 -0.941496 
127.47999923 -0.4989776 
127.67999922 -0.941496 
127.71999922 -0.4989776 
127.87999922 -0.941496 
127.91999922 -0.4989776 
128.07999922 -0.941496 
128.11999922 -0.941496 
128.15999922 -0.4989776 
128.27999922 -0.4989776 
128.31999922 -0.4989776 
128.39999922 -0.4989776 
128.43999922 -0.4989776 
128.47999922 -0.4989776 
128.51999922 -0.4989776 
128.59999922 -0.941496 
128.63999922 -0.941496 
128.67999922 -0.4989776 
128.87999922 -1.825007 
128.91999922 -1.825007 
129.11999922 -0.941496 
129.15999922 -0.941496 
129.31999921 -0.4989776 
130.51999921 -0.4989776 
130.63999921 -0.941496 
130.67999921 -4.919584 
130.71999921 -0.941496 
130.9599992 -0.941496 
130.9999992 -0.4989776 
131.2399992 -0.4989776 
131.5599992 -0.4989776 
131.5999992 -0.4989776 
131.7599992 -0.4989776 
131.7999992 -0.941496 
131.9599992 -0.941496 
131.9999992 -2.267525 
132.0399992 -0.941496 
132.1999992 -0.941496 
132.2399992 -0.941496 
132.2799992 -0.4989776 
132.3999992 -1.825007 
132.4399992 -4.919584 
132.47999919 -1.825007 
132.59999919 -0.941496 
132.63999919 -1.825007 
132.67999919 -0.4989776 
132.71999919 -0.4989776 
132.75999919 -0.4989776 
132.87999919 -0.941496 
132.91999919 -0.941496 
133.03999919 -0.4989776 
133.07999919 -0.4989776 
133.11999919 -0.941496 
133.15999919 -0.941496 
133.31999919 -0.4989776 
133.35999919 -0.4989776 
133.55999919 -0.4989776 
133.67999919 -0.4989776 
133.83999919 -0.4989776 
133.99999919 -0.4989776 
134.23999918 -0.4989776 
134.27999918 -0.4989776 
135.83999917 -0.4989776 
136.55999917 -1.382488 
138.39999916 -0.4989776 
138.59999916 -0.4989776 
138.83999916 -0.4989776 
139.07999915 -0.4989776 
140.87999914 -0.941496 
141.71999914 -0.4989776 
143.95999913 -0.4989776 
144.19999912 -0.4989776 
144.59999912 -0.4989776 
145.15999912 -3.151036 
145.19999912 -3.151036 
146.19999911 -4.477065 
146.23999911 -1.825007 
149.03999909 -0.4989776 
149.23999909 -0.4989776 
150.27999909 -0.4989776 
150.35999909 -1.825007 
150.39999909 -1.825007 
150.59999908 -0.941496 
150.83999908 -5.360576 
150.87999908 -1.382488 
151.11999908 -2.267525 
151.27999908 -1.825007 
151.31999908 -0.941496 
153.79999907 -0.4989776 
153.83999907 -0.4989776 
153.91999906 -0.4989776 
153.95999906 -0.4989776 
154.11999906 -0.4989776 
154.15999906 -1.382488 
154.19999906 -1.382488 
154.31999906 -0.4989776 
154.35999906 -1.825007 
154.39999906 -0.941496 
154.51999906 -0.4989776 
154.55999906 -0.941496 
154.59999906 -0.941496 
154.63999906 -0.4989776 
154.67999906 -0.4989776 
154.71999906 -0.941496 
154.75999906 -0.941496 
154.79999906 -0.941496 
154.83999906 -0.4989776 
154.87999906 -0.4989776 
154.91999906 -0.941496 
154.95999906 -0.941496 
154.99999906 -0.941496 
155.03999906 -0.941496 
155.07999906 -0.4989776 
155.11999906 -0.941496 
155.15999906 -0.941496 
155.19999906 -0.941496 
155.31999906 -0.941496 
155.35999906 -1.382488 
155.39999906 -0.4989776 
155.43999906 -0.4989776 
155.47999906 -0.941496 
155.51999905 -0.941496 
155.55999905 -0.4989776 
155.63999905 -0.4989776 
155.67999905 -1.825007 
155.71999905 -0.941496 
155.83999905 -0.941496 
155.87999905 -1.825007 
155.91999905 -1.382488 
156.07999905 -0.4989776 
156.11999905 -2.708518 
156.15999905 -2.708518 
156.19999905 -0.4989776 
156.31999905 -0.941496 
156.35999905 -1.825007 
156.39999905 -1.825007 
156.55999905 -0.4989776 
156.59999905 -0.941496 
156.63999905 -0.941496 
156.75999905 -1.825007 
156.79999905 -1.825007 
156.95999905 -6.244087 
156.99999905 -5.803094 
157.15999904 -0.941496 
157.27999904 -1.825007 
157.31999904 -1.382488 
157.47999904 -0.4989776 
157.51999904 -0.941496 
157.67999904 -0.4989776 
157.71999904 -0.4989776 
158.43999904 -0.4989776 
158.59999904 -0.941496 
158.63999904 -0.4989776 
159.55999903 -0.4989776 
161.07999902 -0.941496 
161.27999902 -0.4989776 
161.31999902 -0.4989776 
165.55999899 -0.4989776 
165.75999899 -0.941496 
165.79999899 -0.941496 
165.91999899 -0.4989776 
165.95999899 -2.267525 
165.99999899 -1.382488 
166.19999899 -2.267525 
166.23999899 -1.825007 
166.43999899 -0.941496 
166.47999899 -0.941496 
166.63999899 -0.4989776 
166.67999899 -1.382488 
166.87999899 -1.382488 
166.91999899 -1.825007 
167.11999898 -0.941496 
169.87999897 -0.4989776 
171.03999896 -0.4989776 
171.31999896 -0.4989776 
171.35999896 -2.267525 
171.51999896 -0.4989776 
172.19999895 -3.151036 
174.35999894 -0.4989776 
176.11999893 -0.4989776 
176.27999893 -4.477065 
176.39999893 -5.803094 
176.59999893 -0.941496 
176.63999893 -1.825007 
176.75999893 -0.941496 
176.79999893 -2.267525 
176.91999892 -0.941496 
177.03999892 -2.708518 
177.07999892 -3.593554 
177.23999892 -0.4989776 
177.39999892 -0.4989776 
177.55999892 -0.941496 
177.71999892 -0.4989776 
177.91999892 -0.4989776 
179.07999891 -0.941496 
179.31999891 -0.4989776 
180.1999989 -0.4989776 
181.0799989 -0.941496 
181.1199989 -1.825007 
181.1599989 -0.4989776 
181.3199989 -0.941496 
181.3599989 -1.382488 
181.5599989 -0.4989776 
181.5999989 -0.4989776 
181.83999889 -0.4989776 
181.99999889 -0.941496 
182.27999889 -0.4989776 
182.47999889 -0.4989776 
182.75999889 -0.4989776 
182.95999889 -0.4989776 
183.27999889 -5.803094 
183.31999889 -0.941496 
183.43999889 -1.382488 
183.47999888 -0.4989776 
183.63999888 -0.4989776 
184.15999888 -0.4989776 
184.35999888 -0.4989776 
184.59999888 -5.360576 
186.15999887 -0.941496 
186.39999887 -0.4989776 
186.63999887 -0.941496 
186.67999887 -0.4989776 
187.11999886 -2.267525 
187.15999886 -0.4989776 
187.31999886 -2.267525 
187.35999886 -1.382488 
187.51999886 -1.382488 
187.55999886 -0.4989776 
187.99999886 -0.4989776 
188.03999886 -0.941496 
188.07999886 -0.941496 
188.23999886 -0.941496 
188.27999886 -0.941496 
188.31999886 -0.4989776 
188.43999885 -0.4989776 
188.47999885 -1.382488 
188.51999885 -0.941496 
188.63999885 -0.4989776 
188.67999885 -0.941496 
188.71999885 -0.4989776 
188.83999885 -0.4989776 
188.87999885 -0.4989776 
188.91999885 -0.4989776 
188.95999885 -0.4989776 
189.03999885 -0.4989776 
189.07999885 -0.941496 
189.11999885 -0.4989776 
189.27999885 -0.4989776 
189.31999885 -1.825007 
189.35999885 -1.382488 
189.55999885 -0.4989776 
189.59999885 -0.4989776 
189.79999885 -0.4989776 
189.83999885 -0.4989776 
190.03999885 -0.4989776 
190.71999884 -0.4989776 
190.75999884 -0.4989776 
191.27999884 -0.941496 
191.31999884 -0.4989776 
191.51999884 -0.4989776 
192.59999883 -0.4989776 
192.83999883 -0.4989776 
192.99999883 -0.4989776 
193.03999883 -0.941496 
193.07999883 -0.4989776 
193.23999883 -0.4989776 
193.27999883 -0.4989776 
193.39999882 -0.4989776 
193.43999882 -0.941496 
193.47999882 -0.4989776 
193.51999882 -0.941496 
193.55999882 -0.4989776 
193.75999882 -0.941496 
193.79999882 -1.382488 
193.83999882 -0.4989776 
193.95999882 -0.4989776 
193.99999882 -0.941496 
194.15999882 -0.941496 
194.19999882 -1.825007 
194.23999882 -0.941496 
194.43999882 -0.4989776 
194.47999882 -0.4989776 
197.5199988 -0.4989776 
197.9599988 -4.477065 
197.9999988 -0.941496 
0 0 
