0.0 -0.941496 
0.04 -0.941496 
0.08 -0.941496 
0.12 -0.941496 
0.16 -0.941496 
0.2 -0.941496 
0.24 -0.941496 
0.28 -0.941496 
0.32 -0.941496 
0.36 -0.941496 
0.4 -0.941496 
0.44 -0.941496 
0.48 -0.941496 
0.52 -0.941496 
0.56 -0.941496 
0.6 -0.941496 
0.64 -0.941496 
0.68 -0.941496 
0.72 -1.382488 
0.76 -0.941496 
0.8 -0.941496 
0.83999999 -1.382488 
0.87999999 -0.941496 
0.91999999 -0.941496 
0.95999999 -0.941496 
0.99999999 -0.941496 
1.03999999 -0.941496 
1.07999999 -0.941496 
1.11999999 -0.4989776 
1.15999999 -0.4989776 
1.19999999 -0.4989776 
1.23999999 -0.4989776 
1.27999999 -0.4989776 
1.31999999 -0.4989776 
1.35999999 -0.4989776 
5.27999997 -0.4989776 
5.31999997 -0.4989776 
5.35999997 -0.4989776 
5.39999997 -0.941496 
5.43999997 -0.4989776 
5.47999997 -0.941496 
5.51999997 -0.941496 
5.55999997 -0.941496 
5.59999997 -0.941496 
5.63999997 -0.941496 
5.67999997 -0.941496 
5.71999997 -0.941496 
5.75999996 -1.825007 
5.79999996 -1.382488 
5.83999996 -1.825007 
5.87999996 -1.825007 
5.91999996 -1.825007 
5.95999996 -1.825007 
5.99999996 -1.825007 
6.03999996 -1.825007 
6.07999996 -1.825007 
6.11999996 -1.825007 
6.15999996 -1.825007 
6.19999996 -1.825007 
6.23999996 -2.267525 
6.27999996 -1.825007 
6.31999996 -2.267525 
6.35999996 -1.825007 
6.39999996 -1.825007 
6.43999996 -1.825007 
6.47999996 -1.825007 
6.51999996 -1.825007 
6.55999996 -1.825007 
6.59999996 -1.382488 
6.63999996 -1.825007 
6.67999996 -1.825007 
6.71999996 -1.825007 
6.75999996 -1.825007 
6.79999996 -1.825007 
6.83999996 -1.825007 
6.87999996 -1.825007 
6.91999996 -1.825007 
6.95999996 -1.825007 
6.99999996 -1.825007 
7.03999996 -1.825007 
7.07999996 -1.825007 
7.11999996 -1.825007 
7.15999996 -1.825007 
7.19999996 -1.825007 
7.23999996 -1.825007 
7.27999996 -1.825007 
7.31999996 -1.825007 
7.35999996 -1.825007 
7.39999996 -1.825007 
7.43999995 -1.825007 
7.47999995 -1.825007 
7.51999995 -1.825007 
7.55999995 -1.825007 
7.59999995 -1.825007 
7.63999995 -0.941496 
7.67999995 -1.825007 
7.71999995 -1.825007 
7.75999995 -1.825007 
7.79999995 -1.825007 
7.83999995 -1.825007 
7.87999995 -1.825007 
7.91999995 -1.825007 
7.95999995 -1.825007 
7.99999995 -1.825007 
8.03999995 -1.825007 
8.07999995 -1.825007 
8.11999995 -1.825007 
8.15999995 -1.825007 
8.19999995 -1.825007 
8.23999995 -1.825007 
8.27999995 -1.825007 
8.31999995 -1.825007 
8.35999995 -1.825007 
8.39999995 -2.267525 
8.43999995 -1.825007 
8.47999995 -2.267525 
8.51999995 -1.825007 
8.55999995 -1.825007 
8.59999995 -1.825007 
8.63999995 -1.825007 
8.67999995 -2.267525 
8.71999995 -1.825007 
8.75999995 -2.267525 
8.79999995 -1.825007 
8.83999995 -1.825007 
8.87999995 -1.825007 
8.91999995 -2.267525 
8.95999995 -1.825007 
8.99999995 -2.267525 
9.03999995 -2.267525 
9.07999994 -2.267525 
9.11999994 -2.267525 
9.15999994 -2.267525 
9.19999994 -2.267525 
9.23999994 -2.267525 
9.27999994 -2.267525 
9.31999994 -2.267525 
9.35999994 -2.267525 
9.39999994 -2.267525 
9.43999994 -2.708518 
9.47999994 -2.708518 
9.51999994 -2.267525 
9.55999994 -2.267525 
9.59999994 -2.267525 
9.63999994 -2.708518 
9.67999994 -2.267525 
9.71999994 -2.267525 
9.75999994 -2.267525 
9.79999994 -2.708518 
9.83999994 -2.708518 
9.87999994 -2.708518 
9.91999994 -2.708518 
9.95999994 -2.267525 
9.99999994 -2.708518 
10.03999994 -2.267525 
10.07999994 -2.267525 
10.11999994 -2.708518 
10.15999994 -2.708518 
10.19999994 -2.267525 
10.23999994 -2.267525 
10.27999994 -2.267525 
10.31999994 -2.267525 
10.35999994 -2.267525 
10.39999994 -2.708518 
10.43999994 -2.267525 
10.47999994 -2.267525 
10.51999994 -2.708518 
10.55999994 -2.267525 
10.59999994 -2.267525 
10.63999994 -2.267525 
10.67999994 -2.267525 
10.71999993 -2.267525 
10.75999993 -2.267525 
10.79999993 -2.267525 
10.83999993 -2.267525 
10.87999993 -2.267525 
10.91999993 -2.267525 
10.95999993 -2.267525 
10.99999993 -1.825007 
11.03999993 -1.825007 
11.07999993 -1.825007 
11.11999993 -1.825007 
11.15999993 -1.825007 
11.19999993 -1.825007 
11.23999993 -1.825007 
11.27999993 -1.825007 
11.31999993 -1.825007 
11.35999993 -1.825007 
11.39999993 -1.382488 
11.43999993 -0.941496 
11.47999993 -1.825007 
11.51999993 -1.825007 
11.55999993 -0.941496 
11.59999993 -0.941496 
11.63999993 -1.825007 
11.67999993 -0.941496 
11.71999993 -0.941496 
11.75999993 -0.941496 
11.79999993 -0.941496 
11.83999993 -0.4989776 
11.87999993 -0.941496 
11.91999993 -1.382488 
11.95999993 -0.941496 
11.99999993 -0.4989776 
12.03999993 -0.941496 
12.07999993 -0.4989776 
12.11999993 -0.4989776 
12.15999993 -0.4989776 
12.19999993 -0.4989776 
12.23999993 -0.4989776 
12.27999993 -0.4989776 
12.31999993 -0.4989776 
21.27999987 -0.4989776 
21.31999987 -0.4989776 
21.35999987 -0.4989776 
21.39999987 -0.4989776 
21.43999987 -0.4989776 
21.47999987 -0.941496 
21.51999987 -0.941496 
21.55999987 -0.941496 
21.59999987 -1.382488 
21.63999987 -0.941496 
21.67999987 -1.382488 
21.71999987 -1.825007 
21.75999987 -1.825007 
21.79999987 -1.825007 
21.83999987 -1.825007 
21.87999987 -1.825007 
21.91999987 -1.825007 
21.95999987 -1.825007 
21.99999987 -1.825007 
22.03999987 -2.267525 
22.07999987 -2.267525 
22.11999987 -2.267525 
22.15999987 -2.267525 
22.19999987 -2.267525 
22.23999986 -2.267525 
22.27999986 -2.267525 
22.31999986 -2.267525 
22.35999986 -2.267525 
22.39999986 -2.708518 
22.43999986 -2.267525 
22.47999986 -2.267525 
22.51999986 -2.267525 
22.55999986 -2.267525 
22.59999986 -2.267525 
22.63999986 -2.267525 
22.67999986 -2.267525 
22.71999986 -2.267525 
22.75999986 -2.267525 
22.79999986 -1.825007 
22.83999986 -2.267525 
22.87999986 -2.267525 
22.91999986 -2.267525 
22.95999986 -1.825007 
22.99999986 -1.825007 
23.03999986 -1.825007 
23.07999986 -1.825007 
23.11999986 -1.825007 
23.15999986 -1.825007 
23.19999986 -1.825007 
23.23999986 -0.941496 
23.27999986 -1.382488 
23.31999986 -0.941496 
23.35999986 -0.941496 
23.39999986 -0.941496 
23.43999986 -0.941496 
23.47999986 -0.941496 
23.51999986 -0.941496 
23.55999986 -0.4989776 
23.59999986 -0.4989776 
23.63999986 -0.941496 
23.67999986 -0.4989776 
23.71999986 -0.4989776 
23.75999986 -0.4989776 
32.03999981 -0.4989776 
32.07999981 -0.4989776 
32.1199998 -0.4989776 
32.1599998 -0.4989776 
32.1999998 -0.941496 
32.2399998 -0.941496 
32.2799998 -0.941496 
32.3199998 -0.941496 
32.3599998 -1.825007 
32.3999998 -1.825007 
32.4399998 -1.382488 
32.4799998 -1.825007 
32.5199998 -1.825007 
32.5599998 -1.825007 
32.5999998 -1.825007 
32.6399998 -2.267525 
32.6799998 -2.267525 
32.7199998 -2.267525 
32.7599998 -2.708518 
32.7999998 -2.708518 
32.8399998 -3.151036 
32.8799998 -3.151036 
32.9199998 -3.151036 
32.9599998 -3.151036 
32.9999998 -3.151036 
33.0399998 -3.593554 
33.0799998 -3.593554 
33.1199998 -3.593554 
33.1599998 -3.593554 
33.1999998 -3.593554 
33.2399998 -4.034547 
33.2799998 -3.593554 
33.3199998 -4.034547 
33.3599998 -4.034547 
33.3999998 -4.034547 
33.4399998 -4.034547 
33.4799998 -4.034547 
33.5199998 -4.034547 
33.5599998 -4.034547 
33.5999998 -4.034547 
33.6399998 -4.477065 
33.6799998 -4.477065 
33.7199998 -4.034547 
33.75999979 -4.034547 
33.79999979 -4.034547 
33.83999979 -4.477065 
33.87999979 -4.477065 
33.91999979 -4.034547 
33.95999979 -4.477065 
33.99999979 -4.034547 
34.03999979 -4.034547 
34.07999979 -4.034547 
34.11999979 -4.034547 
34.15999979 -4.034547 
34.19999979 -4.034547 
34.23999979 -4.034547 
34.27999979 -4.034547 
34.31999979 -4.034547 
34.35999979 -4.034547 
34.39999979 -3.593554 
34.43999979 -3.593554 
34.47999979 -3.593554 
34.51999979 -3.593554 
34.55999979 -3.151036 
34.59999979 -3.593554 
34.63999979 -3.151036 
34.67999979 -2.708518 
34.71999979 -3.593554 
34.75999979 -3.151036 
34.79999979 -3.151036 
34.83999979 -2.708518 
34.87999979 -2.708518 
34.91999979 -2.267525 
34.95999979 -2.267525 
34.99999979 -2.267525 
35.03999979 -2.267525 
35.07999979 -2.267525 
35.11999979 -2.267525 
35.15999979 -1.825007 
35.19999979 -1.825007 
35.23999979 -1.825007 
35.27999979 -1.825007 
35.31999979 -1.382488 
35.35999979 -1.825007 
35.39999978 -1.382488 
35.43999978 -0.941496 
35.47999978 -0.941496 
35.51999978 -0.941496 
35.55999978 -0.941496 
35.59999978 -0.941496 
35.63999978 -0.941496 
35.67999978 -0.941496 
35.71999978 -0.4989776 
35.75999978 -0.4989776 
35.91999978 -0.4989776 
36.07999978 -0.4989776 
37.87999977 -0.4989776 
37.91999977 -0.4989776 
37.95999977 -0.4989776 
37.99999977 -0.4989776 
38.03999977 -0.4989776 
38.07999977 -0.4989776 
38.15999977 -0.4989776 
38.19999977 -0.4989776 
38.23999977 -0.4989776 
38.27999977 -0.4989776 
38.31999977 -0.941496 
38.35999977 -0.4989776 
38.39999977 -0.4989776 
38.43999977 -0.941496 
38.47999977 -0.941496 
38.51999977 -0.941496 
38.55999977 -0.941496 
38.59999977 -0.4989776 
38.63999977 -0.4989776 
38.67999976 -0.941496 
38.71999976 -0.941496 
38.75999976 -0.941496 
38.79999976 -0.4989776 
38.83999976 -0.941496 
38.87999976 -0.4989776 
38.91999976 -0.941496 
38.95999976 -0.4989776 
38.99999976 -0.4989776 
39.03999976 -0.4989776 
39.07999976 -0.4989776 
39.11999976 -0.4989776 
39.15999976 -0.4989776 
39.19999976 -0.4989776 
39.23999976 -0.4989776 
39.27999976 -0.4989776 
39.39999976 -0.4989776 
39.43999976 -0.4989776 
44.75999973 -0.4989776 
44.79999973 -0.4989776 
44.83999973 -0.4989776 
44.87999973 -0.4989776 
44.91999973 -0.4989776 
44.95999973 -0.941496 
44.99999973 -0.4989776 
45.03999973 -0.941496 
45.07999973 -0.941496 
45.11999973 -0.941496 
45.15999973 -0.941496 
45.23999973 -0.4989776 
45.27999972 -0.941496 
45.31999972 -0.4989776 
45.35999972 -0.4989776 
45.39999972 -0.4989776 
45.43999972 -0.4989776 
45.47999972 -0.941496 
45.51999972 -0.4989776 
45.55999972 -0.4989776 
45.59999972 -0.4989776 
45.63999972 -0.941496 
45.67999972 -0.4989776 
45.71999972 -0.4989776 
45.75999972 -0.4989776 
45.79999972 -0.4989776 
45.83999972 -0.4989776 
45.87999972 -0.4989776 
45.91999972 -0.4989776 
45.95999972 -0.4989776 
45.99999972 -0.4989776 
46.03999972 -0.4989776 
46.07999972 -0.4989776 
46.15999972 -0.4989776 
46.19999972 -0.4989776 
46.23999972 -0.4989776 
46.27999972 -0.4989776 
46.31999972 -0.4989776 
46.35999972 -0.4989776 
46.39999972 -0.4989776 
46.47999972 -0.4989776 
46.55999972 -0.4989776 
58.75999964 -0.4989776 
58.79999964 -0.941496 
58.83999964 -0.4989776 
58.87999964 -0.4989776 
58.91999964 -0.941496 
58.95999964 -0.941496 
58.99999964 -0.941496 
59.03999964 -0.941496 
59.07999964 -0.941496 
59.11999964 -0.941496 
59.15999964 -1.382488 
59.19999964 -1.825007 
59.23999964 -1.825007 
59.27999964 -1.825007 
59.31999964 -2.267525 
59.35999964 -2.267525 
59.39999964 -2.267525 
59.43999964 -2.267525 
59.47999964 -2.267525 
59.51999964 -2.267525 
59.55999964 -2.267525 
59.59999964 -2.708518 
59.63999964 -2.708518 
59.67999964 -2.708518 
59.71999964 -2.708518 
59.75999964 -3.151036 
59.79999964 -3.151036 
59.83999964 -3.151036 
59.87999964 -3.593554 
59.91999964 -3.593554 
59.95999964 -3.593554 
59.99999964 -3.593554 
60.03999964 -2.708518 
60.07999963 -3.151036 
60.11999963 -4.034547 
60.15999963 -3.593554 
60.19999963 -3.593554 
60.23999963 -3.593554 
60.27999963 -4.034547 
60.31999963 -3.593554 
60.35999963 -4.034547 
60.39999963 -4.034547 
60.43999963 -3.593554 
60.47999963 -4.034547 
60.51999963 -4.034547 
60.55999963 -4.034547 
60.59999963 -3.593554 
60.63999963 -4.034547 
60.67999963 -3.593554 
60.71999963 -3.593554 
60.75999963 -3.593554 
60.79999963 -3.593554 
60.83999963 -3.593554 
60.87999963 -3.593554 
60.91999963 -3.593554 
60.95999963 -3.593554 
60.99999963 -3.593554 
61.03999963 -3.593554 
61.07999963 -3.593554 
61.11999963 -3.593554 
61.15999963 -3.593554 
61.19999963 -3.593554 
61.23999963 -3.593554 
61.27999963 -3.151036 
61.31999963 -3.151036 
61.35999963 -3.151036 
61.39999963 -3.593554 
61.43999963 -3.593554 
61.47999963 -3.151036 
61.51999963 -2.708518 
61.55999963 -2.708518 
61.59999963 -2.708518 
61.63999963 -2.708518 
61.67999963 -2.708518 
61.71999962 -2.708518 
61.75999962 -2.267525 
61.79999962 -2.267525 
61.83999962 -2.267525 
61.87999962 -2.708518 
61.91999962 -2.267525 
61.95999962 -2.267525 
61.99999962 -2.267525 
62.03999962 -2.267525 
62.07999962 -1.825007 
62.11999962 -2.267525 
62.15999962 -1.825007 
62.19999962 -1.825007 
62.23999962 -1.825007 
62.27999962 -2.267525 
62.31999962 -1.825007 
62.35999962 -1.825007 
62.39999962 -1.382488 
62.43999962 -1.382488 
62.47999962 -1.825007 
62.51999962 -1.382488 
62.55999962 -0.941496 
62.59999962 -0.941496 
62.63999962 -0.941496 
62.67999962 -0.941496 
62.71999962 -0.941496 
62.75999962 -0.941496 
62.79999962 -0.941496 
62.83999962 -0.4989776 
62.87999962 -0.4989776 
62.91999962 -0.4989776 
62.95999962 -0.4989776 
62.99999962 -0.4989776 
63.03999962 -0.4989776 
63.07999962 -0.4989776 
64.9999996 -0.4989776 
65.2799996 -0.4989776 
66.1599996 -0.4989776 
66.2399996 -0.4989776 
66.2799996 -0.4989776 
66.3199996 -0.4989776 
66.3599996 -0.4989776 
66.3999996 -0.4989776 
66.4399996 -0.4989776 
66.4799996 -0.4989776 
66.5199996 -0.4989776 
66.5599996 -0.4989776 
66.5999996 -0.4989776 
66.63999959 -0.4989776 
66.67999959 -0.4989776 
66.71999959 -0.4989776 
66.75999959 -0.4989776 
66.83999959 -0.4989776 
66.87999959 -0.4989776 
66.91999959 -0.4989776 
66.95999959 -0.4989776 
67.15999959 -0.4989776 
70.51999957 -0.4989776 
70.55999957 -0.4989776 
70.59999957 -0.941496 
70.63999957 -0.941496 
70.67999957 -0.941496 
70.71999957 -0.941496 
70.75999957 -0.941496 
70.79999957 -0.941496 
70.83999957 -1.382488 
70.87999957 -0.941496 
70.91999957 -1.382488 
70.95999957 -1.825007 
70.99999957 -1.825007 
71.03999957 -1.825007 
71.07999957 -1.825007 
71.11999957 -2.267525 
71.15999957 -2.267525 
71.19999957 -2.267525 
71.23999957 -1.382488 
71.27999957 -2.267525 
71.31999957 -2.267525 
71.35999957 -2.708518 
71.39999957 -2.708518 
71.43999957 -2.267525 
71.47999957 -2.267525 
71.51999957 -2.267525 
71.55999957 -2.708518 
71.59999956 -2.708518 
71.63999956 -2.708518 
71.67999956 -2.708518 
71.71999956 -2.708518 
71.75999956 -2.708518 
71.79999956 -2.708518 
71.83999956 -2.708518 
71.87999956 -3.151036 
71.91999956 -2.708518 
71.95999956 -2.708518 
71.99999956 -2.708518 
72.03999956 -2.708518 
72.07999956 -3.151036 
72.11999956 -2.708518 
72.15999956 -2.708518 
72.19999956 -2.708518 
72.23999956 -3.151036 
72.27999956 -2.708518 
72.31999956 -2.708518 
72.35999956 -2.708518 
72.39999956 -2.708518 
72.43999956 -2.267525 
72.47999956 -2.267525 
72.51999956 -2.267525 
72.55999956 -2.267525 
72.59999956 -1.825007 
72.63999956 -1.825007 
72.67999956 -1.825007 
72.71999956 -1.825007 
72.75999956 -1.825007 
72.79999956 -1.382488 
72.83999956 -1.382488 
72.87999956 -0.941496 
72.91999956 -0.941496 
72.95999956 -0.941496 
72.99999956 -0.4989776 
73.03999956 -0.4989776 
73.07999956 -0.4989776 
73.11999956 -0.4989776 
82.0799995 -0.4989776 
82.1199995 -0.4989776 
82.1599995 -0.4989776 
82.1999995 -0.4989776 
82.2399995 -0.4989776 
82.2799995 -0.4989776 
82.3199995 -0.4989776 
82.3599995 -0.941496 
82.3999995 -0.941496 
82.4399995 -0.941496 
82.4799995 -0.941496 
82.5199995 -1.382488 
82.5599995 -0.941496 
82.5999995 -0.941496 
82.6399995 -0.941496 
82.6799995 -1.382488 
82.7199995 -1.825007 
82.7599995 -1.825007 
82.7999995 -1.825007 
82.8399995 -1.825007 
82.8799995 -1.825007 
82.9199995 -1.825007 
82.9599995 -1.825007 
82.9999995 -1.825007 
83.0399995 -1.825007 
83.0799995 -2.267525 
83.11999949 -2.267525 
83.15999949 -2.267525 
83.19999949 -2.267525 
83.23999949 -2.267525 
83.27999949 -2.267525 
83.31999949 -1.825007 
83.35999949 -2.267525 
83.39999949 -2.267525 
83.43999949 -2.267525 
83.47999949 -2.708518 
83.51999949 -2.267525 
83.55999949 -2.267525 
83.59999949 -2.708518 
83.63999949 -2.267525 
83.67999949 -3.151036 
83.71999949 -1.825007 
83.75999949 -2.267525 
83.79999949 -2.708518 
83.83999949 -2.267525 
83.87999949 -1.825007 
83.91999949 -2.267525 
83.95999949 -2.267525 
83.99999949 -2.267525 
84.03999949 -2.267525 
84.07999949 -1.825007 
84.11999949 -2.267525 
84.15999949 -1.825007 
84.19999949 -1.825007 
84.23999949 -1.825007 
84.27999949 -1.825007 
84.31999949 -1.825007 
84.35999949 -1.825007 
84.39999949 -2.267525 
84.43999949 -1.382488 
84.47999949 -0.941496 
84.51999949 -1.825007 
84.55999949 -2.267525 
84.63999949 -1.382488 
84.67999949 -1.825007 
84.71999949 -0.941496 
84.75999948 -0.941496 
84.79999948 -0.941496 
84.83999948 -0.941496 
84.87999948 -0.941496 
84.91999948 -0.4989776 
84.95999948 -0.941496 
84.99999948 -0.941496 
85.03999948 -0.4989776 
85.07999948 -0.4989776 
85.11999948 -0.4989776 
85.15999948 -0.4989776 
85.19999948 -0.4989776 
85.23999948 -0.4989776 
85.27999948 -0.4989776 
85.31999948 -0.4989776 
86.51999947 -0.4989776 
86.55999947 -0.4989776 
86.59999947 -0.4989776 
86.63999947 -0.4989776 
86.67999947 -0.4989776 
86.71999947 -0.4989776 
86.75999947 -0.4989776 
86.79999947 -0.4989776 
86.83999947 -0.941496 
86.87999947 -0.941496 
86.91999947 -0.941496 
86.95999947 -0.941496 
86.99999947 -0.941496 
87.03999947 -0.941496 
87.07999947 -1.382488 
87.11999947 -1.825007 
87.15999947 -1.825007 
87.19999947 -1.382488 
87.23999947 -1.825007 
87.27999947 -1.825007 
87.31999947 -1.825007 
87.35999947 -1.382488 
87.39999947 -1.825007 
87.43999947 -1.825007 
87.47999947 -1.825007 
87.51999947 -1.825007 
87.55999947 -1.825007 
87.59999947 -1.825007 
87.63999947 -1.825007 
87.67999947 -1.825007 
87.71999947 -1.825007 
87.75999947 -1.825007 
87.79999947 -1.825007 
87.83999947 -1.825007 
87.87999947 -1.825007 
87.91999947 -1.825007 
87.95999947 -1.825007 
87.99999947 -1.825007 
88.03999946 -1.825007 
88.07999946 -0.941496 
88.11999946 -1.825007 
88.15999946 -1.825007 
88.19999946 -1.382488 
88.23999946 -1.382488 
88.27999946 -0.941496 
88.31999946 -1.382488 
88.35999946 -0.941496 
88.39999946 -0.941496 
88.43999946 -0.941496 
88.47999946 -0.941496 
88.51999946 -0.941496 
88.55999946 -0.941496 
88.59999946 -0.4989776 
88.63999946 -0.4989776 
88.67999946 -0.4989776 
88.71999946 -0.4989776 
88.75999946 -1.382488 
88.79999946 -0.4989776 
88.91999946 -0.941496 
89.23999946 -0.4989776 
89.27999946 -0.4989776 
93.23999943 -0.4989776 
93.27999943 -0.4989776 
93.35999943 -0.4989776 
93.39999943 -0.4989776 
93.43999943 -0.4989776 
93.47999943 -0.4989776 
93.51999943 -0.941496 
93.55999943 -0.941496 
93.59999943 -0.941496 
93.63999943 -0.941496 
93.67999943 -0.941496 
93.71999943 -0.941496 
93.75999943 -0.4989776 
93.79999943 -0.941496 
93.83999943 -0.941496 
93.87999943 -0.941496 
93.91999943 -0.941496 
93.95999943 -0.941496 
93.99999943 -0.941496 
94.03999943 -1.382488 
94.07999943 -1.382488 
94.11999943 -1.382488 
94.15999943 -1.382488 
94.19999943 -1.382488 
94.23999943 -1.825007 
94.27999943 -1.825007 
94.31999943 -1.825007 
94.35999943 -1.825007 
94.39999943 -1.382488 
94.43999943 -1.825007 
94.47999943 -1.825007 
94.51999943 -1.382488 
94.55999943 -1.382488 
94.59999943 -1.825007 
94.63999942 -1.825007 
94.67999942 -1.825007 
94.71999942 -1.825007 
94.75999942 -1.825007 
94.79999942 -1.825007 
94.83999942 -1.825007 
94.87999942 -1.825007 
94.91999942 -1.825007 
94.95999942 -1.825007 
94.99999942 -1.825007 
95.03999942 -1.825007 
95.07999942 -1.825007 
95.11999942 -1.825007 
95.15999942 -1.825007 
95.19999942 -1.382488 
95.23999942 -1.825007 
95.27999942 -1.825007 
95.31999942 -1.382488 
95.35999942 -1.825007 
95.39999942 -0.941496 
95.43999942 -1.825007 
95.47999942 -1.382488 
95.51999942 -1.382488 
95.55999942 -1.825007 
95.59999942 -1.382488 
95.63999942 -1.382488 
95.67999942 -1.382488 
95.71999942 -0.941496 
95.75999942 -0.941496 
95.79999942 -0.941496 
95.83999942 -0.941496 
95.87999942 -0.941496 
95.91999942 -0.941496 
95.95999942 -0.941496 
95.99999942 -0.941496 
96.03999942 -0.941496 
96.07999942 -0.941496 
96.11999942 -0.941496 
96.15999942 -0.941496 
96.19999942 -0.941496 
96.23999942 -0.4989776 
96.27999941 -0.4989776 
96.31999941 -0.941496 
96.35999941 -0.4989776 
96.39999941 -0.4989776 
96.43999941 -0.941496 
96.47999941 -0.4989776 
96.55999941 -0.4989776 
96.59999941 -0.941496 
96.63999941 -0.4989776 
96.67999941 -0.4989776 
96.71999941 -0.4989776 
96.75999941 -0.4989776 
96.79999941 -0.4989776 
96.83999941 -0.4989776 
96.87999941 -0.4989776 
96.95999941 -0.4989776 
108.59999934 -0.4989776 
108.63999934 -0.4989776 
108.67999934 -0.941496 
108.71999934 -0.4989776 
108.75999934 -0.941496 
108.79999934 -0.941496 
108.83999934 -0.941496 
108.87999934 -0.941496 
108.91999934 -0.4989776 
108.95999934 -1.825007 
108.99999934 -1.825007 
109.03999934 -1.382488 
109.07999934 -1.382488 
109.11999934 -2.267525 
109.15999934 -1.825007 
109.19999934 -1.825007 
109.23999934 -2.267525 
109.27999934 -2.267525 
109.31999934 -1.825007 
109.35999934 -2.267525 
109.39999934 -2.708518 
109.43999933 -2.267525 
109.47999933 -2.708518 
109.51999933 -2.267525 
109.55999933 -2.708518 
109.59999933 -2.708518 
109.63999933 -2.708518 
109.67999933 -3.151036 
109.71999933 -2.708518 
109.75999933 -2.708518 
109.79999933 -2.708518 
109.83999933 -3.151036 
109.87999933 -3.151036 
109.91999933 -3.151036 
109.95999933 -3.593554 
109.99999933 -3.593554 
110.03999933 -2.267525 
110.07999933 -2.708518 
110.11999933 -3.151036 
110.15999933 -2.708518 
110.19999933 -2.708518 
110.23999933 -3.151036 
110.27999933 -2.708518 
110.31999933 -2.708518 
110.35999933 -2.708518 
110.39999933 -2.708518 
110.43999933 -2.708518 
110.47999933 -2.708518 
110.51999933 -2.708518 
110.55999933 -2.267525 
110.59999933 -2.267525 
110.63999933 -2.267525 
110.67999933 -3.151036 
110.71999933 -2.708518 
110.75999933 -1.825007 
110.79999933 -1.825007 
110.83999933 -1.825007 
110.87999933 -1.825007 
110.91999933 -1.825007 
110.95999933 -1.825007 
110.99999933 -1.825007 
111.03999933 -1.825007 
111.07999932 -1.382488 
111.11999932 -0.941496 
111.15999932 -0.941496 
111.19999932 -0.941496 
111.23999932 -0.941496 
111.27999932 -0.941496 
111.31999932 -0.4989776 
111.35999932 -0.4989776 
111.39999932 -0.4989776 
111.43999932 -0.4989776 
115.3599993 -0.4989776 
115.4399993 -0.4989776 
115.4799993 -0.4989776 
115.5199993 -0.4989776 
115.5599993 -0.4989776 
115.5999993 -0.941496 
115.6399993 -0.941496 
115.6799993 -0.941496 
115.7199993 -0.941496 
115.7599993 -0.941496 
115.7999993 -0.941496 
115.8399993 -0.941496 
115.8799993 -0.941496 
115.9199993 -1.825007 
115.9599993 -1.825007 
115.9999993 -1.825007 
116.03999929 -1.825007 
116.07999929 -1.825007 
116.11999929 -1.825007 
116.15999929 -1.825007 
116.19999929 -1.382488 
116.23999929 -1.825007 
116.27999929 -1.825007 
116.31999929 -1.825007 
116.35999929 -2.267525 
116.39999929 -1.825007 
116.43999929 -1.825007 
116.47999929 -1.825007 
116.51999929 -2.267525 
116.55999929 -1.825007 
116.59999929 -1.825007 
116.63999929 -2.267525 
116.67999929 -2.267525 
116.71999929 -2.267525 
116.75999929 -1.825007 
116.79999929 -1.825007 
116.83999929 -1.825007 
116.87999929 -1.825007 
116.91999929 -1.825007 
116.95999929 -1.825007 
116.99999929 -1.825007 
117.03999929 -1.825007 
117.07999929 -1.825007 
117.11999929 -1.825007 
117.15999929 -1.825007 
117.19999929 -1.825007 
117.23999929 -1.825007 
117.27999929 -1.825007 
117.31999929 -1.825007 
117.35999929 -1.382488 
117.39999929 -1.382488 
117.43999929 -0.941496 
117.47999929 -1.382488 
117.51999929 -0.941496 
117.55999929 -0.941496 
117.59999929 -0.941496 
117.63999929 -0.941496 
117.67999928 -0.941496 
117.71999928 -0.941496 
117.75999928 -0.941496 
117.79999928 -0.4989776 
117.95999928 -0.4989776 
118.07999928 -0.4989776 
119.35999927 -0.4989776 
119.39999927 -0.4989776 
119.43999927 -0.4989776 
119.47999927 -0.4989776 
119.51999927 -0.941496 
119.55999927 -0.4989776 
119.59999927 -0.941496 
119.63999927 -0.941496 
119.67999927 -0.941496 
119.71999927 -0.941496 
119.75999927 -0.941496 
119.79999927 -0.941496 
119.83999927 -0.941496 
119.87999927 -1.382488 
119.91999927 -1.382488 
119.95999927 -1.382488 
119.99999927 -1.825007 
120.03999927 -1.825007 
120.07999927 -1.825007 
120.11999927 -1.825007 
120.15999927 -2.267525 
120.19999927 -1.825007 
120.23999927 -2.267525 
120.27999927 -1.825007 
120.31999927 -2.267525 
120.35999927 -2.267525 
120.39999927 -2.708518 
120.43999927 -2.708518 
120.47999927 -2.708518 
120.51999927 -2.708518 
120.55999927 -2.267525 
120.59999927 -2.708518 
120.63999927 -3.151036 
120.67999927 -3.151036 
120.71999927 -2.708518 
120.75999927 -3.151036 
120.79999927 -3.151036 
120.83999927 -3.593554 
120.87999927 -3.593554 
120.91999927 -3.151036 
120.95999926 -2.708518 
120.99999926 -3.593554 
121.03999926 -3.593554 
121.07999926 -3.593554 
121.11999926 -3.593554 
121.15999926 -3.593554 
121.19999926 -3.593554 
121.23999926 -3.593554 
121.27999926 -3.593554 
121.31999926 -3.593554 
121.35999926 -3.593554 
121.39999926 -3.593554 
121.43999926 -3.151036 
121.47999926 -3.593554 
121.51999926 -3.593554 
121.55999926 -3.593554 
121.59999926 -3.151036 
121.63999926 -3.593554 
121.67999926 -3.593554 
121.71999926 -3.151036 
121.75999926 -3.151036 
121.79999926 -3.151036 
121.83999926 -2.708518 
121.87999926 -3.151036 
121.91999926 -3.151036 
121.95999926 -3.151036 
121.99999926 -3.151036 
122.03999926 -3.151036 
122.07999926 -2.708518 
122.11999926 -2.708518 
122.15999926 -2.708518 
122.19999926 -2.267525 
122.23999926 -2.708518 
122.27999926 -2.267525 
122.31999926 -2.267525 
122.35999926 -2.267525 
122.39999926 -2.267525 
122.43999926 -1.825007 
122.47999926 -1.825007 
122.51999926 -1.825007 
122.55999926 -1.825007 
122.59999925 -1.825007 
122.63999925 -1.825007 
122.67999925 -1.825007 
122.71999925 -1.825007 
122.75999925 -1.382488 
122.79999925 -0.941496 
122.83999925 -0.4989776 
122.87999925 -0.941496 
122.91999925 -0.941496 
122.95999925 -0.941496 
122.99999925 -0.941496 
123.03999925 -0.4989776 
123.07999925 -0.4989776 
123.11999925 -0.4989776 
123.15999925 -0.4989776 
123.27999925 -0.4989776 
132.3199992 -0.4989776 
132.3599992 -0.4989776 
132.3999992 -0.4989776 
132.4399992 -0.4989776 
132.47999919 -0.4989776 
132.51999919 -0.4989776 
132.55999919 -0.4989776 
132.59999919 -0.941496 
132.63999919 -0.941496 
132.67999919 -0.941496 
132.71999919 -0.941496 
132.75999919 -0.941496 
132.79999919 -0.941496 
132.83999919 -0.941496 
132.87999919 -0.941496 
132.91999919 -0.941496 
132.95999919 -0.941496 
132.99999919 -0.941496 
133.03999919 -0.941496 
133.07999919 -0.941496 
133.11999919 -0.941496 
133.15999919 -0.941496 
133.19999919 -0.941496 
133.23999919 -0.941496 
133.27999919 -1.382488 
133.31999919 -0.941496 
133.35999919 -0.941496 
133.39999919 -0.941496 
133.43999919 -0.941496 
133.47999919 -0.941496 
133.51999919 -0.941496 
133.55999919 -0.941496 
133.59999919 -0.941496 
133.63999919 -0.941496 
133.67999919 -0.941496 
133.71999919 -0.941496 
133.75999919 -0.941496 
133.79999919 -0.941496 
133.83999919 -0.941496 
133.87999919 -0.4989776 
133.91999919 -0.4989776 
133.95999919 -0.4989776 
134.03999919 -0.4989776 
134.07999919 -0.941496 
134.19999918 -0.4989776 
141.63999914 -0.4989776 
141.67999914 -0.4989776 
141.71999914 -0.4989776 
141.75999914 -0.941496 
141.79999914 -0.941496 
141.83999914 -0.941496 
141.87999914 -0.941496 
141.91999914 -0.941496 
141.95999914 -0.941496 
141.99999914 -1.382488 
142.03999914 -1.382488 
142.07999914 -0.941496 
142.11999914 -1.825007 
142.15999914 -1.382488 
142.19999914 -1.825007 
142.23999914 -1.825007 
142.27999914 -1.825007 
142.31999914 -1.825007 
142.35999913 -1.825007 
142.39999913 -1.825007 
142.43999913 -1.825007 
142.47999913 -1.825007 
142.51999913 -1.825007 
142.55999913 -1.825007 
142.59999913 -1.825007 
142.63999913 -2.267525 
142.67999913 -1.825007 
142.71999913 -1.825007 
142.75999913 -1.825007 
142.79999913 -2.267525 
142.83999913 -1.825007 
142.87999913 -1.825007 
142.91999913 -1.825007 
142.95999913 -2.267525 
142.99999913 -2.267525 
143.03999913 -2.267525 
143.07999913 -2.267525 
143.11999913 -2.267525 
143.15999913 -2.267525 
143.19999913 -2.267525 
143.23999913 -2.267525 
143.27999913 -2.267525 
143.31999913 -2.267525 
143.35999913 -1.825007 
143.39999913 -2.267525 
143.43999913 -2.267525 
143.47999913 -2.267525 
143.51999913 -2.267525 
143.55999913 -2.267525 
143.59999913 -1.825007 
143.63999913 -1.825007 
143.67999913 -2.267525 
143.71999913 -2.267525 
143.75999913 -2.267525 
143.79999913 -1.825007 
143.83999913 -1.825007 
143.87999913 -2.267525 
143.91999913 -1.825007 
143.95999913 -1.825007 
143.99999912 -1.825007 
144.03999912 -1.825007 
144.07999912 -1.825007 
144.11999912 -1.825007 
144.15999912 -1.825007 
144.19999912 -1.825007 
144.23999912 -1.825007 
144.27999912 -1.825007 
144.31999912 -1.382488 
144.35999912 -1.825007 
144.39999912 -1.825007 
144.43999912 -1.825007 
144.47999912 -1.382488 
144.51999912 -1.825007 
144.55999912 -1.382488 
144.59999912 -1.825007 
144.63999912 -0.941496 
144.67999912 -0.941496 
144.71999912 -1.382488 
144.75999912 -0.941496 
144.79999912 -0.941496 
144.83999912 -0.941496 
144.87999912 -0.941496 
144.91999912 -1.825007 
144.95999912 -0.941496 
144.99999912 -0.941496 
145.03999912 -0.941496 
145.07999912 -0.941496 
145.11999912 -0.941496 
145.15999912 -0.941496 
145.19999912 -0.941496 
145.23999912 -0.941496 
145.27999912 -0.941496 
145.31999912 -0.941496 
145.35999912 -0.941496 
145.39999912 -0.941496 
145.43999912 -0.941496 
145.47999912 -0.941496 
145.51999912 -0.941496 
145.55999912 -0.941496 
145.59999912 -0.941496 
145.63999911 -0.941496 
145.67999911 -0.941496 
145.71999911 -0.941496 
145.75999911 -0.4989776 
145.79999911 -0.941496 
145.83999911 -0.941496 
145.87999911 -0.4989776 
145.91999911 -0.4989776 
145.95999911 -0.4989776 
145.99999911 -0.941496 
146.03999911 -0.941496 
146.07999911 -0.941496 
146.11999911 -0.4989776 
146.15999911 -0.4989776 
146.19999911 -0.4989776 
146.23999911 -0.4989776 
146.27999911 -0.4989776 
146.31999911 -0.941496 
146.35999911 -0.941496 
146.39999911 -0.4989776 
146.43999911 -0.4989776 
146.47999911 -0.941496 
146.51999911 -0.941496 
146.55999911 -0.941496 
146.59999911 -0.941496 
146.63999911 -0.4989776 
146.67999911 -0.941496 
146.71999911 -0.941496 
146.75999911 -0.941496 
146.79999911 -0.941496 
146.83999911 -0.941496 
146.87999911 -0.941496 
146.91999911 -0.941496 
146.95999911 -0.941496 
146.99999911 -0.941496 
147.03999911 -0.941496 
147.07999911 -0.941496 
147.11999911 -0.941496 
147.15999911 -1.382488 
147.19999911 -0.941496 
147.23999911 -1.382488 
147.2799991 -0.941496 
147.3199991 -1.382488 
147.3599991 -1.382488 
147.3999991 -1.825007 
147.4399991 -1.825007 
147.4799991 -1.382488 
147.5199991 -1.382488 
147.5599991 -1.825007 
147.5999991 -1.825007 
147.6399991 -1.825007 
147.6799991 -1.382488 
147.7199991 -1.825007 
147.7599991 -1.825007 
147.7999991 -1.825007 
147.8399991 -1.825007 
147.8799991 -1.825007 
147.9199991 -1.825007 
147.9599991 -1.825007 
147.9999991 -1.825007 
148.0399991 -2.267525 
148.0799991 -2.267525 
148.1199991 -1.825007 
148.1599991 -1.825007 
148.1999991 -2.267525 
148.2399991 -1.825007 
148.2799991 -2.267525 
148.3199991 -2.267525 
148.3599991 -2.267525 
148.3999991 -2.267525 
148.4399991 -1.825007 
148.4799991 -2.267525 
148.5199991 -2.267525 
148.5599991 -2.267525 
148.5999991 -2.267525 
148.6399991 -2.267525 
148.6799991 -2.267525 
148.7199991 -2.267525 
148.7599991 -1.825007 
148.7999991 -2.267525 
148.8399991 -2.267525 
148.8799991 -2.267525 
148.91999909 -2.267525 
148.95999909 -2.267525 
148.99999909 -2.267525 
149.03999909 -1.825007 
149.07999909 -1.825007 
149.11999909 -1.825007 
149.15999909 -0.941496 
149.19999909 -1.825007 
149.23999909 -1.382488 
149.27999909 -1.382488 
149.31999909 -1.382488 
149.35999909 -0.941496 
149.39999909 -0.941496 
149.43999909 -0.941496 
149.47999909 -0.941496 
149.51999909 -0.941496 
149.59999909 -0.941496 
149.63999909 -0.941496 
149.67999909 -0.4989776 
154.27999906 -0.4989776 
154.47999906 -0.4989776 
154.55999906 -0.4989776 
158.51999904 -0.4989776 
158.55999904 -0.4989776 
158.59999904 -0.4989776 
158.63999904 -0.4989776 
158.71999904 -0.4989776 
158.75999904 -0.4989776 
158.79999903 -0.4989776 
158.83999903 -0.4989776 
158.87999903 -0.941496 
158.91999903 -0.4989776 
158.95999903 -0.4989776 
158.99999903 -0.4989776 
159.03999903 -0.4989776 
159.07999903 -0.4989776 
159.11999903 -0.4989776 
159.15999903 -0.4989776 
159.19999903 -0.941496 
159.23999903 -0.4989776 
159.27999903 -0.4989776 
159.31999903 -0.4989776 
159.35999903 -0.4989776 
159.43999903 -0.4989776 
159.47999903 -0.941496 
159.51999903 -0.4989776 
159.59999903 -0.4989776 
159.63999903 -0.941496 
159.67999903 -0.4989776 
159.71999903 -0.4989776 
159.75999903 -0.4989776 
159.79999903 -0.4989776 
159.83999903 -0.4989776 
169.15999897 -0.4989776 
169.19999897 -0.4989776 
169.23999897 -0.941496 
169.27999897 -0.4989776 
169.31999897 -0.941496 
169.35999897 -0.941496 
169.39999897 -0.941496 
169.43999897 -1.382488 
169.47999897 -1.825007 
169.51999897 -1.825007 
169.55999897 -1.825007 
169.59999897 -1.825007 
169.63999897 -2.267525 
169.67999897 -2.267525 
169.71999897 -1.825007 
169.75999897 -2.267525 
169.79999897 -2.708518 
169.83999897 -2.267525 
169.87999897 -2.267525 
169.91999897 -2.267525 
169.95999897 -2.708518 
169.99999897 -3.151036 
170.03999897 -2.708518 
170.07999897 -3.151036 
170.11999897 -3.151036 
170.15999897 -3.593554 
170.19999897 -3.151036 
170.23999897 -3.593554 
170.27999897 -3.593554 
170.31999896 -3.593554 
170.35999896 -3.593554 
170.39999896 -3.593554 
170.43999896 -4.034547 
170.47999896 -3.593554 
170.51999896 -3.593554 
170.55999896 -3.593554 
170.59999896 -3.593554 
170.63999896 -3.593554 
170.67999896 -3.593554 
170.71999896 -4.034547 
170.75999896 -4.034547 
170.79999896 -4.034547 
170.83999896 -4.034547 
170.87999896 -4.034547 
170.91999896 -4.034547 
170.95999896 -3.593554 
170.99999896 -4.034547 
171.03999896 -4.034547 
171.07999896 -4.034547 
171.11999896 -4.034547 
171.15999896 -4.034547 
171.19999896 -4.034547 
171.23999896 -4.034547 
171.27999896 -4.034547 
171.31999896 -4.034547 
171.35999896 -4.034547 
171.39999896 -4.034547 
171.43999896 -3.593554 
171.47999896 -4.034547 
171.51999896 -4.034547 
171.55999896 -3.593554 
171.59999896 -3.593554 
171.63999896 -3.593554 
171.67999896 -3.593554 
171.71999896 -3.593554 
171.75999896 -3.593554 
171.79999896 -3.151036 
171.83999896 -2.708518 
171.87999896 -3.151036 
171.91999896 -3.151036 
171.95999895 -3.151036 
171.99999895 -3.151036 
172.03999895 -3.151036 
172.07999895 -2.708518 
172.11999895 -2.708518 
172.15999895 -2.708518 
172.19999895 -2.267525 
172.23999895 -2.267525 
172.27999895 -2.267525 
172.31999895 -2.267525 
172.35999895 -2.267525 
172.39999895 -2.267525 
172.43999895 -2.267525 
172.47999895 -2.267525 
172.51999895 -1.825007 
172.55999895 -1.825007 
172.59999895 -1.825007 
172.63999895 -1.825007 
172.67999895 -1.825007 
172.71999895 -1.382488 
172.75999895 -1.825007 
172.79999895 -1.382488 
172.83999895 -1.382488 
172.87999895 -1.382488 
172.91999895 -0.941496 
172.95999895 -0.941496 
172.99999895 -0.941496 
173.03999895 -0.941496 
173.07999895 -0.941496 
173.11999895 -0.941496 
173.15999895 -0.941496 
173.19999895 -0.941496 
173.23999895 -0.941496 
173.27999895 -0.941496 
173.31999895 -0.941496 
173.35999895 -0.4989776 
173.39999895 -0.4989776 
173.43999895 -0.941496 
173.47999895 -0.4989776 
173.51999895 -0.941496 
173.55999895 -0.4989776 
173.59999894 -0.4989776 
173.63999894 -0.4989776 
173.67999894 -0.4989776 
173.71999894 -0.4989776 
173.75999894 -0.4989776 
173.79999894 -0.4989776 
173.83999894 -0.4989776 
175.63999893 -0.4989776 
181.1599989 -0.4989776 
181.1999989 -0.4989776 
181.2799989 -0.4989776 
181.3199989 -0.4989776 
181.3599989 -0.941496 
181.3999989 -0.4989776 
181.4399989 -0.941496 
181.4799989 -0.941496 
181.5199989 -0.941496 
181.5599989 -0.941496 
181.5999989 -0.941496 
181.6399989 -0.941496 
181.6799989 -0.941496 
181.7199989 -0.941496 
181.7599989 -0.941496 
181.7999989 -1.382488 
181.83999889 -1.382488 
181.87999889 -1.825007 
181.91999889 -0.941496 
181.95999889 -0.941496 
181.99999889 -1.382488 
182.03999889 -1.825007 
182.07999889 -1.825007 
182.11999889 -1.382488 
182.15999889 -0.941496 
182.19999889 -1.825007 
182.23999889 -1.382488 
182.27999889 -1.382488 
182.31999889 -0.941496 
182.35999889 -0.941496 
182.39999889 -1.382488 
182.43999889 -0.941496 
182.47999889 -0.941496 
182.51999889 -0.941496 
182.55999889 -0.941496 
182.59999889 -0.941496 
182.63999889 -0.4989776 
182.67999889 -0.941496 
182.71999889 -0.941496 
182.75999889 -0.941496 
182.79999889 -0.4989776 
182.83999889 -0.4989776 
182.87999889 -0.4989776 
182.95999889 -0.4989776 
192.07999883 -0.4989776 
192.11999883 -0.4989776 
192.23999883 -0.4989776 
192.27999883 -0.4989776 
192.31999883 -0.4989776 
192.35999883 -0.4989776 
192.39999883 -0.4989776 
192.43999883 -0.4989776 
192.47999883 -0.4989776 
192.51999883 -0.4989776 
192.55999883 -0.4989776 
192.59999883 -0.4989776 
192.63999883 -0.4989776 
192.67999883 -0.941496 
192.71999883 -0.941496 
192.75999883 -0.941496 
192.79999883 -0.4989776 
192.83999883 -0.941496 
192.87999883 -0.941496 
192.91999883 -0.941496 
192.95999883 -0.941496 
192.99999883 -0.941496 
193.03999883 -0.941496 
193.07999883 -0.941496 
193.11999883 -0.941496 
193.15999883 -0.941496 
193.19999883 -0.4989776 
193.23999883 -0.941496 
193.27999883 -0.941496 
193.31999883 -0.941496 
193.35999882 -0.941496 
193.39999882 -0.941496 
193.43999882 -0.941496 
193.47999882 -0.941496 
193.51999882 -0.941496 
193.55999882 -0.941496 
193.59999882 -0.941496 
193.63999882 -0.941496 
193.67999882 -0.941496 
193.71999882 -0.941496 
193.75999882 -0.941496 
193.79999882 -0.941496 
193.83999882 -0.941496 
193.87999882 -0.941496 
193.91999882 -0.941496 
193.95999882 -0.941496 
193.99999882 -0.4989776 
194.03999882 -0.4989776 
194.07999882 -0.941496 
194.11999882 -0.4989776 
194.15999882 -0.4989776 
194.19999882 -0.4989776 
194.23999882 -0.4989776 
194.27999882 -0.941496 
194.31999882 -0.4989776 
194.35999882 -0.4989776 
194.39999882 -0.4989776 
194.43999882 -0.4989776 
194.47999882 -0.4989776 
194.51999882 -0.4989776 
194.55999882 -0.4989776 
194.59999882 -0.4989776 
194.63999882 -0.4989776 
194.71999882 -0.4989776 
194.75999882 -0.4989776 
196.07999881 -0.4989776 
196.15999881 -0.4989776 
196.19999881 -0.4989776 
196.23999881 -0.4989776 
196.27999881 -0.4989776 
196.31999881 -0.4989776 
196.35999881 -0.941496 
196.39999881 -0.941496 
196.43999881 -0.941496 
196.47999881 -0.941496 
196.51999881 -0.941496 
196.55999881 -0.941496 
196.59999881 -0.941496 
196.6399988 -0.941496 
196.6799988 -1.382488 
196.7199988 -1.382488 
196.7599988 -1.825007 
196.7999988 -1.825007 
196.8399988 -1.825007 
196.8799988 -1.825007 
196.9199988 -1.825007 
196.9599988 -1.825007 
196.9999988 -2.267525 
197.0399988 -2.267525 
197.0799988 -2.267525 
197.1199988 -2.267525 
197.1599988 -2.708518 
197.1999988 -2.267525 
197.2399988 -2.267525 
197.2799988 -2.708518 
197.3199988 -2.708518 
197.3599988 -2.708518 
197.3999988 -2.708518 
197.4399988 -3.151036 
197.4799988 -2.708518 
197.5199988 -2.708518 
197.5599988 -2.708518 
197.5999988 -3.151036 
197.6399988 -3.151036 
197.6799988 -3.151036 
197.7199988 -3.151036 
197.7599988 -3.151036 
197.7999988 -3.151036 
197.8399988 -3.593554 
197.8799988 -3.151036 
197.9199988 -3.151036 
197.9599988 -3.593554 
197.9999988 -3.151036 
198.0399988 -3.151036 
198.0799988 -3.593554 
198.1199988 -3.593554 
198.1599988 -3.593554 
198.1999988 -3.151036 
198.2399988 -3.151036 
198.27999879 -3.593554 
198.31999879 -3.593554 
198.35999879 -3.151036 
198.39999879 -3.151036 
198.43999879 -3.593554 
198.47999879 -3.151036 
198.51999879 -3.151036 
198.55999879 -3.151036 
198.59999879 -3.151036 
198.63999879 -2.708518 
198.67999879 -3.151036 
198.71999879 -2.708518 
198.75999879 -2.267525 
198.79999879 -2.267525 
198.83999879 -2.267525 
198.87999879 -2.267525 
198.91999879 -2.267525 
198.95999879 -2.267525 
198.99999879 -2.267525 
199.03999879 -1.825007 
199.07999879 -1.825007 
199.11999879 -1.825007 
199.15999879 -1.825007 
199.19999879 -1.382488 
199.23999879 -1.382488 
199.27999879 -0.941496 
199.31999879 -0.941496 
199.35999879 -0.941496 
199.39999879 -0.4989776 
199.43999879 -0.4989776 
199.47999879 -0.4989776 
199.51999879 -0.4989776 
199.55999879 -0.4989776 
0 0 
