0.2 -2.267525 
0.24 -2.708518 
0.28 -0.4989776 
0.44 -0.941496 
0.48 -0.941496 
0.52 -0.941496 
0.72 -0.4989776 
1.55999999 -5.803094 
1.71999999 -0.941496 
1.75999999 -2.708518 
1.79999999 -0.941496 
1.87999999 -0.941496 
2.03999999 -1.382488 
2.19999999 -0.4989776 
2.31999999 -4.477065 
2.47999998 -0.941496 
2.51999998 -3.593554 
2.75999998 -0.941496 
2.79999998 -3.151036 
2.83999998 -0.4989776 
2.95999998 -1.825007 
3.07999998 -0.941496 
3.11999998 -0.4989776 
3.23999998 -0.941496 
3.39999998 -0.941496 
3.59999998 -0.4989776 
3.75999998 -0.4989776 
4.03999998 -0.941496 
4.07999998 -1.382488 
4.11999997 -0.4989776 
4.19999997 -0.4989776 
4.23999997 -0.941496 
4.27999997 -0.941496 
4.31999997 -0.941496 
4.35999997 -1.825007 
4.39999997 -0.4989776 
4.51999997 -1.825007 
4.55999997 -2.267525 
4.59999997 -1.825007 
4.63999997 -0.941496 
4.71999997 -0.941496 
4.75999997 -1.825007 
4.79999997 -1.825007 
4.83999997 -0.941496 
4.87999997 -0.4989776 
4.91999997 -0.4989776 
4.95999997 -0.941496 
4.99999997 -1.825007 
5.03999997 -1.825007 
5.07999997 -1.825007 
5.11999997 -1.382488 
5.15999997 -0.941496 
5.19999997 -0.941496 
5.23999997 -1.825007 
5.27999997 -2.267525 
5.31999997 -1.825007 
5.35999997 -2.267525 
5.39999997 -1.825007 
5.43999997 -2.267525 
5.47999997 -2.267525 
5.59999997 -0.4989776 
5.63999997 -2.267525 
5.67999997 -2.267525 
5.71999997 -0.941496 
5.75999996 -0.941496 
5.79999996 -1.825007 
5.83999996 -2.267525 
5.87999996 -1.825007 
5.91999996 -1.382488 
5.95999996 -1.825007 
5.99999996 -2.708518 
6.03999996 -2.267525 
6.07999996 -0.941496 
6.11999996 -0.941496 
6.15999996 -0.941496 
6.19999996 -1.382488 
6.23999996 -0.941496 
6.27999996 -1.382488 
6.31999996 -1.825007 
6.35999996 -2.267525 
6.39999996 -2.708518 
6.43999996 -2.267525 
6.47999996 -0.941496 
6.51999996 -0.4989776 
6.55999996 -0.4989776 
6.59999996 -0.941496 
6.63999996 -1.825007 
6.67999996 -1.825007 
6.71999996 -0.941496 
6.75999996 -1.825007 
6.79999996 -1.825007 
6.83999996 -1.382488 
6.87999996 -0.941496 
6.91999996 -0.941496 
6.95999996 -0.4989776 
6.99999996 -0.941496 
7.03999996 -0.941496 
7.07999996 -2.267525 
7.11999996 -1.825007 
7.15999996 -0.941496 
7.19999996 -0.4989776 
7.23999996 -0.941496 
7.27999996 -0.941496 
7.31999996 -1.382488 
7.35999996 -0.941496 
7.39999996 -0.4989776 
7.43999995 -0.4989776 
7.47999995 -0.941496 
7.51999995 -0.941496 
7.55999995 -0.4989776 
7.59999995 -0.941496 
7.67999995 -0.4989776 
7.71999995 -0.941496 
7.75999995 -2.267525 
7.79999995 -1.825007 
7.83999995 -2.267525 
7.87999995 -1.825007 
7.91999995 -1.382488 
8.07999995 -6.244087 
8.11999995 -8.896146 
8.15999995 -1.825007 
8.27999995 -1.825007 
8.31999995 -7.570117 
8.35999995 -4.477065 
8.51999995 -4.034547 
8.55999995 -4.477065 
8.59999995 -1.382488 
8.71999995 -0.4989776 
8.75999995 -0.941496 
8.79999995 -0.4989776 
8.83999995 -0.4989776 
8.87999995 -0.4989776 
8.91999995 -0.4989776 
8.95999995 -0.941496 
8.99999995 -0.4989776 
9.11999994 -0.4989776 
9.15999994 -0.941496 
9.19999994 -1.825007 
9.23999994 -0.941496 
9.35999994 -0.4989776 
9.39999994 -0.4989776 
9.55999994 -2.267525 
9.59999994 -2.708518 
9.63999994 -0.941496 
9.71999994 -0.4989776 
9.75999994 -1.825007 
9.79999994 -1.825007 
9.83999994 -0.941496 
9.99999994 -0.4989776 
10.03999994 -0.941496 
10.07999994 -2.267525 
10.11999994 -2.708518 
10.15999994 -0.941496 
10.19999994 -0.4989776 
10.23999994 -0.4989776 
10.27999994 -0.941496 
10.31999994 -0.941496 
10.35999994 -0.4989776 
10.39999994 -0.4989776 
10.43999994 -0.941496 
10.47999994 -0.941496 
10.51999994 -0.941496 
10.55999994 -0.4989776 
10.59999994 -0.4989776 
10.63999994 -1.825007 
10.67999994 -2.267525 
10.71999993 -0.941496 
10.83999993 -0.941496 
10.87999993 -1.825007 
10.99999993 -0.941496 
11.03999993 -0.941496 
11.07999993 -0.941496 
11.11999993 -0.941496 
11.15999993 -0.4989776 
11.19999993 -0.941496 
11.23999993 -1.382488 
11.27999993 -0.4989776 
11.39999993 -0.4989776 
11.43999993 -0.941496 
11.47999993 -0.941496 
11.63999993 -0.4989776 
11.67999993 -1.382488 
11.71999993 -0.941496 
11.87999993 -0.4989776 
11.91999993 -0.941496 
11.95999993 -0.4989776 
12.11999993 -0.941496 
12.15999993 -1.825007 
12.19999993 -0.941496 
12.35999992 -0.4989776 
13.75999992 -0.4989776 
13.99999991 -0.4989776 
14.27999991 -0.941496 
14.31999991 -2.708518 
14.47999991 -0.4989776 
14.59999991 -0.4989776 
14.63999991 -0.4989776 
14.75999991 -3.151036 
14.79999991 -4.034547 
14.95999991 -0.941496 
15.07999991 -0.4989776 
15.11999991 -1.825007 
15.15999991 -0.4989776 
15.31999991 -0.4989776 
15.35999991 -0.4989776 
15.55999991 -0.4989776 
15.59999991 -0.4989776 
15.6399999 -0.941496 
15.6799999 -1.825007 
15.7199999 -1.825007 
15.9199999 -2.708518 
15.9599999 -3.151036 
15.9999999 -0.4989776 
16.1599999 -2.267525 
16.1999999 -1.382488 
16.4399999 -0.4989776 
16.4799999 -0.4989776 
16.5199999 -1.382488 
16.5599999 -0.941496 
16.6799999 -0.4989776 
16.7199999 -0.941496 
16.7599999 -0.4989776 
16.8799999 -0.941496 
16.9199999 -0.941496 
17.0799999 -0.4989776 
17.1199999 -0.4989776 
17.35999989 -1.825007 
17.39999989 -2.267525 
17.43999989 -0.941496 
17.59999989 -1.825007 
17.63999989 -1.382488 
17.83999989 -0.941496 
17.87999989 -0.4989776 
18.07999989 -0.4989776 
18.11999989 -0.4989776 
18.27999989 -0.4989776 
18.31999989 -1.382488 
18.35999989 -0.4989776 
19.19999988 -0.4989776 
19.23999988 -0.4989776 
19.43999988 -0.4989776 
19.47999988 -0.4989776 
19.67999988 -0.4989776 
19.71999988 -0.941496 
20.07999988 -0.4989776 
20.31999988 -0.4989776 
20.35999988 -0.4989776 
20.51999988 -0.4989776 
20.55999988 -0.4989776 
20.59999987 -0.941496 
20.63999987 -0.4989776 
20.79999987 -0.4989776 
20.83999987 -0.4989776 
20.99999987 -0.4989776 
21.03999987 -0.4989776 
21.23999987 -0.4989776 
21.27999987 -0.4989776 
21.55999987 -0.4989776 
21.71999987 -0.4989776 
21.83999987 -0.4989776 
21.95999987 -0.4989776 
22.19999987 -0.4989776 
22.23999986 -0.4989776 
22.63999986 -0.4989776 
22.79999986 -2.708518 
22.83999986 -3.593554 
22.87999986 -0.4989776 
23.03999986 -0.4989776 
23.67999986 -0.941496 
23.71999986 -1.825007 
23.95999985 -0.4989776 
25.11999985 -0.941496 
25.15999985 -1.825007 
25.39999985 -0.941496 
26.95999984 -0.4989776 
27.03999984 -0.4989776 
27.07999984 -0.941496 
27.11999984 -3.151036 
27.19999983 -2.708518 
27.27999983 -4.477065 
27.39999983 -3.151036 
27.43999983 -2.708518 
27.47999983 -0.941496 
27.59999983 -2.267525 
27.71999983 -4.919584 
27.75999983 -4.477065 
27.87999983 -2.267525 
27.91999983 -3.151036 
28.03999983 -0.941496 
28.07999983 -0.941496 
28.15999983 -0.4989776 
28.19999983 -4.034547 
28.35999983 -0.4989776 
28.39999983 -1.382488 
29.71999982 -0.4989776 
29.95999982 -0.4989776 
29.99999982 -0.4989776 
30.07999982 -0.4989776 
30.11999982 -0.4989776 
30.35999982 -0.4989776 
30.39999982 -0.941496 
30.43999982 -0.941496 
30.63999981 -0.941496 
30.67999981 -0.941496 
30.83999981 -1.825007 
30.87999981 -1.825007 
31.03999981 -0.941496 
31.07999981 -1.382488 
31.11999981 -1.382488 
31.15999981 -0.4989776 
31.27999981 -1.825007 
31.31999981 -4.919584 
31.35999981 -4.477065 
31.39999981 -0.4989776 
31.51999981 -1.825007 
31.55999981 -4.919584 
31.59999981 -4.034547 
31.63999981 -0.4989776 
31.75999981 -1.825007 
31.79999981 -2.708518 
31.83999981 -1.825007 
31.87999981 -1.825007 
31.91999981 -1.825007 
31.95999981 -0.941496 
31.99999981 -0.4989776 
32.03999981 -1.825007 
32.07999981 -2.267525 
32.1199998 -2.267525 
32.1599998 -1.825007 
32.1999998 -0.941496 
32.2399998 -0.941496 
32.2799998 -1.825007 
32.3199998 -2.267525 
32.3599998 -1.382488 
32.3999998 -0.941496 
32.4399998 -0.941496 
32.4799998 -1.825007 
32.5199998 -1.825007 
32.5599998 -1.825007 
32.5999998 -0.941496 
32.6399998 -0.941496 
32.6799998 -1.382488 
32.7199998 -1.825007 
32.7599998 -2.708518 
32.7999998 -3.593554 
32.8399998 -1.382488 
32.9599998 -0.941496 
32.9999998 -3.593554 
33.0399998 -3.593554 
33.0799998 -0.941496 
33.1999998 -0.941496 
33.2399998 -2.267525 
33.2799998 -1.825007 
33.3199998 -0.4989776 
33.3999998 -0.941496 
33.4399998 -1.382488 
33.4799998 -1.382488 
33.5199998 -0.4989776 
33.5599998 -0.4989776 
33.5999998 -0.941496 
33.6399998 -1.382488 
33.6799998 -0.941496 
33.7199998 -0.4989776 
33.79999979 -0.4989776 
33.83999979 -0.941496 
33.87999979 -0.941496 
33.91999979 -0.941496 
33.95999979 -0.4989776 
34.03999979 -0.4989776 
34.07999979 -0.941496 
34.11999979 -0.941496 
34.15999979 -0.4989776 
34.19999979 -0.4989776 
34.23999979 -0.4989776 
34.27999979 -0.4989776 
34.31999979 -0.4989776 
34.43999979 -0.4989776 
34.55999979 -0.941496 
34.59999979 -0.941496 
34.71999979 -0.4989776 
34.75999979 -0.4989776 
34.79999979 -0.4989776 
34.83999979 -0.941496 
34.87999979 -0.4989776 
35.07999979 -0.941496 
35.11999979 -0.4989776 
35.19999979 -0.4989776 
35.23999979 -0.941496 
35.27999979 -0.941496 
35.47999978 -0.941496 
35.51999978 -0.941496 
35.67999978 -0.4989776 
35.71999978 -0.941496 
35.75999978 -0.941496 
35.91999978 -0.4989776 
35.95999978 -0.4989776 
36.11999978 -0.4989776 
36.15999978 -0.941496 
36.19999978 -0.941496 
36.39999978 -0.941496 
36.43999978 -1.825007 
36.47999978 -0.941496 
36.63999978 -0.4989776 
36.67999978 -0.4989776 
36.83999978 -0.941496 
36.87999978 -0.941496 
36.91999978 -1.825007 
37.03999977 -0.4989776 
37.07999977 -0.941496 
37.11999977 -0.941496 
37.15999977 -0.941496 
37.27999977 -0.941496 
37.31999977 -0.941496 
37.35999977 -0.941496 
37.39999977 -0.941496 
37.43999977 -0.4989776 
37.51999977 -0.4989776 
37.55999977 -1.825007 
37.59999977 -1.825007 
37.75999977 -0.4989776 
37.79999977 -1.825007 
37.83999977 -1.382488 
37.87999977 -0.4989776 
37.91999977 -0.4989776 
37.95999977 -0.941496 
37.99999977 -0.941496 
38.03999977 -0.941496 
38.07999977 -0.4989776 
38.11999977 -0.4989776 
38.15999977 -0.4989776 
38.19999977 -0.941496 
38.23999977 -0.941496 
38.27999977 -0.941496 
38.31999977 -0.4989776 
38.35999977 -0.4989776 
38.39999977 -0.4989776 
38.43999977 -0.4989776 
38.47999977 -0.941496 
38.51999977 -0.4989776 
38.55999977 -0.4989776 
38.59999977 -0.4989776 
38.63999977 -0.4989776 
38.67999976 -0.941496 
38.71999976 -0.4989776 
38.79999976 -0.4989776 
38.83999976 -0.4989776 
38.87999976 -0.4989776 
38.91999976 -0.4989776 
38.95999976 -0.4989776 
38.99999976 -0.4989776 
39.11999976 -0.4989776 
39.15999976 -0.4989776 
39.31999976 -0.941496 
39.35999976 -3.593554 
39.39999976 -2.267525 
39.55999976 -0.941496 
39.59999976 -0.4989776 
39.71999976 -0.4989776 
39.75999976 -0.941496 
40.47999975 -0.941496 
40.79999975 -0.941496 
40.83999975 -0.941496 
40.99999975 -0.941496 
41.03999975 -2.267525 
41.07999975 -3.151036 
41.23999975 -2.267525 
41.27999975 -0.941496 
42.19999974 -0.4989776 
42.23999974 -0.4989776 
42.27999974 -0.4989776 
42.39999974 -0.4989776 
42.43999974 -0.941496 
42.47999974 -0.941496 
42.63999974 -0.941496 
42.67999974 -2.267525 
42.71999974 -0.941496 
42.79999974 -0.4989776 
42.83999974 -0.941496 
42.87999974 -0.941496 
42.91999974 -0.941496 
42.95999974 -0.941496 
42.99999974 -0.4989776 
43.03999974 -1.825007 
43.07999974 -2.708518 
43.11999974 -1.825007 
43.15999974 -0.941496 
43.19999974 -0.941496 
43.23999974 -0.941496 
43.27999974 -0.941496 
43.31999974 -1.825007 
43.35999974 -1.825007 
43.39999974 -1.382488 
43.43999974 -0.941496 
43.47999974 -0.941496 
43.51999974 -1.382488 
43.55999974 -0.941496 
43.59999974 -0.941496 
43.63999973 -0.941496 
43.67999973 -0.941496 
43.71999973 -0.941496 
43.75999973 -0.941496 
43.79999973 -1.825007 
43.83999973 -1.825007 
43.87999973 -0.4989776 
43.95999973 -1.825007 
43.99999973 -2.708518 
44.03999973 -1.825007 
44.07999973 -0.941496 
44.11999973 -0.4989776 
44.15999973 -0.4989776 
44.19999973 -0.941496 
44.23999973 -0.941496 
44.27999973 -0.941496 
44.31999973 -0.941496 
44.35999973 -1.382488 
44.39999973 -0.941496 
44.43999973 -0.941496 
44.47999973 -0.941496 
44.51999973 -0.4989776 
44.55999973 -0.4989776 
44.59999973 -0.4989776 
44.63999973 -0.4989776 
44.67999973 -0.941496 
44.71999973 -0.4989776 
44.83999973 -0.4989776 
44.87999973 -0.4989776 
44.91999973 -0.941496 
45.11999973 -0.4989776 
45.15999973 -0.941496 
47.31999971 -1.382488 
47.35999971 -2.267525 
47.39999971 -0.941496 
47.63999971 -3.151036 
47.83999971 -0.4989776 
47.87999971 -0.941496 
48.6399997 -0.4989776 
48.7999997 -0.941496 
48.8399997 -0.941496 
48.9999997 -0.4989776 
49.0399997 -1.825007 
49.0799997 -0.941496 
49.2399997 -0.941496 
49.2799997 -2.267525 
49.4799997 -0.4989776 
51.87999968 -3.593554 
52.15999968 -0.4989776 
52.19999968 -0.941496 
52.35999968 -0.4989776 
52.39999968 -0.941496 
52.51999968 -2.267525 
52.63999968 -0.941496 
52.67999968 -1.825007 
52.79999968 -0.4989776 
52.95999968 -0.4989776 
53.15999968 -0.941496 
53.59999967 -0.4989776 
53.63999967 -0.4989776 
53.75999967 -4.477065 
53.91999967 -1.825007 
54.07999967 -0.941496 
54.11999967 -0.4989776 
54.23999967 -0.4989776 
54.27999967 -0.4989776 
54.31999967 -0.941496 
54.35999967 -0.4989776 
54.43999967 -0.4989776 
54.47999967 -1.825007 
54.59999967 -1.382488 
54.63999967 -3.593554 
54.67999967 -0.941496 
54.75999967 -0.941496 
54.79999967 -1.825007 
54.83999967 -0.941496 
54.87999967 -0.4989776 
54.91999967 -0.941496 
54.95999967 -1.382488 
54.99999967 -1.825007 
55.03999967 -1.382488 
55.07999967 -0.941496 
55.11999967 -0.4989776 
55.15999966 -0.4989776 
55.19999966 -0.941496 
55.23999966 -3.151036 
55.27999966 -3.593554 
55.31999966 -1.825007 
55.47999966 -3.151036 
55.51999966 -4.477065 
55.55999966 -3.151036 
55.71999966 -1.825007 
55.75999966 -2.708518 
55.79999966 -1.382488 
55.83999966 -0.4989776 
55.87999966 -0.4989776 
55.91999966 -0.941496 
55.95999966 -0.941496 
55.99999966 -0.4989776 
56.07999966 -0.941496 
56.11999966 -0.941496 
56.15999966 -0.941496 
56.19999966 -0.941496 
56.23999966 -0.941496 
56.27999966 -0.941496 
56.31999966 -0.4989776 
56.35999966 -0.4989776 
56.39999966 -0.4989776 
56.43999966 -0.4989776 
56.47999966 -0.4989776 
56.51999966 -0.941496 
56.55999966 -1.382488 
56.59999966 -0.941496 
56.75999966 -1.382488 
56.79999965 -1.825007 
56.83999965 -0.941496 
57.03999965 -1.825007 
57.07999965 -1.825007 
57.11999965 -0.4989776 
57.27999965 -0.4989776 
57.31999965 -0.941496 
57.35999965 -0.941496 
57.39999965 -0.4989776 
57.55999965 -0.941496 
57.59999965 -0.4989776 
57.79999965 -0.4989776 
57.99999965 -0.4989776 
58.03999965 -0.4989776 
58.63999964 -0.4989776 
58.67999964 -0.941496 
58.71999964 -0.4989776 
58.75999964 -0.4989776 
58.83999964 -0.4989776 
58.87999964 -0.4989776 
58.91999964 -0.941496 
58.95999964 -0.941496 
58.99999964 -0.941496 
59.03999964 -0.4989776 
59.07999964 -0.4989776 
59.11999964 -0.4989776 
59.15999964 -1.382488 
59.19999964 -0.941496 
59.23999964 -0.4989776 
59.27999964 -0.941496 
59.31999964 -0.941496 
59.35999964 -0.4989776 
59.39999964 -0.941496 
59.43999964 -0.941496 
59.47999964 -0.941496 
59.51999964 -0.4989776 
59.55999964 -1.382488 
59.59999964 -1.825007 
59.63999964 -0.941496 
59.67999964 -0.941496 
59.71999964 -0.4989776 
59.75999964 -0.941496 
59.79999964 -1.825007 
59.83999964 -2.267525 
59.87999964 -0.941496 
59.91999964 -0.941496 
59.95999964 -0.941496 
59.99999964 -0.941496 
60.03999964 -0.941496 
60.07999963 -0.941496 
60.11999963 -0.941496 
60.15999963 -0.941496 
60.19999963 -0.941496 
60.23999963 -0.941496 
60.27999963 -1.382488 
60.31999963 -1.825007 
60.35999963 -0.941496 
60.39999963 -0.4989776 
60.43999963 -0.4989776 
60.47999963 -0.941496 
60.51999963 -1.382488 
60.55999963 -0.941496 
60.59999963 -0.4989776 
60.63999963 -0.4989776 
60.67999963 -0.941496 
60.71999963 -0.941496 
60.75999963 -0.941496 
60.79999963 -0.941496 
60.83999963 -0.4989776 
60.87999963 -0.4989776 
60.91999963 -0.941496 
60.95999963 -0.941496 
60.99999963 -0.4989776 
61.03999963 -0.4989776 
61.07999963 -1.382488 
61.11999963 -0.941496 
61.15999963 -0.941496 
61.19999963 -0.941496 
61.31999963 -0.941496 
61.35999963 -2.267525 
61.39999963 -1.825007 
61.43999963 -0.4989776 
61.55999963 -0.4989776 
61.59999963 -0.4989776 
61.63999963 -0.941496 
61.67999963 -0.941496 
61.75999962 -0.4989776 
61.79999962 -0.4989776 
61.83999962 -0.4989776 
61.91999962 -0.4989776 
62.15999962 -0.941496 
62.19999962 -0.941496 
62.35999962 -0.941496 
62.39999962 -0.4989776 
62.55999962 -0.4989776 
63.07999962 -0.4989776 
63.11999962 -0.941496 
63.15999962 -0.941496 
63.35999961 -0.941496 
63.39999961 -4.034547 
63.43999961 -3.593554 
63.63999961 -0.941496 
63.67999961 -0.4989776 
64.15999961 -0.941496 
64.19999961 -0.941496 
64.35999961 -0.941496 
64.39999961 -0.4989776 
64.43999961 -0.4989776 
64.59999961 -0.4989776 
64.63999961 -0.941496 
64.67999961 -0.4989776 
64.75999961 -0.941496 
64.79999961 -2.267525 
64.83999961 -0.941496 
64.9999996 -1.382488 
65.0399996 -2.708518 
65.0799996 -1.382488 
65.2399996 -0.941496 
65.2799996 -0.941496 
65.3199996 -0.941496 
65.3599996 -0.4989776 
65.4799996 -0.4989776 
65.5199996 -0.4989776 
65.5599996 -0.941496 
65.5999996 -0.941496 
65.6399996 -0.941496 
65.7199996 -0.4989776 
65.7599996 -1.382488 
65.7999996 -0.941496 
65.8399996 -0.941496 
65.9999996 -0.4989776 
66.0399996 -0.941496 
66.0799996 -1.382488 
66.1199996 -0.941496 
66.1599996 -0.941496 
66.1999996 -1.382488 
66.2399996 -1.382488 
66.2799996 -0.941496 
66.4399996 -0.941496 
66.4799996 -3.151036 
66.5199996 -3.593554 
66.63999959 -0.4989776 
66.67999959 -0.941496 
66.75999959 -0.4989776 
66.79999959 -0.4989776 
66.83999959 -0.941496 
66.87999959 -0.4989776 
66.91999959 -0.941496 
66.95999959 -0.941496 
66.99999959 -0.941496 
67.03999959 -0.4989776 
67.07999959 -0.4989776 
67.11999959 -0.4989776 
67.15999959 -0.4989776 
67.19999959 -0.941496 
67.23999959 -1.382488 
67.27999959 -0.941496 
67.31999959 -0.941496 
67.35999959 -1.382488 
67.51999959 -3.593554 
67.55999959 -1.825007 
67.63999959 -0.4989776 
67.67999959 -0.941496 
67.71999959 -0.941496 
67.75999959 -0.4989776 
67.79999959 -0.4989776 
67.83999959 -0.4989776 
67.87999959 -0.941496 
67.91999959 -1.382488 
67.95999959 -1.825007 
67.99999959 -0.941496 
68.03999959 -0.4989776 
68.19999959 -0.4989776 
68.23999959 -0.4989776 
68.27999959 -0.941496 
68.31999958 -0.941496 
68.35999958 -0.941496 
68.39999958 -0.941496 
68.67999958 -1.825007 
68.71999958 -1.825007 
68.87999958 -0.941496 
68.91999958 -0.941496 
68.95999958 -0.941496 
68.99999958 -0.4989776 
69.03999958 -0.4989776 
69.07999958 -0.941496 
69.11999958 -0.4989776 
69.23999958 -0.4989776 
69.27999958 -0.941496 
69.31999958 -0.4989776 
69.43999958 -0.4989776 
69.47999958 -0.941496 
69.51999958 -0.941496 
69.55999958 -0.941496 
69.59999958 -0.4989776 
69.75999958 -0.941496 
69.79999958 -0.4989776 
69.87999958 -0.941496 
69.91999958 -2.267525 
69.95999957 -1.382488 
70.15999957 -0.941496 
70.19999957 -0.941496 
70.23999957 -0.941496 
70.27999957 -0.941496 
70.31999957 -0.941496 
70.35999957 -0.941496 
70.39999957 -0.4989776 
70.55999957 -0.4989776 
70.59999957 -0.941496 
70.63999957 -0.941496 
70.67999957 -0.941496 
70.79999957 -0.4989776 
70.83999957 -1.382488 
70.87999957 -1.825007 
70.91999957 -0.941496 
71.03999957 -0.4989776 
71.07999957 -0.4989776 
71.11999957 -1.382488 
71.15999957 -3.151036 
71.19999957 -2.708518 
71.35999957 -3.593554 
71.39999957 -7.129124 
71.43999957 -4.477065 
71.59999956 -5.360576 
71.63999956 -6.686605 
71.67999956 -0.941496 
71.79999956 -0.941496 
71.83999956 -3.593554 
71.87999956 -1.382488 
72.03999956 -0.941496 
72.07999956 -0.4989776 
72.19999956 -1.825007 
72.35999956 -3.593554 
72.39999956 -1.825007 
72.87999956 -0.941496 
72.91999956 -1.825007 
73.11999956 -1.825007 
73.15999956 -1.382488 
75.27999954 -0.4989776 
76.59999953 -4.477065 
76.87999953 -2.267525 
76.91999953 -1.382488 
76.95999953 -0.4989776 
77.07999953 -2.267525 
77.11999953 -2.267525 
77.23999953 -3.151036 
77.35999953 -1.825007 
77.39999953 -1.825007 
77.51999953 -1.825007 
77.87999953 -0.4989776 
77.91999953 -0.4989776 
79.11999952 -0.941496 
79.15999952 -2.708518 
79.19999952 -1.825007 
79.35999952 -1.825007 
79.39999952 -4.477065 
79.43999952 -1.382488 
79.59999952 -0.941496 
79.63999952 -0.941496 
79.91999951 -4.477065 
79.95999951 -2.267525 
80.63999951 -0.4989776 
80.67999951 -0.941496 
80.87999951 -2.267525 
80.91999951 -4.919584 
80.95999951 -0.4989776 
81.07999951 -1.825007 
81.11999951 -3.151036 
81.15999951 -1.825007 
81.31999951 -0.941496 
81.35999951 -1.382488 
81.39999951 -1.382488 
81.43999951 -0.941496 
81.5599995 -0.4989776 
81.5999995 -0.941496 
81.6399995 -0.941496 
81.6799995 -0.941496 
81.7599995 -0.941496 
81.7999995 -2.267525 
81.8399995 -0.941496 
81.9599995 -0.941496 
81.9999995 -1.825007 
82.0399995 -1.825007 
82.0799995 -0.941496 
82.1999995 -0.4989776 
82.2399995 -0.4989776 
82.2799995 -0.941496 
82.3199995 -0.941496 
82.3599995 -0.4989776 
82.3999995 -0.4989776 
82.4399995 -0.4989776 
82.4799995 -0.4989776 
82.5199995 -0.941496 
82.5599995 -0.4989776 
82.6799995 -0.4989776 
82.7199995 -0.941496 
82.7599995 -0.941496 
82.8799995 -0.4989776 
82.9199995 -0.4989776 
82.9599995 -0.4989776 
82.9999995 -0.4989776 
83.0399995 -0.941496 
83.0799995 -0.4989776 
83.15999949 -0.4989776 
83.35999949 -0.4989776 
83.39999949 -0.941496 
83.43999949 -0.4989776 
83.47999949 -0.4989776 
83.63999949 -0.4989776 
83.67999949 -0.941496 
83.83999949 -0.4989776 
83.87999949 -0.4989776 
86.39999947 -0.4989776 
86.43999947 -0.4989776 
86.83999947 -0.4989776 
87.27999947 -1.825007 
87.31999947 -3.593554 
87.35999947 -2.708518 
87.51999947 -0.941496 
87.55999947 -3.151036 
87.59999947 -1.825007 
87.75999947 -1.382488 
87.79999947 -2.267525 
87.83999947 -0.941496 
88.23999946 -0.4989776 
88.27999946 -0.4989776 
88.43999946 -0.4989776 
88.47999946 -0.941496 
88.67999946 -0.941496 
88.71999946 -0.4989776 
88.87999946 -0.4989776 
88.91999946 -2.267525 
88.95999946 -1.825007 
89.15999946 -0.941496 
89.19999946 -0.941496 
89.43999946 -0.4989776 
89.47999946 -0.4989776 
89.67999945 -0.4989776 
89.83999945 -1.825007 
89.87999945 -1.825007 
90.03999945 -0.941496 
90.07999945 -1.382488 
90.47999945 -0.4989776 
90.51999945 -0.4989776 
90.71999945 -0.4989776 
90.75999945 -0.4989776 
90.91999945 -0.4989776 
90.95999945 -0.941496 
90.99999945 -0.4989776 
91.11999945 -0.4989776 
91.15999945 -0.941496 
91.19999945 -0.941496 
91.23999945 -0.941496 
91.39999944 -0.4989776 
91.43999944 -1.382488 
91.47999944 -1.825007 
91.51999944 -0.941496 
91.67999944 -1.825007 
91.71999944 -3.593554 
91.75999944 -2.708518 
91.79999944 -0.941496 
91.87999944 -0.4989776 
91.91999944 -0.941496 
91.95999944 -1.825007 
91.99999944 -1.382488 
92.03999944 -1.825007 
92.07999944 -2.267525 
92.11999944 -2.267525 
92.15999944 -1.825007 
92.19999944 -0.941496 
92.23999944 -0.941496 
92.27999944 -0.941496 
92.31999944 -2.267525 
92.35999944 -2.708518 
92.39999944 -2.267525 
92.43999944 -0.941496 
92.47999944 -0.941496 
92.51999944 -1.825007 
92.55999944 -2.708518 
92.59999944 -0.4989776 
92.63999944 -2.708518 
92.67999944 -4.034547 
92.71999944 -1.825007 
92.75999944 -1.382488 
92.79999944 -2.267525 
92.83999944 -2.267525 
92.87999944 -1.825007 
92.91999944 -1.825007 
92.95999944 -2.267525 
92.99999943 -1.825007 
93.03999943 -2.267525 
93.07999943 -1.825007 
93.11999943 -1.825007 
93.15999943 -1.825007 
93.19999943 -1.825007 
93.23999943 -2.267525 
93.27999943 -1.825007 
93.31999943 -2.267525 
93.35999943 -1.825007 
93.39999943 -1.382488 
93.43999943 -1.382488 
93.47999943 -1.825007 
93.51999943 -2.267525 
93.55999943 -2.267525 
93.59999943 -1.825007 
93.63999943 -1.382488 
93.67999943 -0.941496 
93.75999943 -0.941496 
93.79999943 -6.244087 
93.83999943 -3.593554 
93.91999943 -0.4989776 
93.95999943 -2.708518 
93.99999943 -2.267525 
94.03999943 -1.382488 
94.07999943 -0.941496 
94.11999943 -0.941496 
94.15999943 -1.825007 
94.19999943 -1.825007 
94.23999943 -1.382488 
94.27999943 -0.941496 
94.31999943 -0.4989776 
94.35999943 -0.941496 
94.39999943 -1.825007 
94.43999943 -1.825007 
94.47999943 -0.941496 
94.51999943 -0.4989776 
94.55999943 -0.4989776 
94.59999943 -0.941496 
94.63999942 -0.941496 
94.67999942 -0.4989776 
94.75999942 -0.4989776 
94.79999942 -0.941496 
94.83999942 -1.825007 
94.87999942 -1.825007 
94.91999942 -0.4989776 
95.03999942 -0.4989776 
95.07999942 -1.382488 
95.11999942 -2.267525 
95.15999942 -1.825007 
95.19999942 -0.941496 
95.23999942 -0.4989776 
95.39999942 -2.267525 
95.43999942 -3.593554 
95.47999942 -1.825007 
95.63999942 -0.941496 
95.67999942 -1.825007 
95.71999942 -0.4989776 
95.99999942 -0.4989776 
96.03999942 -0.4989776 
96.19999942 -0.4989776 
96.23999942 -0.941496 
96.35999941 -0.4989776 
96.39999941 -1.825007 
96.63999941 -0.4989776 
96.67999941 -0.4989776 
96.75999941 -2.267525 
96.79999941 -5.803094 
96.91999941 -1.825007 
96.95999941 -3.593554 
97.11999941 -0.4989776 
97.15999941 -1.825007 
97.19999941 -0.941496 
97.35999941 -0.941496 
97.39999941 -0.941496 
97.59999941 -0.4989776 
97.63999941 -0.4989776 
97.79999941 -0.4989776 
97.83999941 -0.4989776 
98.0799994 -0.4989776 
98.1199994 -0.4989776 
98.1599994 -0.4989776 
98.2399994 -0.4989776 
98.2799994 -0.941496 
98.4799994 -0.941496 
98.5199994 -0.941496 
98.5599994 -0.4989776 
98.7599994 -0.941496 
98.7999994 -1.382488 
98.8399994 -0.4989776 
98.9999994 -0.941496 
99.0399994 -0.941496 
99.2399994 -0.4989776 
99.2799994 -0.4989776 
99.3199994 -0.941496 
101.07999939 -0.4989776 
101.19999938 -5.360576 
101.23999938 -1.382488 
101.39999938 -0.941496 
101.59999938 -2.267525 
101.63999938 -4.034547 
101.87999938 -1.825007 
101.91999938 -1.825007 
102.39999938 -0.4989776 
103.39999937 -2.267525 
103.43999937 -4.034547 
103.47999937 -0.941496 
103.63999937 -2.267525 
103.67999937 -1.825007 
103.83999937 -0.941496 
103.87999937 -0.941496 
104.07999937 -0.4989776 
104.11999937 -0.4989776 
104.51999936 -0.4989776 
104.91999936 -2.267525 
104.95999936 -2.267525 
105.15999936 -0.941496 
105.19999936 -0.941496 
105.39999936 -0.4989776 
105.91999936 -1.382488 
105.95999936 -2.267525 
106.11999936 -0.941496 
107.19999935 -3.593554 
107.35999935 -0.4989776 
108.07999934 -0.4989776 
108.11999934 -0.941496 
108.15999934 -0.4989776 
108.43999934 -0.941496 
108.47999934 -1.825007 
108.63999934 -2.267525 
108.67999934 -0.941496 
108.83999934 -0.941496 
108.87999934 -1.825007 
108.91999934 -0.4989776 
109.03999934 -0.941496 
109.07999934 -0.941496 
109.11999934 -0.4989776 
109.23999934 -0.941496 
109.27999934 -0.941496 
109.31999934 -0.4989776 
109.43999933 -0.4989776 
109.47999933 -0.941496 
109.51999933 -0.4989776 
109.59999933 -0.941496 
109.63999933 -0.941496 
109.67999933 -0.4989776 
109.71999933 -0.941496 
109.95999933 -1.825007 
109.99999933 -2.267525 
110.03999933 -0.941496 
110.39999933 -0.4989776 
110.43999933 -0.941496 
110.63999933 -0.4989776 
110.67999933 -0.4989776 
111.55999932 -0.941496 
111.59999932 -3.593554 
111.63999932 -1.825007 
111.83999932 -1.825007 
111.87999932 -1.825007 
113.07999931 -0.941496 
113.11999931 -1.825007 
113.31999931 -0.4989776 
113.35999931 -0.941496 
113.59999931 -0.4989776 
113.87999931 -0.4989776 
113.91999931 -0.4989776 
114.07999931 -0.4989776 
114.11999931 -0.4989776 
114.15999931 -0.4989776 
114.19999931 -0.4989776 
114.27999931 -0.4989776 
114.31999931 -0.941496 
114.3599993 -0.4989776 
114.3999993 -0.4989776 
114.4399993 -0.4989776 
114.4799993 -0.4989776 
114.5199993 -0.941496 
114.5599993 -1.382488 
114.5999993 -1.825007 
114.6399993 -0.941496 
114.6799993 -0.4989776 
114.7999993 -0.941496 
114.8399993 -2.267525 
114.8799993 -1.825007 
114.9999993 -3.151036 
115.0399993 -2.708518 
115.0799993 -0.941496 
115.1599993 -0.4989776 
115.1999993 -2.267525 
115.2399993 -3.151036 
115.2799993 -1.382488 
115.3999993 -1.382488 
115.4399993 -1.825007 
115.4799993 -1.825007 
115.5199993 -0.941496 
115.5599993 -0.941496 
115.5999993 -1.382488 
115.6399993 -1.825007 
115.6799993 -1.825007 
115.7199993 -1.825007 
115.7599993 -0.941496 
115.7999993 -0.941496 
115.8399993 -1.382488 
115.8799993 -1.825007 
115.9199993 -1.825007 
115.9599993 -1.382488 
115.9999993 -0.941496 
116.03999929 -0.941496 
116.07999929 -1.825007 
116.11999929 -2.708518 
116.15999929 -1.382488 
116.23999929 -0.4989776 
116.27999929 -1.382488 
116.31999929 -1.825007 
116.35999929 -2.267525 
116.39999929 -1.825007 
116.43999929 -0.941496 
116.47999929 -0.941496 
116.51999929 -1.382488 
116.55999929 -1.825007 
116.59999929 -1.825007 
116.63999929 -1.382488 
116.67999929 -1.825007 
116.71999929 -0.941496 
116.75999929 -0.941496 
116.79999929 -0.941496 
116.83999929 -1.825007 
116.87999929 -1.825007 
116.91999929 -0.941496 
116.95999929 -0.4989776 
116.99999929 -0.941496 
117.03999929 -1.382488 
117.07999929 -1.825007 
117.11999929 -1.382488 
117.15999929 -0.4989776 
117.19999929 -0.4989776 
117.23999929 -0.941496 
117.27999929 -1.382488 
117.31999929 -0.941496 
117.35999929 -0.941496 
117.39999929 -0.941496 
117.43999929 -0.941496 
117.47999929 -0.941496 
117.51999929 -0.941496 
117.55999929 -0.941496 
117.59999929 -0.4989776 
117.63999929 -0.941496 
117.67999928 -0.4989776 
117.71999928 -1.382488 
117.75999928 -1.825007 
117.79999928 -0.941496 
117.83999928 -0.4989776 
117.91999928 -0.4989776 
117.95999928 -0.941496 
117.99999928 -0.4989776 
118.03999928 -0.4989776 
118.07999928 -0.941496 
118.11999928 -0.4989776 
118.15999928 -0.941496 
118.19999928 -1.382488 
118.23999928 -0.941496 
118.27999928 -0.941496 
118.31999928 -0.941496 
118.39999928 -0.4989776 
118.43999928 -0.941496 
118.47999928 -0.941496 
118.51999928 -0.4989776 
118.59999928 -0.4989776 
118.63999928 -1.382488 
118.67999928 -2.267525 
118.71999928 -1.825007 
118.83999928 -0.941496 
118.87999928 -1.382488 
118.91999928 -0.4989776 
118.95999928 -0.941496 
118.99999928 -0.941496 
119.07999928 -0.4989776 
119.11999928 -0.941496 
119.15999928 -1.382488 
119.19999928 -0.941496 
119.23999928 -0.4989776 
119.27999928 -0.941496 
119.31999927 -1.382488 
119.35999927 -1.382488 
119.39999927 -0.941496 
119.43999927 -0.4989776 
119.47999927 -0.941496 
119.51999927 -0.941496 
119.55999927 -0.941496 
119.59999927 -1.382488 
119.63999927 -1.825007 
119.67999927 -1.825007 
119.71999927 -0.4989776 
119.87999927 -3.151036 
119.91999927 -4.477065 
119.95999927 -1.825007 
120.07999927 -4.919584 
120.11999927 -3.593554 
120.23999927 -1.382488 
120.27999927 -0.941496 
120.31999927 -0.4989776 
120.35999927 -2.267525 
120.39999927 -1.825007 
120.43999927 -0.941496 
120.47999927 -0.941496 
120.51999927 -0.941496 
120.55999927 -0.941496 
120.59999927 -0.941496 
120.63999927 -0.941496 
120.67999927 -0.941496 
120.71999927 -0.941496 
120.75999927 -0.941496 
120.79999927 -0.941496 
120.83999927 -0.941496 
120.87999927 -0.941496 
120.91999927 -0.941496 
120.95999926 -0.941496 
120.99999926 -1.825007 
121.03999926 -0.4989776 
121.07999926 -0.941496 
121.11999926 -2.267525 
121.15999926 -0.941496 
121.23999926 -0.941496 
121.27999926 -8.896146 
121.31999926 -3.151036 
121.39999926 -0.4989776 
121.43999926 -0.941496 
121.51999926 -0.4989776 
121.55999926 -0.941496 
121.59999926 -1.382488 
121.63999926 -1.825007 
121.67999926 -0.4989776 
121.79999926 -0.941496 
121.83999926 -3.151036 
121.87999926 -1.825007 
122.07999926 -2.708518 
122.11999926 -2.267525 
122.15999926 -0.4989776 
122.31999926 -0.4989776 
122.35999926 -0.4989776 
122.95999925 -0.4989776 
122.99999925 -0.941496 
125.39999924 -0.4989776 
125.43999924 -0.941496 
125.55999924 -0.941496 
125.59999924 -3.593554 
125.67999924 -4.477065 
125.75999924 -2.708518 
125.87999923 -4.477065 
125.91999923 -2.708518 
125.95999923 -0.4989776 
126.07999923 -2.267525 
126.11999923 -3.593554 
126.19999923 -0.941496 
126.23999923 -2.708518 
126.35999923 -3.593554 
126.39999923 -3.151036 
126.51999923 -0.941496 
126.67999923 -0.941496 
126.71999923 -0.941496 
126.87999923 -0.941496 
126.91999923 -0.4989776 
128.15999922 -0.941496 
128.19999922 -2.267525 
128.43999922 -0.4989776 
129.59999921 -0.941496 
129.63999921 -4.477065 
129.67999921 -3.151036 
129.87999921 -2.267525 
129.91999921 -0.941496 
130.07999921 -0.941496 
130.11999921 -0.941496 
130.31999921 -0.4989776 
130.35999921 -0.941496 
130.39999921 -0.4989776 
130.47999921 -0.4989776 
130.51999921 -1.825007 
130.55999921 -2.267525 
130.59999921 -0.941496 
130.71999921 -0.4989776 
130.75999921 -1.382488 
130.79999921 -1.825007 
130.8399992 -0.941496 
130.9599992 -0.941496 
130.9999992 -1.825007 
131.0399992 -0.941496 
131.0799992 -0.4989776 
131.1199992 -0.4989776 
131.1599992 -0.4989776 
131.1999992 -0.941496 
131.2399992 -0.941496 
131.2799992 -0.941496 
131.3199992 -0.4989776 
131.3599992 -0.941496 
131.3999992 -0.941496 
131.4399992 -0.941496 
131.4799992 -0.941496 
131.5199992 -0.941496 
131.5599992 -0.4989776 
131.6799992 -1.825007 
131.7199992 -2.708518 
131.7599992 -0.941496 
131.7999992 -0.4989776 
131.8799992 -0.4989776 
131.9199992 -0.941496 
131.9599992 -1.825007 
131.9999992 -0.4989776 
132.0799992 -1.825007 
132.1199992 -4.477065 
132.2399992 -1.825007 
132.2799992 -1.825007 
132.3999992 -0.4989776 
132.4399992 -0.941496 
132.47999919 -0.4989776 
132.63999919 -0.4989776 
132.67999919 -0.4989776 
132.87999919 -0.4989776 
133.07999919 -0.4989776 
133.47999919 -0.4989776 
133.63999919 -0.4989776 
136.23999917 -0.941496 
136.27999917 -0.941496 
136.47999917 -2.267525 
136.51999917 -2.708518 
136.71999917 -0.941496 
136.75999917 -0.941496 
136.95999917 -0.4989776 
137.95999916 -0.941496 
137.99999916 -1.825007 
138.03999916 -0.941496 
140.79999914 -0.4989776 
141.03999914 -0.941496 
141.07999914 -0.941496 
141.11999914 -0.4989776 
141.23999914 -0.4989776 
141.27999914 -0.941496 
141.31999914 -0.941496 
141.35999914 -0.941496 
141.47999914 -0.4989776 
141.51999914 -0.941496 
141.55999914 -1.382488 
141.59999914 -0.941496 
141.63999914 -0.941496 
141.67999914 -0.941496 
141.71999914 -0.941496 
141.75999914 -0.941496 
141.79999914 -0.941496 
141.83999914 -0.941496 
141.91999914 -0.941496 
141.95999914 -2.708518 
141.99999914 -2.267525 
142.03999914 -0.941496 
142.07999914 -0.941496 
142.11999914 -0.941496 
142.15999914 -0.941496 
142.19999914 -1.825007 
142.23999914 -1.825007 
142.27999914 -0.941496 
142.31999914 -1.382488 
142.35999913 -0.941496 
142.39999913 -0.941496 
142.43999913 -1.825007 
142.47999913 -1.825007 
142.51999913 -1.825007 
142.55999913 -1.382488 
142.59999913 -0.941496 
142.63999913 -0.941496 
142.67999913 -1.825007 
142.71999913 -1.825007 
142.75999913 -1.825007 
142.79999913 -1.825007 
142.83999913 -1.382488 
142.87999913 -0.941496 
142.91999913 -1.825007 
142.95999913 -2.267525 
142.99999913 -1.382488 
143.03999913 -0.941496 
143.07999913 -1.382488 
143.11999913 -2.267525 
143.15999913 -1.825007 
143.19999913 -0.941496 
143.23999913 -0.941496 
143.27999913 -0.941496 
143.31999913 -1.382488 
143.35999913 -1.825007 
143.39999913 -1.825007 
143.43999913 -1.382488 
143.47999913 -1.382488 
143.51999913 -1.382488 
143.55999913 -0.941496 
143.59999913 -0.941496 
143.63999913 -0.941496 
143.67999913 -1.382488 
143.71999913 -0.941496 
143.75999913 -0.941496 
143.79999913 -0.941496 
143.83999913 -1.382488 
143.87999913 -0.941496 
143.91999913 -0.941496 
143.95999913 -0.941496 
143.99999912 -0.941496 
144.03999912 -1.825007 
144.07999912 -1.825007 
144.11999912 -0.4989776 
144.15999912 -0.4989776 
144.19999912 -0.4989776 
144.23999912 -0.941496 
144.27999912 -0.941496 
144.31999912 -1.825007 
144.35999912 -0.941496 
144.43999912 -0.4989776 
144.47999912 -1.825007 
144.51999912 -2.708518 
144.55999912 -2.267525 
144.71999912 -0.941496 
144.75999912 -4.477065 
144.79999912 -1.825007 
144.83999912 -0.941496 
144.99999912 -1.825007 
145.03999912 -1.382488 
145.19999912 -0.4989776 
145.23999912 -0.941496 
145.27999912 -0.941496 
145.31999912 -0.4989776 
145.43999912 -0.4989776 
145.47999912 -0.941496 
145.51999912 -0.941496 
145.55999912 -0.941496 
145.75999911 -4.919584 
145.91999911 -1.825007 
145.95999911 -3.593554 
145.99999911 -0.941496 
146.19999911 -1.825007 
146.23999911 -2.708518 
146.27999911 -1.382488 
146.51999911 -4.034547 
146.55999911 -2.267525 
146.67999911 -0.941496 
146.71999911 -0.4989776 
146.75999911 -0.4989776 
146.79999911 -0.4989776 
146.83999911 -0.4989776 
146.87999911 -0.4989776 
146.91999911 -0.4989776 
146.95999911 -0.4989776 
146.99999911 -0.4989776 
147.03999911 -0.941496 
147.07999911 -0.941496 
147.11999911 -0.4989776 
147.15999911 -0.4989776 
147.23999911 -0.4989776 
147.2799991 -0.941496 
147.3199991 -0.941496 
147.3599991 -0.941496 
147.3999991 -0.941496 
147.5199991 -0.4989776 
147.5599991 -0.941496 
147.5999991 -0.941496 
147.6399991 -0.941496 
147.6799991 -0.4989776 
147.7199991 -0.4989776 
147.7599991 -0.4989776 
147.7999991 -0.4989776 
147.8399991 -0.4989776 
147.8799991 -0.4989776 
147.9199991 -0.941496 
147.9599991 -0.941496 
147.9999991 -0.941496 
148.0399991 -0.941496 
148.0799991 -0.941496 
148.2399991 -0.941496 
148.2799991 -0.941496 
148.3199991 -0.941496 
148.3599991 -0.4989776 
148.3999991 -0.4989776 
148.4399991 -0.4989776 
148.4799991 -0.941496 
148.5199991 -0.941496 
148.5599991 -0.4989776 
148.5999991 -0.4989776 
148.6399991 -0.4989776 
148.6799991 -0.4989776 
148.7199991 -0.941496 
148.7599991 -0.941496 
148.8799991 -0.4989776 
148.91999909 -0.941496 
148.95999909 -0.941496 
148.99999909 -0.4989776 
149.11999909 -0.4989776 
149.15999909 -0.4989776 
149.27999909 -0.4989776 
149.31999909 -0.4989776 
149.35999909 -0.4989776 
149.55999909 -0.4989776 
149.59999909 -0.941496 
149.83999909 -0.4989776 
149.87999909 -0.4989776 
149.99999909 -1.825007 
150.03999909 -4.034547 
150.19999909 -8.012634 
150.31999909 -2.708518 
150.35999909 -2.708518 
150.51999909 -2.267525 
150.55999908 -2.708518 
150.67999908 -2.708518 
150.79999908 -2.708518 
150.83999908 -2.267525 
150.95999908 -1.382488 
151.31999908 -0.4989776 
151.47999908 -0.4989776 
151.95999908 -0.4989776 
152.15999908 -0.4989776 
152.27999907 -1.382488 
152.31999907 -0.941496 
152.47999907 -0.941496 
152.51999907 -1.825007 
152.55999907 -0.941496 
152.59999907 -1.382488 
152.75999907 -0.4989776 
152.79999907 -2.708518 
152.83999907 -0.941496 
152.99999907 -4.477065 
153.03999907 -5.360576 
153.07999907 -0.4989776 
153.19999907 -0.941496 
153.23999907 -3.593554 
153.27999907 -3.151036 
153.31999907 -0.941496 
153.43999907 -0.941496 
153.47999907 -1.825007 
153.51999907 -2.267525 
153.55999907 -0.941496 
153.59999907 -0.941496 
153.63999907 -0.941496 
153.67999907 -1.825007 
153.71999907 -1.825007 
153.75999907 -1.382488 
153.79999907 -0.941496 
153.83999907 -0.4989776 
153.87999906 -0.941496 
153.91999906 -1.382488 
153.95999906 -1.825007 
153.99999906 -1.382488 
154.03999906 -0.941496 
154.07999906 -0.941496 
154.11999906 -0.941496 
154.15999906 -1.825007 
154.19999906 -1.382488 
154.23999906 -0.941496 
154.27999906 -0.941496 
154.31999906 -0.941496 
154.43999906 -0.4989776 
154.47999906 -2.267525 
154.51999906 -4.034547 
154.55999906 -2.267525 
154.71999906 -1.825007 
154.75999906 -2.267525 
154.79999906 -1.825007 
154.91999906 -0.4989776 
154.95999906 -0.941496 
154.99999906 -0.941496 
155.03999906 -0.4989776 
155.07999906 -0.941496 
155.11999906 -0.941496 
155.15999906 -0.941496 
155.27999906 -0.4989776 
155.31999906 -0.941496 
155.35999906 -0.941496 
155.47999906 -0.4989776 
155.51999905 -0.4989776 
155.59999905 -0.4989776 
155.63999905 -0.941496 
155.83999905 -0.4989776 
156.87999905 -0.941496 
158.11999904 -0.4989776 
158.27999904 -0.941496 
158.31999904 -0.941496 
159.91999903 -3.151036 
161.35999902 -0.941496 
161.39999902 -0.941496 
161.59999902 -0.4989776 
162.43999901 -0.4989776 
162.79999901 -0.4989776 
162.83999901 -1.825007 
162.87999901 -0.4989776 
163.03999901 -0.4989776 
163.07999901 -0.941496 
163.27999901 -0.941496 
163.31999901 -0.941496 
163.67999901 -0.4989776 
163.839999 -0.941496 
163.879999 -1.825007 
164.039999 -0.941496 
164.079999 -2.267525 
164.239999 -0.4989776 
164.279999 -0.941496 
164.479999 -0.4989776 
165.199999 -0.941496 
165.39999899 -0.941496 
165.43999899 -0.941496 
165.63999899 -0.941496 
165.83999899 -0.4989776 
165.87999899 -0.4989776 
166.03999899 -0.4989776 
166.07999899 -0.941496 
166.11999899 -0.4989776 
166.27999899 -0.4989776 
166.31999899 -0.941496 
166.35999899 -0.4989776 
166.47999899 -0.4989776 
166.51999899 -0.941496 
166.55999899 -0.941496 
166.59999899 -0.4989776 
166.71999899 -0.4989776 
167.15999898 -0.4989776 
167.35999898 -0.4989776 
167.39999898 -0.941496 
167.87999898 -0.941496 
167.91999898 -0.941496 
167.95999898 -0.4989776 
168.15999898 -0.941496 
168.19999898 -0.941496 
168.23999898 -0.941496 
168.27999898 -0.4989776 
168.31999898 -0.941496 
168.35999898 -0.941496 
168.39999898 -0.4989776 
168.55999898 -0.941496 
168.59999898 -0.941496 
168.63999898 -0.4989776 
168.67999897 -0.941496 
168.71999897 -0.941496 
168.75999897 -0.941496 
168.79999897 -0.941496 
168.83999897 -0.941496 
168.87999897 -0.941496 
168.91999897 -0.941496 
168.95999897 -0.941496 
168.99999897 -0.941496 
169.03999897 -0.941496 
169.07999897 -0.941496 
169.11999897 -0.941496 
169.15999897 -0.941496 
169.19999897 -0.941496 
169.23999897 -0.941496 
169.27999897 -1.382488 
169.31999897 -1.382488 
169.35999897 -1.825007 
169.39999897 -1.825007 
169.43999897 -0.941496 
169.47999897 -0.4989776 
169.51999897 -3.593554 
169.55999897 -4.477065 
169.59999897 -1.825007 
169.71999897 -0.4989776 
169.75999897 -5.360576 
169.79999897 -5.360576 
169.83999897 -1.825007 
169.95999897 -2.267525 
169.99999897 -3.593554 
170.03999897 -2.708518 
170.11999897 -4.919584 
170.15999897 -8.012634 
170.27999897 -1.825007 
170.31999896 -4.477065 
170.35999896 -2.267525 
170.39999896 -1.825007 
170.43999896 -0.941496 
170.47999896 -0.4989776 
170.51999896 -1.825007 
170.55999896 -2.708518 
170.59999896 -0.941496 
170.63999896 -0.941496 
170.67999896 -3.593554 
170.71999896 -2.267525 
170.79999896 -0.941496 
170.83999896 -1.382488 
170.87999896 -2.708518 
170.91999896 -1.825007 
171.03999896 -2.267525 
171.07999896 -0.941496 
171.15999896 -0.4989776 
171.19999896 -2.708518 
171.23999896 -3.593554 
171.27999896 -2.267525 
171.39999896 -0.4989776 
171.43999896 -2.267525 
171.47999896 -2.708518 
171.51999896 -1.825007 
171.63999896 -0.4989776 
171.67999896 -0.941496 
171.71999896 -0.941496 
171.75999896 -0.941496 
171.79999896 -0.4989776 
171.83999896 -0.4989776 
171.87999896 -0.4989776 
172.03999895 -0.4989776 
172.07999895 -0.941496 
172.11999895 -0.4989776 
172.15999895 -0.4989776 
172.27999895 -0.4989776 
172.43999895 -0.4989776 
172.47999895 -0.4989776 
172.79999895 -4.034547 
172.83999895 -0.941496 
172.95999895 -1.825007 
172.99999895 -0.941496 
173.23999895 -0.4989776 
173.27999895 -0.4989776 
173.43999895 -0.4989776 
173.91999894 -0.941496 
173.95999894 -0.4989776 
174.15999894 -0.4989776 
174.31999894 -0.4989776 
174.43999894 -0.941496 
174.47999894 -4.477065 
174.55999894 -1.825007 
174.63999894 -8.012634 
174.75999894 -3.151036 
174.79999894 -2.708518 
174.83999894 -1.382488 
174.95999894 -2.708518 
174.99999894 -3.593554 
175.07999894 -0.941496 
175.11999894 -4.034547 
175.23999893 -3.593554 
175.27999893 -3.593554 
175.39999893 -2.267525 
175.43999893 -0.941496 
175.51999893 -0.941496 
175.55999893 -1.825007 
175.59999893 -0.941496 
175.71999893 -0.941496 
175.75999893 -2.267525 
175.79999893 -0.941496 
175.91999893 -1.382488 
175.95999893 -0.941496 
175.99999893 -0.4989776 
176.03999893 -0.4989776 
176.07999893 -0.4989776 
176.11999893 -0.941496 
176.15999893 -0.4989776 
176.19999893 -0.941496 
176.31999893 -0.941496 
176.35999893 -1.825007 
176.51999893 -1.825007 
176.55999893 -2.708518 
176.59999893 -0.4989776 
176.71999893 -1.382488 
176.75999893 -2.267525 
176.79999893 -0.4989776 
176.95999892 -0.4989776 
176.99999892 -0.4989776 
177.27999892 -0.4989776 
177.39999892 -0.4989776 
177.43999892 -0.941496 
177.59999892 -0.941496 
177.63999892 -0.941496 
177.67999892 -0.4989776 
177.83999892 -0.4989776 
177.87999892 -0.4989776 
177.91999892 -0.4989776 
178.11999892 -0.941496 
178.15999892 -3.151036 
178.19999892 -1.825007 
178.35999892 -0.941496 
178.39999892 -1.825007 
178.43999892 -0.941496 
178.59999891 -0.4989776 
178.63999891 -0.4989776 
178.67999891 -0.941496 
178.71999891 -0.941496 
178.75999891 -0.4989776 
178.87999891 -0.4989776 
178.91999891 -0.941496 
178.95999891 -0.941496 
178.99999891 -0.941496 
179.03999891 -0.4989776 
179.07999891 -0.4989776 
179.15999891 -0.941496 
179.19999891 -0.941496 
179.23999891 -0.941496 
179.27999891 -0.4989776 
179.31999891 -0.4989776 
179.35999891 -0.4989776 
179.39999891 -0.941496 
179.43999891 -1.825007 
179.47999891 -2.267525 
179.51999891 -0.4989776 
179.63999891 -0.941496 
179.67999891 -3.593554 
179.71999891 -3.151036 
179.75999891 -0.4989776 
179.87999891 -2.267525 
179.91999891 -3.593554 
179.95999891 -1.825007 
180.07999891 -0.941496 
180.11999891 -1.825007 
180.15999891 -1.382488 
180.1999989 -0.941496 
180.2399989 -0.4989776 
180.2799989 -0.941496 
180.3199989 -1.382488 
180.3599989 -1.825007 
180.3999989 -0.941496 
180.4399989 -0.941496 
180.4799989 -0.941496 
180.5199989 -0.941496 
180.5599989 -1.382488 
180.5999989 -0.941496 
180.6399989 -0.941496 
180.6799989 -0.4989776 
180.7199989 -0.941496 
180.7599989 -0.941496 
180.7999989 -0.941496 
180.8399989 -1.382488 
180.8799989 -0.941496 
180.9199989 -0.4989776 
180.9599989 -0.941496 
180.9999989 -0.941496 
181.0399989 -1.382488 
181.0799989 -0.941496 
181.1199989 -0.941496 
181.1599989 -0.941496 
181.1999989 -0.4989776 
181.2399989 -0.4989776 
181.2799989 -0.941496 
181.3199989 -0.941496 
181.3599989 -0.4989776 
181.3999989 -0.4989776 
181.4399989 -0.4989776 
181.4799989 -0.941496 
181.5199989 -0.941496 
181.5599989 -0.4989776 
181.6799989 -0.4989776 
181.7199989 -0.4989776 
181.7599989 -0.941496 
181.91999889 -0.4989776 
181.95999889 -0.941496 
181.99999889 -0.4989776 
182.15999889 -0.4989776 
182.35999889 -0.4989776 
182.79999889 -0.941496 
182.83999889 -0.941496 
183.51999888 -0.941496 
183.55999888 -0.4989776 
184.27999888 -3.151036 
184.31999888 -2.708518 
184.47999888 -0.4989776 
186.19999887 -4.034547 
186.23999887 -0.4989776 
186.35999887 -0.4989776 
186.39999887 -1.825007 
186.43999887 -1.825007 
186.63999887 -2.267525 
186.67999887 -3.593554 
186.87999886 -0.4989776 
186.91999886 -0.941496 
187.63999886 -0.4989776 
187.95999886 -0.941496 
187.99999886 -1.825007 
188.03999886 -0.4989776 
188.23999886 -0.4989776 
189.99999885 -0.4989776 
190.27999884 -0.4989776 
190.31999884 -0.941496 
190.55999884 -0.4989776 
190.83999884 -0.4989776 
190.87999884 -0.941496 
190.91999884 -0.941496 
191.07999884 -0.4989776 
191.11999884 -0.941496 
191.15999884 -0.941496 
191.27999884 -0.4989776 
191.31999884 -0.4989776 
191.35999884 -0.4989776 
191.39999884 -0.941496 
191.43999884 -1.825007 
191.47999884 -0.941496 
191.59999884 -0.941496 
191.63999884 -1.825007 
191.67999884 -1.825007 
191.71999883 -0.4989776 
191.79999883 -0.941496 
191.83999883 -1.825007 
191.87999883 -0.941496 
191.91999883 -0.4989776 
191.95999883 -0.941496 
191.99999883 -0.941496 
192.03999883 -0.941496 
192.07999883 -0.941496 
192.11999883 -0.941496 
192.15999883 -0.4989776 
192.19999883 -0.4989776 
192.23999883 -0.4989776 
192.27999883 -0.941496 
192.31999883 -1.382488 
192.35999883 -0.941496 
192.39999883 -0.941496 
192.43999883 -0.4989776 
192.47999883 -0.941496 
192.51999883 -0.941496 
192.55999883 -0.941496 
192.59999883 -0.4989776 
192.67999883 -0.4989776 
192.71999883 -0.4989776 
192.75999883 -1.825007 
192.79999883 -0.4989776 
192.91999883 -0.941496 
192.95999883 -2.267525 
192.99999883 -1.825007 
193.15999883 -0.4989776 
193.19999883 -0.941496 
193.23999883 -0.941496 
193.39999882 -0.4989776 
193.43999882 -1.382488 
193.47999882 -0.941496 
193.63999882 -0.4989776 
193.67999882 -0.4989776 
193.87999882 -0.941496 
193.91999882 -0.941496 
193.95999882 -0.941496 
194.11999882 -0.4989776 
194.15999882 -1.382488 
194.19999882 -0.4989776 
194.35999882 -0.941496 
194.39999882 -0.4989776 
194.55999882 -3.593554 
194.59999882 -5.360576 
194.63999882 -1.382488 
194.79999882 -1.382488 
194.83999882 -3.593554 
194.87999882 -3.151036 
195.07999881 -1.825007 
195.11999881 -2.708518 
195.15999881 -0.4989776 
195.31999881 -0.4989776 
195.35999881 -0.941496 
195.39999881 -0.4989776 
195.55999881 -0.4989776 
195.79999881 -0.4989776 
196.03999881 -0.4989776 
196.07999881 -0.941496 
196.11999881 -0.941496 
196.39999881 -1.382488 
196.43999881 -3.593554 
196.47999881 -2.267525 
196.6399988 -1.382488 
196.6799988 -2.267525 
196.7199988 -2.267525 
196.8799988 -0.941496 
196.9199988 -1.382488 
196.9599988 -0.4989776 
197.0399988 -3.151036 
197.0799988 -3.151036 
197.2799988 -0.4989776 
197.3199988 -1.382488 
197.3599988 -0.941496 
197.4799988 -0.941496 
197.5199988 -0.941496 
197.5599988 -1.825007 
197.5999988 -1.382488 
197.6399988 -0.4989776 
197.7999988 -0.4989776 
197.8399988 -0.941496 
197.9999988 -0.4989776 
198.0399988 -0.4989776 
198.0799988 -0.941496 
198.27999879 -0.4989776 
198.31999879 -0.4989776 
198.63999879 -0.4989776 
198.67999879 -0.4989776 
198.75999879 -0.4989776 
198.87999879 -4.477065 
198.91999879 -0.941496 
199.07999879 -6.686605 
199.11999879 -3.151036 
199.31999879 -1.825007 
199.35999879 -3.593554 
199.39999879 -0.941496 
199.63999879 -2.267525 
199.79999879 -0.941496 
200.11999878 -0.4989776 
0 0 
