1.91999999 -0.4989776 
6.47999996 -0.4989776 
6.51999996 -0.4989776 
6.55999996 -0.4989776 
6.59999996 -0.4989776 
6.63999996 -0.4989776 
6.67999996 -0.4989776 
6.71999996 -0.4989776 
6.75999996 -0.4989776 
6.79999996 -0.4989776 
6.83999996 -0.941496 
6.87999996 -0.941496 
6.91999996 -0.941496 
6.95999996 -0.941496 
6.99999996 -0.941496 
7.03999996 -0.941496 
7.07999996 -0.941496 
7.11999996 -0.941496 
7.15999996 -1.382488 
7.19999996 -1.382488 
7.23999996 -1.382488 
7.27999996 -0.941496 
7.31999996 -1.825007 
7.35999996 -1.825007 
7.39999996 -1.825007 
7.43999995 -1.825007 
7.47999995 -1.825007 
7.51999995 -1.825007 
7.55999995 -1.825007 
7.59999995 -1.825007 
7.63999995 -2.267525 
7.67999995 -1.825007 
7.71999995 -1.825007 
7.75999995 -1.825007 
7.79999995 -1.825007 
7.83999995 -1.825007 
7.87999995 -1.825007 
7.91999995 -1.825007 
7.95999995 -1.825007 
7.99999995 -2.267525 
8.03999995 -2.267525 
8.07999995 -1.825007 
8.11999995 -1.825007 
8.15999995 -1.825007 
8.19999995 -1.825007 
8.23999995 -2.267525 
8.27999995 -1.825007 
8.31999995 -1.825007 
8.35999995 -1.825007 
8.39999995 -1.825007 
8.43999995 -1.825007 
8.47999995 -1.382488 
8.51999995 -1.825007 
8.55999995 -1.825007 
8.59999995 -1.825007 
8.63999995 -1.825007 
8.67999995 -1.825007 
8.71999995 -1.382488 
8.75999995 -1.825007 
8.79999995 -1.382488 
8.83999995 -1.825007 
8.87999995 -1.825007 
8.91999995 -1.382488 
8.95999995 -1.382488 
8.99999995 -0.941496 
9.03999995 -0.941496 
9.07999994 -0.941496 
9.11999994 -0.941496 
9.15999994 -0.941496 
9.19999994 -0.941496 
9.23999994 -0.941496 
9.27999994 -0.941496 
9.31999994 -0.941496 
9.35999994 -0.941496 
9.39999994 -0.4989776 
9.43999994 -0.941496 
9.47999994 -0.4989776 
9.51999994 -0.4989776 
9.55999994 -0.941496 
9.59999994 -0.4989776 
9.63999994 -0.941496 
9.71999994 -0.4989776 
9.75999994 -0.4989776 
9.79999994 -0.4989776 
9.83999994 -0.4989776 
9.95999994 -0.4989776 
11.99999993 -0.4989776 
12.03999993 -0.4989776 
12.07999993 -0.4989776 
12.19999993 -0.4989776 
12.23999993 -0.4989776 
12.27999993 -0.4989776 
12.31999993 -0.4989776 
12.35999992 -0.941496 
12.39999992 -0.941496 
12.43999992 -0.4989776 
12.47999992 -0.941496 
12.51999992 -0.941496 
12.55999992 -0.941496 
12.59999992 -0.941496 
12.63999992 -0.941496 
12.67999992 -0.941496 
12.71999992 -0.941496 
12.75999992 -0.941496 
12.79999992 -0.941496 
12.83999992 -0.4989776 
12.87999992 -1.382488 
12.91999992 -0.941496 
12.95999992 -1.382488 
12.99999992 -0.941496 
13.03999992 -0.941496 
13.07999992 -1.382488 
13.11999992 -1.382488 
13.15999992 -0.941496 
13.19999992 -0.941496 
13.23999992 -0.941496 
13.27999992 -0.941496 
13.31999992 -0.941496 
13.35999992 -0.941496 
13.39999992 -0.941496 
13.43999992 -0.941496 
13.47999992 -0.941496 
13.51999992 -0.941496 
13.55999992 -0.941496 
13.59999992 -0.941496 
13.63999992 -0.941496 
13.67999992 -0.4989776 
13.71999992 -0.4989776 
13.75999992 -0.4989776 
13.79999992 -0.4989776 
13.83999992 -0.4989776 
13.87999992 -0.4989776 
13.91999992 -0.4989776 
13.95999992 -0.4989776 
14.03999991 -0.4989776 
23.19999986 -0.4989776 
23.23999986 -0.4989776 
23.31999986 -0.4989776 
23.35999986 -0.4989776 
23.39999986 -0.4989776 
23.43999986 -0.4989776 
23.47999986 -0.941496 
23.51999986 -0.4989776 
23.55999986 -0.4989776 
23.59999986 -0.4989776 
23.63999986 -0.4989776 
23.67999986 -0.4989776 
23.71999986 -0.941496 
23.75999986 -0.4989776 
23.79999986 -1.382488 
23.83999986 -0.941496 
23.91999985 -0.941496 
23.95999985 -1.382488 
23.99999985 -0.941496 
24.03999985 -0.941496 
24.07999985 -0.941496 
24.11999985 -0.941496 
24.15999985 -0.4989776 
24.19999985 -0.941496 
24.23999985 -0.4989776 
24.27999985 -0.4989776 
24.31999985 -1.825007 
24.35999985 -1.825007 
24.39999985 -0.4989776 
24.43999985 -0.4989776 
24.47999985 -0.941496 
24.51999985 -0.941496 
24.55999985 -0.4989776 
24.59999985 -0.941496 
24.63999985 -1.825007 
24.67999985 -0.941496 
24.71999985 -0.4989776 
24.75999985 -0.941496 
24.79999985 -0.941496 
24.83999985 -0.941496 
24.87999985 -0.4989776 
24.91999985 -0.941496 
24.95999985 -0.941496 
24.99999985 -0.941496 
25.03999985 -0.4989776 
25.07999985 -0.4989776 
25.11999985 -0.4989776 
25.15999985 -0.941496 
25.19999985 -0.941496 
25.27999985 -0.4989776 
25.31999985 -0.4989776 
25.35999985 -0.4989776 
28.99999982 -0.4989776 
29.03999982 -0.4989776 
29.07999982 -0.4989776 
29.11999982 -0.4989776 
29.15999982 -0.4989776 
29.19999982 -0.4989776 
29.23999982 -0.4989776 
29.27999982 -0.4989776 
29.31999982 -0.4989776 
29.35999982 -0.941496 
29.39999982 -0.941496 
29.43999982 -0.941496 
29.47999982 -0.941496 
29.51999982 -0.941496 
29.55999982 -0.941496 
29.59999982 -0.941496 
29.63999982 -0.941496 
29.67999982 -0.941496 
29.71999982 -0.941496 
29.75999982 -0.941496 
29.79999982 -0.941496 
29.83999982 -0.941496 
29.87999982 -1.825007 
29.91999982 -0.941496 
29.95999982 -1.382488 
29.99999982 -0.941496 
30.03999982 -1.382488 
30.07999982 -0.941496 
30.11999982 -0.941496 
30.15999982 -0.941496 
30.19999982 -0.941496 
30.23999982 -1.825007 
30.27999982 -0.941496 
30.31999982 -0.941496 
30.35999982 -0.941496 
30.39999982 -0.941496 
30.43999982 -0.941496 
30.47999981 -0.941496 
30.51999981 -0.941496 
30.55999981 -0.941496 
30.59999981 -0.941496 
30.67999981 -0.941496 
30.71999981 -0.941496 
30.75999981 -0.4989776 
30.79999981 -0.941496 
30.83999981 -0.4989776 
30.87999981 -0.4989776 
30.91999981 -0.4989776 
30.95999981 -0.4989776 
30.99999981 -0.4989776 
31.03999981 -0.4989776 
31.07999981 -0.4989776 
33.1599998 -0.4989776 
33.1999998 -0.4989776 
33.2399998 -0.4989776 
33.2799998 -0.4989776 
33.3199998 -0.4989776 
33.3599998 -0.4989776 
33.3999998 -0.941496 
33.4399998 -0.941496 
33.4799998 -0.941496 
33.5199998 -0.941496 
33.5599998 -0.941496 
33.5999998 -0.941496 
33.6399998 -0.941496 
33.6799998 -0.941496 
33.7199998 -1.382488 
33.75999979 -0.941496 
33.79999979 -1.825007 
33.83999979 -1.382488 
33.87999979 -1.825007 
33.91999979 -1.825007 
33.95999979 -1.825007 
33.99999979 -1.825007 
34.03999979 -2.267525 
34.07999979 -1.825007 
34.11999979 -2.267525 
34.15999979 -1.825007 
34.19999979 -1.825007 
34.23999979 -2.267525 
34.27999979 -2.267525 
34.31999979 -2.267525 
34.35999979 -2.267525 
34.39999979 -2.267525 
34.43999979 -2.267525 
34.47999979 -2.267525 
34.51999979 -2.267525 
34.55999979 -2.267525 
34.59999979 -2.267525 
34.63999979 -2.267525 
34.67999979 -2.267525 
34.71999979 -2.267525 
34.75999979 -2.708518 
34.79999979 -2.708518 
34.83999979 -2.267525 
34.87999979 -2.708518 
34.91999979 -2.708518 
34.95999979 -2.267525 
34.99999979 -2.267525 
35.03999979 -2.267525 
35.07999979 -2.267525 
35.11999979 -2.267525 
35.15999979 -2.267525 
35.19999979 -2.267525 
35.23999979 -2.267525 
35.27999979 -2.267525 
35.31999979 -2.267525 
35.35999979 -2.267525 
35.39999978 -2.267525 
35.43999978 -2.267525 
35.47999978 -2.267525 
35.51999978 -2.267525 
35.55999978 -1.825007 
35.59999978 -1.825007 
35.63999978 -2.267525 
35.67999978 -1.825007 
35.71999978 -1.825007 
35.75999978 -1.825007 
35.79999978 -1.382488 
35.83999978 -1.382488 
35.87999978 -1.382488 
35.91999978 -0.941496 
35.95999978 -0.941496 
36.03999978 -0.941496 
36.07999978 -0.941496 
36.11999978 -0.941496 
36.15999978 -0.941496 
36.19999978 -0.941496 
36.23999978 -0.4989776 
36.27999978 -0.941496 
36.31999978 -0.4989776 
36.35999978 -0.4989776 
45.55999972 -0.4989776 
45.59999972 -0.4989776 
45.63999972 -0.4989776 
45.67999972 -0.4989776 
45.71999972 -0.4989776 
45.75999972 -0.4989776 
45.79999972 -0.941496 
45.83999972 -0.941496 
45.87999972 -0.941496 
45.91999972 -0.941496 
45.95999972 -0.941496 
45.99999972 -0.941496 
46.03999972 -0.941496 
46.07999972 -0.941496 
46.11999972 -0.941496 
46.15999972 -1.382488 
46.19999972 -0.941496 
46.23999972 -0.941496 
46.27999972 -0.941496 
46.31999972 -1.825007 
46.35999972 -1.382488 
46.39999972 -1.825007 
46.43999972 -1.382488 
46.47999972 -0.941496 
46.51999972 -0.941496 
46.55999972 -0.941496 
46.59999972 -0.941496 
46.63999972 -0.941496 
46.67999972 -0.941496 
46.71999972 -0.941496 
46.75999972 -0.941496 
46.79999972 -0.941496 
46.83999972 -0.941496 
46.87999972 -0.941496 
46.91999971 -0.941496 
46.95999971 -0.941496 
46.99999971 -0.941496 
47.03999971 -0.4989776 
47.07999971 -0.4989776 
47.11999971 -0.4989776 
47.15999971 -0.4989776 
47.19999971 -0.4989776 
47.23999971 -0.4989776 
47.27999971 -0.4989776 
47.31999971 -0.4989776 
51.87999968 -0.4989776 
51.91999968 -0.4989776 
52.11999968 -0.4989776 
56.27999966 -0.4989776 
56.31999966 -0.4989776 
56.39999966 -0.4989776 
56.43999966 -0.4989776 
56.47999966 -0.941496 
56.51999966 -0.941496 
56.55999966 -0.941496 
56.59999966 -0.941496 
56.63999966 -0.941496 
56.67999966 -1.382488 
56.71999966 -1.825007 
56.75999966 -1.382488 
56.79999965 -0.941496 
56.83999965 -1.825007 
56.87999965 -1.825007 
56.91999965 -1.825007 
56.95999965 -1.825007 
56.99999965 -2.267525 
57.03999965 -2.267525 
57.07999965 -2.267525 
57.11999965 -2.267525 
57.15999965 -2.267525 
57.19999965 -2.708518 
57.23999965 -2.708518 
57.27999965 -2.708518 
57.31999965 -2.708518 
57.35999965 -2.708518 
57.39999965 -2.708518 
57.43999965 -2.708518 
57.47999965 -2.708518 
57.51999965 -3.593554 
57.55999965 -3.151036 
57.59999965 -3.151036 
57.63999965 -3.151036 
57.67999965 -3.593554 
57.71999965 -3.593554 
57.75999965 -3.151036 
57.79999965 -3.593554 
57.83999965 -3.593554 
57.87999965 -3.151036 
57.91999965 -3.151036 
57.95999965 -3.151036 
57.99999965 -3.151036 
58.03999965 -3.151036 
58.07999965 -3.151036 
58.11999965 -3.593554 
58.15999965 -3.151036 
58.19999965 -3.593554 
58.23999965 -3.151036 
58.27999965 -3.593554 
58.31999965 -3.593554 
58.35999965 -3.151036 
58.39999965 -3.151036 
58.43999964 -3.593554 
58.47999964 -3.151036 
58.51999964 -3.151036 
58.55999964 -3.151036 
58.59999964 -2.708518 
58.63999964 -2.708518 
58.67999964 -3.151036 
58.71999964 -2.708518 
58.75999964 -2.708518 
58.79999964 -2.708518 
58.83999964 -2.708518 
58.87999964 -2.267525 
58.91999964 -2.708518 
58.95999964 -2.267525 
58.99999964 -2.267525 
59.03999964 -2.267525 
59.07999964 -2.267525 
59.11999964 -2.267525 
59.15999964 -1.825007 
59.19999964 -1.825007 
59.23999964 -1.825007 
59.27999964 -1.825007 
59.31999964 -1.825007 
59.35999964 -1.825007 
59.39999964 -1.825007 
59.43999964 -1.825007 
59.47999964 -1.382488 
59.51999964 -0.941496 
59.55999964 -1.382488 
59.59999964 -0.941496 
59.63999964 -0.941496 
59.67999964 -0.941496 
59.71999964 -0.941496 
59.75999964 -0.941496 
59.79999964 -0.941496 
59.83999964 -0.4989776 
59.87999964 -0.4989776 
59.91999964 -0.941496 
59.95999964 -0.4989776 
59.99999964 -0.4989776 
60.03999964 -0.4989776 
60.07999963 -0.4989776 
60.19999963 -0.4989776 
61.35999963 -0.4989776 
61.51999963 -0.4989776 
61.55999963 -0.4989776 
61.59999963 -0.4989776 
61.63999963 -0.4989776 
61.67999963 -0.4989776 
61.71999962 -0.4989776 
61.75999962 -0.4989776 
61.79999962 -0.4989776 
61.83999962 -0.941496 
61.87999962 -0.941496 
61.91999962 -0.941496 
61.95999962 -0.941496 
61.99999962 -0.941496 
62.03999962 -0.941496 
62.07999962 -0.941496 
62.11999962 -0.941496 
62.15999962 -0.941496 
62.19999962 -0.941496 
62.23999962 -0.941496 
62.27999962 -1.382488 
62.31999962 -1.382488 
62.35999962 -1.825007 
62.39999962 -0.941496 
62.43999962 -1.825007 
62.47999962 -1.382488 
62.51999962 -1.382488 
62.55999962 -1.382488 
62.59999962 -1.825007 
62.63999962 -1.382488 
62.67999962 -0.941496 
62.71999962 -1.382488 
62.75999962 -1.825007 
62.79999962 -1.825007 
62.83999962 -1.382488 
62.87999962 -1.825007 
62.91999962 -1.382488 
62.95999962 -0.941496 
62.99999962 -1.382488 
63.03999962 -0.941496 
63.07999962 -0.941496 
63.11999962 -0.941496 
63.15999962 -0.941496 
63.19999962 -0.941496 
63.23999962 -0.941496 
63.27999962 -0.941496 
63.31999962 -0.941496 
63.35999961 -0.941496 
63.39999961 -0.941496 
63.43999961 -0.4989776 
63.47999961 -0.4989776 
63.51999961 -0.4989776 
63.55999961 -0.4989776 
63.59999961 -0.4989776 
63.63999961 -0.4989776 
63.67999961 -0.4989776 
63.71999961 -0.4989776 
68.71999958 -0.4989776 
68.75999958 -0.4989776 
73.27999955 -0.4989776 
79.51999952 -0.4989776 
79.59999952 -0.4989776 
79.63999952 -0.4989776 
79.67999952 -0.4989776 
79.87999951 -0.4989776 
79.91999951 -0.4989776 
79.99999951 -0.4989776 
80.03999951 -0.4989776 
80.07999951 -0.4989776 
80.23999951 -0.4989776 
83.0399995 -0.4989776 
83.0799995 -0.4989776 
83.11999949 -0.4989776 
83.15999949 -0.4989776 
83.19999949 -0.941496 
83.23999949 -0.941496 
83.27999949 -0.941496 
83.31999949 -0.941496 
83.35999949 -0.941496 
83.39999949 -0.941496 
83.43999949 -1.825007 
83.47999949 -1.382488 
83.51999949 -0.941496 
83.55999949 -1.825007 
83.59999949 -1.825007 
83.63999949 -0.941496 
83.67999949 -1.825007 
83.71999949 -2.267525 
83.75999949 -1.825007 
83.79999949 -1.382488 
83.83999949 -1.825007 
83.87999949 -0.941496 
83.91999949 -2.267525 
83.95999949 -2.708518 
83.99999949 -1.825007 
84.03999949 -1.382488 
84.07999949 -2.267525 
84.11999949 -2.708518 
84.15999949 -1.825007 
84.19999949 -2.267525 
84.23999949 -3.151036 
84.27999949 -2.267525 
84.31999949 -2.267525 
84.35999949 -2.267525 
84.39999949 -2.708518 
84.43999949 -2.708518 
84.47999949 -2.267525 
84.51999949 -2.267525 
84.55999949 -2.267525 
84.59999949 -2.708518 
84.63999949 -2.708518 
84.67999949 -2.267525 
84.71999949 -2.267525 
84.75999948 -2.708518 
84.79999948 -2.267525 
84.83999948 -2.267525 
84.87999948 -2.708518 
84.91999948 -2.708518 
84.95999948 -2.708518 
84.99999948 -2.267525 
85.03999948 -2.267525 
85.07999948 -2.267525 
85.11999948 -2.267525 
85.15999948 -2.267525 
85.19999948 -2.267525 
85.23999948 -2.267525 
85.27999948 -2.267525 
85.31999948 -2.267525 
85.35999948 -2.267525 
85.39999948 -2.267525 
85.43999948 -1.825007 
85.47999948 -2.267525 
85.51999948 -1.825007 
85.55999948 -2.267525 
85.59999948 -1.825007 
85.63999948 -1.825007 
85.67999948 -1.825007 
85.71999948 -1.825007 
85.75999948 -1.825007 
85.79999948 -1.825007 
85.83999948 -1.825007 
85.87999948 -1.825007 
85.91999948 -1.382488 
85.95999948 -1.825007 
85.99999948 -0.941496 
86.03999948 -0.941496 
86.07999948 -1.382488 
86.11999948 -1.382488 
86.15999948 -0.941496 
86.19999948 -0.941496 
86.23999948 -0.941496 
86.27999948 -0.941496 
86.31999948 -0.941496 
86.35999948 -0.941496 
86.39999947 -0.4989776 
86.43999947 -0.4989776 
86.47999947 -0.941496 
86.51999947 -0.941496 
86.55999947 -0.4989776 
86.59999947 -0.4989776 
86.63999947 -0.4989776 
86.67999947 -0.4989776 
86.71999947 -0.4989776 
86.75999947 -0.4989776 
86.79999947 -0.4989776 
94.51999943 -0.4989776 
94.55999943 -0.4989776 
94.59999943 -0.4989776 
94.63999942 -0.4989776 
94.67999942 -0.4989776 
94.71999942 -0.941496 
94.75999942 -0.941496 
94.79999942 -0.941496 
94.83999942 -0.941496 
94.87999942 -0.941496 
94.91999942 -0.941496 
94.95999942 -0.941496 
94.99999942 -1.382488 
95.03999942 -1.382488 
95.07999942 -1.382488 
95.11999942 -1.825007 
95.15999942 -1.382488 
95.19999942 -1.382488 
95.23999942 -2.267525 
95.27999942 -2.267525 
95.31999942 -1.825007 
95.35999942 -1.825007 
95.39999942 -1.825007 
95.43999942 -2.267525 
95.47999942 -1.825007 
95.51999942 -2.267525 
95.55999942 -1.825007 
95.59999942 -2.267525 
95.63999942 -2.267525 
95.67999942 -1.825007 
95.71999942 -1.825007 
95.75999942 -2.267525 
95.79999942 -2.267525 
95.83999942 -1.825007 
95.87999942 -2.267525 
95.91999942 -1.825007 
95.95999942 -2.267525 
95.99999942 -1.825007 
96.03999942 -2.267525 
96.07999942 -1.825007 
96.11999942 -2.267525 
96.15999942 -2.708518 
96.19999942 -2.708518 
96.23999942 -1.825007 
96.27999941 -1.825007 
96.31999941 -1.825007 
96.35999941 -1.825007 
96.39999941 -1.382488 
96.43999941 -1.825007 
96.47999941 -1.825007 
96.51999941 -0.941496 
96.55999941 -0.941496 
96.59999941 -0.941496 
96.63999941 -0.941496 
96.67999941 -0.941496 
96.71999941 -0.941496 
96.75999941 -0.4989776 
96.79999941 -0.941496 
96.83999941 -0.4989776 
96.95999941 -0.4989776 
106.31999935 -0.941496 
106.35999935 -0.4989776 
106.39999935 -0.4989776 
106.43999935 -0.941496 
106.47999935 -0.4989776 
106.51999935 -0.4989776 
106.55999935 -0.4989776 
106.59999935 -0.941496 
106.63999935 -0.941496 
106.67999935 -0.941496 
106.71999935 -0.941496 
106.75999935 -0.941496 
106.79999935 -0.941496 
106.83999935 -0.941496 
106.87999935 -0.941496 
106.91999935 -0.941496 
106.95999935 -0.941496 
106.99999935 -1.382488 
107.03999935 -1.382488 
107.07999935 -0.941496 
107.11999935 -1.825007 
107.15999935 -1.825007 
107.19999935 -1.825007 
107.23999935 -1.382488 
107.27999935 -1.825007 
107.31999935 -1.825007 
107.35999935 -1.825007 
107.39999935 -1.825007 
107.43999935 -1.825007 
107.47999935 -1.825007 
107.51999935 -1.382488 
107.55999935 -1.825007 
107.59999935 -1.825007 
107.63999935 -1.825007 
107.67999935 -1.825007 
107.71999935 -1.382488 
107.75999935 -1.382488 
107.79999934 -1.825007 
107.83999934 -1.382488 
107.87999934 -1.382488 
107.91999934 -1.382488 
107.95999934 -0.941496 
107.99999934 -1.382488 
108.03999934 -0.941496 
108.07999934 -0.941496 
108.11999934 -0.941496 
108.15999934 -1.382488 
108.19999934 -0.941496 
108.23999934 -0.941496 
108.27999934 -0.941496 
108.31999934 -0.941496 
108.35999934 -0.941496 
108.39999934 -0.941496 
108.43999934 -0.941496 
108.47999934 -0.941496 
108.51999934 -0.941496 
108.55999934 -0.4989776 
108.59999934 -0.941496 
108.63999934 -0.4989776 
108.67999934 -0.941496 
108.71999934 -0.4989776 
108.75999934 -0.4989776 
108.79999934 -0.4989776 
108.83999934 -0.4989776 
108.91999934 -0.4989776 
108.95999934 -0.4989776 
110.95999933 -0.4989776 
110.99999933 -0.4989776 
111.03999933 -0.4989776 
111.07999932 -0.4989776 
111.11999932 -0.4989776 
111.15999932 -0.4989776 
111.19999932 -0.941496 
111.23999932 -0.941496 
111.27999932 -0.941496 
111.31999932 -0.941496 
111.35999932 -0.941496 
111.39999932 -0.941496 
111.43999932 -0.941496 
111.47999932 -0.941496 
111.51999932 -1.382488 
111.55999932 -0.941496 
111.59999932 -1.382488 
111.63999932 -1.382488 
111.67999932 -1.382488 
111.71999932 -1.825007 
111.75999932 -1.825007 
111.79999932 -1.825007 
111.83999932 -1.382488 
111.87999932 -1.825007 
111.91999932 -1.825007 
111.95999932 -1.825007 
111.99999932 -1.825007 
112.03999932 -1.825007 
112.07999932 -1.825007 
112.11999932 -1.825007 
112.15999932 -1.825007 
112.19999932 -1.825007 
112.23999932 -1.825007 
112.27999932 -1.825007 
112.31999932 -1.825007 
112.35999932 -1.382488 
112.39999932 -1.382488 
112.43999932 -1.825007 
112.47999932 -1.382488 
112.51999932 -1.382488 
112.55999932 -1.382488 
112.59999932 -1.382488 
112.63999932 -1.382488 
112.67999932 -0.941496 
112.71999931 -0.941496 
112.75999931 -0.941496 
112.79999931 -0.941496 
112.83999931 -0.941496 
112.87999931 -0.941496 
112.91999931 -1.382488 
112.95999931 -0.4989776 
112.99999931 -0.941496 
113.03999931 -0.941496 
113.07999931 -0.941496 
113.15999931 -0.4989776 
113.19999931 -0.4989776 
113.39999931 -0.4989776 
113.43999931 -0.941496 
116.63999929 -0.4989776 
116.71999929 -0.4989776 
116.75999929 -0.4989776 
116.79999929 -0.4989776 
116.83999929 -0.941496 
116.87999929 -0.941496 
116.91999929 -0.4989776 
116.95999929 -0.941496 
116.99999929 -0.941496 
117.03999929 -0.4989776 
117.07999929 -0.941496 
117.11999929 -0.941496 
117.15999929 -0.941496 
117.19999929 -0.941496 
117.23999929 -0.941496 
117.27999929 -1.382488 
117.31999929 -0.941496 
117.35999929 -1.382488 
117.39999929 -1.825007 
117.43999929 -1.382488 
117.47999929 -1.382488 
117.51999929 -0.941496 
117.55999929 -1.382488 
117.59999929 -1.825007 
117.63999929 -1.382488 
117.67999928 -1.382488 
117.71999928 -1.382488 
117.75999928 -1.825007 
117.79999928 -1.825007 
117.83999928 -1.825007 
117.87999928 -1.825007 
117.91999928 -1.825007 
117.95999928 -1.382488 
117.99999928 -1.825007 
118.03999928 -1.825007 
118.07999928 -1.825007 
118.11999928 -1.825007 
118.15999928 -1.825007 
118.19999928 -1.825007 
118.23999928 -1.825007 
118.27999928 -1.825007 
118.31999928 -1.825007 
118.35999928 -1.825007 
118.39999928 -1.825007 
118.43999928 -1.825007 
118.47999928 -1.825007 
118.51999928 -1.825007 
118.55999928 -1.825007 
118.59999928 -1.382488 
118.63999928 -1.382488 
118.67999928 -1.825007 
118.71999928 -1.825007 
118.75999928 -1.382488 
118.79999928 -1.382488 
118.83999928 -0.941496 
118.87999928 -1.825007 
118.91999928 -1.382488 
118.95999928 -0.941496 
118.99999928 -0.941496 
119.03999928 -0.941496 
119.07999928 -0.941496 
119.11999928 -0.941496 
119.15999928 -0.941496 
119.19999928 -0.941496 
119.23999928 -0.941496 
119.27999928 -0.941496 
119.31999927 -0.941496 
119.35999927 -0.941496 
119.39999927 -0.941496 
119.43999927 -0.941496 
119.47999927 -0.941496 
119.51999927 -0.941496 
119.55999927 -0.4989776 
119.59999927 -0.4989776 
119.63999927 -0.4989776 
119.67999927 -0.4989776 
119.71999927 -0.4989776 
119.75999927 -0.4989776 
119.79999927 -0.4989776 
119.91999927 -0.4989776 
119.95999927 -0.4989776 
119.99999927 -0.4989776 
120.07999927 -0.4989776 
122.03999926 -0.4989776 
122.19999926 -0.4989776 
122.23999926 -0.4989776 
122.31999926 -0.4989776 
122.35999926 -0.941496 
122.39999926 -0.4989776 
122.43999926 -0.4989776 
122.47999926 -0.941496 
122.51999926 -0.941496 
122.55999926 -0.4989776 
122.59999925 -0.941496 
122.63999925 -0.4989776 
122.67999925 -0.4989776 
122.71999925 -0.941496 
122.75999925 -0.4989776 
122.79999925 -0.941496 
122.83999925 -0.941496 
122.87999925 -0.941496 
122.91999925 -0.941496 
122.95999925 -0.941496 
122.99999925 -0.941496 
123.03999925 -0.941496 
123.07999925 -0.941496 
123.11999925 -0.941496 
123.15999925 -0.941496 
123.19999925 -0.941496 
123.23999925 -0.941496 
123.27999925 -0.941496 
123.31999925 -0.941496 
123.35999925 -0.941496 
123.39999925 -0.941496 
123.43999925 -0.941496 
123.47999925 -0.941496 
123.51999925 -0.941496 
123.55999925 -0.941496 
123.59999925 -0.941496 
123.63999925 -0.941496 
123.67999925 -0.941496 
123.71999925 -0.941496 
123.75999925 -0.941496 
123.79999925 -0.941496 
123.83999925 -0.941496 
123.87999925 -0.941496 
123.91999925 -0.941496 
123.95999925 -0.941496 
123.99999925 -0.4989776 
124.03999925 -0.941496 
124.07999925 -0.4989776 
124.11999925 -0.4989776 
124.15999925 -0.4989776 
124.19999925 -0.4989776 
132.83999919 -0.4989776 
132.87999919 -0.4989776 
132.91999919 -0.4989776 
132.95999919 -0.4989776 
132.99999919 -0.4989776 
133.03999919 -0.941496 
133.07999919 -0.941496 
133.11999919 -0.941496 
133.15999919 -0.941496 
133.19999919 -0.4989776 
133.23999919 -0.941496 
133.27999919 -0.941496 
133.31999919 -0.941496 
133.35999919 -0.941496 
133.39999919 -0.941496 
133.43999919 -0.941496 
133.47999919 -0.941496 
133.51999919 -0.941496 
133.55999919 -0.941496 
133.59999919 -0.941496 
133.63999919 -0.941496 
133.67999919 -0.941496 
133.71999919 -0.941496 
133.75999919 -1.382488 
133.79999919 -1.382488 
133.83999919 -0.941496 
133.87999919 -1.382488 
133.91999919 -0.941496 
133.95999919 -0.941496 
133.99999919 -1.382488 
134.03999919 -1.382488 
134.07999919 -0.941496 
134.11999918 -1.382488 
134.15999918 -0.941496 
134.19999918 -0.941496 
134.23999918 -1.382488 
134.27999918 -1.382488 
134.31999918 -0.941496 
134.35999918 -0.941496 
134.39999918 -0.941496 
134.43999918 -0.941496 
134.47999918 -0.941496 
134.51999918 -0.941496 
134.55999918 -0.941496 
134.59999918 -0.941496 
134.63999918 -0.941496 
134.67999918 -0.941496 
134.71999918 -0.941496 
134.75999918 -0.941496 
134.79999918 -0.4989776 
134.83999918 -0.941496 
134.87999918 -0.4989776 
134.91999918 -0.4989776 
134.95999918 -0.941496 
134.99999918 -0.4989776 
135.11999918 -0.4989776 
138.71999916 -0.4989776 
138.79999916 -0.4989776 
138.83999916 -0.4989776 
138.87999916 -0.4989776 
138.91999916 -0.4989776 
138.95999916 -0.4989776 
138.99999916 -0.4989776 
139.03999915 -0.4989776 
139.07999915 -0.941496 
139.11999915 -0.941496 
139.15999915 -0.941496 
139.19999915 -0.941496 
139.23999915 -0.941496 
139.27999915 -0.941496 
139.31999915 -0.941496 
139.35999915 -0.941496 
139.39999915 -0.941496 
139.43999915 -0.941496 
139.47999915 -0.941496 
139.51999915 -0.941496 
139.55999915 -0.941496 
139.59999915 -0.941496 
139.63999915 -0.941496 
139.67999915 -0.941496 
139.71999915 -1.382488 
139.75999915 -0.941496 
139.79999915 -1.382488 
139.83999915 -1.382488 
139.87999915 -0.941496 
139.91999915 -0.941496 
139.95999915 -0.941496 
139.99999915 -1.382488 
140.03999915 -0.941496 
140.07999915 -0.941496 
140.11999915 -0.941496 
140.15999915 -0.941496 
140.19999915 -0.941496 
140.23999915 -0.941496 
140.27999915 -0.941496 
140.31999915 -0.941496 
140.35999915 -0.941496 
140.39999915 -0.941496 
140.43999915 -0.4989776 
140.47999915 -0.941496 
140.51999915 -0.941496 
140.55999915 -0.941496 
140.59999915 -0.4989776 
140.63999915 -0.941496 
140.67999915 -0.941496 
140.71999914 -0.941496 
140.75999914 -0.4989776 
140.79999914 -0.4989776 
140.83999914 -0.4989776 
140.87999914 -0.4989776 
140.91999914 -0.4989776 
140.95999914 -0.4989776 
141.03999914 -0.4989776 
141.11999914 -0.4989776 
143.71999913 -0.4989776 
143.75999913 -0.4989776 
143.79999913 -0.4989776 
143.83999913 -0.4989776 
143.87999913 -0.4989776 
143.91999913 -0.4989776 
143.95999913 -0.941496 
143.99999912 -0.941496 
144.03999912 -0.941496 
144.07999912 -0.941496 
144.11999912 -0.941496 
144.15999912 -1.382488 
144.19999912 -1.825007 
144.23999912 -1.825007 
144.27999912 -1.825007 
144.31999912 -1.825007 
144.35999912 -1.825007 
144.39999912 -1.825007 
144.43999912 -1.825007 
144.47999912 -1.825007 
144.51999912 -2.267525 
144.55999912 -1.825007 
144.59999912 -2.708518 
144.63999912 -2.267525 
144.67999912 -2.708518 
144.71999912 -2.267525 
144.75999912 -2.708518 
144.79999912 -2.267525 
144.83999912 -2.708518 
144.87999912 -2.708518 
144.91999912 -2.708518 
144.95999912 -2.708518 
144.99999912 -2.708518 
145.03999912 -2.708518 
145.07999912 -3.151036 
145.11999912 -2.708518 
145.15999912 -3.151036 
145.19999912 -2.708518 
145.23999912 -3.151036 
145.27999912 -3.151036 
145.31999912 -3.151036 
145.35999912 -2.708518 
145.39999912 -2.708518 
145.43999912 -3.151036 
145.47999912 -3.151036 
145.51999912 -2.708518 
145.55999912 -2.708518 
145.59999912 -3.151036 
145.63999911 -3.151036 
145.67999911 -2.708518 
145.71999911 -2.708518 
145.75999911 -2.708518 
145.79999911 -2.708518 
145.83999911 -2.708518 
145.87999911 -3.151036 
145.91999911 -2.708518 
145.95999911 -3.151036 
145.99999911 -2.708518 
146.03999911 -2.267525 
146.07999911 -2.267525 
146.11999911 -2.267525 
146.15999911 -2.267525 
146.19999911 -2.267525 
146.23999911 -2.267525 
146.27999911 -1.825007 
146.31999911 -1.825007 
146.35999911 -1.825007 
146.39999911 -1.825007 
146.43999911 -1.825007 
146.47999911 -1.825007 
146.51999911 -1.382488 
146.55999911 -1.382488 
146.59999911 -0.941496 
146.63999911 -0.941496 
146.67999911 -0.941496 
146.71999911 -0.4989776 
146.75999911 -0.941496 
146.79999911 -0.941496 
146.83999911 -0.941496 
146.87999911 -0.4989776 
146.91999911 -0.4989776 
156.03999905 -0.4989776 
156.07999905 -0.4989776 
156.11999905 -0.4989776 
156.15999905 -0.4989776 
156.19999905 -0.4989776 
156.23999905 -0.4989776 
156.27999905 -0.941496 
156.31999905 -0.4989776 
156.35999905 -0.941496 
156.39999905 -0.941496 
156.43999905 -0.941496 
156.47999905 -0.941496 
156.51999905 -0.941496 
156.55999905 -0.941496 
156.59999905 -0.941496 
156.63999905 -0.941496 
156.67999905 -0.941496 
156.71999905 -0.941496 
156.75999905 -0.941496 
156.79999905 -0.941496 
156.83999905 -0.941496 
156.87999905 -1.382488 
156.91999905 -0.941496 
156.95999905 -0.941496 
156.99999905 -0.941496 
157.03999905 -0.941496 
157.07999905 -0.941496 
157.11999905 -0.941496 
157.15999904 -0.941496 
157.19999904 -0.941496 
157.23999904 -0.941496 
157.27999904 -0.941496 
157.31999904 -0.941496 
157.35999904 -0.941496 
157.39999904 -0.941496 
157.43999904 -0.941496 
157.47999904 -0.941496 
157.51999904 -0.941496 
157.55999904 -0.941496 
157.59999904 -0.4989776 
157.63999904 -0.4989776 
157.67999904 -0.941496 
157.71999904 -0.941496 
157.75999904 -0.941496 
157.79999904 -0.941496 
157.83999904 -0.4989776 
157.87999904 -0.941496 
157.91999904 -0.4989776 
157.95999904 -0.4989776 
157.99999904 -0.4989776 
158.03999904 -0.4989776 
158.11999904 -0.4989776 
160.75999902 -0.4989776 
160.83999902 -0.4989776 
160.87999902 -0.4989776 
160.91999902 -0.4989776 
160.95999902 -0.4989776 
160.99999902 -0.4989776 
161.03999902 -0.4989776 
161.07999902 -0.4989776 
161.11999902 -0.941496 
161.15999902 -0.941496 
161.19999902 -0.4989776 
161.23999902 -0.941496 
161.27999902 -0.941496 
161.31999902 -0.4989776 
161.35999902 -0.941496 
161.39999902 -0.941496 
161.43999902 -0.941496 
161.47999902 -0.941496 
161.51999902 -0.941496 
161.55999902 -0.941496 
161.59999902 -0.941496 
161.63999902 -0.941496 
161.67999902 -0.941496 
161.71999902 -0.941496 
161.75999902 -0.941496 
161.79999902 -0.941496 
161.83999902 -0.941496 
161.87999902 -0.941496 
161.91999902 -0.4989776 
161.95999902 -0.941496 
161.99999902 -0.4989776 
162.03999902 -0.941496 
162.07999901 -0.4989776 
162.11999901 -0.4989776 
162.15999901 -0.4989776 
162.19999901 -0.4989776 
162.23999901 -0.4989776 
162.27999901 -0.4989776 
162.31999901 -0.4989776 
162.39999901 -0.4989776 
166.47999899 -0.4989776 
166.51999899 -0.4989776 
166.55999899 -0.4989776 
166.59999899 -0.4989776 
166.63999899 -0.4989776 
166.67999899 -0.941496 
166.71999899 -0.941496 
166.75999899 -0.941496 
166.79999899 -0.941496 
166.83999899 -0.941496 
166.87999899 -0.941496 
166.91999899 -0.941496 
166.95999899 -0.941496 
166.99999899 -0.941496 
167.03999898 -0.941496 
167.07999898 -0.941496 
167.11999898 -0.941496 
167.15999898 -1.825007 
167.19999898 -1.382488 
167.23999898 -0.941496 
167.27999898 -0.941496 
167.31999898 -0.941496 
167.35999898 -1.382488 
167.39999898 -1.382488 
167.43999898 -1.825007 
167.47999898 -1.825007 
167.51999898 -1.825007 
167.55999898 -0.941496 
167.59999898 -1.825007 
167.63999898 -0.941496 
167.67999898 -1.825007 
167.71999898 -1.382488 
167.75999898 -1.825007 
167.79999898 -1.825007 
167.83999898 -1.825007 
167.87999898 -1.825007 
167.91999898 -1.825007 
167.95999898 -1.382488 
167.99999898 -1.825007 
168.03999898 -1.825007 
168.07999898 -1.825007 
168.11999898 -1.382488 
168.15999898 -1.825007 
168.19999898 -1.382488 
168.23999898 -1.825007 
168.27999898 -1.825007 
168.31999898 -1.825007 
168.35999898 -1.382488 
168.39999898 -1.382488 
168.43999898 -1.382488 
168.47999898 -1.382488 
168.51999898 -0.941496 
168.55999898 -1.382488 
168.59999898 -1.825007 
168.63999898 -0.941496 
168.67999897 -0.941496 
168.71999897 -0.941496 
168.75999897 -0.941496 
168.79999897 -0.941496 
168.83999897 -0.941496 
168.87999897 -0.941496 
168.91999897 -0.941496 
168.95999897 -0.941496 
168.99999897 -0.941496 
169.03999897 -0.941496 
169.07999897 -0.941496 
169.11999897 -0.4989776 
169.15999897 -0.941496 
169.19999897 -0.941496 
169.23999897 -0.941496 
169.27999897 -0.4989776 
169.31999897 -0.941496 
169.35999897 -0.4989776 
169.39999897 -0.941496 
169.43999897 -0.4989776 
169.47999897 -0.4989776 
169.51999897 -0.4989776 
169.55999897 -0.4989776 
169.59999897 -0.4989776 
169.63999897 -0.4989776 
169.67999897 -0.4989776 
169.71999897 -0.4989776 
169.75999897 -0.4989776 
169.79999897 -0.4989776 
169.83999897 -0.4989776 
169.87999897 -0.4989776 
169.91999897 -0.4989776 
170.11999897 -0.4989776 
170.19999897 -0.4989776 
170.23999897 -0.4989776 
170.27999897 -0.4989776 
170.47999896 -0.4989776 
170.67999896 -0.4989776 
170.71999896 -0.4989776 
170.75999896 -0.4989776 
170.83999896 -0.4989776 
170.95999896 -0.4989776 
171.15999896 -0.4989776 
171.19999896 -0.4989776 
171.23999896 -0.4989776 
171.27999896 -0.4989776 
171.31999896 -0.4989776 
171.35999896 -0.4989776 
171.43999896 -0.4989776 
171.47999896 -0.4989776 
171.51999896 -0.941496 
171.63999896 -0.4989776 
171.67999896 -0.941496 
171.71999896 -0.4989776 
171.75999896 -0.4989776 
171.79999896 -0.941496 
171.83999896 -0.941496 
171.87999896 -0.4989776 
171.91999896 -0.941496 
172.03999895 -1.825007 
172.07999895 -1.382488 
172.15999895 -0.4989776 
172.19999895 -1.382488 
172.23999895 -0.941496 
172.27999895 -0.4989776 
172.31999895 -0.941496 
172.35999895 -0.941496 
172.39999895 -0.4989776 
172.43999895 -0.4989776 
172.47999895 -0.941496 
172.51999895 -0.941496 
172.55999895 -0.941496 
172.59999895 -0.941496 
172.63999895 -0.4989776 
172.67999895 -0.941496 
172.71999895 -0.941496 
172.75999895 -0.941496 
172.79999895 -0.941496 
172.83999895 -0.941496 
172.87999895 -1.382488 
172.91999895 -0.941496 
172.95999895 -0.941496 
172.99999895 -0.941496 
173.03999895 -0.941496 
173.07999895 -0.941496 
173.11999895 -0.941496 
173.15999895 -0.941496 
173.19999895 -0.941496 
173.23999895 -0.941496 
173.27999895 -0.941496 
173.31999895 -0.941496 
173.35999895 -0.941496 
173.39999895 -0.941496 
173.43999895 -0.941496 
173.47999895 -0.4989776 
173.51999895 -0.941496 
173.55999895 -0.4989776 
173.59999894 -0.4989776 
173.63999894 -0.4989776 
173.67999894 -0.4989776 
173.71999894 -0.941496 
173.75999894 -0.941496 
173.79999894 -0.4989776 
173.83999894 -0.4989776 
173.87999894 -0.4989776 
173.91999894 -0.4989776 
173.95999894 -0.4989776 
182.55999889 -0.4989776 
182.59999889 -0.4989776 
182.63999889 -0.4989776 
182.67999889 -0.4989776 
182.71999889 -0.4989776 
182.75999889 -0.4989776 
182.79999889 -0.4989776 
182.83999889 -0.4989776 
182.87999889 -0.4989776 
182.91999889 -0.4989776 
182.95999889 -0.941496 
182.99999889 -0.941496 
183.03999889 -0.941496 
183.07999889 -0.941496 
183.11999889 -0.4989776 
183.15999889 -0.941496 
183.19999889 -0.941496 
183.23999889 -0.941496 
183.27999889 -0.941496 
183.31999889 -0.941496 
183.35999889 -0.941496 
183.39999889 -0.941496 
183.43999889 -0.941496 
183.47999888 -0.941496 
183.51999888 -0.941496 
183.55999888 -0.941496 
183.59999888 -0.941496 
183.63999888 -0.941496 
183.67999888 -0.941496 
183.71999888 -0.941496 
183.75999888 -0.941496 
183.79999888 -0.941496 
183.83999888 -0.941496 
183.87999888 -0.941496 
183.91999888 -0.941496 
183.95999888 -0.941496 
183.99999888 -0.941496 
184.03999888 -0.941496 
184.07999888 -0.941496 
184.11999888 -0.941496 
184.15999888 -0.4989776 
184.19999888 -0.4989776 
184.23999888 -0.941496 
184.27999888 -0.941496 
184.31999888 -0.4989776 
184.35999888 -0.4989776 
184.39999888 -0.4989776 
184.43999888 -0.4989776 
184.47999888 -0.4989776 
184.51999888 -0.4989776 
193.35999882 -0.4989776 
193.39999882 -0.4989776 
193.43999882 -0.4989776 
193.47999882 -0.4989776 
193.51999882 -0.941496 
193.55999882 -0.941496 
193.59999882 -0.941496 
193.63999882 -0.941496 
193.67999882 -0.941496 
193.71999882 -1.382488 
193.75999882 -1.825007 
193.79999882 -1.382488 
193.83999882 -1.382488 
193.87999882 -1.825007 
193.91999882 -1.825007 
193.95999882 -2.267525 
193.99999882 -2.708518 
194.03999882 -1.825007 
194.07999882 -2.267525 
194.11999882 -2.708518 
194.15999882 -2.267525 
194.19999882 -2.708518 
194.23999882 -2.708518 
194.27999882 -2.708518 
194.31999882 -2.267525 
194.35999882 -3.151036 
194.39999882 -2.708518 
194.43999882 -3.151036 
194.47999882 -2.708518 
194.51999882 -3.151036 
194.55999882 -3.593554 
194.59999882 -3.593554 
194.63999882 -3.151036 
194.67999882 -3.593554 
194.71999882 -2.708518 
194.75999882 -3.593554 
194.79999882 -3.593554 
194.83999882 -3.151036 
194.87999882 -3.151036 
194.91999882 -3.593554 
194.95999882 -3.151036 
194.99999881 -3.593554 
195.03999881 -3.593554 
195.07999881 -3.593554 
195.11999881 -3.593554 
195.15999881 -3.151036 
195.19999881 -3.593554 
195.23999881 -2.708518 
195.27999881 -3.151036 
195.31999881 -3.151036 
195.35999881 -3.151036 
195.39999881 -3.593554 
195.43999881 -3.151036 
195.47999881 -3.151036 
195.51999881 -2.708518 
195.55999881 -3.151036 
195.59999881 -2.708518 
195.63999881 -2.708518 
195.67999881 -2.708518 
195.71999881 -2.708518 
195.75999881 -2.708518 
195.79999881 -2.708518 
195.83999881 -2.267525 
195.87999881 -2.267525 
195.91999881 -2.267525 
195.95999881 -2.267525 
195.99999881 -2.267525 
196.03999881 -2.267525 
196.07999881 -2.267525 
196.11999881 -2.267525 
196.15999881 -2.267525 
196.19999881 -1.825007 
196.23999881 -1.382488 
196.27999881 -1.825007 
196.31999881 -1.825007 
196.35999881 -1.382488 
196.39999881 -1.825007 
196.43999881 -1.382488 
196.47999881 -0.941496 
196.51999881 -0.941496 
196.55999881 -0.941496 
196.59999881 -0.941496 
196.6399988 -0.941496 
196.6799988 -0.941496 
196.7199988 -0.4989776 
196.7599988 -0.941496 
196.7999988 -0.941496 
196.8399988 -0.941496 
196.8799988 -0.4989776 
196.9199988 -0.941496 
196.9599988 -0.4989776 
197.0399988 -0.4989776 
197.0799988 -0.4989776 
198.43999879 -0.4989776 
198.79999879 -0.4989776 
198.83999879 -0.4989776 
198.87999879 -0.4989776 
198.91999879 -0.4989776 
198.95999879 -0.4989776 
199.03999879 -0.4989776 
199.07999879 -0.4989776 
199.11999879 -0.4989776 
199.15999879 -0.941496 
199.19999879 -0.4989776 
199.23999879 -0.941496 
199.27999879 -0.4989776 
199.31999879 -0.4989776 
199.35999879 -0.4989776 
199.39999879 -0.4989776 
199.43999879 -0.4989776 
199.47999879 -0.4989776 
199.51999879 -0.4989776 
199.55999879 -0.941496 
199.59999879 -0.4989776 
199.63999879 -0.941496 
199.67999879 -0.941496 
199.71999879 -0.4989776 
199.75999879 -0.4989776 
199.79999879 -0.4989776 
199.83999879 -0.941496 
199.87999879 -0.4989776 
199.91999878 -0.4989776 
199.95999878 -0.4989776 
199.99999878 -0.941496 
200.03999878 -0.4989776 
200.07999878 -0.4989776 
200.11999878 -0.4989776 
0 0 
