4.83999997 -0.4989776 
4.99999997 -0.4989776 
5.03999997 -0.4989776 
5.07999997 -0.941496 
5.11999997 -0.941496 
5.15999997 -0.941496 
5.19999997 -0.941496 
5.23999997 -0.941496 
5.27999997 -0.941496 
5.31999997 -1.382488 
5.35999997 -0.941496 
5.39999997 -1.382488 
5.43999997 -1.382488 
5.47999997 -1.825007 
5.51999997 -1.825007 
5.55999997 -1.825007 
5.59999997 -1.825007 
5.63999997 -1.825007 
5.67999997 -1.825007 
5.71999997 -1.825007 
5.75999996 -1.825007 
5.79999996 -1.825007 
5.83999996 -1.825007 
5.87999996 -1.825007 
5.91999996 -1.825007 
5.95999996 -2.267525 
5.99999996 -2.267525 
6.03999996 -2.267525 
6.07999996 -2.267525 
6.11999996 -2.267525 
6.15999996 -2.267525 
6.19999996 -2.267525 
6.23999996 -2.267525 
6.27999996 -2.267525 
6.31999996 -2.267525 
6.35999996 -2.267525 
6.39999996 -2.267525 
6.43999996 -2.267525 
6.47999996 -2.267525 
6.51999996 -2.267525 
6.55999996 -2.267525 
6.59999996 -2.267525 
6.63999996 -2.267525 
6.67999996 -2.267525 
6.71999996 -1.825007 
6.75999996 -2.267525 
6.79999996 -2.267525 
6.83999996 -1.825007 
6.87999996 -2.267525 
6.91999996 -1.825007 
6.95999996 -1.825007 
6.99999996 -1.825007 
7.03999996 -1.825007 
7.07999996 -1.825007 
7.11999996 -1.825007 
7.15999996 -1.825007 
7.19999996 -1.382488 
7.23999996 -1.825007 
7.27999996 -1.382488 
7.31999996 -1.382488 
7.35999996 -1.382488 
7.39999996 -1.382488 
7.43999995 -1.382488 
7.47999995 -1.382488 
7.51999995 -0.941496 
7.55999995 -0.941496 
7.59999995 -0.941496 
7.63999995 -0.941496 
7.67999995 -0.941496 
7.71999995 -0.941496 
7.75999995 -0.941496 
7.79999995 -0.941496 
7.83999995 -0.941496 
7.87999995 -0.4989776 
7.91999995 -0.4989776 
7.95999995 -0.4989776 
8.03999995 -0.4989776 
15.07999991 -0.4989776 
15.11999991 -0.4989776 
15.15999991 -0.4989776 
15.19999991 -0.4989776 
15.23999991 -0.4989776 
15.27999991 -0.4989776 
15.31999991 -0.941496 
15.35999991 -0.941496 
15.39999991 -0.4989776 
15.43999991 -0.941496 
15.47999991 -0.941496 
15.51999991 -0.941496 
15.55999991 -0.4989776 
15.59999991 -1.825007 
15.6399999 -0.941496 
15.6799999 -0.941496 
15.7199999 -1.382488 
15.7599999 -0.941496 
15.7999999 -0.941496 
15.8399999 -0.941496 
15.8799999 -1.382488 
15.9199999 -1.382488 
15.9599999 -1.382488 
15.9999999 -1.382488 
16.0399999 -1.382488 
16.0799999 -0.941496 
16.1199999 -1.825007 
16.1599999 -1.382488 
16.1999999 -1.382488 
16.2399999 -1.825007 
16.2799999 -1.825007 
16.3199999 -1.825007 
16.3599999 -1.825007 
16.3999999 -1.825007 
16.4399999 -1.825007 
16.4799999 -1.825007 
16.5199999 -1.825007 
16.5599999 -2.267525 
16.5999999 -1.825007 
16.6399999 -1.825007 
16.6799999 -1.825007 
16.7199999 -1.825007 
16.7599999 -1.825007 
16.7999999 -1.825007 
16.8399999 -1.825007 
16.8799999 -1.825007 
16.9199999 -1.825007 
16.9599999 -1.825007 
16.9999999 -2.267525 
17.0399999 -1.825007 
17.0799999 -1.825007 
17.1199999 -1.825007 
17.1599999 -1.825007 
17.1999999 -1.825007 
17.2399999 -1.825007 
17.27999989 -1.825007 
17.31999989 -1.825007 
17.35999989 -1.825007 
17.39999989 -1.825007 
17.43999989 -1.825007 
17.47999989 -1.825007 
17.51999989 -1.825007 
17.55999989 -1.825007 
17.59999989 -1.825007 
17.63999989 -1.825007 
17.67999989 -1.382488 
17.71999989 -1.382488 
17.75999989 -1.825007 
17.79999989 -1.382488 
17.83999989 -1.825007 
17.87999989 -1.382488 
17.91999989 -1.382488 
17.95999989 -0.941496 
17.99999989 -0.941496 
18.03999989 -0.941496 
18.07999989 -1.382488 
18.11999989 -0.941496 
18.15999989 -0.941496 
18.19999989 -0.941496 
18.23999989 -0.941496 
18.27999989 -0.941496 
18.31999989 -0.941496 
18.35999989 -0.941496 
18.39999989 -0.4989776 
18.43999989 -0.941496 
18.47999989 -0.941496 
18.51999989 -0.4989776 
18.55999989 -0.4989776 
18.59999989 -0.941496 
18.63999989 -0.4989776 
18.67999989 -0.4989776 
18.71999989 -0.4989776 
18.79999989 -0.4989776 
18.83999989 -0.4989776 
20.91999987 -0.4989776 
21.31999987 -0.4989776 
21.47999987 -0.4989776 
21.55999987 -0.4989776 
21.59999987 -0.4989776 
21.63999987 -0.4989776 
21.67999987 -0.4989776 
21.71999987 -0.4989776 
21.75999987 -0.4989776 
21.79999987 -0.4989776 
21.83999987 -0.4989776 
21.91999987 -0.4989776 
21.95999987 -0.4989776 
21.99999987 -0.4989776 
22.03999987 -0.4989776 
22.07999987 -0.4989776 
22.11999987 -0.4989776 
22.15999987 -0.941496 
22.19999987 -0.4989776 
22.23999986 -0.4989776 
22.27999986 -0.4989776 
22.31999986 -0.4989776 
22.35999986 -0.4989776 
22.39999986 -0.4989776 
22.43999986 -0.4989776 
22.47999986 -0.4989776 
22.51999986 -0.4989776 
22.55999986 -0.4989776 
22.59999986 -0.4989776 
22.63999986 -0.4989776 
22.67999986 -0.4989776 
22.75999986 -0.4989776 
22.79999986 -0.4989776 
28.31999983 -0.4989776 
28.75999983 -0.4989776 
28.79999982 -0.4989776 
28.91999982 -0.4989776 
28.95999982 -0.4989776 
29.03999982 -0.4989776 
29.15999982 -0.4989776 
29.19999982 -0.4989776 
29.23999982 -0.4989776 
29.27999982 -0.4989776 
29.39999982 -0.4989776 
29.43999982 -0.4989776 
29.47999982 -0.4989776 
29.51999982 -0.4989776 
29.55999982 -0.4989776 
29.59999982 -0.4989776 
29.63999982 -0.4989776 
29.67999982 -0.4989776 
29.71999982 -0.4989776 
29.75999982 -0.4989776 
29.79999982 -0.4989776 
29.83999982 -0.4989776 
29.87999982 -0.4989776 
29.95999982 -0.4989776 
29.99999982 -0.4989776 
30.03999982 -0.4989776 
30.07999982 -0.4989776 
30.11999982 -0.4989776 
30.15999982 -0.4989776 
30.19999982 -0.4989776 
30.23999982 -0.4989776 
30.27999982 -0.4989776 
30.31999982 -0.4989776 
30.35999982 -0.4989776 
30.39999982 -0.4989776 
30.43999982 -0.4989776 
30.47999981 -0.4989776 
30.51999981 -0.4989776 
30.55999981 -0.4989776 
30.59999981 -0.4989776 
30.63999981 -0.4989776 
30.67999981 -0.4989776 
30.71999981 -0.941496 
30.75999981 -0.4989776 
30.79999981 -0.4989776 
30.83999981 -0.4989776 
30.87999981 -0.941496 
30.91999981 -0.4989776 
30.95999981 -0.4989776 
30.99999981 -0.4989776 
31.03999981 -0.941496 
31.07999981 -0.4989776 
31.11999981 -0.941496 
31.15999981 -0.941496 
31.19999981 -0.941496 
31.23999981 -0.941496 
31.27999981 -0.4989776 
31.31999981 -0.4989776 
31.35999981 -0.4989776 
31.39999981 -0.941496 
31.43999981 -0.4989776 
31.47999981 -0.941496 
31.51999981 -0.4989776 
31.55999981 -0.941496 
31.59999981 -0.4989776 
31.63999981 -0.941496 
31.67999981 -0.4989776 
31.71999981 -0.4989776 
31.75999981 -0.4989776 
31.79999981 -0.941496 
31.83999981 -0.4989776 
31.87999981 -0.4989776 
31.91999981 -0.941496 
31.95999981 -0.4989776 
31.99999981 -0.4989776 
32.03999981 -0.4989776 
32.07999981 -0.4989776 
32.1199998 -0.4989776 
32.1599998 -0.4989776 
32.1999998 -0.4989776 
32.2399998 -0.4989776 
32.2799998 -0.4989776 
32.3199998 -0.4989776 
32.3599998 -0.4989776 
32.3999998 -0.4989776 
32.4799998 -0.4989776 
32.5199998 -0.4989776 
32.5599998 -0.4989776 
32.5999998 -0.4989776 
32.6399998 -0.4989776 
32.6799998 -0.4989776 
32.7199998 -0.4989776 
32.7599998 -0.4989776 
32.8399998 -0.4989776 
32.9199998 -0.4989776 
41.79999975 -0.4989776 
41.87999975 -0.941496 
41.91999975 -0.941496 
42.03999974 -0.4989776 
42.07999974 -0.4989776 
42.11999974 -0.4989776 
42.15999974 -0.4989776 
42.19999974 -0.4989776 
42.23999974 -0.941496 
42.27999974 -0.941496 
42.31999974 -0.4989776 
42.35999974 -0.941496 
42.39999974 -0.941496 
42.43999974 -0.941496 
42.47999974 -0.941496 
42.51999974 -0.941496 
42.55999974 -0.941496 
42.59999974 -0.941496 
42.63999974 -0.941496 
42.67999974 -0.941496 
42.71999974 -1.382488 
42.75999974 -1.382488 
42.79999974 -1.382488 
42.83999974 -1.382488 
42.87999974 -1.382488 
42.91999974 -1.825007 
42.95999974 -1.825007 
42.99999974 -1.825007 
43.03999974 -1.825007 
43.07999974 -1.825007 
43.11999974 -1.825007 
43.15999974 -1.825007 
43.19999974 -1.825007 
43.23999974 -1.825007 
43.27999974 -1.825007 
43.31999974 -1.825007 
43.35999974 -1.825007 
43.39999974 -1.825007 
43.43999974 -1.825007 
43.47999974 -1.825007 
43.51999974 -2.267525 
43.55999974 -2.267525 
43.59999974 -2.267525 
43.63999973 -1.825007 
43.67999973 -1.825007 
43.71999973 -2.267525 
43.75999973 -1.825007 
43.79999973 -1.825007 
43.83999973 -2.267525 
43.87999973 -1.825007 
43.91999973 -1.825007 
43.95999973 -1.825007 
43.99999973 -2.267525 
44.03999973 -1.825007 
44.07999973 -1.825007 
44.11999973 -2.267525 
44.15999973 -1.825007 
44.19999973 -1.825007 
44.23999973 -1.825007 
44.27999973 -1.825007 
44.31999973 -1.825007 
44.35999973 -1.825007 
44.39999973 -1.825007 
44.43999973 -1.382488 
44.47999973 -1.825007 
44.51999973 -1.825007 
44.55999973 -1.825007 
44.59999973 -1.382488 
44.63999973 -1.825007 
44.67999973 -1.382488 
44.71999973 -1.382488 
44.75999973 -1.382488 
44.79999973 -0.941496 
44.83999973 -0.941496 
44.87999973 -0.941496 
44.91999973 -0.941496 
44.95999973 -0.941496 
44.99999973 -0.941496 
45.03999973 -0.941496 
45.07999973 -0.941496 
45.11999973 -0.941496 
45.15999973 -0.941496 
45.19999973 -0.941496 
45.23999973 -0.941496 
45.27999972 -0.941496 
45.31999972 -0.941496 
45.35999972 -0.941496 
45.39999972 -0.4989776 
45.43999972 -0.4989776 
45.47999972 -0.4989776 
45.51999972 -0.4989776 
45.55999972 -0.4989776 
45.59999972 -0.4989776 
45.63999972 -0.4989776 
45.67999972 -0.4989776 
45.71999972 -0.4989776 
45.75999972 -0.4989776 
45.83999972 -0.4989776 
45.87999972 -0.4989776 
46.07999972 -0.4989776 
48.51999971 -0.4989776 
53.39999968 -0.4989776 
53.43999968 -0.4989776 
53.47999967 -0.4989776 
53.51999967 -0.4989776 
53.55999967 -0.4989776 
53.59999967 -0.4989776 
53.63999967 -0.4989776 
53.67999967 -0.941496 
53.71999967 -0.941496 
53.75999967 -0.941496 
53.79999967 -0.941496 
53.83999967 -0.941496 
53.87999967 -0.941496 
53.91999967 -1.382488 
53.95999967 -1.382488 
53.99999967 -1.382488 
54.03999967 -1.825007 
54.07999967 -1.825007 
54.11999967 -1.825007 
54.15999967 -1.825007 
54.19999967 -1.825007 
54.23999967 -1.825007 
54.27999967 -1.825007 
54.31999967 -1.825007 
54.35999967 -1.825007 
54.39999967 -2.267525 
54.43999967 -2.267525 
54.47999967 -2.267525 
54.51999967 -2.267525 
54.55999967 -2.267525 
54.59999967 -2.267525 
54.63999967 -2.267525 
54.67999967 -2.708518 
54.71999967 -2.708518 
54.75999967 -2.708518 
54.79999967 -2.708518 
54.83999967 -2.267525 
54.87999967 -2.708518 
54.91999967 -2.708518 
54.95999967 -2.267525 
54.99999967 -2.708518 
55.03999967 -2.708518 
55.07999967 -2.708518 
55.11999967 -2.708518 
55.15999966 -2.708518 
55.19999966 -2.708518 
55.23999966 -2.708518 
55.27999966 -2.708518 
55.31999966 -2.708518 
55.35999966 -2.708518 
55.39999966 -2.708518 
55.43999966 -2.267525 
55.47999966 -2.267525 
55.51999966 -2.267525 
55.55999966 -2.267525 
55.59999966 -2.267525 
55.63999966 -2.267525 
55.67999966 -2.267525 
55.71999966 -2.267525 
55.75999966 -2.267525 
55.79999966 -2.267525 
55.83999966 -2.267525 
55.87999966 -1.825007 
55.91999966 -1.825007 
55.95999966 -1.825007 
55.99999966 -1.825007 
56.03999966 -1.825007 
56.07999966 -1.825007 
56.11999966 -1.382488 
56.15999966 -1.382488 
56.19999966 -1.382488 
56.23999966 -0.941496 
56.27999966 -0.941496 
56.31999966 -0.941496 
56.35999966 -0.4989776 
56.39999966 -0.4989776 
56.43999966 -0.4989776 
56.47999966 -0.4989776 
56.51999966 -0.4989776 
56.55999966 -0.4989776 
65.4799996 -0.4989776 
65.5199996 -0.4989776 
65.5599996 -0.4989776 
65.5999996 -0.4989776 
65.6399996 -0.941496 
65.6799996 -0.4989776 
65.7199996 -0.941496 
65.7599996 -0.941496 
65.7999996 -0.941496 
65.8399996 -0.941496 
65.8799996 -0.941496 
65.9199996 -0.941496 
65.9599996 -0.941496 
65.9999996 -0.4989776 
66.0399996 -0.941496 
66.0799996 -1.825007 
66.1199996 -1.382488 
66.1599996 -0.941496 
66.1999996 -1.825007 
66.2399996 -1.825007 
66.2799996 -1.382488 
66.3199996 -1.825007 
66.3599996 -1.825007 
66.3999996 -1.825007 
66.4399996 -1.825007 
66.4799996 -1.825007 
66.5199996 -1.825007 
66.5599996 -1.825007 
66.5999996 -1.825007 
66.63999959 -1.825007 
66.67999959 -1.825007 
66.71999959 -1.825007 
66.75999959 -1.825007 
66.79999959 -1.825007 
66.83999959 -1.825007 
66.87999959 -1.825007 
66.91999959 -1.825007 
66.95999959 -1.825007 
66.99999959 -1.825007 
67.03999959 -1.825007 
67.07999959 -1.825007 
67.11999959 -1.825007 
67.15999959 -1.825007 
67.19999959 -1.825007 
67.23999959 -1.825007 
67.27999959 -1.825007 
67.31999959 -1.825007 
67.35999959 -1.382488 
67.39999959 -1.825007 
67.43999959 -1.382488 
67.47999959 -1.382488 
67.51999959 -0.941496 
67.55999959 -1.825007 
67.59999959 -1.382488 
67.63999959 -0.941496 
67.67999959 -0.941496 
67.71999959 -1.382488 
67.75999959 -0.941496 
67.79999959 -0.941496 
67.83999959 -0.941496 
67.87999959 -0.941496 
67.91999959 -0.941496 
67.95999959 -0.941496 
67.99999959 -0.941496 
68.03999959 -0.941496 
68.07999959 -0.941496 
68.11999959 -0.941496 
68.15999959 -0.4989776 
68.19999959 -1.382488 
68.23999959 -0.4989776 
68.27999959 -0.4989776 
68.31999958 -0.941496 
68.35999958 -0.4989776 
68.39999958 -0.4989776 
68.43999958 -0.4989776 
70.31999957 -0.4989776 
70.43999957 -0.4989776 
70.47999957 -0.941496 
70.51999957 -0.4989776 
70.59999957 -0.4989776 
70.63999957 -1.825007 
70.67999957 -0.941496 
70.71999957 -0.941496 
70.75999957 -0.941496 
70.79999957 -0.941496 
70.83999957 -0.4989776 
70.87999957 -0.941496 
70.91999957 -0.941496 
70.95999957 -2.267525 
70.99999957 -2.267525 
71.03999957 -0.941496 
71.07999957 -0.4989776 
71.11999957 -1.825007 
71.15999957 -0.941496 
71.19999957 -0.4989776 
71.23999957 -2.267525 
71.27999957 -2.267525 
71.31999957 -0.941496 
71.35999957 -0.941496 
71.39999957 -1.825007 
71.43999957 -2.267525 
71.47999957 -1.382488 
71.51999957 -1.382488 
71.55999957 -1.825007 
71.59999956 -1.825007 
71.63999956 -1.825007 
71.67999956 -1.382488 
71.71999956 -0.941496 
71.75999956 -1.825007 
71.79999956 -1.825007 
71.83999956 -1.382488 
71.87999956 -1.382488 
71.91999956 -1.825007 
71.95999956 -1.825007 
71.99999956 -0.941496 
72.03999956 -0.941496 
72.07999956 -1.382488 
72.11999956 -1.382488 
72.15999956 -1.382488 
72.19999956 -0.941496 
72.23999956 -1.382488 
72.27999956 -0.941496 
72.31999956 -0.941496 
72.35999956 -0.941496 
72.39999956 -0.941496 
72.43999956 -0.941496 
72.47999956 -0.941496 
72.51999956 -0.4989776 
72.55999956 -0.941496 
72.59999956 -0.941496 
72.63999956 -0.4989776 
72.67999956 -0.4989776 
72.71999956 -0.4989776 
72.75999956 -0.4989776 
72.79999956 -0.4989776 
72.83999956 -0.4989776 
76.51999953 -0.4989776 
76.55999953 -0.4989776 
76.59999953 -0.4989776 
76.63999953 -0.4989776 
76.67999953 -0.4989776 
76.71999953 -0.4989776 
76.75999953 -0.4989776 
76.79999953 -0.4989776 
76.83999953 -0.941496 
76.87999953 -0.4989776 
76.91999953 -0.4989776 
76.95999953 -0.941496 
76.99999953 -0.941496 
77.03999953 -0.941496 
77.07999953 -0.941496 
77.11999953 -0.941496 
77.15999953 -0.941496 
77.19999953 -1.382488 
77.23999953 -0.941496 
77.27999953 -0.941496 
77.31999953 -0.941496 
77.35999953 -1.825007 
77.39999953 -0.4989776 
77.43999953 -1.825007 
77.47999953 -1.825007 
77.51999953 -1.382488 
77.55999953 -1.382488 
77.59999953 -1.382488 
77.63999953 -1.825007 
77.67999953 -1.382488 
77.71999953 -1.825007 
77.75999953 -1.825007 
77.79999953 -1.382488 
77.83999953 -1.825007 
77.87999953 -1.825007 
77.91999953 -1.825007 
77.95999953 -1.825007 
77.99999953 -1.825007 
78.03999953 -1.825007 
78.07999953 -1.825007 
78.11999953 -1.825007 
78.15999952 -1.825007 
78.19999952 -1.825007 
78.23999952 -1.825007 
78.27999952 -1.825007 
78.31999952 -1.825007 
78.35999952 -1.825007 
78.39999952 -1.825007 
78.43999952 -1.825007 
78.47999952 -1.825007 
78.51999952 -1.825007 
78.55999952 -1.825007 
78.59999952 -1.825007 
78.63999952 -1.825007 
78.67999952 -0.941496 
78.71999952 -1.382488 
78.75999952 -1.825007 
78.79999952 -0.941496 
78.83999952 -1.382488 
78.87999952 -1.382488 
78.91999952 -0.941496 
78.95999952 -0.941496 
78.99999952 -0.941496 
79.03999952 -0.941496 
79.07999952 -0.941496 
79.11999952 -0.941496 
79.15999952 -0.941496 
79.19999952 -0.941496 
79.23999952 -0.941496 
79.27999952 -0.941496 
79.31999952 -0.941496 
79.35999952 -0.941496 
79.39999952 -0.4989776 
79.43999952 -0.4989776 
79.47999952 -0.941496 
79.51999952 -0.4989776 
79.55999952 -0.4989776 
79.59999952 -0.4989776 
79.63999952 -0.4989776 
79.67999952 -0.4989776 
79.71999952 -0.4989776 
79.75999952 -0.4989776 
79.79999952 -0.4989776 
79.87999951 -0.4989776 
79.91999951 -0.4989776 
82.1199995 -0.4989776 
82.1599995 -0.4989776 
82.2399995 -0.4989776 
82.2799995 -0.4989776 
82.3199995 -0.4989776 
82.3599995 -0.4989776 
82.3999995 -0.4989776 
82.4399995 -0.4989776 
82.4799995 -0.4989776 
82.5199995 -0.4989776 
82.5599995 -0.4989776 
82.5999995 -0.941496 
82.6399995 -0.941496 
82.6799995 -0.4989776 
82.7199995 -0.941496 
82.7599995 -0.941496 
82.7999995 -0.941496 
82.8399995 -0.941496 
82.8799995 -0.941496 
82.9199995 -0.941496 
82.9599995 -0.941496 
82.9999995 -0.941496 
83.0399995 -0.941496 
83.0799995 -0.941496 
83.11999949 -0.941496 
83.15999949 -0.941496 
83.19999949 -0.941496 
83.23999949 -0.941496 
83.27999949 -0.941496 
83.31999949 -0.941496 
83.35999949 -0.941496 
83.39999949 -0.941496 
83.43999949 -0.941496 
83.47999949 -0.941496 
83.51999949 -0.941496 
83.55999949 -0.941496 
83.59999949 -0.941496 
83.63999949 -0.941496 
83.67999949 -0.941496 
83.71999949 -0.4989776 
83.75999949 -0.941496 
83.79999949 -0.4989776 
83.83999949 -0.4989776 
83.87999949 -0.4989776 
83.95999949 -0.4989776 
83.99999949 -0.4989776 
88.59999946 -0.4989776 
91.71999944 -0.4989776 
91.83999944 -0.4989776 
91.91999944 -0.4989776 
91.95999944 -0.4989776 
91.99999944 -0.4989776 
92.03999944 -0.4989776 
92.07999944 -0.4989776 
92.11999944 -0.4989776 
92.15999944 -0.4989776 
92.19999944 -0.941496 
92.23999944 -0.941496 
92.27999944 -0.941496 
92.31999944 -0.941496 
92.35999944 -0.941496 
92.39999944 -0.941496 
92.43999944 -0.941496 
92.47999944 -0.941496 
92.51999944 -0.941496 
92.55999944 -0.941496 
92.59999944 -0.941496 
92.63999944 -0.941496 
92.67999944 -0.941496 
92.71999944 -0.941496 
92.75999944 -0.941496 
92.79999944 -0.941496 
92.83999944 -0.941496 
92.87999944 -0.941496 
92.91999944 -1.825007 
92.95999944 -1.382488 
92.99999943 -1.825007 
93.03999943 -2.267525 
93.07999943 -1.825007 
93.11999943 -1.382488 
93.15999943 -2.267525 
93.19999943 -1.825007 
93.23999943 -1.382488 
93.27999943 -1.825007 
93.31999943 -1.825007 
93.35999943 -1.382488 
93.39999943 -0.941496 
93.43999943 -0.941496 
93.47999943 -1.825007 
93.51999943 -2.708518 
93.55999943 -2.267525 
93.59999943 -0.941496 
93.63999943 -0.941496 
93.67999943 -1.825007 
93.71999943 -0.941496 
93.75999943 -1.382488 
93.79999943 -2.708518 
93.83999943 -1.825007 
93.87999943 -0.4989776 
93.91999943 -0.941496 
93.95999943 -2.267525 
93.99999943 -1.382488 
94.03999943 -0.941496 
94.07999943 -0.941496 
94.11999943 -1.825007 
94.15999943 -1.825007 
94.19999943 -1.382488 
94.23999943 -0.941496 
94.27999943 -1.382488 
94.31999943 -1.825007 
94.35999943 -0.941496 
94.39999943 -0.941496 
94.43999943 -0.941496 
94.47999943 -0.941496 
94.51999943 -1.825007 
94.59999943 -0.941496 
94.63999942 -1.382488 
94.67999942 -0.941496 
94.71999942 -0.4989776 
94.75999942 -0.941496 
94.79999942 -0.941496 
94.83999942 -0.941496 
94.87999942 -0.941496 
94.91999942 -0.941496 
94.95999942 -0.941496 
94.99999942 -0.941496 
95.03999942 -0.4989776 
95.07999942 -0.941496 
95.11999942 -0.4989776 
95.15999942 -0.941496 
95.19999942 -0.4989776 
95.23999942 -0.4989776 
95.27999942 -0.4989776 
95.31999942 -0.4989776 
95.35999942 -0.4989776 
95.39999942 -0.941496 
95.43999942 -0.4989776 
95.47999942 -0.4989776 
95.51999942 -0.4989776 
95.55999942 -0.4989776 
95.59999942 -0.4989776 
95.67999942 -0.4989776 
98.8799994 -0.4989776 
98.9599994 -0.4989776 
98.9999994 -0.4989776 
99.0399994 -0.4989776 
99.0799994 -0.4989776 
99.1199994 -0.4989776 
99.1599994 -0.4989776 
99.1999994 -0.4989776 
99.2399994 -0.4989776 
99.2799994 -0.4989776 
99.3199994 -0.4989776 
99.3599994 -0.941496 
99.3999994 -0.941496 
99.4399994 -0.4989776 
99.4799994 -0.4989776 
99.5199994 -0.4989776 
99.55999939 -0.941496 
99.59999939 -0.941496 
99.63999939 -0.941496 
99.67999939 -0.941496 
99.71999939 -0.941496 
99.75999939 -0.941496 
99.79999939 -0.941496 
99.83999939 -0.941496 
99.87999939 -0.4989776 
99.91999939 -0.941496 
99.95999939 -0.941496 
99.99999939 -0.941496 
100.03999939 -0.4989776 
100.07999939 -0.941496 
100.11999939 -0.4989776 
100.15999939 -0.941496 
100.19999939 -0.941496 
100.23999939 -0.941496 
100.27999939 -0.941496 
100.31999939 -0.941496 
100.35999939 -0.941496 
100.39999939 -0.941496 
100.43999939 -0.941496 
100.47999939 -0.941496 
100.51999939 -0.4989776 
100.55999939 -0.941496 
100.59999939 -0.4989776 
100.63999939 -0.941496 
100.67999939 -0.941496 
100.71999939 -0.4989776 
100.75999939 -0.941496 
100.79999939 -0.4989776 
100.83999939 -0.4989776 
100.87999939 -0.4989776 
100.91999939 -0.4989776 
100.95999939 -0.4989776 
100.99999939 -0.4989776 
101.03999939 -0.4989776 
101.07999939 -0.4989776 
101.11999939 -0.4989776 
101.15999939 -0.4989776 
101.19999938 -0.4989776 
101.23999938 -0.4989776 
101.27999938 -0.4989776 
101.31999938 -0.4989776 
101.35999938 -0.4989776 
101.39999938 -0.4989776 
101.43999938 -0.4989776 
102.79999938 -0.4989776 
102.87999937 -0.4989776 
102.91999937 -0.4989776 
102.95999937 -0.4989776 
102.99999937 -0.4989776 
103.03999937 -0.4989776 
103.07999937 -0.4989776 
103.11999937 -0.941496 
103.15999937 -0.4989776 
103.19999937 -0.941496 
103.23999937 -0.941496 
103.27999937 -0.941496 
103.31999937 -0.941496 
103.35999937 -0.941496 
103.39999937 -0.941496 
103.43999937 -0.941496 
103.47999937 -1.825007 
103.51999937 -0.941496 
103.55999937 -0.941496 
103.59999937 -0.941496 
103.63999937 -0.941496 
103.67999937 -0.941496 
103.71999937 -0.941496 
103.75999937 -0.941496 
103.79999937 -0.941496 
103.83999937 -0.941496 
103.87999937 -1.382488 
103.91999937 -1.382488 
103.95999937 -0.941496 
103.99999937 -0.941496 
104.03999937 -0.941496 
104.07999937 -1.382488 
104.11999937 -1.382488 
104.15999937 -1.382488 
104.19999937 -1.382488 
104.23999937 -1.382488 
104.27999937 -1.825007 
104.31999937 -1.382488 
104.35999937 -1.382488 
104.39999937 -1.382488 
104.43999937 -1.382488 
104.47999937 -1.382488 
104.51999936 -1.825007 
104.55999936 -1.825007 
104.59999936 -1.825007 
104.63999936 -1.382488 
104.67999936 -1.382488 
104.71999936 -1.382488 
104.75999936 -0.941496 
104.79999936 -1.825007 
104.83999936 -1.825007 
104.87999936 -1.382488 
104.91999936 -0.941496 
104.95999936 -0.941496 
104.99999936 -1.382488 
105.03999936 -1.382488 
105.07999936 -0.941496 
105.11999936 -0.941496 
105.15999936 -0.941496 
105.19999936 -0.941496 
105.23999936 -0.941496 
105.27999936 -0.941496 
105.31999936 -0.941496 
105.35999936 -0.941496 
105.39999936 -0.941496 
105.43999936 -0.941496 
105.47999936 -0.941496 
105.51999936 -0.941496 
105.55999936 -0.941496 
105.59999936 -0.941496 
105.63999936 -0.4989776 
105.67999936 -0.941496 
105.71999936 -0.4989776 
105.75999936 -0.941496 
105.79999936 -0.4989776 
105.83999936 -0.4989776 
105.87999936 -0.941496 
105.91999936 -0.4989776 
105.95999936 -0.4989776 
105.99999936 -0.4989776 
106.07999936 -0.4989776 
106.11999936 -0.4989776 
106.19999935 -0.4989776 
108.87999934 -0.4989776 
109.03999934 -0.4989776 
109.23999934 -0.4989776 
109.39999934 -0.4989776 
109.43999933 -0.4989776 
109.47999933 -0.4989776 
109.51999933 -0.4989776 
109.71999933 -0.4989776 
109.75999933 -0.4989776 
109.83999933 -0.4989776 
109.99999933 -0.4989776 
110.03999933 -0.4989776 
115.1199993 -0.4989776 
115.1599993 -0.4989776 
115.2399993 -0.4989776 
115.2799993 -0.4989776 
115.3199993 -0.4989776 
115.3599993 -0.941496 
115.3999993 -0.941496 
115.4399993 -1.825007 
115.4799993 -1.382488 
115.5199993 -0.941496 
115.5599993 -1.825007 
115.5999993 -1.825007 
115.6399993 -0.941496 
115.6799993 -1.825007 
115.7199993 -1.825007 
115.7599993 -0.941496 
115.7999993 -0.941496 
115.8399993 -0.941496 
115.8799993 -1.825007 
115.9199993 -2.708518 
115.9599993 -1.825007 
115.9999993 -0.941496 
116.03999929 -1.382488 
116.07999929 -1.825007 
116.11999929 -1.382488 
116.15999929 -2.267525 
116.19999929 -2.708518 
116.23999929 -2.708518 
116.27999929 -0.941496 
116.31999929 -1.825007 
116.35999929 -2.267525 
116.39999929 -1.825007 
116.43999929 -1.825007 
116.47999929 -1.825007 
116.51999929 -2.267525 
116.55999929 -2.267525 
116.59999929 -1.825007 
116.63999929 -1.825007 
116.67999929 -1.825007 
116.71999929 -2.267525 
116.75999929 -1.825007 
116.79999929 -1.825007 
116.83999929 -1.825007 
116.87999929 -2.267525 
116.91999929 -1.825007 
116.95999929 -1.825007 
116.99999929 -1.825007 
117.03999929 -1.825007 
117.07999929 -1.825007 
117.11999929 -1.825007 
117.15999929 -1.825007 
117.19999929 -1.825007 
117.23999929 -1.825007 
117.27999929 -1.825007 
117.31999929 -1.825007 
117.35999929 -1.825007 
117.39999929 -1.825007 
117.43999929 -1.382488 
117.47999929 -1.382488 
117.51999929 -1.382488 
117.55999929 -1.382488 
117.59999929 -1.382488 
117.63999929 -0.941496 
117.67999928 -0.941496 
117.71999928 -0.941496 
117.75999928 -0.941496 
117.79999928 -0.941496 
117.83999928 -0.941496 
117.87999928 -0.941496 
117.91999928 -0.941496 
117.95999928 -0.941496 
117.99999928 -0.941496 
118.03999928 -0.4989776 
118.07999928 -0.941496 
118.11999928 -0.941496 
118.15999928 -0.4989776 
118.19999928 -0.4989776 
118.23999928 -0.941496 
118.27999928 -0.4989776 
118.31999928 -0.4989776 
118.35999928 -0.4989776 
118.39999928 -0.4989776 
118.43999928 -0.4989776 
118.47999928 -0.4989776 
118.51999928 -0.4989776 
118.67999928 -0.4989776 
118.83999928 -0.4989776 
119.83999927 -0.4989776 
119.95999927 -0.4989776 
119.99999927 -0.4989776 
120.03999927 -0.4989776 
120.11999927 -0.4989776 
120.15999927 -0.4989776 
120.19999927 -0.4989776 
120.23999927 -0.4989776 
120.35999927 -0.4989776 
120.39999927 -0.4989776 
120.43999927 -0.4989776 
120.47999927 -0.4989776 
120.51999927 -0.4989776 
120.55999927 -0.4989776 
120.63999927 -0.4989776 
120.67999927 -0.4989776 
120.75999927 -0.4989776 
120.79999927 -0.4989776 
120.83999927 -0.4989776 
125.47999924 -0.4989776 
125.55999924 -0.4989776 
125.59999924 -0.4989776 
125.63999924 -0.941496 
125.67999924 -0.4989776 
125.71999924 -0.4989776 
125.75999924 -0.4989776 
125.79999924 -0.941496 
125.83999924 -0.941496 
125.87999923 -0.941496 
125.91999923 -0.941496 
125.95999923 -0.941496 
125.99999923 -0.941496 
126.03999923 -0.941496 
126.07999923 -0.941496 
126.11999923 -0.941496 
126.15999923 -0.941496 
126.19999923 -0.941496 
126.23999923 -0.941496 
126.27999923 -0.941496 
126.31999923 -0.941496 
126.35999923 -0.941496 
126.39999923 -0.941496 
126.43999923 -0.941496 
126.47999923 -0.941496 
126.51999923 -0.941496 
126.55999923 -0.941496 
126.59999923 -1.825007 
126.63999923 -0.941496 
126.67999923 -1.382488 
126.71999923 -1.382488 
126.75999923 -1.382488 
126.79999923 -1.825007 
126.83999923 -1.825007 
126.87999923 -1.825007 
126.91999923 -1.825007 
126.95999923 -1.825007 
126.99999923 -1.825007 
127.03999923 -1.382488 
127.07999923 -1.825007 
127.11999923 -1.825007 
127.15999923 -1.825007 
127.19999923 -1.825007 
127.23999923 -1.825007 
127.27999923 -1.825007 
127.31999923 -1.825007 
127.35999923 -1.825007 
127.39999923 -1.825007 
127.43999923 -1.825007 
127.47999923 -1.382488 
127.51999923 -1.825007 
127.55999922 -1.825007 
127.59999922 -1.825007 
127.63999922 -1.382488 
127.67999922 -1.825007 
127.71999922 -1.825007 
127.75999922 -1.825007 
127.79999922 -1.825007 
127.83999922 -1.825007 
127.87999922 -1.825007 
127.91999922 -1.825007 
127.95999922 -1.825007 
127.99999922 -1.825007 
128.03999922 -1.825007 
128.07999922 -1.825007 
128.11999922 -1.825007 
128.15999922 -1.825007 
128.19999922 -1.825007 
128.23999922 -1.825007 
128.27999922 -1.382488 
128.31999922 -1.382488 
128.35999922 -0.941496 
128.39999922 -1.825007 
128.43999922 -1.825007 
128.47999922 -0.941496 
128.51999922 -0.941496 
128.55999922 -0.941496 
128.59999922 -1.382488 
128.63999922 -0.941496 
128.67999922 -0.941496 
128.71999922 -0.941496 
128.75999922 -0.941496 
128.79999922 -0.941496 
128.83999922 -0.941496 
128.87999922 -0.941496 
128.91999922 -0.941496 
128.95999922 -0.941496 
128.99999922 -0.941496 
129.03999922 -0.941496 
129.07999922 -0.941496 
129.11999922 -0.941496 
129.15999922 -0.941496 
129.19999921 -0.941496 
129.23999921 -0.941496 
129.27999921 -0.941496 
129.31999921 -0.941496 
129.35999921 -0.941496 
129.39999921 -0.941496 
129.43999921 -0.941496 
129.47999921 -0.941496 
129.51999921 -0.941496 
129.55999921 -0.941496 
129.63999921 -0.4989776 
129.67999921 -0.941496 
129.71999921 -0.941496 
129.75999921 -0.941496 
129.79999921 -0.941496 
129.83999921 -0.941496 
129.87999921 -0.4989776 
129.91999921 -0.941496 
129.95999921 -0.941496 
129.99999921 -0.941496 
130.03999921 -0.941496 
130.07999921 -0.941496 
130.11999921 -0.4989776 
130.15999921 -0.4989776 
130.19999921 -0.941496 
130.23999921 -0.941496 
130.27999921 -0.4989776 
130.31999921 -0.941496 
130.35999921 -0.941496 
130.39999921 -0.941496 
130.43999921 -0.941496 
130.47999921 -0.4989776 
130.51999921 -0.941496 
130.55999921 -0.941496 
130.59999921 -0.941496 
130.63999921 -0.941496 
130.67999921 -0.941496 
130.71999921 -0.941496 
130.75999921 -0.941496 
130.79999921 -0.941496 
130.8399992 -0.941496 
130.8799992 -0.941496 
130.9199992 -0.941496 
130.9599992 -0.941496 
130.9999992 -0.941496 
131.0399992 -0.941496 
131.0799992 -0.941496 
131.1199992 -0.941496 
131.1599992 -0.941496 
131.1999992 -0.941496 
131.2399992 -0.941496 
131.2799992 -0.941496 
131.3199992 -0.941496 
131.3599992 -0.941496 
131.3999992 -0.941496 
131.4399992 -0.941496 
131.4799992 -0.941496 
131.5199992 -0.941496 
131.5599992 -0.941496 
131.5999992 -0.941496 
131.6399992 -0.941496 
131.6799992 -1.382488 
131.7199992 -0.941496 
131.7599992 -1.382488 
131.7999992 -0.941496 
131.8399992 -0.941496 
131.8799992 -1.382488 
131.9199992 -1.825007 
131.9599992 -1.382488 
131.9999992 -1.382488 
132.0399992 -0.941496 
132.0799992 -1.382488 
132.1199992 -1.825007 
132.1599992 -1.825007 
132.1999992 -1.382488 
132.2399992 -1.825007 
132.2799992 -1.825007 
132.3199992 -1.825007 
132.3599992 -1.825007 
132.3999992 -1.825007 
132.4399992 -1.825007 
132.47999919 -1.825007 
132.51999919 -1.825007 
132.55999919 -1.825007 
132.59999919 -1.382488 
132.63999919 -1.382488 
132.67999919 -0.941496 
132.71999919 -1.382488 
132.75999919 -0.941496 
132.79999919 -1.382488 
132.83999919 -0.941496 
132.87999919 -0.941496 
132.91999919 -0.941496 
132.95999919 -0.941496 
132.99999919 -0.941496 
133.03999919 -0.941496 
133.07999919 -0.941496 
133.11999919 -0.941496 
133.15999919 -0.941496 
133.19999919 -0.941496 
133.23999919 -0.941496 
133.27999919 -0.4989776 
133.31999919 -0.4989776 
133.39999919 -0.4989776 
133.43999919 -0.941496 
133.47999919 -0.4989776 
137.43999916 -0.4989776 
137.47999916 -0.4989776 
137.51999916 -0.4989776 
137.59999916 -0.4989776 
137.63999916 -0.4989776 
137.67999916 -0.4989776 
137.71999916 -0.4989776 
137.75999916 -0.4989776 
137.79999916 -0.4989776 
137.83999916 -0.941496 
137.87999916 -1.825007 
137.91999916 -0.941496 
137.95999916 -0.4989776 
137.99999916 -0.941496 
138.03999916 -0.941496 
138.07999916 -0.941496 
138.11999916 -0.941496 
138.15999916 -0.941496 
138.19999916 -0.4989776 
138.31999916 -0.941496 
138.35999916 -1.825007 
138.39999916 -0.941496 
138.47999916 -0.4989776 
138.51999916 -0.4989776 
138.59999916 -0.4989776 
138.63999916 -0.941496 
138.67999916 -0.4989776 
138.79999916 -0.4989776 
141.43999914 -0.4989776 
141.51999914 -0.4989776 
141.63999914 -0.4989776 
141.67999914 -0.4989776 
141.71999914 -0.4989776 
141.75999914 -0.4989776 
141.79999914 -0.4989776 
141.83999914 -0.4989776 
141.87999914 -0.4989776 
141.91999914 -0.4989776 
141.95999914 -0.4989776 
141.99999914 -0.4989776 
142.03999914 -0.4989776 
142.07999914 -0.4989776 
142.11999914 -0.4989776 
142.15999914 -0.4989776 
142.19999914 -0.4989776 
142.23999914 -0.4989776 
142.27999914 -0.4989776 
142.31999914 -0.941496 
142.39999913 -0.941496 
142.43999913 -0.941496 
142.47999913 -0.4989776 
142.51999913 -0.941496 
142.55999913 -0.941496 
142.59999913 -0.941496 
142.63999913 -0.941496 
142.67999913 -0.941496 
142.71999913 -0.941496 
142.75999913 -0.941496 
142.79999913 -0.941496 
142.83999913 -0.941496 
142.87999913 -0.941496 
142.91999913 -0.941496 
142.95999913 -0.941496 
142.99999913 -0.941496 
143.03999913 -0.941496 
143.07999913 -0.941496 
143.11999913 -0.941496 
143.15999913 -0.941496 
143.19999913 -0.941496 
143.23999913 -0.941496 
143.27999913 -0.941496 
143.31999913 -0.941496 
143.35999913 -0.941496 
143.39999913 -0.941496 
143.43999913 -0.941496 
143.47999913 -0.941496 
143.51999913 -0.941496 
143.55999913 -0.941496 
143.59999913 -0.941496 
143.63999913 -0.941496 
143.67999913 -0.941496 
143.71999913 -0.941496 
143.75999913 -0.941496 
143.79999913 -0.941496 
143.83999913 -0.941496 
143.87999913 -0.941496 
143.91999913 -0.941496 
143.95999913 -0.941496 
143.99999912 -0.941496 
144.03999912 -0.941496 
144.07999912 -0.941496 
144.11999912 -0.941496 
144.15999912 -0.941496 
144.19999912 -0.941496 
144.23999912 -0.941496 
144.27999912 -0.941496 
144.31999912 -0.941496 
144.35999912 -0.941496 
144.39999912 -0.941496 
144.43999912 -0.941496 
144.47999912 -0.941496 
144.51999912 -0.4989776 
144.55999912 -0.4989776 
144.59999912 -0.4989776 
144.63999912 -0.941496 
144.67999912 -0.941496 
144.71999912 -0.4989776 
144.75999912 -0.4989776 
144.79999912 -0.4989776 
144.83999912 -0.4989776 
144.87999912 -0.4989776 
144.91999912 -0.4989776 
145.03999912 -0.4989776 
149.47999909 -0.4989776 
149.51999909 -0.4989776 
149.55999909 -0.4989776 
149.59999909 -0.4989776 
149.63999909 -0.4989776 
149.67999909 -0.4989776 
149.71999909 -0.4989776 
149.75999909 -0.4989776 
149.79999909 -0.4989776 
149.83999909 -0.4989776 
149.87999909 -0.4989776 
149.91999909 -0.4989776 
149.95999909 -0.4989776 
149.99999909 -0.4989776 
150.03999909 -0.4989776 
150.07999909 -0.4989776 
150.11999909 -0.4989776 
150.15999909 -0.4989776 
150.19999909 -0.4989776 
150.23999909 -0.941496 
150.27999909 -0.4989776 
150.31999909 -0.4989776 
150.35999909 -0.4989776 
150.39999909 -0.4989776 
150.43999909 -0.4989776 
150.55999908 -0.4989776 
150.59999908 -0.4989776 
150.71999908 -0.4989776 
150.83999908 -0.4989776 
150.95999908 -0.4989776 
152.03999908 -0.4989776 
152.07999908 -0.4989776 
152.15999908 -0.4989776 
152.19999908 -0.4989776 
152.23999907 -0.4989776 
152.27999907 -0.4989776 
152.31999907 -0.4989776 
152.35999907 -0.941496 
152.39999907 -0.941496 
152.43999907 -0.941496 
152.47999907 -0.941496 
152.51999907 -0.941496 
152.55999907 -0.941496 
152.59999907 -0.941496 
152.63999907 -0.941496 
152.67999907 -0.941496 
152.71999907 -1.382488 
152.75999907 -1.382488 
152.79999907 -1.382488 
152.83999907 -0.941496 
152.87999907 -1.382488 
152.91999907 -1.825007 
152.95999907 -1.825007 
152.99999907 -1.825007 
153.03999907 -1.825007 
153.07999907 -1.382488 
153.11999907 -1.825007 
153.15999907 -1.825007 
153.19999907 -1.825007 
153.23999907 -1.825007 
153.27999907 -1.825007 
153.31999907 -1.825007 
153.35999907 -2.267525 
153.39999907 -2.267525 
153.43999907 -2.267525 
153.47999907 -2.267525 
153.51999907 -2.267525 
153.55999907 -2.267525 
153.59999907 -2.267525 
153.63999907 -2.267525 
153.67999907 -2.267525 
153.71999907 -2.267525 
153.75999907 -2.267525 
153.79999907 -2.267525 
153.83999907 -2.267525 
153.87999906 -2.267525 
153.91999906 -2.267525 
153.95999906 -2.267525 
153.99999906 -2.267525 
154.03999906 -2.267525 
154.07999906 -2.267525 
154.11999906 -2.267525 
154.15999906 -2.267525 
154.19999906 -2.267525 
154.23999906 -2.267525 
154.27999906 -2.267525 
154.31999906 -2.267525 
154.35999906 -2.267525 
154.39999906 -1.825007 
154.43999906 -2.267525 
154.47999906 -1.825007 
154.51999906 -2.267525 
154.55999906 -2.267525 
154.59999906 -1.825007 
154.63999906 -2.267525 
154.67999906 -1.825007 
154.71999906 -1.825007 
154.75999906 -1.825007 
154.79999906 -2.267525 
154.83999906 -1.825007 
154.87999906 -1.825007 
154.91999906 -1.825007 
154.95999906 -1.825007 
154.99999906 -1.825007 
155.03999906 -1.825007 
155.07999906 -1.825007 
155.11999906 -1.382488 
155.15999906 -1.825007 
155.19999906 -1.825007 
155.23999906 -1.382488 
155.27999906 -0.941496 
155.31999906 -1.382488 
155.35999906 -0.941496 
155.39999906 -0.941496 
155.43999906 -0.941496 
155.47999906 -0.941496 
155.51999905 -0.941496 
155.55999905 -0.941496 
155.59999905 -0.941496 
155.63999905 -0.941496 
155.67999905 -0.941496 
155.71999905 -0.941496 
155.75999905 -1.382488 
155.79999905 -0.941496 
155.83999905 -0.4989776 
155.87999905 -0.4989776 
155.91999905 -0.941496 
155.95999905 -0.4989776 
155.99999905 -0.4989776 
156.03999905 -0.4989776 
156.07999905 -0.4989776 
156.11999905 -0.4989776 
156.15999905 -0.4989776 
156.19999905 -0.4989776 
156.27999905 -0.4989776 
156.31999905 -0.4989776 
156.35999905 -0.4989776 
156.39999905 -0.4989776 
156.43999905 -0.4989776 
156.59999905 -0.4989776 
160.15999903 -0.4989776 
160.63999902 -0.941496 
160.67999902 -0.941496 
160.91999902 -0.4989776 
164.319999 -0.4989776 
164.359999 -0.4989776 
164.399999 -0.4989776 
164.439999 -0.4989776 
164.479999 -0.4989776 
164.519999 -0.4989776 
164.559999 -0.941496 
164.599999 -0.4989776 
164.639999 -0.941496 
164.679999 -0.941496 
164.719999 -0.941496 
164.759999 -0.941496 
164.799999 -0.941496 
164.839999 -0.941496 
164.879999 -0.941496 
164.919999 -1.382488 
164.959999 -0.941496 
164.999999 -0.941496 
165.039999 -0.941496 
165.079999 -1.382488 
165.119999 -1.382488 
165.159999 -1.382488 
165.199999 -1.382488 
165.239999 -1.382488 
165.279999 -1.825007 
165.319999 -1.825007 
165.359999 -1.825007 
165.39999899 -1.382488 
165.43999899 -1.382488 
165.47999899 -1.825007 
165.51999899 -1.825007 
165.55999899 -1.382488 
165.59999899 -1.825007 
165.63999899 -1.825007 
165.67999899 -1.825007 
165.71999899 -1.825007 
165.75999899 -1.825007 
165.79999899 -1.825007 
165.83999899 -1.825007 
165.87999899 -1.825007 
165.91999899 -1.825007 
165.95999899 -1.825007 
165.99999899 -1.825007 
166.03999899 -1.825007 
166.07999899 -1.825007 
166.11999899 -1.825007 
166.15999899 -1.825007 
166.19999899 -1.825007 
166.23999899 -1.825007 
166.27999899 -1.825007 
166.31999899 -1.382488 
166.35999899 -1.825007 
166.39999899 -1.382488 
166.43999899 -1.825007 
166.47999899 -0.941496 
166.51999899 -1.382488 
166.55999899 -1.382488 
166.59999899 -0.941496 
166.63999899 -0.941496 
166.67999899 -0.941496 
166.71999899 -0.941496 
166.75999899 -0.941496 
166.79999899 -0.941496 
166.83999899 -0.941496 
166.87999899 -0.941496 
166.91999899 -0.941496 
166.95999899 -0.941496 
166.99999899 -0.941496 
167.03999898 -0.941496 
167.07999898 -0.941496 
167.11999898 -0.941496 
167.15999898 -0.4989776 
167.19999898 -0.4989776 
167.23999898 -0.4989776 
167.27999898 -0.4989776 
167.31999898 -0.4989776 
167.35999898 -0.941496 
167.39999898 -0.4989776 
167.43999898 -0.4989776 
167.47999898 -0.941496 
167.51999898 -0.4989776 
167.55999898 -0.4989776 
167.59999898 -0.4989776 
167.63999898 -0.4989776 
167.75999898 -0.4989776 
167.79999898 -0.4989776 
167.83999898 -0.4989776 
167.87999898 -0.4989776 
167.99999898 -0.4989776 
168.43999898 -0.4989776 
175.51999893 -0.4989776 
175.59999893 -0.4989776 
175.75999893 -0.4989776 
175.87999893 -0.4989776 
175.95999893 -0.4989776 
176.03999893 -0.4989776 
176.07999893 -0.4989776 
176.11999893 -0.4989776 
176.15999893 -0.4989776 
176.19999893 -0.4989776 
176.23999893 -0.4989776 
176.27999893 -0.4989776 
176.31999893 -0.4989776 
176.35999893 -0.4989776 
176.39999893 -0.4989776 
176.43999893 -0.4989776 
176.47999893 -0.941496 
176.51999893 -0.941496 
176.55999893 -0.941496 
176.59999893 -0.4989776 
176.63999893 -0.4989776 
176.67999893 -0.941496 
176.71999893 -0.4989776 
176.75999893 -0.941496 
176.79999893 -0.941496 
176.83999893 -0.941496 
176.87999893 -0.941496 
176.91999892 -0.4989776 
176.95999892 -0.941496 
176.99999892 -0.941496 
177.03999892 -0.941496 
177.07999892 -0.941496 
177.11999892 -0.941496 
177.15999892 -0.941496 
177.19999892 -0.941496 
177.23999892 -0.941496 
177.27999892 -0.941496 
177.31999892 -0.941496 
177.35999892 -0.941496 
177.39999892 -0.941496 
177.43999892 -0.941496 
177.47999892 -0.941496 
177.51999892 -0.941496 
177.55999892 -0.941496 
177.59999892 -0.941496 
177.63999892 -0.941496 
177.67999892 -0.941496 
177.71999892 -0.941496 
177.75999892 -0.941496 
177.79999892 -0.941496 
177.83999892 -0.941496 
177.87999892 -0.941496 
177.91999892 -0.941496 
177.95999892 -0.941496 
177.99999892 -0.941496 
178.03999892 -0.941496 
178.07999892 -0.941496 
178.11999892 -0.941496 
178.15999892 -1.825007 
178.19999892 -0.941496 
178.23999892 -0.941496 
178.27999892 -1.382488 
178.31999892 -0.941496 
178.35999892 -0.941496 
178.39999892 -0.941496 
178.43999892 -1.382488 
178.47999892 -0.941496 
178.51999892 -0.941496 
178.55999891 -0.941496 
178.59999891 -0.941496 
178.63999891 -0.941496 
178.67999891 -0.941496 
178.71999891 -0.941496 
178.75999891 -0.4989776 
178.79999891 -0.941496 
178.83999891 -0.941496 
178.87999891 -0.941496 
178.91999891 -0.941496 
178.95999891 -0.941496 
178.99999891 -0.941496 
179.03999891 -0.941496 
179.07999891 -0.941496 
179.11999891 -0.941496 
179.15999891 -0.941496 
179.19999891 -0.941496 
179.23999891 -0.4989776 
179.27999891 -0.941496 
179.31999891 -0.941496 
179.35999891 -0.4989776 
179.39999891 -0.941496 
179.43999891 -0.4989776 
179.47999891 -0.4989776 
179.51999891 -0.4989776 
179.55999891 -0.941496 
179.59999891 -0.4989776 
179.63999891 -0.4989776 
179.67999891 -0.941496 
179.71999891 -0.4989776 
179.75999891 -0.941496 
179.79999891 -0.4989776 
179.83999891 -0.941496 
179.87999891 -0.941496 
179.91999891 -0.941496 
179.95999891 -0.4989776 
179.99999891 -0.941496 
180.03999891 -0.4989776 
180.07999891 -0.941496 
180.11999891 -0.941496 
180.15999891 -0.941496 
180.1999989 -0.941496 
180.2399989 -0.4989776 
180.2799989 -0.941496 
180.3199989 -0.941496 
180.3599989 -0.941496 
180.3999989 -0.941496 
180.4399989 -0.941496 
180.4799989 -0.941496 
180.5199989 -0.941496 
180.5599989 -0.941496 
180.5999989 -0.941496 
180.6399989 -0.941496 
180.6799989 -0.941496 
180.7199989 -0.941496 
180.7599989 -0.941496 
180.7999989 -0.941496 
180.8399989 -0.941496 
180.8799989 -0.941496 
180.9199989 -0.941496 
180.9599989 -0.941496 
180.9999989 -0.941496 
181.0399989 -0.941496 
181.0799989 -0.941496 
181.1199989 -0.941496 
181.1599989 -0.941496 
181.1999989 -0.941496 
181.2399989 -0.941496 
181.2799989 -0.941496 
181.3199989 -0.941496 
181.3599989 -0.941496 
181.3999989 -0.941496 
181.4399989 -0.941496 
181.4799989 -0.941496 
181.5199989 -0.941496 
181.5599989 -0.941496 
181.5999989 -0.941496 
181.6399989 -0.941496 
181.6799989 -0.941496 
181.7199989 -0.941496 
181.7599989 -0.941496 
181.7999989 -0.4989776 
181.83999889 -0.941496 
181.87999889 -0.941496 
181.91999889 -0.941496 
181.95999889 -0.941496 
181.99999889 -0.941496 
182.03999889 -0.4989776 
182.07999889 -0.941496 
182.11999889 -0.4989776 
182.15999889 -0.4989776 
182.19999889 -0.4989776 
182.23999889 -0.4989776 
182.27999889 -0.4989776 
182.31999889 -0.4989776 
182.35999889 -0.4989776 
182.55999889 -0.4989776 
182.59999889 -0.4989776 
183.07999889 -0.4989776 
185.43999887 -0.4989776 
185.47999887 -0.4989776 
185.55999887 -0.4989776 
185.59999887 -0.4989776 
185.63999887 -0.4989776 
185.67999887 -0.941496 
185.71999887 -0.4989776 
185.75999887 -0.4989776 
185.79999887 -0.941496 
185.83999887 -0.941496 
185.87999887 -0.941496 
185.91999887 -0.941496 
185.95999887 -0.941496 
185.99999887 -0.941496 
186.03999887 -0.941496 
186.07999887 -0.941496 
186.11999887 -0.941496 
186.15999887 -1.382488 
186.19999887 -1.382488 
186.23999887 -0.941496 
186.27999887 -0.941496 
186.31999887 -1.382488 
186.35999887 -0.941496 
186.39999887 -1.825007 
186.43999887 -1.825007 
186.47999887 -0.941496 
186.51999887 -1.382488 
186.55999887 -1.825007 
186.59999887 -1.825007 
186.63999887 -1.825007 
186.67999887 -1.382488 
186.71999887 -1.382488 
186.75999886 -1.825007 
186.79999886 -1.825007 
186.83999886 -1.825007 
186.87999886 -1.825007 
186.91999886 -1.825007 
186.95999886 -1.825007 
186.99999886 -1.825007 
187.03999886 -1.825007 
187.07999886 -1.825007 
187.11999886 -1.825007 
187.15999886 -1.825007 
187.19999886 -1.825007 
187.23999886 -1.382488 
187.27999886 -1.825007 
187.31999886 -1.382488 
187.35999886 -1.825007 
187.39999886 -1.825007 
187.43999886 -0.941496 
187.47999886 -1.825007 
187.51999886 -1.382488 
187.55999886 -0.941496 
187.59999886 -1.382488 
187.63999886 -0.941496 
187.67999886 -0.941496 
187.71999886 -0.941496 
187.75999886 -0.941496 
187.79999886 -0.941496 
187.83999886 -0.941496 
187.87999886 -0.941496 
187.91999886 -0.941496 
187.95999886 -0.941496 
187.99999886 -0.941496 
188.03999886 -0.941496 
188.07999886 -0.941496 
188.11999886 -0.4989776 
188.15999886 -0.4989776 
188.19999886 -0.4989776 
188.23999886 -0.4989776 
188.27999886 -0.4989776 
188.31999886 -0.4989776 
188.35999886 -0.4989776 
188.39999886 -0.4989776 
188.47999885 -0.4989776 
190.47999884 -0.4989776 
190.51999884 -0.4989776 
190.55999884 -0.4989776 
190.59999884 -0.4989776 
190.63999884 -0.4989776 
190.67999884 -0.4989776 
190.71999884 -0.4989776 
190.75999884 -0.4989776 
190.79999884 -0.4989776 
190.83999884 -0.4989776 
190.87999884 -0.4989776 
190.91999884 -0.941496 
190.95999884 -0.4989776 
190.99999884 -0.941496 
191.03999884 -0.4989776 
191.07999884 -0.4989776 
191.11999884 -0.941496 
191.15999884 -0.941496 
191.19999884 -0.941496 
191.23999884 -0.941496 
191.27999884 -0.941496 
191.31999884 -0.941496 
191.35999884 -0.941496 
191.39999884 -0.941496 
191.43999884 -0.941496 
191.47999884 -0.941496 
191.51999884 -0.941496 
191.55999884 -0.941496 
191.59999884 -0.941496 
191.63999884 -0.941496 
191.67999884 -0.941496 
191.71999883 -0.941496 
191.75999883 -0.941496 
191.79999883 -0.941496 
191.83999883 -0.941496 
191.87999883 -1.382488 
191.91999883 -1.382488 
191.95999883 -0.941496 
191.99999883 -1.382488 
192.03999883 -1.382488 
192.07999883 -1.825007 
192.11999883 -1.825007 
192.15999883 -1.382488 
192.19999883 -1.825007 
192.23999883 -1.825007 
192.27999883 -1.825007 
192.31999883 -1.382488 
192.35999883 -1.382488 
192.39999883 -1.825007 
192.43999883 -1.825007 
192.47999883 -1.825007 
192.51999883 -1.825007 
192.55999883 -1.825007 
192.59999883 -1.825007 
192.63999883 -1.825007 
192.67999883 -0.941496 
192.71999883 -1.825007 
192.75999883 -1.382488 
192.79999883 -1.825007 
192.83999883 -1.825007 
192.87999883 -1.825007 
192.91999883 -1.825007 
192.95999883 -1.382488 
192.99999883 -1.825007 
193.03999883 -0.941496 
193.07999883 -1.382488 
193.11999883 -1.825007 
193.15999883 -1.825007 
193.19999883 -1.382488 
193.23999883 -0.941496 
193.27999883 -0.941496 
193.31999883 -1.382488 
193.35999882 -0.941496 
193.39999882 -0.941496 
193.43999882 -0.941496 
193.47999882 -0.941496 
193.51999882 -0.941496 
193.55999882 -0.941496 
193.59999882 -0.941496 
193.63999882 -0.4989776 
193.67999882 -0.4989776 
193.71999882 -0.4989776 
193.75999882 -0.4989776 
193.79999882 -0.4989776 
193.83999882 -0.4989776 
193.87999882 -0.4989776 
193.91999882 -0.4989776 
0 0 
