0.0 -2.267525 
0.04 -1.825007 
0.08 -2.267525 
0.12 -2.267525 
0.16 -2.267525 
0.2 -2.267525 
0.24 -2.267525 
0.28 -2.267525 
0.32 -2.267525 
0.36 -2.267525 
0.4 -2.267525 
0.44 -2.708518 
0.48 -2.708518 
0.52 -2.708518 
0.56 -2.708518 
0.6 -2.708518 
0.64 -2.708518 
0.68 -2.708518 
0.72 -2.267525 
0.76 -2.267525 
0.8 -2.708518 
0.83999999 -2.708518 
0.87999999 -2.267525 
0.91999999 -2.267525 
0.95999999 -2.708518 
0.99999999 -2.708518 
1.03999999 -2.708518 
1.07999999 -2.267525 
1.11999999 -2.267525 
1.15999999 -2.267525 
1.19999999 -2.267525 
1.23999999 -2.267525 
1.27999999 -1.825007 
1.31999999 -1.825007 
1.35999999 -1.825007 
1.39999999 -1.825007 
1.43999999 -1.825007 
1.47999999 -1.825007 
1.51999999 -1.825007 
1.55999999 -1.825007 
1.59999999 -0.941496 
1.63999999 -1.382488 
1.67999999 -0.941496 
1.71999999 -0.941496 
1.75999999 -0.941496 
1.79999999 -0.4989776 
1.83999999 -0.941496 
1.91999999 -0.4989776 
1.95999999 -0.941496 
1.99999999 -0.4989776 
5.87999996 -0.4989776 
5.95999996 -0.4989776 
5.99999996 -0.4989776 
6.03999996 -0.4989776 
6.07999996 -0.4989776 
6.11999996 -0.4989776 
6.15999996 -0.4989776 
6.19999996 -0.4989776 
6.23999996 -0.941496 
6.27999996 -0.4989776 
6.31999996 -0.4989776 
6.35999996 -0.4989776 
6.39999996 -0.4989776 
6.43999996 -0.4989776 
6.47999996 -0.4989776 
6.51999996 -0.4989776 
6.55999996 -0.4989776 
6.59999996 -0.4989776 
6.63999996 -0.4989776 
6.67999996 -0.4989776 
6.71999996 -0.4989776 
6.75999996 -0.4989776 
6.79999996 -0.4989776 
6.83999996 -0.4989776 
6.87999996 -0.4989776 
6.91999996 -0.4989776 
6.95999996 -0.4989776 
9.35999994 -0.4989776 
9.39999994 -0.4989776 
9.43999994 -0.4989776 
9.47999994 -0.4989776 
9.51999994 -0.4989776 
9.55999994 -0.941496 
9.59999994 -0.4989776 
9.63999994 -0.941496 
9.67999994 -0.4989776 
9.71999994 -0.941496 
9.75999994 -0.941496 
9.79999994 -0.4989776 
9.83999994 -0.941496 
9.87999994 -0.941496 
9.91999994 -0.941496 
9.95999994 -0.941496 
9.99999994 -0.941496 
10.03999994 -0.941496 
10.07999994 -0.941496 
10.11999994 -0.941496 
10.15999994 -0.941496 
10.19999994 -0.941496 
10.23999994 -1.382488 
10.27999994 -0.941496 
10.31999994 -1.382488 
10.35999994 -0.941496 
10.39999994 -0.941496 
10.43999994 -1.825007 
10.47999994 -1.825007 
10.51999994 -1.825007 
10.55999994 -1.382488 
10.59999994 -1.825007 
10.63999994 -1.825007 
10.67999994 -1.825007 
10.71999993 -1.825007 
10.75999993 -1.382488 
10.79999993 -1.825007 
10.83999993 -1.825007 
10.87999993 -1.382488 
10.91999993 -1.825007 
10.95999993 -1.825007 
10.99999993 -1.825007 
11.03999993 -1.825007 
11.07999993 -1.825007 
11.11999993 -1.825007 
11.15999993 -1.825007 
11.19999993 -1.825007 
11.23999993 -1.825007 
11.27999993 -1.825007 
11.31999993 -1.825007 
11.35999993 -1.825007 
11.39999993 -1.825007 
11.43999993 -1.825007 
11.47999993 -1.825007 
11.51999993 -1.825007 
11.55999993 -1.825007 
11.59999993 -1.825007 
11.63999993 -1.825007 
11.67999993 -1.382488 
11.71999993 -1.825007 
11.75999993 -1.825007 
11.79999993 -1.382488 
11.83999993 -1.825007 
11.87999993 -1.382488 
11.91999993 -1.382488 
11.95999993 -0.941496 
11.99999993 -0.941496 
12.03999993 -1.382488 
12.07999993 -0.941496 
12.11999993 -0.941496 
12.15999993 -0.941496 
12.19999993 -0.941496 
12.23999993 -0.941496 
12.27999993 -0.941496 
12.31999993 -0.4989776 
12.35999992 -0.941496 
12.39999992 -0.941496 
12.43999992 -0.4989776 
12.47999992 -0.941496 
12.55999992 -0.4989776 
21.23999987 -0.4989776 
21.31999987 -0.4989776 
21.35999987 -0.4989776 
21.39999987 -0.4989776 
21.43999987 -0.4989776 
21.47999987 -0.941496 
21.51999987 -0.941496 
21.55999987 -0.941496 
21.59999987 -0.941496 
21.63999987 -0.941496 
21.67999987 -0.941496 
21.71999987 -0.941496 
21.75999987 -0.941496 
21.79999987 -0.941496 
21.83999987 -0.941496 
21.87999987 -0.941496 
21.91999987 -1.382488 
21.95999987 -0.941496 
21.99999987 -1.382488 
22.03999987 -1.825007 
22.07999987 -1.382488 
22.11999987 -1.382488 
22.15999987 -1.825007 
22.19999987 -1.825007 
22.23999986 -1.825007 
22.27999986 -1.825007 
22.31999986 -1.382488 
22.35999986 -1.825007 
22.39999986 -1.825007 
22.43999986 -1.825007 
22.47999986 -1.825007 
22.51999986 -1.382488 
22.55999986 -1.825007 
22.59999986 -1.825007 
22.63999986 -1.825007 
22.67999986 -1.825007 
22.71999986 -1.825007 
22.75999986 -1.382488 
22.79999986 -1.382488 
22.83999986 -1.825007 
22.87999986 -1.825007 
22.91999986 -1.382488 
22.95999986 -1.382488 
22.99999986 -1.382488 
23.03999986 -0.941496 
23.07999986 -0.941496 
23.11999986 -0.941496 
23.15999986 -1.382488 
23.19999986 -1.382488 
23.23999986 -2.267525 
23.27999986 -0.941496 
23.35999986 -1.382488 
23.39999986 -1.825007 
23.43999986 -0.4989776 
23.47999986 -0.4989776 
23.51999986 -0.941496 
23.55999986 -0.941496 
23.59999986 -0.4989776 
23.71999986 -0.4989776 
23.75999986 -1.825007 
23.79999986 -0.941496 
23.91999985 -0.4989776 
24.03999985 -0.941496 
24.07999985 -0.4989776 
26.67999984 -0.4989776 
26.83999984 -0.4989776 
26.87999984 -0.4989776 
26.99999984 -0.4989776 
27.03999984 -0.4989776 
27.07999984 -0.4989776 
27.15999983 -0.4989776 
27.19999983 -0.4989776 
27.23999983 -0.4989776 
27.27999983 -0.4989776 
27.31999983 -0.941496 
27.35999983 -0.4989776 
27.39999983 -0.4989776 
27.43999983 -0.4989776 
27.47999983 -0.4989776 
27.51999983 -0.4989776 
27.55999983 -0.4989776 
27.59999983 -0.4989776 
27.63999983 -0.4989776 
27.67999983 -0.4989776 
27.71999983 -0.4989776 
27.75999983 -0.941496 
27.79999983 -0.4989776 
27.83999983 -0.4989776 
27.91999983 -0.4989776 
27.95999983 -0.941496 
28.07999983 -0.4989776 
31.99999981 -0.4989776 
32.03999981 -0.4989776 
32.07999981 -0.4989776 
32.1199998 -0.4989776 
32.1599998 -0.4989776 
32.1999998 -0.4989776 
32.2399998 -0.941496 
32.2799998 -0.941496 
32.3199998 -0.941496 
32.3599998 -0.941496 
32.3999998 -0.941496 
32.4399998 -0.941496 
32.4799998 -0.941496 
32.5199998 -1.382488 
32.5599998 -1.382488 
32.5999998 -1.382488 
32.6399998 -1.825007 
32.6799998 -1.825007 
32.7199998 -1.825007 
32.7599998 -1.825007 
32.7999998 -1.825007 
32.8399998 -1.825007 
32.8799998 -1.825007 
32.9199998 -2.267525 
32.9599998 -2.267525 
32.9999998 -2.267525 
33.0399998 -2.267525 
33.0799998 -2.267525 
33.1199998 -2.267525 
33.1599998 -2.708518 
33.1999998 -2.708518 
33.2399998 -2.708518 
33.2799998 -2.708518 
33.3199998 -2.708518 
33.3599998 -3.151036 
33.3999998 -3.151036 
33.4399998 -3.151036 
33.4799998 -3.151036 
33.5199998 -3.151036 
33.5599998 -3.151036 
33.5999998 -2.708518 
33.6399998 -3.151036 
33.6799998 -3.593554 
33.7199998 -3.593554 
33.75999979 -3.151036 
33.79999979 -3.151036 
33.83999979 -3.593554 
33.87999979 -3.593554 
33.91999979 -3.593554 
33.95999979 -3.593554 
33.99999979 -3.151036 
34.03999979 -2.708518 
34.07999979 -3.593554 
34.11999979 -3.151036 
34.15999979 -3.151036 
34.19999979 -3.593554 
34.23999979 -3.151036 
34.27999979 -2.708518 
34.31999979 -3.151036 
34.35999979 -3.151036 
34.39999979 -3.151036 
34.43999979 -3.151036 
34.47999979 -2.708518 
34.51999979 -2.708518 
34.55999979 -2.708518 
34.59999979 -2.708518 
34.63999979 -2.267525 
34.67999979 -2.708518 
34.71999979 -2.708518 
34.75999979 -2.267525 
34.79999979 -2.267525 
34.83999979 -2.267525 
34.87999979 -2.267525 
34.91999979 -2.267525 
34.95999979 -1.825007 
34.99999979 -1.825007 
35.03999979 -1.825007 
35.07999979 -1.825007 
35.11999979 -1.825007 
35.15999979 -1.382488 
35.19999979 -1.825007 
35.23999979 -1.825007 
35.27999979 -1.825007 
35.31999979 -1.382488 
35.35999979 -1.382488 
35.39999978 -1.382488 
35.43999978 -0.941496 
35.47999978 -0.941496 
35.51999978 -0.4989776 
35.55999978 -0.941496 
35.59999978 -0.4989776 
35.63999978 -0.4989776 
35.67999978 -0.4989776 
35.71999978 -0.4989776 
35.75999978 -0.4989776 
35.79999978 -0.4989776 
35.83999978 -0.4989776 
35.87999978 -0.4989776 
35.91999978 -0.4989776 
48.7199997 -0.4989776 
48.9199997 -0.4989776 
48.9999997 -0.4989776 
49.0399997 -0.4989776 
49.0799997 -0.941496 
49.1199997 -0.941496 
49.1599997 -0.4989776 
49.1999997 -0.4989776 
49.2399997 -0.941496 
49.2799997 -0.4989776 
49.3199997 -0.941496 
49.3599997 -0.4989776 
49.3999997 -0.941496 
49.4399997 -0.941496 
49.4799997 -0.941496 
49.5199997 -0.941496 
49.5599997 -0.941496 
49.5999997 -0.941496 
49.6399997 -0.941496 
49.6799997 -0.941496 
49.7199997 -0.941496 
49.7599997 -0.941496 
49.7999997 -0.941496 
49.8399997 -0.941496 
49.8799997 -0.941496 
49.9199997 -0.941496 
49.9599997 -0.941496 
49.9999997 -0.941496 
50.0399997 -1.382488 
50.0799997 -0.941496 
50.1199997 -0.941496 
50.1599997 -1.382488 
50.19999969 -0.941496 
50.23999969 -1.382488 
50.27999969 -1.382488 
50.31999969 -0.941496 
50.35999969 -1.382488 
50.39999969 -1.382488 
50.43999969 -1.382488 
50.47999969 -1.382488 
50.51999969 -0.941496 
50.55999969 -0.941496 
50.59999969 -1.382488 
50.63999969 -0.941496 
50.67999969 -2.267525 
50.71999969 -0.941496 
50.79999969 -0.941496 
50.83999969 -1.825007 
50.87999969 -0.4989776 
50.91999969 -0.4989776 
50.95999969 -1.382488 
50.99999969 -0.4989776 
51.15999969 -0.941496 
51.19999969 -1.382488 
51.31999969 -0.4989776 
51.47999969 -0.4989776 
54.51999967 -0.4989776 
54.55999967 -0.4989776 
54.59999967 -0.4989776 
54.63999967 -0.4989776 
54.67999967 -0.4989776 
54.71999967 -0.941496 
54.75999967 -0.4989776 
54.79999967 -0.941496 
54.83999967 -0.941496 
54.87999967 -0.941496 
54.91999967 -0.941496 
54.95999967 -0.941496 
54.99999967 -1.382488 
55.03999967 -1.382488 
55.07999967 -0.941496 
55.11999967 -1.382488 
55.15999966 -0.941496 
55.19999966 -1.382488 
55.23999966 -0.941496 
55.27999966 -1.382488 
55.31999966 -1.825007 
55.35999966 -1.825007 
55.39999966 -1.825007 
55.43999966 -1.825007 
55.47999966 -1.382488 
55.51999966 -1.825007 
55.55999966 -1.825007 
55.59999966 -1.382488 
55.63999966 -1.382488 
55.67999966 -1.382488 
55.71999966 -1.382488 
55.75999966 -1.382488 
55.79999966 -0.941496 
55.83999966 -0.941496 
55.87999966 -1.382488 
55.91999966 -1.825007 
55.95999966 -1.382488 
55.99999966 -1.382488 
56.03999966 -0.941496 
56.07999966 -0.941496 
56.11999966 -0.941496 
56.15999966 -0.941496 
56.19999966 -0.941496 
56.23999966 -0.941496 
56.27999966 -0.941496 
56.31999966 -0.941496 
56.35999966 -0.941496 
56.39999966 -0.941496 
56.43999966 -0.941496 
56.47999966 -0.941496 
56.51999966 -0.941496 
56.55999966 -0.4989776 
56.59999966 -0.4989776 
56.63999966 -0.4989776 
56.67999966 -0.4989776 
56.71999966 -0.4989776 
56.75999966 -0.4989776 
56.79999965 -0.4989776 
56.83999965 -0.4989776 
56.87999965 -0.4989776 
56.91999965 -0.4989776 
56.95999965 -0.4989776 
56.99999965 -0.4989776 
57.87999965 -0.4989776 
58.03999965 -0.4989776 
58.07999965 -0.4989776 
58.11999965 -0.4989776 
58.15999965 -0.4989776 
58.19999965 -0.4989776 
58.23999965 -0.4989776 
58.27999965 -0.4989776 
58.31999965 -0.4989776 
58.35999965 -0.4989776 
58.39999965 -0.4989776 
58.43999964 -0.941496 
58.47999964 -0.4989776 
58.51999964 -0.941496 
58.55999964 -0.941496 
58.59999964 -0.941496 
58.63999964 -0.4989776 
58.67999964 -0.941496 
58.71999964 -0.941496 
58.75999964 -0.941496 
58.79999964 -0.941496 
58.83999964 -0.941496 
58.87999964 -0.941496 
58.91999964 -0.941496 
58.95999964 -0.941496 
58.99999964 -0.941496 
59.03999964 -0.941496 
59.07999964 -1.382488 
59.11999964 -0.941496 
59.15999964 -1.382488 
59.19999964 -1.382488 
59.23999964 -0.941496 
59.27999964 -1.382488 
59.31999964 -1.825007 
59.35999964 -1.825007 
59.39999964 -1.825007 
59.43999964 -1.825007 
59.47999964 -1.825007 
59.51999964 -1.825007 
59.55999964 -1.825007 
59.59999964 -1.825007 
59.63999964 -1.825007 
59.67999964 -1.825007 
59.71999964 -1.825007 
59.75999964 -1.825007 
59.79999964 -1.825007 
59.83999964 -2.267525 
59.87999964 -2.267525 
59.91999964 -2.267525 
59.95999964 -2.267525 
59.99999964 -2.267525 
60.03999964 -2.267525 
60.07999963 -2.267525 
60.11999963 -2.267525 
60.15999963 -2.267525 
60.19999963 -2.267525 
60.23999963 -2.267525 
60.27999963 -2.267525 
60.31999963 -2.267525 
60.35999963 -2.267525 
60.39999963 -2.267525 
60.43999963 -2.267525 
60.47999963 -2.267525 
60.51999963 -2.267525 
60.55999963 -2.267525 
60.59999963 -2.267525 
60.63999963 -2.267525 
60.67999963 -1.825007 
60.71999963 -2.267525 
60.75999963 -2.267525 
60.79999963 -2.267525 
60.83999963 -2.267525 
60.87999963 -1.825007 
60.91999963 -2.267525 
60.95999963 -2.267525 
60.99999963 -1.825007 
61.03999963 -1.825007 
61.07999963 -1.825007 
61.11999963 -1.825007 
61.15999963 -1.825007 
61.19999963 -1.825007 
61.23999963 -1.825007 
61.27999963 -1.382488 
61.31999963 -1.382488 
61.35999963 -1.825007 
61.39999963 -0.941496 
61.43999963 -1.382488 
61.47999963 -0.941496 
61.51999963 -0.941496 
61.55999963 -0.941496 
61.59999963 -0.941496 
61.63999963 -0.941496 
61.67999963 -0.941496 
61.71999962 -0.941496 
61.75999962 -0.4989776 
61.79999962 -0.4989776 
61.83999962 -0.4989776 
61.87999962 -0.4989776 
61.91999962 -0.4989776 
70.55999957 -0.4989776 
70.59999957 -0.4989776 
70.63999957 -0.4989776 
70.67999957 -0.4989776 
70.71999957 -0.941496 
70.75999957 -0.941496 
70.79999957 -0.941496 
70.83999957 -0.941496 
70.87999957 -0.941496 
70.91999957 -1.382488 
70.95999957 -1.382488 
70.99999957 -1.825007 
71.03999957 -1.825007 
71.07999957 -1.825007 
71.11999957 -1.825007 
71.15999957 -1.825007 
71.19999957 -1.825007 
71.23999957 -1.825007 
71.27999957 -1.825007 
71.31999957 -2.267525 
71.35999957 -1.825007 
71.39999957 -2.267525 
71.43999957 -2.267525 
71.47999957 -2.267525 
71.51999957 -2.267525 
71.55999957 -2.267525 
71.59999956 -2.267525 
71.63999956 -2.267525 
71.67999956 -2.267525 
71.71999956 -2.267525 
71.75999956 -2.267525 
71.79999956 -2.267525 
71.83999956 -2.267525 
71.87999956 -2.708518 
71.91999956 -2.267525 
71.95999956 -2.708518 
71.99999956 -2.708518 
72.03999956 -2.267525 
72.07999956 -2.267525 
72.11999956 -2.267525 
72.15999956 -2.267525 
72.19999956 -2.267525 
72.23999956 -2.267525 
72.27999956 -2.267525 
72.31999956 -2.267525 
72.35999956 -2.267525 
72.39999956 -1.825007 
72.43999956 -2.267525 
72.47999956 -2.267525 
72.51999956 -1.825007 
72.55999956 -1.825007 
72.59999956 -2.267525 
72.63999956 -1.825007 
72.67999956 -1.825007 
72.71999956 -1.825007 
72.75999956 -1.825007 
72.79999956 -1.825007 
72.83999956 -1.382488 
72.87999956 -1.825007 
72.91999956 -1.382488 
72.95999956 -0.941496 
72.99999956 -0.941496 
73.03999956 -0.941496 
73.07999956 -0.941496 
73.11999956 -0.941496 
73.15999956 -0.4989776 
73.19999956 -0.941496 
73.23999955 -0.941496 
73.31999955 -0.4989776 
73.35999955 -0.4989776 
73.39999955 -0.4989776 
77.39999953 -0.4989776 
77.87999953 -0.4989776 
81.6399995 -0.4989776 
81.6799995 -0.4989776 
81.7199995 -0.4989776 
81.7599995 -0.941496 
81.7999995 -0.4989776 
81.8399995 -0.941496 
81.8799995 -0.941496 
81.9199995 -0.941496 
81.9599995 -0.941496 
81.9999995 -0.941496 
82.0399995 -0.941496 
82.0799995 -1.382488 
82.1199995 -0.941496 
82.1599995 -1.825007 
82.1999995 -1.825007 
82.2399995 -1.825007 
82.2799995 -1.825007 
82.3199995 -1.825007 
82.3599995 -1.825007 
82.3999995 -1.825007 
82.4399995 -2.267525 
82.4799995 -2.267525 
82.5199995 -2.267525 
82.5599995 -2.267525 
82.5999995 -2.267525 
82.6399995 -2.267525 
82.6799995 -2.708518 
82.7199995 -2.708518 
82.7599995 -2.267525 
82.7999995 -2.708518 
82.8399995 -2.708518 
82.8799995 -2.708518 
82.9199995 -2.708518 
82.9599995 -2.708518 
82.9999995 -2.708518 
83.0399995 -2.708518 
83.0799995 -3.151036 
83.11999949 -3.151036 
83.15999949 -2.708518 
83.19999949 -3.151036 
83.23999949 -3.593554 
83.27999949 -3.151036 
83.31999949 -3.151036 
83.35999949 -3.151036 
83.39999949 -3.151036 
83.43999949 -3.151036 
83.47999949 -2.708518 
83.51999949 -3.151036 
83.55999949 -2.708518 
83.59999949 -3.151036 
83.63999949 -2.708518 
83.67999949 -3.151036 
83.71999949 -3.593554 
83.75999949 -3.151036 
83.79999949 -2.708518 
83.83999949 -2.708518 
83.87999949 -2.708518 
83.91999949 -2.708518 
83.95999949 -2.708518 
83.99999949 -2.267525 
84.03999949 -2.708518 
84.07999949 -2.708518 
84.11999949 -2.267525 
84.15999949 -2.267525 
84.19999949 -2.708518 
84.23999949 -2.267525 
84.27999949 -2.708518 
84.31999949 -2.267525 
84.35999949 -2.267525 
84.39999949 -2.267525 
84.43999949 -2.267525 
84.47999949 -2.267525 
84.51999949 -1.825007 
84.55999949 -1.825007 
84.59999949 -1.825007 
84.63999949 -1.825007 
84.67999949 -1.825007 
84.71999949 -1.825007 
84.75999948 -1.825007 
84.79999948 -1.825007 
84.83999948 -1.825007 
84.87999948 -1.825007 
84.91999948 -1.825007 
84.95999948 -1.382488 
84.99999948 -1.825007 
85.03999948 -0.941496 
85.07999948 -1.382488 
85.11999948 -1.382488 
85.15999948 -0.941496 
85.19999948 -0.941496 
85.23999948 -0.941496 
85.27999948 -0.941496 
85.31999948 -0.941496 
85.35999948 -0.941496 
85.39999948 -0.941496 
85.43999948 -0.941496 
85.47999948 -0.4989776 
85.51999948 -0.4989776 
85.55999948 -0.4989776 
85.59999948 -0.941496 
85.63999948 -0.4989776 
85.67999948 -0.4989776 
85.71999948 -0.4989776 
85.75999948 -0.4989776 
85.79999948 -0.4989776 
85.83999948 -0.4989776 
85.87999948 -0.4989776 
85.95999948 -0.4989776 
85.99999948 -0.4989776 
86.07999948 -0.4989776 
86.19999948 -0.4989776 
86.31999948 -0.4989776 
86.43999947 -0.4989776 
86.67999947 -0.4989776 
86.75999947 -0.4989776 
86.83999947 -0.4989776 
86.87999947 -0.4989776 
86.91999947 -0.4989776 
86.95999947 -0.4989776 
86.99999947 -0.4989776 
87.03999947 -0.4989776 
87.07999947 -0.4989776 
87.11999947 -0.4989776 
87.15999947 -0.4989776 
87.19999947 -0.941496 
87.23999947 -0.941496 
87.27999947 -0.4989776 
87.31999947 -0.941496 
87.35999947 -0.4989776 
87.39999947 -0.941496 
87.43999947 -0.941496 
87.47999947 -0.941496 
87.51999947 -0.941496 
87.55999947 -0.941496 
87.59999947 -0.941496 
87.63999947 -0.941496 
87.67999947 -0.941496 
87.71999947 -0.941496 
87.75999947 -0.941496 
87.79999947 -0.941496 
87.83999947 -0.941496 
87.87999947 -0.941496 
87.91999947 -0.941496 
87.95999947 -0.941496 
87.99999947 -0.941496 
88.03999946 -0.941496 
88.07999946 -0.941496 
88.11999946 -0.941496 
88.15999946 -0.941496 
88.19999946 -0.941496 
88.23999946 -0.941496 
88.27999946 -0.941496 
88.31999946 -0.941496 
88.35999946 -0.941496 
88.39999946 -0.941496 
88.43999946 -0.941496 
88.47999946 -0.941496 
88.51999946 -0.941496 
88.55999946 -0.941496 
88.59999946 -0.941496 
88.63999946 -0.941496 
88.67999946 -0.941496 
88.71999946 -0.941496 
88.75999946 -0.941496 
88.79999946 -0.4989776 
88.83999946 -0.4989776 
88.87999946 -0.4989776 
88.91999946 -0.4989776 
88.95999946 -0.4989776 
89.03999946 -0.4989776 
94.27999943 -0.4989776 
94.31999943 -0.4989776 
94.35999943 -0.4989776 
94.39999943 -0.4989776 
94.43999943 -0.4989776 
94.47999943 -0.4989776 
94.51999943 -0.4989776 
94.55999943 -0.4989776 
94.59999943 -0.4989776 
94.63999942 -0.4989776 
94.67999942 -0.4989776 
94.71999942 -0.4989776 
94.75999942 -0.4989776 
94.79999942 -0.4989776 
94.83999942 -0.4989776 
94.87999942 -0.4989776 
94.91999942 -0.4989776 
94.95999942 -0.4989776 
94.99999942 -0.4989776 
95.03999942 -0.4989776 
95.07999942 -0.4989776 
95.11999942 -0.4989776 
95.19999942 -0.4989776 
95.23999942 -0.4989776 
95.27999942 -0.4989776 
99.59999939 -0.4989776 
105.23999936 -0.4989776 
105.27999936 -0.4989776 
105.31999936 -0.4989776 
105.55999936 -0.4989776 
105.59999936 -0.4989776 
105.79999936 -0.4989776 
106.27999935 -0.941496 
107.47999935 -0.4989776 
107.83999934 -0.4989776 
107.91999934 -0.4989776 
107.95999934 -0.4989776 
108.03999934 -0.4989776 
108.11999934 -0.4989776 
108.15999934 -0.4989776 
108.19999934 -0.4989776 
108.23999934 -0.4989776 
108.27999934 -0.4989776 
108.31999934 -0.4989776 
108.35999934 -0.4989776 
108.39999934 -0.941496 
108.43999934 -0.941496 
108.47999934 -0.941496 
108.51999934 -0.941496 
108.55999934 -0.941496 
108.59999934 -0.941496 
108.63999934 -0.941496 
108.67999934 -0.941496 
108.71999934 -0.941496 
108.75999934 -0.941496 
108.79999934 -1.382488 
108.83999934 -0.941496 
108.87999934 -1.382488 
108.91999934 -1.382488 
108.95999934 -1.382488 
108.99999934 -1.825007 
109.03999934 -1.825007 
109.07999934 -1.825007 
109.11999934 -1.825007 
109.15999934 -1.825007 
109.19999934 -1.825007 
109.23999934 -1.825007 
109.27999934 -1.825007 
109.31999934 -1.825007 
109.35999934 -1.825007 
109.39999934 -2.267525 
109.43999933 -1.825007 
109.47999933 -1.825007 
109.51999933 -2.267525 
109.55999933 -1.825007 
109.59999933 -2.267525 
109.63999933 -2.267525 
109.67999933 -2.267525 
109.71999933 -1.825007 
109.75999933 -1.825007 
109.79999933 -1.825007 
109.83999933 -2.267525 
109.87999933 -1.825007 
109.91999933 -2.267525 
109.95999933 -2.267525 
109.99999933 -1.825007 
110.03999933 -1.825007 
110.07999933 -1.825007 
110.11999933 -1.825007 
110.15999933 -1.825007 
110.19999933 -1.825007 
110.23999933 -1.825007 
110.27999933 -1.825007 
110.31999933 -1.825007 
110.35999933 -1.825007 
110.39999933 -1.825007 
110.43999933 -1.825007 
110.47999933 -1.825007 
110.51999933 -1.825007 
110.55999933 -1.825007 
110.59999933 -1.825007 
110.63999933 -1.825007 
110.67999933 -1.825007 
110.71999933 -1.825007 
110.75999933 -1.825007 
110.79999933 -1.825007 
110.83999933 -1.825007 
110.87999933 -1.825007 
110.91999933 -1.382488 
110.95999933 -1.825007 
110.99999933 -1.825007 
111.03999933 -1.382488 
111.07999932 -1.382488 
111.11999932 -1.382488 
111.15999932 -1.825007 
111.19999932 -1.382488 
111.23999932 -0.941496 
111.27999932 -0.941496 
111.31999932 -1.382488 
111.35999932 -0.941496 
111.39999932 -0.941496 
111.43999932 -0.941496 
111.47999932 -0.941496 
111.51999932 -0.941496 
111.55999932 -0.941496 
111.59999932 -0.941496 
111.63999932 -0.941496 
111.67999932 -0.941496 
111.71999932 -0.4989776 
111.75999932 -0.941496 
111.79999932 -0.941496 
111.83999932 -0.941496 
111.87999932 -0.4989776 
111.91999932 -0.4989776 
111.95999932 -0.4989776 
111.99999932 -0.4989776 
112.03999932 -0.4989776 
112.07999932 -0.4989776 
112.11999932 -0.4989776 
112.15999932 -0.4989776 
112.19999932 -0.4989776 
119.63999927 -0.4989776 
119.67999927 -0.4989776 
119.75999927 -0.4989776 
119.79999927 -0.941496 
119.83999927 -0.4989776 
119.87999927 -0.941496 
119.91999927 -0.941496 
119.95999927 -0.941496 
119.99999927 -0.941496 
120.03999927 -0.941496 
120.07999927 -0.941496 
120.11999927 -1.382488 
120.15999927 -0.941496 
120.19999927 -0.941496 
120.23999927 -1.825007 
120.27999927 -1.382488 
120.31999927 -1.825007 
120.35999927 -1.825007 
120.39999927 -1.825007 
120.43999927 -1.825007 
120.47999927 -1.825007 
120.51999927 -1.825007 
120.55999927 -1.825007 
120.59999927 -1.825007 
120.63999927 -1.825007 
120.67999927 -1.825007 
120.71999927 -1.825007 
120.75999927 -2.267525 
120.79999927 -2.267525 
120.83999927 -2.267525 
120.87999927 -2.267525 
120.91999927 -2.267525 
120.95999926 -2.267525 
120.99999926 -2.267525 
121.03999926 -2.267525 
121.07999926 -2.267525 
121.11999926 -2.267525 
121.15999926 -2.267525 
121.19999926 -2.267525 
121.23999926 -2.267525 
121.27999926 -2.267525 
121.31999926 -2.267525 
121.35999926 -2.267525 
121.39999926 -2.267525 
121.43999926 -2.267525 
121.47999926 -2.267525 
121.51999926 -2.267525 
121.55999926 -2.267525 
121.59999926 -2.267525 
121.63999926 -2.267525 
121.67999926 -2.267525 
121.71999926 -2.267525 
121.75999926 -2.267525 
121.79999926 -2.267525 
121.83999926 -2.267525 
121.87999926 -2.267525 
121.91999926 -1.825007 
121.95999926 -1.825007 
121.99999926 -1.825007 
122.03999926 -1.825007 
122.07999926 -1.825007 
122.11999926 -1.825007 
122.15999926 -1.825007 
122.19999926 -1.825007 
122.23999926 -1.382488 
122.27999926 -1.382488 
122.31999926 -1.382488 
122.35999926 -1.382488 
122.39999926 -0.941496 
122.43999926 -0.941496 
122.47999926 -0.941496 
122.51999926 -0.941496 
122.55999926 -0.941496 
122.59999925 -0.4989776 
122.63999925 -0.4989776 
122.67999925 -0.4989776 
122.71999925 -0.4989776 
131.4399992 -0.4989776 
131.4799992 -0.4989776 
131.5199992 -0.4989776 
131.5599992 -0.4989776 
131.5999992 -0.941496 
131.6399992 -0.941496 
131.6799992 -0.941496 
131.7199992 -1.382488 
131.7599992 -0.941496 
131.7999992 -1.382488 
131.8399992 -1.825007 
131.8799992 -1.825007 
131.9199992 -1.382488 
131.9599992 -1.825007 
131.9999992 -1.825007 
132.0399992 -1.825007 
132.0799992 -1.825007 
132.1199992 -2.267525 
132.1599992 -1.825007 
132.1999992 -2.267525 
132.2399992 -2.267525 
132.2799992 -2.267525 
132.3199992 -2.267525 
132.3599992 -2.267525 
132.3999992 -2.708518 
132.4399992 -3.151036 
132.47999919 -2.267525 
132.51999919 -2.267525 
132.55999919 -2.708518 
132.59999919 -2.708518 
132.63999919 -2.708518 
132.67999919 -3.151036 
132.71999919 -2.708518 
132.75999919 -2.708518 
132.79999919 -2.708518 
132.83999919 -3.151036 
132.87999919 -2.708518 
132.91999919 -2.708518 
132.95999919 -3.151036 
132.99999919 -3.151036 
133.03999919 -2.708518 
133.07999919 -3.151036 
133.11999919 -3.151036 
133.15999919 -2.708518 
133.19999919 -3.151036 
133.23999919 -2.708518 
133.27999919 -2.708518 
133.31999919 -2.708518 
133.35999919 -2.267525 
133.39999919 -2.708518 
133.43999919 -2.708518 
133.47999919 -2.267525 
133.51999919 -2.708518 
133.55999919 -2.708518 
133.59999919 -2.267525 
133.63999919 -2.267525 
133.67999919 -2.267525 
133.71999919 -2.267525 
133.75999919 -2.267525 
133.79999919 -2.267525 
133.83999919 -1.825007 
133.87999919 -2.267525 
133.91999919 -1.825007 
133.95999919 -1.825007 
133.99999919 -1.825007 
134.03999919 -1.825007 
134.07999919 -1.825007 
134.11999918 -1.825007 
134.15999918 -1.825007 
134.19999918 -1.825007 
134.23999918 -1.382488 
134.27999918 -0.941496 
134.31999918 -0.941496 
134.35999918 -0.941496 
134.39999918 -0.941496 
134.43999918 -0.941496 
134.47999918 -0.941496 
134.51999918 -0.941496 
134.55999918 -0.4989776 
134.59999918 -0.941496 
134.63999918 -0.4989776 
134.67999918 -0.4989776 
134.71999918 -0.4989776 
134.75999918 -0.4989776 
134.83999918 -0.4989776 
134.87999918 -0.4989776 
136.23999917 -0.4989776 
136.31999917 -0.4989776 
136.39999917 -0.4989776 
136.43999917 -0.4989776 
136.47999917 -0.941496 
136.51999917 -0.4989776 
136.55999917 -0.4989776 
136.59999917 -0.4989776 
136.63999917 -0.941496 
136.67999917 -0.941496 
136.71999917 -0.941496 
136.75999917 -0.941496 
136.79999917 -0.941496 
136.83999917 -0.941496 
136.87999917 -0.941496 
136.91999917 -0.941496 
136.95999917 -0.941496 
136.99999917 -0.941496 
137.03999917 -1.382488 
137.07999917 -0.941496 
137.11999917 -0.941496 
137.15999917 -0.941496 
137.19999917 -1.382488 
137.23999917 -0.941496 
137.27999917 -0.941496 
137.31999917 -0.941496 
137.35999917 -0.941496 
137.39999916 -1.825007 
137.43999916 -1.382488 
137.47999916 -1.382488 
137.51999916 -0.941496 
137.55999916 -1.382488 
137.59999916 -1.825007 
137.63999916 -1.382488 
137.67999916 -0.941496 
137.71999916 -0.941496 
137.75999916 -0.941496 
137.79999916 -0.941496 
137.83999916 -0.941496 
137.87999916 -0.941496 
137.91999916 -0.941496 
137.95999916 -0.941496 
137.99999916 -0.941496 
138.03999916 -0.941496 
138.07999916 -0.941496 
138.11999916 -0.941496 
138.15999916 -0.941496 
138.19999916 -0.941496 
138.23999916 -0.941496 
138.27999916 -0.4989776 
138.31999916 -0.4989776 
138.35999916 -0.4989776 
138.39999916 -0.941496 
138.43999916 -0.4989776 
138.47999916 -0.4989776 
138.55999916 -0.4989776 
138.59999916 -0.4989776 
142.47999913 -0.4989776 
142.51999913 -0.4989776 
142.55999913 -0.4989776 
142.59999913 -0.4989776 
142.63999913 -0.4989776 
142.67999913 -0.4989776 
142.71999913 -0.4989776 
142.75999913 -0.4989776 
142.79999913 -0.941496 
142.83999913 -0.4989776 
142.87999913 -0.941496 
142.91999913 -0.4989776 
142.95999913 -0.941496 
142.99999913 -0.941496 
143.03999913 -0.4989776 
143.07999913 -0.941496 
143.11999913 -0.941496 
143.15999913 -0.941496 
143.19999913 -0.941496 
143.23999913 -0.941496 
143.27999913 -0.941496 
143.31999913 -0.941496 
143.35999913 -0.941496 
143.39999913 -0.941496 
143.43999913 -0.941496 
143.47999913 -1.382488 
143.51999913 -1.382488 
143.55999913 -0.941496 
143.59999913 -0.941496 
143.63999913 -1.382488 
143.67999913 -1.382488 
143.71999913 -0.941496 
143.75999913 -0.941496 
143.79999913 -1.382488 
143.83999913 -1.382488 
143.87999913 -1.382488 
143.91999913 -0.941496 
143.95999913 -1.382488 
143.99999912 -1.825007 
144.03999912 -1.382488 
144.07999912 -1.825007 
144.11999912 -1.382488 
144.19999912 -1.382488 
144.23999912 -1.382488 
144.27999912 -0.941496 
144.31999912 -1.382488 
144.35999912 -0.941496 
144.39999912 -0.941496 
144.43999912 -0.941496 
144.47999912 -1.382488 
144.51999912 -0.941496 
144.55999912 -0.941496 
144.59999912 -0.941496 
144.63999912 -0.941496 
144.67999912 -1.382488 
144.71999912 -0.941496 
144.75999912 -0.941496 
144.79999912 -0.941496 
144.83999912 -0.941496 
144.87999912 -0.941496 
144.91999912 -0.941496 
144.95999912 -0.941496 
144.99999912 -0.941496 
145.03999912 -0.941496 
145.07999912 -0.941496 
145.11999912 -0.941496 
145.15999912 -0.941496 
145.19999912 -0.941496 
145.23999912 -0.4989776 
145.27999912 -0.4989776 
145.31999912 -0.4989776 
145.35999912 -0.941496 
145.39999912 -0.4989776 
145.43999912 -0.4989776 
145.47999912 -0.4989776 
145.51999912 -0.4989776 
145.55999912 -0.4989776 
145.59999912 -0.4989776 
145.63999911 -0.4989776 
145.67999911 -0.4989776 
145.79999911 -0.4989776 
145.83999911 -0.4989776 
145.87999911 -0.4989776 
145.91999911 -0.4989776 
145.95999911 -0.4989776 
146.03999911 -0.4989776 
146.07999911 -0.4989776 
146.11999911 -0.4989776 
146.31999911 -0.4989776 
147.3599991 -0.4989776 
147.4399991 -0.4989776 
147.4799991 -0.4989776 
147.5599991 -0.4989776 
147.5999991 -0.4989776 
147.6399991 -0.4989776 
147.6799991 -0.4989776 
147.7199991 -0.4989776 
147.7599991 -0.4989776 
147.7999991 -0.4989776 
147.8399991 -0.4989776 
147.8799991 -0.4989776 
147.9199991 -0.4989776 
147.9599991 -0.4989776 
147.9999991 -0.4989776 
148.0399991 -0.941496 
148.0799991 -0.941496 
148.1199991 -0.4989776 
148.1599991 -0.4989776 
148.1999991 -0.941496 
148.2399991 -0.941496 
148.2799991 -0.941496 
148.3199991 -0.941496 
148.3599991 -0.941496 
148.3999991 -0.941496 
148.4399991 -0.941496 
148.4799991 -0.941496 
148.5199991 -0.941496 
148.5599991 -0.941496 
148.5999991 -0.941496 
148.6399991 -1.382488 
148.6799991 -1.382488 
148.7199991 -1.382488 
148.7599991 -1.382488 
148.7999991 -0.941496 
148.8399991 -0.941496 
148.8799991 -0.941496 
148.91999909 -1.382488 
148.95999909 -1.382488 
148.99999909 -1.382488 
149.03999909 -1.825007 
149.07999909 -1.382488 
149.11999909 -1.382488 
149.15999909 -1.382488 
149.19999909 -0.941496 
149.23999909 -0.941496 
149.27999909 -1.825007 
149.31999909 -1.825007 
149.35999909 -0.941496 
149.39999909 -0.941496 
149.43999909 -0.941496 
149.47999909 -0.941496 
149.51999909 -0.941496 
149.55999909 -0.941496 
149.59999909 -0.941496 
149.63999909 -0.941496 
149.67999909 -0.941496 
149.71999909 -0.941496 
149.75999909 -0.4989776 
149.79999909 -0.4989776 
149.83999909 -0.4989776 
158.27999904 -0.4989776 
158.31999904 -0.4989776 
158.43999904 -0.4989776 
158.47999904 -0.4989776 
158.55999904 -0.941496 
158.59999904 -0.941496 
158.63999904 -0.4989776 
158.67999904 -0.941496 
158.71999904 -0.941496 
158.75999904 -0.941496 
158.79999903 -0.4989776 
158.83999903 -0.941496 
158.87999903 -0.941496 
158.91999903 -0.941496 
158.95999903 -0.941496 
158.99999903 -0.941496 
159.03999903 -1.825007 
159.07999903 -1.382488 
159.11999903 -1.382488 
159.15999903 -0.941496 
159.19999903 -1.382488 
159.23999903 -1.382488 
159.27999903 -1.382488 
159.31999903 -1.825007 
159.35999903 -1.825007 
159.39999903 -1.825007 
159.43999903 -1.825007 
159.47999903 -1.825007 
159.51999903 -1.825007 
159.55999903 -1.825007 
159.59999903 -1.825007 
159.63999903 -1.825007 
159.67999903 -1.825007 
159.71999903 -1.825007 
159.75999903 -1.825007 
159.79999903 -1.825007 
159.83999903 -1.825007 
159.87999903 -1.825007 
159.91999903 -1.825007 
159.95999903 -1.825007 
159.99999903 -1.825007 
160.03999903 -1.825007 
160.07999903 -1.825007 
160.11999903 -1.825007 
160.15999903 -1.825007 
160.19999903 -1.382488 
160.23999903 -1.382488 
160.27999903 -1.825007 
160.31999903 -1.382488 
160.35999903 -1.382488 
160.39999903 -1.825007 
160.43999902 -1.825007 
160.47999902 -1.382488 
160.51999902 -0.941496 
160.55999902 -0.941496 
160.59999902 -0.941496 
160.63999902 -0.941496 
160.67999902 -1.382488 
160.71999902 -0.941496 
160.75999902 -0.941496 
160.79999902 -0.941496 
160.83999902 -0.941496 
160.87999902 -0.941496 
160.91999902 -0.941496 
160.95999902 -0.941496 
160.99999902 -0.941496 
161.03999902 -0.941496 
161.07999902 -0.941496 
161.11999902 -0.941496 
161.15999902 -0.941496 
161.19999902 -0.941496 
161.23999902 -0.4989776 
161.27999902 -0.4989776 
161.31999902 -0.4989776 
161.35999902 -0.4989776 
161.39999902 -0.4989776 
161.43999902 -0.4989776 
161.47999902 -0.4989776 
161.51999902 -0.4989776 
164.679999 -0.4989776 
164.719999 -0.4989776 
164.759999 -0.4989776 
164.799999 -0.4989776 
164.839999 -0.4989776 
164.879999 -0.4989776 
164.919999 -0.941496 
164.959999 -0.941496 
164.999999 -0.941496 
165.039999 -0.941496 
165.079999 -0.941496 
165.119999 -0.941496 
165.159999 -0.941496 
165.199999 -0.941496 
165.239999 -0.941496 
165.279999 -1.382488 
165.319999 -1.382488 
165.359999 -0.941496 
165.39999899 -1.382488 
165.43999899 -1.825007 
165.47999899 -1.825007 
165.51999899 -1.825007 
165.55999899 -1.825007 
165.59999899 -1.825007 
165.63999899 -1.825007 
165.67999899 -1.825007 
165.71999899 -1.825007 
165.75999899 -1.825007 
165.79999899 -1.825007 
165.83999899 -1.825007 
165.87999899 -1.825007 
165.91999899 -1.825007 
165.95999899 -1.825007 
165.99999899 -1.825007 
166.03999899 -1.825007 
166.07999899 -1.825007 
166.11999899 -1.825007 
166.15999899 -1.825007 
166.19999899 -1.825007 
166.23999899 -1.825007 
166.27999899 -1.825007 
166.31999899 -1.825007 
166.35999899 -1.382488 
166.39999899 -1.825007 
166.43999899 -1.382488 
166.47999899 -1.825007 
166.51999899 -0.941496 
166.55999899 -1.382488 
166.59999899 -0.941496 
166.63999899 -0.941496 
166.67999899 -0.941496 
166.71999899 -0.941496 
166.75999899 -0.941496 
166.79999899 -0.4989776 
166.83999899 -0.941496 
166.87999899 -0.941496 
166.91999899 -0.941496 
166.95999899 -0.4989776 
166.99999899 -0.4989776 
167.03999898 -0.4989776 
167.07999898 -0.4989776 
167.11999898 -0.4989776 
167.15999898 -0.4989776 
169.27999897 -0.4989776 
169.35999897 -0.4989776 
169.39999897 -0.4989776 
169.43999897 -0.4989776 
169.47999897 -0.4989776 
169.51999897 -0.4989776 
169.55999897 -0.941496 
169.59999897 -0.941496 
169.63999897 -0.941496 
169.67999897 -0.941496 
169.71999897 -0.941496 
169.75999897 -0.941496 
169.79999897 -0.941496 
169.83999897 -1.825007 
169.87999897 -1.382488 
169.91999897 -1.382488 
169.95999897 -1.825007 
169.99999897 -1.825007 
170.03999897 -1.825007 
170.07999897 -1.825007 
170.11999897 -2.267525 
170.15999897 -1.825007 
170.19999897 -2.267525 
170.23999897 -2.267525 
170.27999897 -2.267525 
170.31999896 -2.267525 
170.35999896 -2.267525 
170.39999896 -2.267525 
170.43999896 -2.708518 
170.47999896 -2.267525 
170.51999896 -2.708518 
170.55999896 -2.267525 
170.59999896 -2.708518 
170.63999896 -2.708518 
170.67999896 -2.708518 
170.71999896 -2.267525 
170.75999896 -2.267525 
170.79999896 -2.708518 
170.83999896 -2.708518 
170.87999896 -2.708518 
170.91999896 -2.708518 
170.95999896 -2.708518 
170.99999896 -2.708518 
171.03999896 -2.267525 
171.07999896 -2.708518 
171.11999896 -2.708518 
171.15999896 -2.708518 
171.19999896 -2.708518 
171.23999896 -2.708518 
171.27999896 -2.267525 
171.31999896 -2.267525 
171.35999896 -2.267525 
171.39999896 -2.267525 
171.43999896 -2.267525 
171.47999896 -2.267525 
171.51999896 -1.825007 
171.55999896 -2.267525 
171.59999896 -2.267525 
171.63999896 -1.825007 
171.67999896 -1.825007 
171.71999896 -1.825007 
171.75999896 -1.825007 
171.79999896 -1.825007 
171.83999896 -2.267525 
171.87999896 -1.825007 
171.91999896 -1.825007 
171.95999895 -1.825007 
171.99999895 -1.825007 
172.03999895 -1.825007 
172.07999895 -0.941496 
172.11999895 -0.941496 
172.15999895 -0.941496 
172.19999895 -0.941496 
172.23999895 -0.941496 
172.27999895 -0.941496 
172.31999895 -0.941496 
172.35999895 -0.4989776 
172.39999895 -0.941496 
172.43999895 -0.4989776 
172.47999895 -0.4989776 
172.51999895 -0.4989776 
172.55999895 -0.4989776 
172.59999895 -0.4989776 
180.9199989 -0.4989776 
180.9999989 -0.4989776 
181.0399989 -0.4989776 
181.0799989 -0.4989776 
181.1199989 -0.941496 
181.1599989 -0.4989776 
181.1999989 -0.941496 
181.2399989 -0.941496 
181.2799989 -0.941496 
181.3199989 -0.941496 
181.3599989 -0.941496 
181.3999989 -1.382488 
181.4399989 -0.941496 
181.4799989 -1.825007 
181.5199989 -0.941496 
181.5599989 -1.382488 
181.5999989 -1.382488 
181.6399989 -1.825007 
181.6799989 -1.825007 
181.7199989 -1.825007 
181.7599989 -1.825007 
181.7999989 -2.267525 
181.83999889 -1.825007 
181.87999889 -1.825007 
181.91999889 -2.267525 
181.95999889 -1.825007 
181.99999889 -2.267525 
182.03999889 -2.267525 
182.07999889 -2.267525 
182.11999889 -2.267525 
182.15999889 -2.267525 
182.19999889 -2.267525 
182.23999889 -2.267525 
182.27999889 -2.267525 
182.31999889 -2.267525 
182.35999889 -2.267525 
182.39999889 -2.267525 
182.43999889 -2.267525 
182.47999889 -2.267525 
182.51999889 -2.267525 
182.55999889 -2.267525 
182.59999889 -2.267525 
182.63999889 -2.267525 
182.67999889 -2.267525 
182.71999889 -2.267525 
182.75999889 -2.267525 
182.79999889 -2.267525 
182.83999889 -1.825007 
182.87999889 -1.825007 
182.91999889 -1.825007 
182.95999889 -1.825007 
182.99999889 -1.825007 
183.03999889 -1.825007 
183.07999889 -1.825007 
183.11999889 -1.825007 
183.15999889 -1.825007 
183.19999889 -1.825007 
183.23999889 -1.382488 
183.27999889 -1.825007 
183.31999889 -0.941496 
183.35999889 -0.941496 
183.39999889 -0.941496 
183.43999889 -0.941496 
183.47999888 -0.941496 
183.51999888 -0.941496 
183.55999888 -0.941496 
183.59999888 -0.941496 
183.63999888 -0.4989776 
183.67999888 -0.941496 
183.71999888 -0.941496 
183.75999888 -0.4989776 
183.79999888 -0.4989776 
186.67999887 -0.4989776 
186.79999886 -0.4989776 
186.91999886 -0.4989776 
186.95999886 -0.4989776 
186.99999886 -0.4989776 
187.03999886 -0.4989776 
187.11999886 -0.4989776 
187.15999886 -0.4989776 
187.19999886 -0.4989776 
187.23999886 -0.4989776 
187.27999886 -0.4989776 
187.31999886 -0.4989776 
187.35999886 -0.4989776 
187.39999886 -0.4989776 
187.43999886 -0.4989776 
187.47999886 -0.4989776 
187.51999886 -0.4989776 
192.27999883 -0.4989776 
192.39999883 -0.4989776 
192.43999883 -0.4989776 
192.47999883 -0.4989776 
192.51999883 -0.4989776 
192.55999883 -0.4989776 
192.59999883 -0.4989776 
192.63999883 -0.4989776 
192.67999883 -0.941496 
192.71999883 -0.941496 
192.75999883 -0.941496 
192.79999883 -0.941496 
192.83999883 -0.941496 
192.87999883 -0.941496 
192.91999883 -1.382488 
192.95999883 -1.382488 
192.99999883 -1.825007 
193.03999883 -1.382488 
193.07999883 -1.382488 
193.11999883 -1.825007 
193.15999883 -1.382488 
193.19999883 -1.825007 
193.23999883 -1.382488 
193.27999883 -1.825007 
193.31999883 -1.825007 
193.35999882 -1.825007 
193.39999882 -2.267525 
193.43999882 -1.825007 
193.47999882 -1.825007 
193.51999882 -2.267525 
193.55999882 -2.267525 
193.59999882 -2.267525 
193.63999882 -2.267525 
193.67999882 -2.267525 
193.71999882 -2.267525 
193.75999882 -2.267525 
193.79999882 -2.267525 
193.83999882 -2.267525 
193.87999882 -2.267525 
193.91999882 -2.267525 
193.95999882 -2.267525 
193.99999882 -2.267525 
194.03999882 -2.267525 
194.07999882 -2.267525 
194.11999882 -2.267525 
194.15999882 -2.267525 
194.19999882 -2.267525 
194.23999882 -2.267525 
194.27999882 -2.267525 
194.31999882 -2.267525 
194.35999882 -1.825007 
194.39999882 -2.267525 
194.43999882 -2.267525 
194.47999882 -1.825007 
194.51999882 -1.825007 
194.55999882 -2.267525 
194.59999882 -1.825007 
194.63999882 -1.825007 
194.67999882 -1.825007 
194.71999882 -1.825007 
194.75999882 -1.825007 
194.79999882 -1.825007 
194.83999882 -1.825007 
194.87999882 -1.825007 
194.91999882 -1.825007 
194.95999882 -1.825007 
194.99999881 -1.825007 
195.03999881 -1.825007 
195.07999881 -1.825007 
195.11999881 -1.825007 
195.15999881 -1.382488 
195.19999881 -1.825007 
195.23999881 -1.825007 
195.27999881 -1.825007 
195.31999881 -1.382488 
195.35999881 -0.941496 
195.39999881 -0.941496 
195.43999881 -1.825007 
195.47999881 -0.941496 
195.51999881 -1.382488 
195.55999881 -0.941496 
195.59999881 -0.941496 
195.63999881 -0.941496 
195.67999881 -0.941496 
195.71999881 -0.941496 
195.75999881 -0.941496 
195.79999881 -0.941496 
195.83999881 -0.941496 
195.87999881 -0.941496 
195.91999881 -0.941496 
195.95999881 -0.941496 
195.99999881 -0.4989776 
196.03999881 -0.941496 
196.07999881 -0.941496 
196.11999881 -0.941496 
196.15999881 -0.941496 
196.19999881 -0.941496 
196.23999881 -0.4989776 
196.27999881 -0.4989776 
196.31999881 -0.941496 
196.35999881 -0.941496 
196.39999881 -0.4989776 
196.43999881 -0.941496 
196.47999881 -0.941496 
196.51999881 -0.941496 
196.55999881 -0.4989776 
196.59999881 -0.4989776 
196.6399988 -0.941496 
196.6799988 -0.4989776 
196.7199988 -0.941496 
196.7599988 -0.941496 
196.7999988 -0.941496 
196.8399988 -0.941496 
196.8799988 -0.4989776 
196.9199988 -0.4989776 
196.9599988 -0.941496 
196.9999988 -0.4989776 
197.0399988 -0.4989776 
197.0799988 -0.941496 
197.1199988 -0.941496 
197.1599988 -0.941496 
197.1999988 -0.941496 
197.2399988 -0.4989776 
197.2799988 -0.941496 
197.3199988 -0.941496 
197.3599988 -0.941496 
197.3999988 -0.4989776 
197.4399988 -0.941496 
197.4799988 -0.941496 
197.5199988 -0.941496 
197.5599988 -0.941496 
197.5999988 -0.4989776 
197.6399988 -0.941496 
197.6799988 -0.941496 
197.7199988 -0.941496 
197.7599988 -0.941496 
197.7999988 -0.941496 
197.8399988 -0.941496 
197.8799988 -0.941496 
197.9199988 -0.941496 
197.9999988 -0.941496 
198.0399988 -0.941496 
198.0799988 -0.941496 
198.1199988 -0.941496 
198.1599988 -0.941496 
198.1999988 -0.941496 
198.2399988 -0.941496 
198.27999879 -0.941496 
198.31999879 -0.941496 
198.35999879 -0.941496 
198.39999879 -0.941496 
198.43999879 -0.941496 
198.47999879 -0.941496 
198.51999879 -0.941496 
198.55999879 -0.941496 
198.59999879 -0.941496 
198.63999879 -0.941496 
198.67999879 -0.941496 
198.71999879 -0.941496 
198.75999879 -0.941496 
198.79999879 -0.4989776 
198.83999879 -0.4989776 
198.87999879 -0.941496 
198.91999879 -0.4989776 
198.95999879 -0.4989776 
198.99999879 -0.4989776 
199.03999879 -0.4989776 
199.07999879 -0.4989776 
199.19999879 -0.941496 
0 0 
